138.3337088802072
138.5971746106834
138.3171850643043
139.7982249162847
139.3700507715051
138.0529437247855
138.0733590089944
138.0000924678515
138.1863988190033
138.3072102100526
138.0076537254156
138.0188970348249
138.1490790660704
139.6644606398254
138.0659744811007
138.0008525615106
139.0426804534551
138.3489792133653
138.0908260567306
138.1577100955745
138.7060374230409
138.2284917607528
138.6868281495155
138.3997811739733
139.2255274273838
140.2582676671528
138.1622177304328
138.047464718454
139.2583852495219
142.002775946619
138.1661003680293
138.4621732276994
139.4264603600471
142.5443639126098
138.6146573624358
138.2056663356348
138.7116742068581
138.3950177646956
138.2838448926322
138.2142654296727
138.7636830758008
138.1596486158084
138.3606078975674
138.1010723761126
138.53085677192
138.3631624879377
138.4257755004005
139.4811742306613
138.14799982382
139.0991189746556
138.0222126891033
139.0532337820351
139.321603663092
138.0684367588777
139.2380347285327
138.1859100507722
139.6241437486701
139.0910098955392
138.2374959082087
138.0680096990016
139.3957685765849
138.0786493852304
138.0923406853733
138.5028387770016
138.2040282472813
138.5972917410979
138.1323554097117
141.6863894768244
138.4721243758992
138.188971303116
138.0132619682929
138.1532092933051
138.0258208722018
138.2367399901293
138.9992945076966
138.5031225568667
138.1846165732652
138.6251724230679
138.1808865930341
138.549760150472
139.0437496851306
141.6538551589398
138.7181623808606
140.0538549117321
138.2848834440178
138.28703133497
138.3933235869731
138.0147837592472
138.3386317723529
138.9621379337811
138.3683762247533
138.1828354134488
141.0240664461161
138.4218582328028
138.7275652358573
138.0572471494666
138.7099729536091
139.0871651530743
138.3443879446903
138.5830291220631
138.5413295340714
138.5233257784698
138.1028811682396
140.3112705562095
138.1556652593833
140.2569638116343
138.2890599029124
138.024636313634
138.2725575284261
138.0011911027699
138.2104622521428
138.8154052075462
138.4661328563219
138.8412955951601
138.0263944355639
138.0934739195229
138.0421423387629
138.0993623304956
138.1704604476619
138.4406293460533
138.0506980384054
138.001428287747
138.1834940326055
138.2879243977854
138.6343505692489
138.1574462815456
138.2696600299939
139.3326939407661
138.0281561498609
138.0232893302317
138.0384061766916
138.9170169806981
138.066155546981
138.2019030090646
138.2358692705743
138.2866757616852
138.5201775018843
139.2588407121643
138.0859892161404
138.2664774491864
138.1196394702673
140.677844488542
138.120177621803
139.2334157856103
139.1248415455681
138.2938509766309
138.1406780176062
138.0561575311787
139.1229187776674
138.1633229606831
138.5211678611348
138.2616951157954
138.1189583280673
138.4697599841292
138.5910589975737
138.3958455833084
138.7295922480599
138.7523063193919
138.4083315413786
138.5399968899345
139.1207662950304
138.0619728266424
138.3817701232401
139.0455786517594
138.7088360990184
138.1888401140795
138.6443506877143
138.0339311076294
138.0161530248308
139.0555641565771
138.0467533832838
138.0024053442795
139.4286456577464
138.7386856404686
138.0791309432047
138.6120899866874
138.0774264846879
142.0553534461108
138.3086574852139
138.4523056624408
138.1349439144895
138.0106727598148
138.2861690143256
138.7646409671562
138.2684467576659
138.1299317178641
138.6038420663839
139.0765338405912
138.5576793824394
138.7604291361129
138.1526636396405
139.082620444166
138.4377990939371
138.5849850376999
143.3676879014766
140.0275349442105
138.9028975727347
138.3617897842404
138.1293443520523
138.3362473920521
138.2634653264611
138.2171875713005
138.0028396702352
138.0253159656479
138.1791756958476
138.0233199670244
138.1373254044602
138.4437402206007
138.0945051786853
138.1253845854301
138.0164243564873
138.9223943376047
138.3055447167957
138.262759166933
138.5159130341175
138.4600677590681
138.8812218987135
138.7326784640044
139.4593272796312
140.554318766096
138.3883754947381
138.8682780143683
138.6541686646991
140.0177674744177
145.1247878708301
138.0129196891076
138.1725341042772
138.3292952719135
138.3126228735883
138.1364444546977
138.1146844218991
138.0191917882824
138.2846582935875
138.4424587262553
138.2306820355276
139.1246693603527
138.0057051588413
138.1254447711231
138.4159235768728
138.1334136448854
138.1358808159393
138.3205018244597
139.001691549546
138.2071113663105
138.0214841033828
138.6658472848406
142.1364247170568
138.8497576256597
138.5615706070375
138.1156182111184
139.0570762041966
138.1065771002685
138.2679526593377
144.6065843147195
138.3131667539824
139.7483975942759
138.5480968534168
138.0840282132029
138.0913165397397
138.3652736498049
138.9561264949303
138.0495509704297
139.0573770028282
138.4493373289419
138.0481327784747
138.6684696822498
138.1322575392353
138.4887194871185
138.1175423723331
138.0520801521599
138.0944540229154
138.7109825770195
138.5156537049254
138.2529492148522
138.0514663456457
138.1846708390123
138.143792569604
138.295116153656
138.1100839449055
139.340327352074
138.8056405793601
138.026710605687
138.1085213331556
138.1332834103705
138.1258167633212
138.4481419234139
138.3846486051484
138.6848774443495
138.0393155998641
138.2264651730434
138.4454714453666
138.3205928223513
138.1047185693002
138.0363532651605
138.2275010931349
138.1892631572176
138.0500957237585
138.7598841265803
138.1552581150979
138.026699618595
138.7916633263178
142.0892076721374
138.2003280790733
138.5603986842339
143.9605731224994
138.9733668949523
138.3141010974746
138.2445838676565
138.0961980573441
138.956009930127
138.3046577353977
138.0629658658478
138.537028876152
138.179204339918
138.1114147352341
138.0654341217531
138.1159966810004
138.5972390759368
138.0737400369696
138.1839724489813
139.2466671792852
138.0891238998662
138.3951801982842
138.0274680875021
139.0552584359749
138.3518712700869
138.1543573119776
139.0459771206505
138.0314555032915
138.051477143774
138.3321046485476
138.3268098205821
138.0662843369835
138.8010955107048
138.8123508467054
138.5147001597599
138.0985465673034
138.9334199606976
138.1864898797763
138.4498734740365
138.105976791622
138.0973756714315
138.070094385362
138.6042809251714
138.2272020302235
140.0256718060191
138.065260275342
138.2768648476335
138.6501532174023
138.6028500418538
139.0354510669455
138.1899911671269
142.4950913575185
138.1342189736143
138.070569571484
142.1560422216552
138.87180988069
138.1472113924295
138.7239020212157
138.0343643420896
138.3427626113601
138.2032963968377
138.6310711912571
138.0677980477345
138.0560022006184
138.6104825409565
138.4059153080994
138.1892467746822
138.4283459919328
138.2829554103837
138.2913199330023
138.5416259577859
138.3670022921057
139.3177610608414
138.0199053809393
138.0846029181837
138.0500679852489
138.9792991525418
138.0293142071712
138.3548678449571
138.0112561860855
138.7396867305911
138.2014186207791
138.5494901589697
138.3240296219514
138.3575859384869
138.183117692366
138.6043514026798
143.0096819467288
138.1889503299734
138.2813363350309
138.4070182300954
138.2183742807981
139.2106687836796
138.8892411143681
138.1995354719602
138.0823464962759
138.0747241422446
138.3716213076186
138.2070982508943
138.1053409422516
138.0109719299221
138.0107949279471
138.1126256656565
138.1247611061509
139.1016498432815
138.8291032555233
138.015174367271
138.1787413185322
138.124299235536
139.1283155748033
138.0616318472765
138.20354527797
138.5493848827053
138.3494679862164
143.3232914357767
138.6991398609108
139.1382405838364
138.4300969372428
138.1360531052178
139.0011248195945
138.1501263402854
138.6196117282343
138.2850011309015
138.4079804121549
138.539954715941
138.957329580917
138.2162611594391
138.5998811183798
138.3504262481647
138.0480830634345
139.0051563572434
138.4595032777914
138.3734447776348
140.884778484911
138.6561916375057
138.1620648884674
139.0375532895243
138.0187171500526
138.2100147765578
138.7106536289883
138.173633074562
138.8032024816625
138.6903320997066
138.2439217038517
138.4103434480039
138.5481342821493
138.0955119615907
138.240260816671
138.3170849243859
139.1630522344429
138.7164359829226
138.1669712877334
138.0412771917517
138.3870801766359
139.1286127301131
138.8646732394161
138.0105495318263
138.7115498881711
138.4508511644812
138.0845078065403
138.2542202345277
143.0729062298764
138.2087338846387
138.1647806937478
138.4754614873685
138.4173576132718
142.120454003223
138.6505271509178
138.195191820303
138.018676563955
138.0072820486281
138.0055578530886
138.1791876691124
138.2514498763717
138.8385397731543
139.4735748454377
138.1662829944374
138.2081313877507
138.0796385214893
138.2522447035558
138.2026507842375
138.2764659058058
138.2322939000526
138.0969460047704
138.2171547444372
138.3265421106956
138.0645388423669
138.0558647384014
138.309512329918
138.0984741316277
138.6607206892738
139.3561003716492
138.1595984722009
138.1248796413709
138.4790311885972
138.4337773766111
138.1669789366182
138.0376157742633
138.7296044137395
138.6454227392427
138.1401183117965
138.3675430951268
138.0389881429014
138.1316069555702
138.1944248742505
138.8110961654555
138.6567477323345
138.3194925762232
138.5812504441747
138.0906145583494
138.2197529890209
138.0768574202688
138.0311600556216
138.6845284348201
138.7238175128124
138.0166554829896
138.1837085844001
138.0789258576845
138.8266201473932
139.0551840085201
138.0348413038051
140.1278052732422
138.0530531806612
138.0934851357609
138.5935517928798
138.0232379555225
139.5254970579806
138.2510472108752
138.1382542621492
138.3280897677421
138.3494039622367
138.8418900687681
138.1994035858278
138.5481709921114
138.0277023917974
138.9513048796509
138.9701591725536
138.0804379940946
138.1614768891225
142.4928877316923
138.1591957465411
138.0152922012251
138.6378461423563
139.6051920693891
138.5419630544668
138.1030614589087
138.0207021381296
138.0669184451134
138.5000013760218
138.2410307192627
138.0555901632931
138.2512093608332
138.350328728675
139.0852015971504
138.0673060969506
138.0359694569314
138.2419122594261
138.7685749428165
138.3135462837138
138.0052974842012
138.6360503534669
138.3624221748429
138.0052696203754
138.1749714004472
138.7863429588163
138.3474494610282
138.2235306176134
138.6646787580823
138.0825319959799
138.5554970300518
143.014745162334
138.2529332703418
138.0322515451316
142.1061047635487
138.2491230133326
138.2450112573424
138.2177973636319
138.324321652645
138.3870866124826
138.0434107903875
138.6758346307485
138.0586401515806
138.1934454072243
139.1854619328763
138.0065767247739
138.3863501807509
138.3390689914883
138.3302030107045
138.8102357320572
138.5761253953769
139.1518440583856
142.1012345878882
138.5048468013999
143.1032235988654
138.2296829433069
138.1903781962717
139.0742458119419
138.317836492176
138.0258629313814
142.4473914409153
138.6351757309623
138.4621296305268
138.2211993382349
138.0987328475561
138.1181824653524
138.0162293526708
138.3714118679943
139.7457067486225
138.4105691501424
138.2107942152286
138.2587040090721
138.1986543514142
138.311792235417
138.4776903900006
139.6839333628063
138.4280893776724
138.2081528960292
139.2086548569926
138.7930947794431
138.269594219339
138.4872328243201
138.2321958395311
138.5061339995599
138.1757715842567
138.0589083902085
138.2580314602865
139.9279929389825
138.0379260232387
138.2672926062356
138.962933884545
138.7477179342227
138.2310454901372
138.2425106445758
138.5004128488718
139.8664518920148
138.0358779850877
138.1666450769359
138.1749857077342
138.2457912289004
138.2608560691054
143.4939668729422
138.1735021809876
138.1490826390399
138.2346912546501
138.5360850463409
138.2453075102145
138.231996032592
138.0825369652883
138.0247030948099
139.6407255733242
138.0232220372664
138.1053148429713
138.105675722692
141.1219721778339
138.8001275152991
140.2386677362448
138.0584793076604
138.2804297049554
139.2810498521713
138.6061863074523
138.0644186931934
138.0232179944288
139.4310429633906
138.2587248378089
138.2347789638586
138.0029861016341
138.4123227356779
138.1438989965459
140.1830804852099
139.4441668424381
138.132413929581
138.0251367272572
138.559181561568
138.1096210559787
138.3527782401236
138.4937346551578
138.0407547722504
138.0601713960594
139.4285516387627
139.2182568451798
139.0364450125068
139.2718253626597
138.0826068066554
138.1236174592387
138.5331363098038
138.4296405340519
138.6321984958339
138.0970630710937
138.948095269197
138.3212977249069
138.2329047847661
138.2690196843027
138.329355259058
138.0954363009427
143.1013996115108
139.3687402131777
138.0021828237728
138.1190302943893
138.1672745139885
138.1618635032517
138.1396235021138
138.2914335144284
138.1215427100606
139.2502222927343
138.4501649983202
138.4356088516533
138.1047572154592
138.6068691466328
138.1269702946192
138.4843623521146
138.0604695371423
138.0395938397754
138.2533165886717
138.0058271649762
138.1700138512792
139.068800384567
138.6243538450689
138.3827119573485
139.2422702340914
138.227100266802
138.4485880577168
138.0407685165966
138.0682744063819
138.0714650251288
138.2775469855748
138.3818380930549
138.3139592854254
138.8090032899607
138.0824174213545
138.3266919684227
138.0928263615979
138.7428385482011
138.1806016470411
138.0200625998622
142.1401604373216
138.6820880748414
138.0305365286601
138.403941426533
138.160936235569
138.5492484111142
138.1665181983381
138.5327477662985
138.1354117814491
138.2660084620126
138.0638569955362
139.9830463762262
138.2643933112904
138.0068495811985
138.2289319769374
138.763189031698
138.256451058685
138.2991859479469
140.1269286749614
138.2966508934215
140.1968245560278
138.2246767120784
138.093106870705
138.2288849156352
138.0134728396731
138.5361601904919
138.050983287549
140.5418892039363
138.1044600385215
138.8292713489907
138.023186139177
139.0429802963104
139.1740049543536
138.1088272047502
138.3338082312362
138.2817183831079
138.2603675224632
139.1250124591741
138.4619287479061
138.0233323986868
138.3027485198136
141.3174933392866
138.0035742215193
138.7493998968239
141.4097969923472
138.2891176347429
139.4585928528947
138.4985055624794
138.2656401762453
138.06300673849
138.0365083691908
138.278403261756
142.3281525887079
138.7176953151823
138.1947501860234
139.2637586285549
138.0373425514236
138.0521321192139
138.5701422603645
138.4721458742599
138.8094808859829
138.292798790841
138.1017861423562
138.3086745314305
138.0454986919091
138.2802265719282
138.1631059952051
138.0069497557653
138.3818387300839
138.0131914042504
141.4038004861445
138.2478875911862
138.2088857236781
138.9085352059756
139.1213714602017
138.1658800555612
138.0609187129284
138.521734956521
138.1056355715267
138.0362317007344
138.5275162274589
139.0537483052995
138.1348945626863
138.4006754806945
138.3330797380695
145.2530831956722
139.6096078748273
138.4082303339783
138.1699465594051
138.2956180852842
138.4118651212343
138.0351432874385
138.3112055748761
138.2514486220158
143.3534087969467
138.1186818187816
138.0571746838959
138.2426794522846
138.5226770550188
139.7227802197118
138.2106047592728
138.0675143483449
138.036580312277
138.4401048080521
138.2006648746479
138.0756552130343
138.2664093742386
138.8783053969758
138.0629744620756
138.3660940016643
139.4277580027855
138.8422999950957
138.0346545201695
139.5427783965065
138.1061970452396
138.0034503697527
138.3683479873098
138.9524433419357
138.1567570395525
140.0157158968839
138.2973967542392
138.2992074844015
138.0981081941762
139.0452689376163
138.0128884222449
138.6878217855219
139.1630080193119
138.5262043366996
138.8256773007673
138.3741427351066
138.1515733316693
138.8173398102456
138.271289137622
138.6544809958438
138.2453886917662
138.5743200786483
139.2368619643294
138.1718660952861
138.0338537607687
138.088023815757
138.2331541631712
138.2861349653408
138.4140296658153
138.4105903006619
139.0978142965176
138.0869290110315
138.5438281258646
138.8709939488731
138.6245714353847
138.3613159469647
138.1423536134818
138.736262861191
141.0242296931078
138.8215899425134
138.013131116504
138.2650320651649
138.7671948196171
138.1794799702342
138.0195219175694
138.570497604685
138.2048319115091
138.6520951664723
138.1346088178291
142.3318398300087
143.0759215816424
138.5174079035378
138.9273406527325
138.2569492008143
140.4119211358222
138.7027929411227
138.0833914788311
139.2574457540017
138.5457199884971
138.1443114954882
138.7601400436807
138.1074801615028
139.0997888773655
139.8308993667432
138.529966964313
138.4411481727588
138.0966479249855
138.1301910333535
138.1581335272134
138.4358907195257
138.7557445930687
138.1130724954251
139.1018964942752
138.1613569783039
138.1775240861202
138.4882504061098
138.2146230947983
138.0456286847817
138.7563169142717
138.0014828286821
138.01111886124
138.030095874801
138.0260730059523
139.3347695314245
138.1275242655172
138.6691988984667
138.1963597267334
138.0353193054423
138.720000488961
139.3614741521213
138.6909348671512
138.872687789544
140.0587277585765
138.4773046680395
138.1664099723792
138.4247249044889
138.1367198185
138.3876340690098
138.6666443136936
138.133105391904
138.1523996456949
138.7497145532412
138.059359304201
138.1585983317671
138.7398946479705
138.1192937416534
138.042456006107
138.208240952914
138.1755761213477
138.0001190424217
138.5916219180309
143.563329009075
138.0215172472662
138.506756108097
138.1236342267739
138.8047716570622
138.7953330860165
138.0304368735494
138.1867590797749
138.0180451131495
138.1132418594124
138.1457136449455
138.4617722278705
138.5169127982064
138.0190616752911
138.0048535664666
138.6301377413006
138.5580492233553
138.1987735128802
139.1514413919308
138.2646387211951
138.1642256464812
138.5897431733566
138.5695253479365
138.5671657857546
138.2120182710941
138.1336338539555
138.2520302485496
139.0613101650235
138.3781618398104
139.0196041054013
139.0232723261838
143.2596941957608
138.2806795328592
138.0330963608663
138.7702826599889
138.1996110972314
139.0961247218662
138.4967466689668
138.1043688352938
138.8160774209655
138.3439482350016
138.3093395938801
138.5595806307578
138.1643336096643
138.3372989783563
138.3003554089316
138.2559819127816
138.6672718132081
138.0675625362732
139.2632233034321
138.1975788109166
138.5370615800288
138.2875503265913
138.128207683591
138.2673269870249
138.833370158747
138.7459399418826
138.9453264391458
138.0053049105606
138.1370809274702
138.5239582237121
138.0568346225869
139.0129425425258
138.0861567636807
143.4578593650947
138.5190521641992
143.1086628183715
138.5556402901715
138.3730076912447
138.7954102697716
138.0248607927607
138.0227688920113
138.0332049676873
138.1052759994469
138.0003702118391
138.00086645609
141.0555741160592
138.0769232558852
138.0174629996288
138.1423677647788
138.1521722040293
138.459679638216
138.3510679080497
139.3485997617787
138.3509596095289
138.1019215617523
138.1842279871658
138.1354792565544
138.3804553450449
138.6444395742143
138.0143822108966
138.5402172912725
139.4716896457671
138.4961083299728
138.2293755034403
138.5333604075888
138.1665364038532
138.1137873896634
138.4536710535852
139.0992656431141
141.0157734591996
138.2082629324752
138.3451881048287
138.660499806147
138.0129947074285
138.8374387694081
138.5990924819181
138.2528399022456
138.1085486813694
138.3878142014765
138.6202635767754
138.2217994396074
138.093884243116
138.0111647467125
138.1878172698657
138.3639284797254
138.078101336735
138.1284581726569
138.091342233411
138.0320040194446
138.3534623687627
138.0117693219727
138.2656859295398
138.9119511656876
138.4112216431922
138.6313087543642
138.4448639021864
142.9685055113459
138.0164866842242
138.1493459915671
138.0516309890878
139.2803897018606
138.1425155364974
138.2985520106773
138.1189808907848
138.1594643005758
138.7412167428299
138.6557011175629
138.4604014345076
138.475523132472
138.1811472411108
138.4997886366133
139.0405166710263
138.5298046883018
138.2925452596821
139.7695363516136
138.2118861546758
138.0778873386983
139.3002042941872
138.1162203795998
139.2447767196969
138.1746289413955
138.6959905983381
139.1680879958686
138.4788506468484
138.0490998464884
138.089555400597
138.1257363100742
138.0626565130138
138.1689817406302
138.8401534705029
138.0907503767101
138.4544417658369
138.0395011669655
139.3268352452488
138.0056209379671
138.0471032960656
138.1672070096663
138.0746879491222
138.5478973767929
138.0244156589553
138.0869713548909
138.2694534554597
138.2764927970746
138.4793280739654
139.0157376121383
138.0885911054623
138.1271112691933
138.3150096680093
138.0555868046014
138.0497355567883
138.0645903382686
139.3179499250262
138.0902827497029
138.1443405788816
138.9425910910622
138.7489816639094
138.4930223527425
138.0284334020921
138.0543024765438
138.0159209446986
139.0864355150584
138.1478750750575
138.0442103449786
138.1943001704826
138.3062582401777
143.141799081391
138.0395699581618
138.9816141579884
138.160004728765
138.1564037221147
138.2700798952486
138.4550623739678
140.5413356031116
138.0237433954363
138.0083063548618
139.6229166678153
138.4363186353031
138.233254889004
139.2449900893414
138.0697246891261
138.1260197923705
138.0818016016945
138.2770153243526
138.0817185249105
138.4794382329025
138.9632229581581
138.5049086153614
138.1863789856518
138.6490363766119
138.150539860641
138.1082231793008
138.0633142596756
138.0949235959393
138.1147814372604
138.0474334508553
138.2986590248837
138.565847354922
138.4131810293988
138.0467228219819
138.4326197427193
138.2333340309002
138.0491885583864
138.0718885228884
139.1080297589976
138.3252294338573
138.2577078124554
138.0355464372218
138.4236266723161
139.0921850959638
138.1919700919842
138.2662760414248
138.0460195981408
138.9185065907817
138.2756177891296
138.2313506374213
138.0120279738077
138.8136308048404
138.4114027169659
138.0805764383091
138.2699614551095
138.5282063667152
138.2613834699298
138.2790643424035
138.1771370162479
138.4722816377974
138.0948903402587
139.4566826970181
138.7658701284182
138.6993064033828
138.0247270102664
138.770384239969
139.4699267882966
138.1517190684587
139.1443442159289
138.1029119931064
138.1402645835184
138.0068632357603
138.1243911606041
138.0876463667605
138.9840902140033
138.106229516898
138.0051721196921
138.1637175298028
138.2788247492849
138.4473271999588
138.8505965292911
138.5912219478988
138.1617681462058
138.0468176895957
138.1158240259329
138.2634829685825
138.0503425041749
138.4983588824058
139.1136296393166
138.2597106032915
138.006111937515
138.0858636172271
138.4289186467769
138.3314415448069
138.7855114687563
138.1112957398257
140.0997852784978
138.4893245390218
138.9166781572106
138.0081907910511
138.107670663106
138.1330187338825
138.2094927675169
138.2075290964053
142.125906709751
139.0984561161672
138.7393802343088
138.0604450637327
143.3971734968009
138.3559052704691
138.3412637312557
138.2648715559102
138.1541461417563
138.0247133283211
138.1650549110004
140.4150719849318
138.9852701410575
138.6503057484686
138.1071780626357
138.1109927058955
138.0077310971408
138.1405931489781
138.5889452120465
138.142667167668
138.2122289946351
138.835848022676
138.347349666256
138.4905056935511
138.2169746823648
138.0704491854027
138.2982211013176
138.6824814591275
138.1906609322716
138.330274264471
139.212248259389
138.2173719919419
138.7525568302697
138.472951369159
138.6102488298997
138.28602546085
138.3827151754659
140.1679269232154
138.0905907132118
138.2051760291823
138.0803775003777
138.3618168490569
138.2687275426636
138.0712574656571
138.0186658990684
138.1188472647562
138.1695534146192
138.353530508784
138.3378451945755
141.1096774626014
138.383839730948
138.0396780448311
138.1623965522199
138.1205836888515
138.4874732574631
138.0826765054796
140.5566963939988
138.0167553565154
138.7060155415594
138.1993969619458
138.3051273796565
138.1230119896407
139.5182581822119
139.0460206621058
138.5436636595169
138.9299328972093
138.049184432521
138.3537657082206
138.304240454851
138.5478948193804
138.5147739770271
138.4427240682467
138.3892653197993
138.3559290128363
138.3579909352736
138.0852614289592
138.1404002499378
139.0712682801867
138.062678546237
138.0731923159527
138.5391025743531
138.7691280827424
139.2954709199662
143.0845537989208
138.4210342143793
138.1984045706644
138.4027534745606
138.619101595991
138.1332322763618
140.0495022444765
138.0109380744446
138.8290149396771
138.0536005045673
138.1118959293453
138.0575669944014
138.527075553856
138.606215057545
138.1533192182075
138.3754533400765
138.8432515381958
138.0608947515133
138.0787444552263
139.4865825312029
138.9783282850483
138.5039460802477
138.282856373103
138.4258258290553
138.4375740212811
138.0132936064476
143.1951232573922
138.0514746419902
138.1375483001279
138.1183217909064
139.0214570659097
138.2706014871033
138.3659685416418
138.303347466854
138.1008857818781
139.7993089530063
138.1859904068099
138.0489120912498
138.0863531857258
138.0748386531639
141.1839666906237
139.5974818703056
139.009652312457
138.3377156565465
138.1656930671285
138.0703910651386
138.4046428961622
138.0634773332148
138.2295542752665
138.3707898987684
138.0398167881826
139.1530136595118
138.229368042356
138.3890626758815
138.0546409983675
138.0781195959827
138.2171184740259
138.3986780169427
138.1681573534577
138.0606631342131
138.0690288583636
138.1624756241838
138.3238357261578
138.5484456660655
142.2571511730544
138.110927077939
139.3024662681024
138.4743880919679
138.384527982783
138.0228092983014
139.4087751389892
138.0146661067233
138.0401844166488
138.787896133064
138.1358391234366
138.4549834431005
138.1268619619182
138.781061283602
138.1849942090759
138.0129113777584
138.2311827751067
138.0077391236503
138.264888112208
138.0712159390542
138.4132210877349
138.1566536011106
139.0202762091843
138.1190228083321
138.1005949134964
138.9925366300967
139.0455015336152
138.0357307926279
138.0178955241157
138.5534944739042
138.1997079770687
143.6262878392027
138.3296420231495
138.0006044412875
138.5325236189487
138.5421094146914
138.2655475615934
138.0768591164635
138.2136168630336
138.0290603528034
138.8537439865153
138.2762654092148
138.0307959343493
138.0758222540638
138.2888188854432
138.2487155921926
138.2980589978178
138.2678431229733
138.6225443283043
138.1016232373005
138.1930466047318
138.1703599720025
138.0618222198962
138.2218728250551
138.4479387782139
138.6468605621459
138.449542894598
138.3979411411837
138.9694853956758
138.1004048594516
138.0046536997196
138.1678334889554
138.3491689729681
138.2145078608371
140.4548181935761
138.2034833397659
138.1095310874955
138.686050190388
138.4552027951318
138.0736971668884
140.3680305993623
138.0176885248295
138.192382043731
139.068005009187
139.4524898508902
138.2213103349375
138.231131181214
138.9138081002006
138.432215456672
138.8746159173767
138.5791185477269
138.004639833637
143.2009852476388
141.1134384178163
138.9836325043783
138.4343614992379
138.0222441326095
138.1169147324976
138.1682881159581
138.2149624297643
138.4934403213827
138.0511730564583
138.6360542866766
138.6366711709751
138.2748308018697
138.07920729779
140.2460260468984
138.293309467712
138.0174129930649
138.1975476989601
138.3586163490652
138.1602516917097
138.2792742586491
138.0094331439823
140.4656366357343
138.303501839304
138.112701808833
138.1828887198171
138.6917253816422
138.2037318277205
138.5803872570514
139.2624699404128
138.259625240476
138.0919479146831
138.2504345877924
138.5884036686041
146.1590063903892
138.1728172725668
138.0905173136753
138.16597903915
138.941468183313
138.0048395738694
138.0286275019369
138.0129593769022
139.2010851160982
138.131481253448
142.573366346974
138.3100539846877
138.2382163031772
138.1623073946048
138.5288858745355
138.2215619315284
138.1663809742602
138.0452308344827
139.0830802147961
138.0750272978399
138.2173439034567
138.1550434423361
138.447115614463
138.1920397529443
138.372508514641
138.7778232870108
138.2106224691787
138.1127205222837
138.1581089832268
138.2829785619046
143.2187643270375
138.0557661093955
139.1029916349836
138.3474331695036
138.2315846024086
138.3370662777644
139.0750605506846
138.7190504580541
138.0053921550235
144.1665293904121
138.0034507311726
138.1861024077841
138.2977180375975
138.3305161744978
138.1851936415624
138.7448129989828
138.2628117685341
138.8551059445036
138.1505427527141
138.5447554208124
138.208452570808
138.5238326553169
138.1352800061811
138.0023717915864
138.7749588574561
138.0076251777837
138.3787792638464
138.154905776702
138.2640883730707
138.1646361514489
138.6037395015075
138.1344118918339
138.074355918899
138.7405625409019
138.1561203193042
139.6853755465723
138.0412500188316
138.1653956762223
139.0459228496019
138.288080348634
138.0154703497392
138.1747529700798
138.6146362670341
138.9165669733513
139.5096033857241
139.2063648131584
138.4663450903514
138.1276940612888
138.0224962539463
138.3004098026105
138.1514083021219
138.0833063325845
139.0288042973257
138.7193164200498
138.0876752244875
138.1603567313153
138.0318204695885
138.0542106622316
138.1578357824636
139.1308685098955
138.1513562052193
141.6735012370593
138.1169159764401
138.0773189849255
138.9956610424366
138.4478772865845
139.3043702997502
138.3910802739272
138.3701352904386
138.4479160269622
138.059250475591
143.1803075812875
138.0468300329619
138.0797499716631
138.0089382786021
138.2785247116209
138.1727390482631
138.0990502107938
138.2895147115252
145.1860068309079
142.2781486227141
138.0810315704279
141.2173876159005
138.1811091531568
138.0748454680823
138.1373016126037
138.2930700322263
139.0201024640662
138.1040244766522
138.0060413408735
138.9669778980768
138.1166895459104
138.3317907967435
138.1394214773454
138.2510714900413
138.2663993080644
138.226633091572
139.1144931842703
143.3993932624185
139.1331406987661
138.3221612385747
138.034636196175
138.3193290368318
138.4847004557822
142.3211879067574
139.4397168198993
138.0900536748724
139.1779827904732
138.0183442492643
138.6854076994304
138.7226077759199
138.024459694412
138.7353804001696
138.1179654063972
138.0428075187211
138.6968615144117
140.0236024110118
140.1957261087616
138.1377598762389
138.4457767216084
138.9898201649638
138.5214573614498
138.098120968548
138.1125946292626
138.3439236158457
138.2504366639256
138.1269730585631
138.1973397651832
139.2233689304792
138.4300712552661
138.3523391725845
138.3162379276463
138.2439229034374
138.1811874385885
138.1530185007038
138.0347531655793
138.0088333771738
138.1820466722616
138.480391353242
138.0423852538466
138.4429873956695
138.7141054160448
138.1766013011152
138.0021261267312
138.0309016259186
139.3629780703362
138.6478721617643
138.5209956610618
138.2322764249253
138.5350173142182
138.2230506790508
138.158565952126
140.2249586539975
138.2432846461483
138.1114839355049
138.1073602010483
138.003409805346
138.1584254851171
144.2684806659003
138.3189678094048
138.2200404866321
138.5224826030792
138.1276919116227
138.9959964471766
139.140422118684
138.0015006933558
139.5653918129298
138.37171363065
139.8410364562747
139.0439787315058
138.2553211651943
138.2514707321861
138.3010062925215
139.2695272269189
139.0926678652393
138.1150293677068
138.1946540296961
138.7094215039405
138.1600789116661
138.2454247378208
138.7576252186653
138.6727091905223
138.242222322528
138.0544623508282
138.0728994390804
138.0106483506617
138.3857271302311
138.4593070844621
138.2863492383752
138.1352204276093
138.4263152817589
138.0872377350162
138.7279903964173
138.1390334193168
138.0950685656614
138.2022403454337
138.1739933347169
138.0149169617494
138.0281992723194
138.194824224481
138.1318891008193
143.273710980238
138.0556765018919
138.1506527439718
138.5220077919349
138.0184008488759
138.1350076430091
138.5700886669539
139.0680116589833
138.5150371705974
138.2703536416389
138.2197716926486
138.2018579506842
139.0196753395042
139.0814503806724
138.7377599554443
138.3717643002076
138.5672604962189
138.0810153376459
138.2727269573501
138.2169636933155
138.0026225217713
138.5140792651872
138.2188790210727
138.9317087854545
138.120390250507
138.062151971834
138.0042509382377
138.5436383954254
138.4837753594261
138.5202363981533
139.0485281976665
138.4238871170478
138.2706379124669
138.0850212248456
138.3455714719214
138.596482394185
138.0044980294238
138.1107445139192
138.2163709023542
138.6483374567771
138.3866114630658
138.1242483731288
138.2045021351962
139.2790347147217
138.0772039797135
138.0140288778331
138.1613318747368
138.8192654656533
138.0270627329058
138.1141421806373
138.0431514990937
138.6005346486648
138.5138269768895
138.7915701638475
138.3083549558573
138.4091604431306
139.2826709345854
138.1150733136341
138.5448133066494
138.1383492279013
138.5092475615421
138.3273959817727
139.1274059348297
138.5446965603209
138.5392586022481
138.1081255234862
138.0707801667958
138.1494912699276
139.582549074408
139.169536193552
138.7885245380829
138.892507856193
139.2987256034728
138.4044371276163
138.685979572163
138.0999305903028
138.1439131152115
138.0068801515382
138.3153089885176
139.2651447352294
143.1874298986435
142.0381227231715
138.0179326587414
138.5449134752504
138.1305164185282
138.5057457308304
138.0960665677184
138.3031372389476
138.3480112316316
138.3437889554066
138.1626887377034
138.0843303354417
139.5494576456891
138.0574959205787
138.5372356092914
138.2214566945299
138.5591863266509
138.0176729272256
138.2015770842067
138.5660099662211
138.1847922513409
138.005806933987
138.201186990381
138.2349260092942
138.046962160711
138.3264172360348
138.1360692610361
139.2598045578883
138.3938374219474
138.0718484701547
138.1345498733392
138.0000453899044
138.9002768198708
138.0319694765781
138.5938424690999
139.2022551233997
138.2190613613777
138.2528088074347
138.3421250965503
138.0660944447707
138.7255229272448
138.1521022182556
138.2161357696018
138.5555578223663
138.0737404473437
138.6058737191031
138.676154341438
138.0421887518804
138.3922143590782
138.5725821650219
138.0055401179291
138.7914604006326
138.1530512446419
139.3572565422737
138.2933081601471
138.3201205816585
138.0806132538388
139.0149447366885
138.09505692194
138.0947582767139
138.1456308248025
138.4666642410557
138.1477137776531
138.6820558333325
138.4874145780436
138.1899472198927
138.1896601755904
138.2797261780115
138.4789755920276
138.1802577591052
138.3694628381785
138.029204006321
138.1619641117018
138.1062091837722
138.0379902091924
139.3947432345026
138.6108541265891
138.2498669380398
139.0847182720959
138.0075596186969
138.4398437733903
138.3916475893105
138.1603661739497
138.7040155403563
138.341626533447
143.1187390984718
139.0703813535674
138.1484277275047
138.5492505928562
138.5846249796854
138.3860356425972
138.1689956408899
138.3754789808782
138.1486541809877
138.1328519603288
138.1410355064104
138.5609513639981
138.6884654554542
139.050044976494
138.4949210611581
138.3815202315019
138.2776854886093
138.1885518352522
138.6601801317484
138.4722939269027
138.2915585365971
138.2886058694396
138.0840004235703
138.1707445351409
138.0813759512001
138.6606412314385
138.160253212914
138.4871569656115
139.2755292864515
138.5028989635353
138.3316686318448
138.2222418400104
138.0500041876531
138.5586891846118
138.7359436540795
138.3279959770036
138.0416705418393
138.0380617248318
138.1519872028468
139.3847812079068
138.1759514600858
138.0641532439287
138.2246181502893
138.2787469883751
142.9765429272504
138.120216653145
138.4520390566408
138.1858119450762
138.2102070835864
143.5362483553062
138.2190003735959
138.9461977689405
139.1292501908506
138.3733762736947
138.1644915268819
139.3611897109243
138.6081971543518
138.5043452259831
139.5929519596417
138.182516219053
138.6002127757238
138.1446696687242
138.498026523182
138.1965087110426
138.1541824217897
138.3483087095686
138.2575357546462
138.3100917492984
138.5881197999462
138.1554312195843
138.0907859634087
138.8380084135491
138.3054646322379
138.2592988814803
138.1993116715506
138.0618652991927
138.2001384166281
138.1359441796639
138.1763919155431
138.3026376511711
