93.03226418526903
93.98014054578428
93.17151500020051
93.01993942201088
93.33631056547594
93.18418234725557
93.06294744673822
93.08043609278353
93.06045603106351
93.25347822583667
93.20266243911202
93.05386161791996
93.38288850168931
93.85855570280282
93.26937538499506
93.04703380668963
93.50338763677286
93.15626037819443
94.04286427080072
93.26867543982854
93.14473834331177
93.34131638108633
93.8304364267102
93.35110489299612
93.26509082863835
93.11660093711686
93.3767449298873
93.1820945710692
93.28436424573273
93.13645290058722
95.42742290345234
93.67264206487968
94.01804752075222
93.22255829578204
93.32463032530718
93.39689906607646
93.24305467136185
93.52663249193625
93.29647632723766
93.01509849864529
93.21151972533048
93.38930879172486
93.12469186052374
93.43836098834029
93.02624798316401
93.02228021992353
93.58120659932509
93.3297748778227
93.06577059945694
93.0651873138205
93.67675024982245
93.04713362618534
93.91459238095412
93.47784326037163
93.17305002559789
93.71638363161496
93.42063769368696
93.00319499381686
93.09281652140508
93.32014786158805
93.10397552624978
93.51910336989988
93.15737571539175
93.25946959004287
93.15194713358554
93.16420709220047
93.06744725353633
93.36685584690457
93.63009438986045
94.98647001657542
93.07275588914092
93.55210502099544
93.15766330796362
93.12313835855413
93.34206951415979
93.42798644514023
93.54141262133886
93.83856429745096
93.92678147422622
93.08254783447104
93.29399845763253
93.8084363938462
93.76805597580132
93.49430920985084
93.1950954728619
93.02215512142571
93.35470991375848
93.03463823123006
93.32722115014448
93.55075259440925
93.123653655075
93.0298092983947
93.15608249078223
93.11835708294056
93.29182046925843
93.20908147643375
93.27515118889528
93.25404899768901
93.34963349921999
93.43503822963565
93.20397328631248
93.26585673620993
93.05023574463593
93.64738427383568
93.26926222933966
93.54368304813036
93.35947193768406
93.73559756481092
93.18986556496475
93.06024536168304
93.78868242313
93.06037368252456
93.2262244509447
93.14587691521031
93.04197687678723
93.37399305194832
93.70671274544212
93.10677164828274
93.39970807701799
93.45166200679782
93.10626692249069
93.72235534402967
93.00067854421769
93.00892271524773
93.29576544162755
93.03460779617507
94.00436117704132
93.79869125629989
93.21193571435104
94.31198197370412
93.03372658864228
93.19436129128613
93.06982033937264
93.22341441639587
93.027348137707
93.26185766651896
93.46187206234161
93.13080941973617
93.14911016986538
93.19679201893123
93.01988068931148
93.92833433992806
93.03470012056597
93.04101917428446
93.07736976000743
93.0228038138702
93.2237022959041
93.09984621251652
93.23903448467553
93.33180127547107
93.25834121059864
93.18406601920849
93.13095482557637
93.1772207512972
93.33440225481733
93.37752856284949
93.2536127259363
93.3088467004501
93.50937063566656
93.55542553954699
93.04279576241575
93.509176957334
93.36282586512478
93.74020800739648
93.16890608906347
93.49222943545463
93.21116032568959
93.00618285860712
93.16366374603524
93.88961654793037
93.25113854800756
93.34400130544947
93.15326930515076
93.28532791073428
93.1032286759387
93.20219312239719
93.03125712432787
93.04688124499474
93.20401879663166
93.10666700671452
93.42608515344821
93.03598170292062
93.35903804754729
93.06371188457094
93.12193146828191
93.20711147557755
93.47767974284719
94.18025816090697
93.15427541955292
93.167797379816
93.09888630778619
93.47745119672916
93.20423506685525
93.34858693066127
93.10673281728643
93.18660319503901
93.27723202553473
93.10481142778484
93.1423058713429
93.74070180827728
93.55321473800069
93.37412669756017
93.10165947476685
93.20184667981823
93.0805149976944
93.31551253692788
94.157551838999
93.73347315467346
93.40866366548222
93.18870661750773
93.24378240668423
93.30717701380188
93.18372387940306
93.47159387370439
93.21843916227236
93.00292930178473
93.09699663722728
93.28333751960506
93.3506236653324
93.26496271113508
93.52558952877874
93.049442467616
93.03717705891879
93.18759773216871
93.08334775069328
93.23398088394066
93.57428801529984
93.11368410747384
93.44561360784296
93.3421407693337
93.13769530711724
93.60190737780523
93.34011558514612
94.12082578243859
94.4830563929746
93.01468521752662
93.04464008821783
93.09199112971007
95.49697371213075
93.26728917623262
93.06702630941706
93.3567814060698
93.06135830513531
93.11077465878257
93.16763010842692
93.65609709001657
93.11481977990422
93.13272304207412
93.00538080454757
93.0980328793269
93.0541793357423
93.40627832271167
93.14748276358948
93.19272493793292
93.01682984632731
93.05650646811138
93.00256335134145
93.30188495903427
93.07919442761161
93.14719972360895
93.40034224804542
93.13874002845252
94.75850663969794
93.02986684480035
93.3672591107455
93.22219755309102
93.06942539921275
93.04726106946923
93.10765063028504
93.24777281249439
93.3638396145006
93.13582829921738
93.88674300857829
93.13315545230134
93.00541499192629
93.54910878459991
93.43638599627656
93.06842645563547
93.2709048599707
93.8816821799001
93.26297908137673
93.30327723559708
94.19399396718809
93.06279547541473
93.31427639341547
93.28112975696486
93.03412940334005
93.06407451353341
93.01112226936596
93.68434334943632
93.01555723953008
93.08500801655065
93.26371678753857
93.12232050320996
93.04204172254471
93.08376796893792
93.05264506514924
93.0843315568926
93.31337503767526
93.0550393656387
93.21598128309773
93.64491553476773
93.10255651116594
93.51756994680552
93.18306682270928
93.55384964972897
93.70426239842469
93.00702134952544
94.52875213293741
93.59396281274003
93.31720903228174
93.10042871819752
93.00203550682045
93.15939468846494
93.50871107236368
93.98769067186808
93.31086792109586
93.37158215864208
93.34410685897213
93.73589936776442
93.05217432020191
93.25299842924173
93.1908695785169
93.19268721111331
93.02006619240265
93.29046647682988
93.00618379865128
93.05297010939488
93.52900795895073
93.23089084484812
93.57018149640149
93.48139042978333
93.0470465887381
93.2099109284119
93.1067489254342
93.80447026445898
93.15503243669109
93.08065016683688
93.32686587952722
93.26773462559471
93.03720147889649
93.61239691000515
93.01506565680477
93.29879914166526
93.09714205202653
93.25105565018139
93.21895730998334
93.34032170647357
93.04216929211414
93.35538907818399
93.07585965805777
93.3084524583757
93.35459054488906
93.57691030089596
93.447536831353
93.03395757013186
93.28470570466499
93.60485104068512
93.31647077262478
93.1352191546294
93.28498977515007
93.09963109432827
93.30010542658232
93.01016457797029
93.55922315944728
93.54784525536971
93.46362697733608
94.24592353575228
93.41744312746337
93.79283232367952
93.17179881823753
93.50931387564665
93.3665251647003
93.09689972659632
93.61720205306449
93.32371316305387
93.0707467098518
93.51136929601674
93.23119712911208
93.19771064392228
93.77868682831105
93.59609975723328
93.52211825066195
93.27204057931533
93.02021618474237
93.26860899773096
93.20176078380914
93.49774556176811
93.040772939124
93.00280674155859
93.0968719690628
93.0829445734579
95.17294126303322
93.37308627083168
93.24343660766004
93.08792781592544
93.0358944274084
93.131393310861
93.26425315005963
93.54973588499388
93.18887871304031
93.11682534580736
93.29907282752481
93.27676300313163
93.09745731690818
93.50893228331198
93.07878188262012
93.10372335326764
93.12035645480641
93.12524304435387
93.27961094387302
93.70415435413317
93.1679968441106
93.04358928156545
93.2371758346561
93.66083009679237
93.09577270357227
93.18507805669944
93.27301470828725
93.4127681164662
93.22482129827918
93.05675864250351
93.0101376986239
93.5958399489418
93.43492169170194
93.23891964440838
93.42690710605432
93.19573103851677
93.77713297561975
93.34898733467143
93.04180033341918
93.69544810319698
93.14645664859849
93.3165222726788
93.13720812575701
93.6650037478239
93.25463067452331
93.05151101484971
93.15285986050637
93.15871623080086
93.12198282164279
93.25470344288031
93.32842979442961
93.09006149743466
93.23541450817346
93.01006793723711
93.22436837058785
93.23842541716266
93.22322038921283
93.29496663962455
93.08212723429993
93.13370019886625
94.59666349250585
93.27810299147123
93.4729530657168
93.16700328351192
93.04076276167125
93.01885870682402
93.07798862534604
93.02472117295208
93.2336402270686
93.21247318854928
93.28322500522358
93.02653646100967
93.26882407955583
93.01721857619742
93.49666059904693
93.00152941986593
94.26874574651684
93.6514003915508
93.00601804677864
93.31134901119127
93.08907254929176
93.04426201193114
93.31069694664012
93.05640009435368
93.70233524660232
93.05950737654068
93.1823765509522
93.06654641273147
93.02987097797961
93.30084483161528
93.03341313298068
93.39472944832717
93.12833914214644
93.12501399179565
93.08285613703171
93.76436064432887
93.57547118486752
93.34869827465295
93.47615133118579
93.45265635379347
93.02610333239919
93.97504002145541
93.14993440437017
93.53226211541576
93.04134824927081
93.56355755972568
93.18453473976773
93.49343540078046
93.04792793860973
93.2121473255706
93.68537315336675
93.31667412874268
93.64930431090652
93.11311354519898
93.2512921392827
94.2371376277734
93.26517352400005
93.51651459326385
93.61555477321912
93.2081873660024
93.12919691192307
93.12967673614729
93.02557423115564
93.3592301251751
93.288695405499
93.39137478347561
93.02011405040791
93.0585873832829
93.22957127311679
93.22133781022367
93.03815683804397
93.0368664903816
93.2418688177788
93.33240771126906
93.04089254812784
93.35962384277731
93.38833989667674
93.78204715621428
93.02464308921402
93.9111512602402
93.39667553058887
93.40230905625354
93.11236692963878
93.25003669152899
93.25678576238525
93.43995818352121
93.04273520555816
93.11181979149379
93.48121823702505
93.81284763672203
93.44373267474154
93.07421422474742
93.10443989708631
93.11285818254339
93.0841171740382
93.00877214050556
93.41752708932167
93.22727696860318
93.7270686251577
93.17523375942528
93.0745313036737
93.11039342926772
93.00896161205279
93.3566712557589
93.60559253152462
93.0049785706762
93.70352852583804
93.14408942571671
93.2313481798407
93.08857401259684
93.02522927619978
93.31927447830154
93.02349551147255
93.08979415273957
93.67309366907011
94.02420515667447
93.14580345283878
93.81812112474314
93.19288763650609
93.07498269932799
93.0737398969483
93.17072773798691
93.10676314886756
93.5980312516657
95.02508859878385
93.0186797548983
93.03463986618964
93.0234636670476
93.26130360540947
94.77124013940394
93.90926438018955
93.1251542155183
93.24824303807338
93.37066334552325
93.53066413779088
93.59427082062197
93.04273918639782
93.42226851712171
93.3737230574141
94.08425116779577
93.0303936089693
93.1151015285862
93.09851333449292
93.15469860524708
93.19806249717064
93.87546448615066
94.01534906885328
93.23615084393258
93.04687270096332
93.22484857186853
93.51109711534016
93.85605571514891
93.04221923659055
93.08057867548347
93.09225937989511
93.15859130901246
93.01362362383495
93.33560804152445
93.24570217427217
93.47501193265848
93.89890255085936
93.7626635049282
93.12813454636614
93.01622319282963
93.1287846409066
93.36082634914946
93.00168655399976
93.84808572519238
93.23247156943772
93.44102026537148
93.27257700720028
93.29470714152396
93.2141480144556
93.84541580023682
93.21122126430598
93.18112730223768
93.73303739440422
93.10516858002228
93.09169650845436
93.43737207456476
93.3861609546971
93.35493376688702
93.07607955343668
94.08227039160684
93.00485496602742
93.29925385052492
94.17088749486014
93.12240756089926
93.24248911549073
93.00560546184761
93.1861833112495
93.20494376483667
93.74379014032576
93.14471339175994
93.22806222869615
94.14147315403217
93.47902270642983
93.55365401692816
93.34626280995977
93.1232021144988
93.02393835996978
93.77466096033933
93.04686422024989
93.14473249349075
93.02686253270866
93.17283570327504
93.08173412417594
93.16306797883563
93.081940709751
93.57069252259538
93.53030700479562
93.1817133443663
93.09878216854054
93.02983462267626
93.28340556838188
93.19896878450821
93.30525092841462
93.03340815772624
93.29514206841102
93.01881485451585
93.8211291635634
93.03912760911946
93.12382209917023
93.19691693842837
93.04682891850987
93.24911670926062
93.07941882782849
93.38144609455817
93.95435942801161
93.79066140586143
93.02966971169403
93.27029617173787
93.15745268113784
93.23574891726402
93.47382286064635
94.44462049235761
93.77169643518273
93.22576398608221
93.3571967384221
93.03917329720228
94.66621082277656
93.02201665217585
93.0720790430802
93.39409298061585
93.2045338277583
93.06075711447163
93.05265281791075
93.83089663944696
93.30144198261009
93.09111008494331
93.21954909853311
93.12928521596791
93.26819593720815
93.06804436025902
93.11199089352752
93.61609607963678
93.00265156701877
96.2816610444254
93.12104446058876
93.21011626937361
94.47219890247891
93.06883104836346
93.26906951220774
93.93901504747377
93.2800619731698
94.22386652810548
93.72175838041974
93.03878878983957
93.12322540013137
93.15561829828845
93.34217823407124
93.13467917339015
93.15805484953239
93.29109567018972
94.32825484735503
93.17547961692001
93.35448905495223
93.30582256112694
94.32864909800486
93.32431712428328
93.16329335184285
93.66604259639946
93.51513994799393
93.07591339419864
93.12574211856116
93.39237774781397
93.04238555677787
93.05355437476113
93.2520939777677
93.16094670241715
93.01502600045265
93.01504782232301
93.4202809256173
93.17083668585306
93.05461271311826
93.22783804796478
93.5837857989856
93.67461102826397
93.48398666837001
93.89573924224278
93.05011847387685
93.28750773250533
93.21826511886543
93.47331778225015
93.70451370091881
93.08588840730036
93.28138714014622
93.3460586956683
93.67210535281085
93.35870690837841
93.06293368217281
93.30676093239504
93.01828425567821
93.199415214253
93.05671903453764
94.28367867853711
93.41232862169309
93.34570954652794
93.21197343782974
93.97187260094071
93.67898270109595
93.02850674970942
95.08707632491648
93.26328027528332
93.0451847040386
93.15190047463254
93.54012809806156
93.05424464461876
93.6819592484182
93.25505451343075
93.11910536192771
93.71027002458875
93.1528098802328
93.15559575593217
94.00051310841955
93.0962504219546
93.17963269246079
93.15529347618677
93.19891143234499
93.35285580899993
93.09185832030248
93.43267716529716
93.09087320070911
94.0729609158077
94.1380107692483
93.16614312573952
93.09280119683699
93.15142306591056
93.03575450802217
93.04564323649134
93.13317560274454
93.02694425183392
93.09016994791182
93.01940001097795
93.21282025450121
93.1395350899033
94.10723652560041
93.89467242350375
93.39979660310291
93.48673856723164
93.43297789402152
93.691502112822
93.482562461612
93.30041952781993
93.02929117015576
94.22949271986128
93.01465601805133
93.01092448427616
93.07619778747743
93.63369018251251
93.00329796447745
93.40468965096242
93.50568272121019
93.30848110247928
93.40336189608294
93.11328434893397
93.00897884280255
93.24495260329898
93.6098864518044
93.73291020885796
93.20718465485525
94.04772780711212
93.00754613418495
93.03497734068915
94.35382020166583
93.67212910748432
93.10188246894788
93.51357333904573
93.02345821599332
93.01045328004619
93.35331029681718
93.39352442219253
93.00616966187677
93.33355370252671
93.1158311006688
93.00036999856806
93.06700962672534
93.59294080995144
93.98378963845212
93.56226467209295
93.01046300249664
93.36552408839626
94.59799430206859
93.2666004238141
93.15720854362166
93.52791790743323
93.61651128362327
93.24098432589192
93.01624229507587
93.75205533130497
93.38774660321671
93.33881362188615
93.98747426173584
93.3266360229422
93.10109184831413
93.58775308856613
93.04825538792093
93.03751434584687
93.04811869327192
93.3211200467523
93.52698446683708
93.10714353413942
93.08699056710039
93.10708858820732
93.506700247623
93.97252889908484
93.40097130171151
93.18591651785067
93.67910212512564
93.69008833011968
93.37144335120817
93.69392280886932
93.0789487241853
93.87451399407652
93.32342717140382
93.18823494890289
93.17178546417883
93.23681268961732
93.14592417110842
93.03799595822844
93.40485797114971
93.21024338843016
93.14017633706959
93.18275690472939
94.32168979717045
94.07469360795099
93.92513331090092
93.16605540330784
93.09448106533712
93.20922520986649
93.30738325033168
94.56373188781687
93.43108584217822
94.75012776296289
93.23499672337225
93.35539521388436
93.21169517499122
93.45833789598333
93.13669202883491
93.01229352032304
93.19617722446097
93.43764878064044
93.12675778921813
93.24469617379593
93.66897299563499
93.14337405482362
93.41988880703782
93.13940353471116
93.41649653231082
93.5558608910897
93.02223955415707
93.679296493181
93.0781721284022
93.36160481955524
93.26212478702689
93.04771986423545
93.08783497771415
94.41877026827308
93.10847328445952
93.01257733408133
93.20880985987714
93.2478983856201
93.14682571256904
93.4066010073762
93.01146156176615
93.03358251920692
93.73593174852232
93.14059172270103
93.6967550178732
93.13273476000674
93.29894239024763
93.06624136353507
93.0263363180378
93.4786523935527
94.30191372770348
93.29366331855616
93.91255976143846
93.07643920522845
93.08585190782819
93.13137750089501
93.78355840589543
93.97586530027986
93.29347099611017
93.12004935531212
93.40484212310079
93.19207821470678
93.3654900356249
93.16393666196441
93.1199277300101
93.2072542563048
93.16870494961461
93.20650953347159
93.10986375051166
93.06823986123504
93.97681431805034
93.00570605859859
93.51123069569542
93.59794664827255
93.50315665017122
93.0652028082529
93.70003723802054
93.18045487402097
94.00754667106764
93.1449058026188
93.13965542486117
93.18163993900278
93.1471662024551
93.17650199070512
93.10465021958414
93.53709925800348
93.24452734661361
93.03565555338837
93.17728163172194
93.4425357022585
93.21427917369836
93.36595590769289
93.02181368454731
93.04062071404178
93.09696142291621
93.36082853665158
95.0017184941231
93.87724866000217
93.07570538949933
93.71329973273102
93.91928756732435
93.16398934105084
93.20104758754867
93.48237953345883
93.16476327612376
93.09767296728599
93.55816998242709
93.25057297015181
93.06816086795966
93.06867164599234
93.20047981363977
93.23246390524132
94.09796366539916
93.67593325905175
93.19335851478384
93.05639511644574
93.1017409039004
94.4391926087118
93.92315674736952
93.22962572880267
93.33564924915237
93.89272321662347
93.2906379476259
93.04074233177103
93.8816526116388
93.05394331338623
93.41216179826988
93.02881725715824
93.42809734782405
93.27907548989234
93.01265679530898
93.00567466874371
93.48514086869758
93.17797680455988
93.43994513570358
93.20904330303277
93.01709942353617
93.75334684602863
93.09576145688486
93.16693974499114
93.14537744074734
93.76881623136737
93.24755901105851
93.0515445230787
93.05354404909455
94.08428904136471
93.3986010961233
93.04912400032478
93.30173106891512
93.60567075539115
93.21516815389128
93.19982240206265
93.00778407001222
93.06168979071457
93.22815335686485
93.07711007396794
93.03183810898489
93.72403954335861
93.10168832491763
93.69636562973064
93.32467242680765
93.46669037145341
93.67432191241627
93.33070648141405
93.25390479552402
93.04832217097584
94.3209357668197
93.94290052964094
93.02142077135987
93.03206321197462
93.54564669799218
93.1078733792912
93.26308830732195
93.27550012177115
93.32559331231144
93.02662878731662
93.2018254190194
93.56862396005569
93.02248582371757
93.41569302090656
93.96975022147876
93.00317751254258
93.02955658078056
93.00503257520049
93.4303291944157
93.03143773718041
93.81216860982308
93.42525418455484
93.12043147487844
93.58245874175893
93.21826614586288
94.00944460716565
93.20618735549911
93.04655661489488
93.05627730798943
93.28488558010618
93.81536112409832
93.46628725488871
93.12650703581755
93.76550029348844
93.72439394043822
93.92068902224882
93.16681641179412
93.04043492147862
93.09119674433434
93.46269581915426
93.22178877539295
93.17861531266972
93.0306985574992
93.51304318855358
93.10230235188101
93.46213243600074
93.86610278171607
93.11189753255351
93.37327416332232
93.65442676184306
93.36806739864616
93.26270177115052
93.0496443758276
93.82058325895296
93.40210712212438
93.10465900707183
94.02603970691085
93.08388048826262
93.08752716267017
93.10630092402278
93.3654558738505
93.09235328161628
93.8177030584037
93.30789415033726
93.01452442518871
93.11519362674358
93.42099361696309
94.03144718357957
93.02490320249971
93.02658924720342
93.61506680044789
93.33491572613868
93.22527531441419
93.24275507275452
94.0237502214042
93.07476796688003
93.23979077356958
93.14922091715714
93.15606949676906
93.28102771136808
93.44189263256621
93.50364284783744
93.18762313938274
93.56322647556257
94.05323185037508
93.03565700536687
93.2910667954597
93.32988666284399
93.1015242802394
93.31125575429775
93.792519896359
93.14322425246971
93.559348178921
94.31989763845525
93.34905804156801
93.10542071583332
93.12885245065587
93.0956988362976
93.38494081346893
93.25740561058605
93.15853049246594
93.4191289845526
93.6362918974066
93.02443103925874
93.0859463876456
93.98778028187954
93.55617414515831
93.15046011349193
93.27724736921307
93.47032476843337
93.32699811078919
93.11418142589349
93.93704518760468
93.40590212003019
93.14168118472028
93.09308402387987
93.2772541142367
93.5722766990275
93.1454966357589
93.15942333063663
93.6723724034186
93.2168637595405
93.10451753138051
93.2043493151099
93.35029980963026
93.29911469973798
93.225701274938
93.56155102658033
93.1630984083962
93.11399007933007
93.40219972456501
93.19504921924113
93.41028304618
93.19568115393146
93.05118810374903
93.84766745210932
93.28018348824753
94.48262911906006
93.18543477816799
93.02200806160339
93.34082687773261
93.13851331523418
93.03393583105964
93.70125439764584
94.08111525448827
93.58127842294469
93.23731029448153
93.30584034300766
93.25318969825378
93.20285110594295
93.82827709160263
93.23404696738369
93.20453633874453
93.84413220535465
93.03052016469726
93.00264298887252
93.3048946790161
93.36796844088346
93.2192586978926
93.20801884463539
93.35699812085713
93.25250753882656
93.22235391239712
93.20805845035359
93.35865516259209
93.65800549781568
93.14811616309655
93.55030159782584
93.1594149400788
93.04630552750655
94.07930092669906
93.26711171645603
94.02458243638776
93.30659864902599
93.10909538432651
93.25443988982522
93.72394923778903
93.03568807752318
93.1973251305146
93.24842148621701
93.41954152842908
93.2884317958467
93.19645242441752
93.01951519753744
93.04272301049289
93.3695375857686
93.63199246396582
93.9771995680853
93.16623002006594
93.1072524501399
93.03722550576644
93.32009661680475
93.51596807638408
93.96819737324002
93.36669951619461
93.0287315763195
93.14714095197114
93.145814096139
93.3416277841766
93.05413098704042
93.29438855451326
93.44933491118577
93.37729637971024
93.35123222612414
93.18566449960032
93.81330975915891
93.47198098778661
93.56449712400848
93.03577418494062
93.31175546736559
93.17282129360402
93.14464857864692
93.11737620765096
93.01634213331982
93.22202387529315
93.03065815706057
93.30203623333634
93.59675576649995
93.52572960496117
93.28472256265461
93.08107223857377
93.19074387040332
93.02303291177935
93.10559573604219
93.37953613704204
93.33840647697401
93.06372344005354
93.07575251691043
93.22061957931069
93.07770762405806
93.3880038661182
93.57493134902383
93.24924715200655
93.14979215756468
93.27167950622419
93.02318922452054
94.67044123522808
93.62066867333843
93.00159504002472
93.32774590593992
93.95255110540889
93.00713397426715
93.10226774238922
93.34332000628986
93.27622305131923
93.04256654732744
93.10995892324384
93.05023077104566
93.12242799054803
93.07432112422103
93.1723884787534
93.5960953222437
93.57978304173444
93.03143954399812
93.0912004531363
94.09454747353155
93.3657110793953
93.01597357169722
93.22870361129377
93.15374392451012
93.28964499719174
93.09943725725877
93.18528312912096
93.37220449572534
93.34084382377493
93.95530033946338
93.03773689526953
93.19033077564471
93.0098389576589
93.14334645141923
94.16812919390368
93.58914456445095
93.26093448161602
93.72931531632841
93.71591707186214
93.10573054897503
93.03329952820765
93.12988110145565
93.40571119530813
93.23842929895798
93.32743503002436
93.56802190415262
93.0676729596491
94.42984771948018
93.25046437758031
93.41021511721114
93.23967129672153
93.13809982991012
93.16101377303778
93.11323781482331
93.22200794833755
93.115756083097
93.29734997112132
93.27519730718055
93.18174035968383
93.40537784270289
93.00497082852797
93.04161728706602
93.2769913187884
93.00604791796681
93.08727747437605
94.1197017613131
93.1313227177475
93.10548550361926
93.29746756994493
93.2255722116342
93.05854504996373
93.01289889199798
93.62880999238419
93.59620922701222
93.10557517645397
93.07049573232261
93.26768812811592
93.40675186401926
93.85746957884817
93.2083997688987
93.19162238052311
93.45334906381837
93.04125652886587
93.20340362604803
93.28150699739948
93.35129545648968
93.01702134117627
93.28223177610987
93.08665727269849
94.27315943100595
93.02775081354923
93.99309253528655
93.16848749674105
93.0631841016433
93.44741221794028
94.06733795420901
93.36844550013271
93.74342749985644
93.17773041085957
93.52277358351476
93.0224477339164
93.26821382302658
93.24454211330062
93.06101305071068
93.37383084914286
93.32466058418831
95.34918134972278
93.33349007531396
93.24528152797056
93.17381246674523
93.29450487291645
93.07489711493763
93.56704462711761
93.37254649895804
93.1251996610165
93.72201742624969
93.04510164758766
93.18707377180637
93.23003293942494
93.02393706057273
94.18988848347531
93.08453104645713
93.04036150444873
93.37201621563538
93.05477446312432
93.36433062826701
93.03670964381605
93.46184443958761
93.18539165484968
93.11489935685621
93.04839054381661
94.3834360353095
93.21187825855547
93.01391849025934
93.56973723451365
93.34228110527741
93.03397735264501
93.2825701864671
93.14719558153615
93.74585394615721
93.20957986418081
93.23660068935405
93.61216835123582
93.00819809522199
93.12794575347017
93.02853711548026
93.26906582422791
93.23988683999266
93.51923403324591
93.17972494045576
94.00117100770913
93.11395441544879
93.85434205772621
93.77319213134392
93.18992367817368
93.24930582692033
93.04134559609344
93.62148853222148
93.08036513833456
93.7108174223436
93.5517741384343
94.07975496709855
93.08623773182077
93.14562949185947
93.10934921860543
93.5881958081646
93.27421550097891
93.35571132653332
93.29789471353355
93.20483603138548
93.34059466461082
93.37841113670824
94.24773092245258
93.26775644275047
93.27355200901178
93.28478354367822
93.03359223483189
93.48029182300243
93.21108539513814
93.13906178100102
93.9797010399362
93.05371110839683
93.19249418436195
93.10271401189648
93.69949624785491
93.17930529267966
93.10051324702312
93.52808355998604
93.41816628387014
93.46183866274622
93.01822989219568
93.27860149521982
93.10654357242035
93.3023992800338
93.26184432852259
93.09558208687086
93.68898133922036
93.05953513258149
93.20362431379792
93.00973593685849
94.11615435954155
93.72987437584463
93.41790210982458
93.48952235852329
93.12280878307806
93.27559888485978
93.06817575760498
93.28864976124127
93.49081621218717
93.05039230355933
93.40804568874452
93.43569437048028
93.04181699567286
93.00613999561948
93.34500326164353
93.11710998191161
93.30859319707436
93.35795719966735
93.3700231430675
93.57790369161042
93.65860086598113
93.26586698608459
93.11214910625102
93.2846709170238
93.76310843465467
93.01201030088889
93.1491987367893
93.00925090121952
93.41462382133005
93.42937088219078
93.00593672565411
93.32652745750397
93.06355370128806
93.24536713046085
93.0719858709924
93.08978289342528
93.60878547540085
93.23687663969163
93.3615378752298
93.05179353034758
93.19001858681507
93.19506745424644
93.21377478942944
93.37755471406413
93.47754046129751
93.18828069332446
93.09919023813697
94.10408524723879
93.17729377511715
93.6540424147805
93.02580658639226
93.19577440233223
93.30617956062467
93.11527009834997
93.2607465478726
93.08678400615076
93.1354075068388
93.29369890395469
93.08867582033793
93.16865617289385
93.46839331715006
93.03709807681712
93.16876613616265
93.42096928802312
93.03818575421847
93.57080403162513
93.17126658029188
94.02104729471556
93.09382013807758
93.19143057606435
93.25603377412165
93.02779393669849
93.2710106292466
93.29706965790871
93.12774936376076
93.3768110353187
93.44588314831137
93.22461154601233
93.01074966713269
93.26648162162313
93.47342937952168
93.36850099847358
93.3024858139952
93.32367518605321
93.22994289673036
93.08361039002196
93.17214631238829
93.15411548222075
94.14934268619824
93.05916892697469
93.1095902785949
93.08752275561274
93.62486291373978
93.42667925234736
93.08463368494833
93.06208602642806
93.14074298123971
93.21727199123977
93.27351343599265
93.0156136943781
93.09333583597596
93.16138333485308
93.4796364516359
93.19405514503764
93.18547441156407
93.11420334502229
93.50217902492474
93.33086898221963
93.17321021729526
93.28465285215839
93.03399612436631
93.42013492607566
93.08307861084356
93.31084150607781
93.19598193588185
93.27937947773138
93.23917174463388
93.0449322560841
93.05091585836026
93.14903037453257
93.14290146893143
93.16251689246855
93.31042691240454
93.70521414753013
93.12794357099126
93.13085566095764
93.11111606985651
93.18318123145293
93.05121270133107
93.03579038283567
93.12932587451647
93.12280259710867
93.0027133102913
93.07637541152778
93.0118553189751
93.03883409197265
93.06135826622584
93.08036511219936
93.3309837110239
94.18248806551556
93.08027415565498
93.35718154054763
93.02420797535544
93.27853857911879
93.31755632611683
93.10159801889826
94.54241621267394
93.10054350433737
93.03948730524152
93.40247798705919
93.17202302660003
93.31820549426699
93.08035015003406
93.45035100554027
93.50958027985308
93.27848861607038
93.55646343069188
93.54553972819866
93.49259147901569
93.64093065279582
93.27382104149916
93.2108661179642
93.2348642787195
94.76386390164382
93.52316884953083
93.05047737797771
93.28812750958592
94.37569310080684
93.2613060507503
93.02802331479784
93.12919250895555
93.06875751760748
93.1240881741598
93.29941103936106
93.22671690802403
93.21372174522445
93.250584154085
94.1798935305277
94.1585722732171
93.77628943993584
93.13331276279227
93.12850020561706
93.33188116429356
93.38670301678309
94.22004945150522
93.11293555140871
93.62092053658749
93.35901192500145
93.38076375003762
94.04715044200805
93.03511521433761
93.24253581667209
93.11641070498226
93.01895728324138
93.2742679322706
93.00609277697347
93.39149947909979
93.04734180685678
93.24912451596589
93.11748179978663
94.05230170830072
93.06736620979898
93.25084967705045
93.61634202392577
93.08846697785579
93.4112480682507
93.75296862725986
93.0300581228095
94.58430880384726
93.07534806305998
93.16990296943472
93.62744823392055
93.48743531957152
93.63502125273003
93.56729346320137
93.0620338622129
93.03954041010431
93.08089109418088
93.24605961940873
93.02288987923389
93.22782741494953
93.07920217428669
93.02215319901522
93.87994766832246
94.29192713014336
93.09816237141256
93.74092561600101
93.17025529824186
94.40950164721036
93.11649195005234
93.38746030344706
93.98347493745183
93.13342891140361
93.13857008826484
93.33393106782862
93.22954828848026
93.06676121100632
93.68631989565672
93.08140014071957
93.1966291806852
94.01668255537001
93.01005565580314
93.52207281285543
93.02392946888656
93.20629501326853
93.22912810582969
93.96041287876389
93.69845765019218
93.19817259566592
93.49000665519455
94.93979764733993
93.07963850425551
93.37466240565928
93.03843758263855
93.02983584040108
93.93740671566779
93.11209101088544
93.15373899943341
93.21065283513964
93.1340691051906
93.19880949807248
93.25073311161584
93.19304692143372
93.1723634063252
93.04622543649111
93.13491425714588
93.04762081222056
93.28906645948877
93.14303988589931
93.10775552082909
93.16959660006233
93.23747904240672
94.62448814038073
93.26201451623696
93.13342474713326
93.38441536891271
93.30156109999342
93.04011947305885
93.32414308700648
93.18134884664455
93.41748072635052
93.04156898829409
93.24510846972161
93.53757640504762
93.13329886207596
93.35119973334776
93.05917290193192
93.709096840922
93.36097718049038
93.0592059422475
94.51830106842303
93.16510936401451
93.70168940668745
93.07681293338882
93.7470635303179
93.00070001328591
93.08285338920513
93.00424821159173
94.0804653245419
93.12588733813624
93.1023278025321
93.31221936759233
93.06079126585952
93.24936269068633
93.0777322849006
93.02969183339485
93.3225764599201
93.10067456521
93.43411657861219
93.97580223306844
93.11676465795955
93.16872287522604
93.25091718930402
93.57452818896681
93.01055205160851
93.15301489303982
93.19041673095947
94.52290945258846
93.62450447798908
93.15641051193448
93.7507844030823
93.37766493040996
93.02398393670506
93.02386976733034
93.86085953516167
93.08749428668648
93.31377907254443
94.47132105447155
93.0441755913822
93.77720302169924
93.01178891653372
93.07672061673208
93.16254267968583
93.72101701177056
93.18901878923526
93.06149033197688
93.14728193051062
93.59761208879769
93.44302123945901
93.09973900824802
93.23431838091184
93.33820161891026
93.36170532930174
93.00278814455294
93.04687017471478
93.22704824388772
93.20660414560327
93.55373328315127
93.06635095904441
93.06611089474725
93.25357912209697
93.00724026859369
93.668411698937
93.3356362453408
94.05859603085327
93.0021533545763
93.94959022516794
93.93616918227899
93.73202760686742
93.12137108131445
93.42887403827113
93.05312755168967
93.56549465982216
93.00507342682302
93.12353394987964
93.37716660640578
93.17592383668516
93.34538166095956
93.46059025539121
93.71848996196502
94.03791258438729
93.03039869528082
93.17947744982568
93.55509298095707
93.46606728926811
93.12835081019882
93.26235604751557
93.14850189122556
93.25724879825944
93.99165680095781
93.52315830778522
93.43967100300442
93.68013674782115
94.04309923902898
93.06610193523713
93.41204162928214
93.96216668061416
93.04297841596433
93.88678925251006
93.19155222684442
93.0882992491968
93.2122769461278
93.14794510638801
93.07364621245732
93.22678468796575
93.01436656007924
93.00226619484145
93.32596591359552
93.50602625124003
93.00566209573269
93.04331068480981
93.00704004189853
93.22238535271562
93.08486812192558
93.60669125711443
93.60767985627562
93.1431206076124
93.3693162069441
93.33689693567105
93.0253553901397
93.27179212843706
94.69595074191206
93.4560027703793
93.26656461917216
93.45328065819798
93.44645431994267
93.10960519953859
93.08133305816693
94.48040585441143
93.22115169735905
93.03417716830872
93.20574204236297
93.3730925773283
93.22157764607789
94.33002365742783
93.20842770624277
93.0904750572243
93.25973644071738
93.38153160639938
94.10047279717476
93.21251545113303
93.0739105515607
93.3905543804329
93.16894051828928
93.04133324673279
93.09255544042324
93.05013076520609
94.57488243821902
93.12382635991858
93.11779702569936
93.51728790967825
93.64645850394389
93.89911652046338
93.07034605734584
93.03997001371101
93.28219201367126
93.1051631863075
93.23614834945467
93.1209038497562
93.07584750074864
93.34268475417299
93.03144352901593
93.10015430419695
93.41392519358313
93.38020657488296
93.22765483037594
93.03390778051083
93.09255641446664
93.244057224202
93.04468517502498
93.05566413769635
93.15865512991347
94.13825655618321
93.06811834317205
93.1589775928068
93.05773985240005
93.55360767909654
93.87903782067488
94.33572422739535
93.89232660004723
93.18247328135068
93.18770299074153
93.18820354558066
93.00475357083901
93.57791677287562
93.29068720640676
93.91605067372068
93.29486275041121
93.23879799892158
93.2921146494127
93.10558781673255
93.53914194130347
93.17310037809838
93.19876437897912
93.83652428907314
93.22024748261565
93.26644565200398
93.27623658969755
93.06198369954434
93.05553091187444
93.16767743015268
93.71017326540507
93.5782874731935
93.09549478600576
93.05501171235262
93.19715059883804
93.98380855296658
93.07735493177653
93.77756924772721
93.31645730151489
93.25899480941352
