114.4403697986289
114.1513092044887
114.7043836802982
114.815473608721
114.0074051527575
115.0632633453781
115.3323126257536
114.5091897625914
114.5697323577956
114.0464287147586
115.0022427047105
114.3620360687397
114.0030728236136
114.0466628151378
114.0296711913177
114.0517018997546
114.1663646045708
114.4939135841104
114.0384142418273
114.4097549179273
114.1632981238712
115.0384776552605
114.435533859065
114.1083208068726
114.651172368516
114.2913930771211
114.3033951673027
114.3959389387084
114.5274382750188
114.4374143829624
114.1179218402527
114.4643321992556
114.6155421927394
114.1695903911675
114.0566732953247
114.0947291936092
114.4894460824368
114.278798371046
114.2388776151441
114.0001508744198
115.0406358653596
114.0989949332149
114.7984692867621
114.3737937766862
114.7424047079285
114.3871202025054
114.5745013267079
114.1241421560478
114.4806774249166
114.4875541854178
114.399342029253
114.2772105943884
114.7435756336341
114.3082165393898
114.2916866590444
114.068999185424
114.2127328084747
114.0800280720223
114.3597065903108
114.370972364335
114.2596330455796
114.1441965215265
114.4645367433252
114.0491838812272
114.0125109391919
114.009916873018
114.428611312348
114.0714621666191
114.2700323411403
114.0844294693235
114.0315420777805
114.0813903225679
114.1523510571585
114.0872267095637
114.4091433892442
114.151114222562
114.0849644586064
114.3801430478881
114.2251936473168
114.1423624522506
114.1479809948191
114.0777232607161
114.0329539410707
114.0123336443686
114.3799529935891
114.3705020570255
114.2485238304399
114.1398205950689
114.3839785735361
114.512400774164
114.0164540293644
114.9927510318376
114.0719336903041
114.1798455774886
114.9100055849697
114.3824284401336
114.3987561809265
114.3386963455608
114.1150081773168
114.3240482557762
114.361567072845
114.3830438301594
114.5639150117068
114.0385050291377
114.1775555408186
114.1046775144421
114.1954391658917
114.0880734007258
114.3004562528626
114.0571366556794
114.4159051843229
114.2266305079935
114.1369404930676
114.0435259384341
114.0393997147938
114.7013168190394
114.1555067097546
114.1822929456342
114.0871360156219
114.4800973948979
114.0376802606894
114.1801449864214
114.3261751828244
114.2915936765334
114.305108512708
114.0232059629192
114.0032128531264
114.0827592245531
115.1260813646131
114.1467669185039
114.1233788572249
114.1773055749686
114.073726420154
114.2616567111134
114.4619286372003
114.1668542197674
114.0800939097033
114.5870635661656
114.3142291560598
115.3292374485105
114.0859871164642
114.5573359391927
114.1501092246391
114.1544972095291
114.5417758946488
114.1662246585126
114.3792612929539
115.1368675190156
114.9188784701052
114.0166947137832
114.0430822570492
114.0465658899106
114.4727351238433
114.1732118663421
114.0492644465037
114.1268281883864
114.0100997734186
114.3975788878995
114.5048995111176
114.8577462793369
114.9572224228811
114.4559557573385
114.3796129512159
114.0607924963096
114.5529770531985
114.3421803894755
114.1383153932824
114.3594855586453
114.4182448587113
114.3306070563279
114.1669147582783
114.2276158294358
114.8420447321001
114.6222650358822
114.8390238394689
114.0874557500665
114.5087235867483
114.3687201317231
114.0193752180062
114.1441470057973
114.0408044040133
114.0042211533846
114.4066373536733
114.0594913785358
114.5324688270184
114.1927581142143
114.6737828820176
114.064614743058
114.1779868256914
114.0971925593428
114.307351478535
114.1345212413261
114.0825765430826
114.2696608583006
114.3138265708922
114.1317808836068
114.1406699961041
114.2714227998369
114.1354920491515
114.1209378422015
114.3904569397636
115.1540379460363
114.2261752226955
114.0526861057509
114.3260063249622
114.0939853554649
114.4793827414129
114.1225407690547
114.2285377524131
114.2344427155948
115.0477749087937
114.0713027157108
114.4347390794518
114.7643583205019
114.1433480786036
114.5963689919716
115.3683347593569
114.153233023061
114.0037459155891
114.3087266480544
114.1323387186023
114.008475172493
114.002777832494
114.9123036723432
114.1677140094763
114.3427980155645
114.7997818514728
114.4568892249872
114.3661173670031
114.2359456311495
114.1908251227743
114.0539361021862
114.4430938645083
114.477833878982
114.2987443541116
114.2151860022662
115.7733902208139
114.1837948827227
114.1204947863512
114.417831969465
114.6186983821766
115.3466103178228
114.1078445705759
114.1771862732069
114.1759512738199
114.0329288767449
114.0290373620525
114.2367795433774
114.0445755481444
114.2739630595779
114.0212796845066
114.0868817270353
114.596841474551
114.5584318981213
114.0558922294592
114.1663027204924
114.0425319056698
114.1817899898419
115.4024411871044
114.1556073847627
115.009010794705
114.1015793663669
114.6610178474759
114.1161814626985
114.2380220972838
114.0762271785459
114.0849947496079
114.2521446431108
114.3065701561819
114.0321125758944
115.1109831917837
114.0081194984654
114.0031941692654
114.609287906214
114.1762186987075
114.1662703763911
114.0637904748523
114.7718958317611
114.1168421184763
114.3069119860243
114.2575453172707
114.2836848007933
114.6240257820644
114.037082127367
114.1119735111156
114.1197341191151
114.8801157854648
114.0288569925732
114.0989589901604
114.1758817042174
114.2044800400836
114.1392039837461
114.6031332994581
114.1394282426786
114.1649601038586
115.140116911436
114.3722384962323
114.019833434597
114.0253524750806
114.0845555057139
114.0088191399403
114.2316515646648
114.0016505735118
114.1536107963778
114.8965937337994
114.259839390557
114.7770660949353
114.2394107343392
114.0753802677512
114.0497141462318
114.2007293988698
114.0861871669965
114.0029023997116
114.7280497766465
114.440041155013
114.5468393809285
114.9310863403311
114.9453257128753
114.3069956206463
114.2159649957506
114.1884360966253
114.0469859083654
114.7977144142158
114.411004211059
114.0602322169777
114.4560429449995
114.1816571162285
114.0585479318642
114.0565819997277
114.3218913774126
114.428364371561
114.0237589861259
114.468637757718
114.4394736818304
114.9960118339489
114.0064061004756
114.1336924080132
114.3372515974751
114.3491257558891
114.0953255509031
114.2336969622898
114.0683091101656
114.7377216221745
114.2134410687146
114.2466722778406
114.2577552345689
114.3114912642961
114.2295374478432
114.5378762166561
114.8683818057575
114.6845616985795
114.4666145639892
115.2060512099384
114.5372917843659
114.2020270111229
114.0479153148293
114.0779960885807
114.1374723748209
114.3434673965778
114.0224652632325
114.1254880110288
114.1306334955258
114.3316877690064
114.5744255715663
114.6553749496421
114.7060865737894
114.5053017203725
114.0221775431176
114.6938399515927
114.5881527259219
114.2281019993795
114.1818053115968
114.11393921853
114.0999997994232
114.0614272138692
114.0131910508846
114.013153043395
114.1885893279785
114.9408019263863
114.0838466013877
114.0242235935109
114.3947807692226
114.2071702542642
114.3791779884013
114.8198258263869
114.0110823512715
114.0013208399542
114.0201292670391
114.2331667787006
114.156831333037
114.288827187477
114.0277103984012
114.4874517995897
114.1496081052477
114.5019543562255
115.0742089381285
114.2616147320388
115.3335501707728
114.314730570872
115.0634625152836
114.0615776358749
114.3449014435138
114.9290661160806
114.0394353726742
114.5539520035643
114.6878317556254
114.1748058592615
114.1051290822897
114.0344850705262
115.0262822340473
114.3905284888694
114.1762848347581
114.1916309566359
115.9597522110523
114.0311518812906
114.0138240569357
114.1633302565285
115.0308802493515
114.2986474185016
114.3530535767039
114.1509789315895
114.2426532078943
114.5374670794525
114.0305742986161
114.0230510680932
114.1947437649769
114.9047909250537
115.8016015182456
114.2047713335918
114.5444749288066
114.4368245763838
114.4380266614304
114.6215458303955
114.1521345155367
114.0922314188322
114.2204945830682
114.0304779150848
114.2041417541045
114.117477791624
114.7976295753503
114.1923740167374
114.1355066776326
114.1327939482008
114.3278755062774
114.3730240813374
114.1816773643264
114.686660462924
114.5067941571264
114.6607401610876
114.8593130574359
114.1048795673831
114.206333096369
114.567113039185
114.8383634815094
114.0494483582521
114.4896562670207
114.0126408640444
114.3151525259347
114.412575882787
114.8236459318834
114.9861586811649
114.8772712611665
114.0958992768272
114.1585939116623
114.1366928097892
114.0003391540167
114.1199202308705
114.0119718596283
114.1962973759299
114.0080486232194
114.3278896096288
114.1668393740114
114.7845533861253
114.3432414949097
114.0609389443995
115.5007813442665
114.1750237712491
115.4401272685172
114.065575594834
114.3747080597767
115.0929254346971
114.2274856011209
114.2444796910041
114.3740336999092
114.0807566656741
114.0440882159643
114.5037903115119
114.0896583143365
114.2659086690911
114.4232189857947
114.0234363505213
114.2724060024824
114.0801142436379
115.1460824866479
114.3696552014398
114.3078687662592
115.0010024935369
114.1868795504491
114.0086377802558
114.5950692602363
114.9096052539728
114.2524174807921
114.004072372183
114.3300637240605
114.0061042220669
114.0910724114331
114.2949579488664
114.2825222921752
114.0633627544441
115.0323639492233
114.0179051510665
114.2062942863621
114.2775358058226
114.0822761960198
114.2962787384719
114.6384902871755
114.3396278472357
114.0982387326883
114.1158178125007
114.124392974731
114.1318264590461
114.5821052213308
114.4982233177257
114.0166539890361
114.2617260348741
114.2779849830099
114.096026773465
114.1172111572298
114.352826928621
114.0023400029417
116.1883248941837
114.3832940376803
114.671076955493
114.2523637328431
114.4255374025277
114.3444221804088
114.0783765345044
114.233618724266
114.1762391614518
114.2619100810444
114.2595724407367
114.0974899467245
114.0001298625553
114.1849526031285
114.5343647883343
115.1548543477075
114.8329701407585
114.2153987058774
114.0413173040714
114.4211144888131
114.0376304549054
114.0937203546546
115.0274309130213
114.0452203420985
115.6035969196804
114.1007123519731
114.1000394969488
114.2479443338192
115.5252601615439
114.0146570060753
114.3092757183239
114.2651027267453
114.5161742464536
114.0512874387356
114.3774475125755
114.1460842332146
114.096198059415
114.3087854862246
114.9328421600347
114.3276118607906
114.4858018549152
116.257562584639
114.4121368884726
114.1047014850391
114.7729907609481
114.3011958029507
114.1448912775429
114.0144362938185
114.1924456042985
114.0003222455666
115.3512564482805
114.3688398931327
114.2415957565056
114.3590798517448
114.3241040151919
114.3243709617629
114.0001894685654
114.1175279436027
114.0185197070867
114.0983608681582
114.0176986456157
115.0897995600847
114.0529661999187
114.5249653220291
114.0694797526694
114.0716460661272
114.2653005153821
114.1663108600782
114.1049579336426
114.5824554067431
114.8159028345771
114.0504235323396
114.2493214119231
114.1437609778328
114.5236874832048
114.0292110740179
114.1324404002928
114.1602953546339
114.5443913950974
114.0117252980112
114.0454981542768
115.0752196621725
114.4337554481504
115.4640195305274
115.064781454134
114.2155963047508
114.1391015781957
114.3364233082489
114.9171940299451
114.2844073214063
115.0692300312376
114.7776947627264
114.1570917291382
114.2200536377747
114.0274050776449
114.5090375293428
114.4081501051823
114.9758177466054
114.3437522001878
114.054735997733
114.3538509035262
114.043939747662
114.5143447582487
114.1924087311413
114.0258700738844
114.2342561570745
114.3655432635892
114.0333910125111
114.3845740818656
114.0644898589613
114.2620525222701
114.5037281066817
114.1765451830938
114.0797277978935
114.3454572951349
114.8177225249918
114.1168704596429
114.1116949039921
114.1362515007087
114.190162641238
114.1317593255034
114.000890026931
114.5073464262447
114.3907975192961
115.3361387543867
114.2867377726729
114.3484755578182
114.0155564308544
114.0514991718306
114.3226253235879
114.0882745757948
114.7950491529827
114.237031777997
114.080362763358
114.3422273149674
114.2529318267259
114.0285628555654
114.1207712555887
114.4078992909052
114.0977023116837
114.5852285112304
114.5745821289074
114.1364734635167
115.7058875251375
115.2419279067076
114.6806677047368
114.3672728321548
114.3268779706401
114.0433035350636
114.1417332236004
114.2097980185719
114.4540895364978
114.5538781843569
114.0979400549011
114.0454613289086
114.0089543189835
114.0094323746677
114.1158831222909
114.1581556415779
114.1656057956794
114.9978060745072
114.1690811896371
114.1299903636461
114.179233360088
114.3968275442638
114.0162040984526
114.0904654323893
114.1316856694666
114.1050247031538
114.2690776541053
114.0562702081534
114.2460174911296
114.0586454450351
114.1871428870959
114.3067154707921
115.42475916707
114.0861186086601
114.1158151169566
114.2430829347656
114.2615722578605
114.0930098038453
114.3652456481331
114.4039454838289
114.0880997123776
114.4086400381638
114.5981104922495
114.4280270948429
114.0450954882101
114.5229910568902
114.086956838263
114.1045695523985
114.5324630310945
114.5221978994611
114.0225407952928
114.4472816402236
114.0691760916117
114.0095936196686
114.2912398092376
114.0326054208685
114.0036431365545
114.7349351685719
114.195121771213
114.060324552705
114.411055883945
114.008480419129
114.181672558868
114.1069821406123
114.0511643967679
114.3737689516738
114.1805636981565
114.0048124116822
114.2569513370481
114.2471269979793
114.3621994640798
114.1921887560643
114.8037451322145
114.4314542238366
114.6146823439746
114.425629727591
114.2362497516093
115.4359577658363
115.4347071203887
114.8589356415749
114.3719611563594
114.0401444799473
114.0225638515746
114.1619724234252
114.1540490573672
114.1430112216101
114.3316746871804
114.0424681417997
114.5824564906262
114.3813941246039
114.6564762131291
114.1323526470165
114.1049749372123
114.749758454009
114.0789383874861
114.0362851528231
114.7233621593534
114.0287865015196
114.0946352045457
114.0293911341491
114.4767175012825
114.0954970537723
114.0002348945952
114.7504635996846
114.2516064037835
115.1068562097377
114.3695178822383
114.2304495979234
114.1079406064192
114.1109798046915
114.1009551481219
114.005930245732
114.1162699789299
114.147995287017
114.1610457562413
114.0226137339685
115.378960897506
114.1818770716991
115.5322637247527
114.1464443579547
114.1383756609211
114.3117373604143
114.2349078371142
114.2400892556464
114.8080086297007
114.009108418725
114.2482916001789
114.0396669999255
114.3413710460089
114.4315810018393
114.0314693067398
115.2017894824861
114.0968399639781
114.0381961434
114.181505654719
114.138492626897
114.3397706210024
115.2943217513426
114.3884697749861
114.1032471632708
114.6663769162312
114.6391102003117
114.0600017990629
114.3369696527001
114.42060953748
114.3603744992037
114.4944223931091
114.1677601795447
114.0983535888267
114.0541238072819
115.2105104139662
114.9783368247871
114.9457974560219
114.1471231357388
114.5647220617438
114.2513312899424
114.1951547706922
114.0514119188924
114.4680990401088
114.1522425707671
114.0183569850252
114.1778926204943
114.9272871876958
115.1277716342253
114.0830824216994
114.1764487756339
114.044537123602
114.224210354564
114.7330488794536
114.2740931243799
114.1872576301709
114.5669195413913
114.1448241644055
114.568996949217
114.21226440278
114.5974859712385
114.4958400102086
114.2493867497291
114.1480786140297
114.0381031367408
114.5337042075248
114.3092195597286
114.2165402602518
114.0965901706988
114.0381456108138
114.0550699019285
114.3140398514765
114.3696098149313
114.1248993698372
114.2485495507783
114.3401561711176
114.7413478565131
114.6428863296504
114.1545855501418
114.5888558443838
114.0474574336357
114.2748111515579
114.9910659838268
114.3529114845931
114.51424584767
114.0428062852814
114.0546201893083
114.2644944681031
114.1244607390498
114.2739764648099
114.0744039108734
114.186560405645
114.4202497905163
114.304011453061
114.016584532751
114.1395685237768
114.3679114701816
114.6269927910625
114.7038598990135
114.2784220413889
114.4748573422455
114.3664363326711
114.2942938073042
114.6638015032079
114.0092405947578
114.111781245197
114.040095349814
114.0073756251538
114.3466378073448
114.1343699825738
114.0521670283534
114.2089142278997
114.0610972070781
114.1163001186633
114.6445727982702
114.1052531316839
114.716289266892
114.0798520754165
114.7778774826468
114.1745810475871
114.1125033534108
114.4180100450475
115.0463257585874
114.007377211275
114.277340913004
115.1678550773742
114.0944194287872
114.0563702364319
114.0825896866834
114.3996499227949
114.1358604110144
114.3536876770646
114.1513204065052
114.0308159920536
114.2204057209726
114.4598494894279
114.0646872550299
114.0837908834058
114.036757441499
114.0360523712089
114.1464099221061
114.0992601441172
114.0909627425594
114.2597474494549
114.361053823993
114.1358859990409
114.1345085849582
114.3566290762842
115.7352370119451
114.0479714690829
114.6519693257899
114.0602254586956
114.339606027652
114.2089222356138
115.0541807562958
114.5828097820649
114.6891165455861
114.0586574725352
114.1104998135582
114.0071998623014
114.4542205976285
114.1712225877974
114.9567831306659
114.8503732055041
114.740571717682
114.0132449012473
114.1797205329705
114.2094378636439
114.653351690272
114.1100114291007
114.2668260824538
114.3975293443989
114.2267886629466
114.1504145506999
114.3211648347025
114.5560182753745
114.4303689737074
114.5002331621017
114.4845526540334
114.9561525255604
114.3539813271213
114.2090439597753
114.0398397421614
114.3484251870954
114.0693161291669
114.472609044235
114.4930858990681
114.1967113793976
114.1168350544959
114.3595323653294
114.3867341569785
114.310702491058
114.0926978683235
114.6826896954919
114.3349314246018
114.1897511339702
114.0465448740286
114.1315792764073
114.5171759141376
114.03484898422
114.1113491092177
114.0775008118659
114.365681552568
114.0049089077036
114.5356703145993
114.1022680333993
114.8535454189287
114.4930792142759
114.1578983210521
114.0290256882935
114.2987896355893
114.2197662062453
114.0703193048908
114.0338917653773
114.1696575192203
114.6857639219989
114.5717158968731
114.0697236228695
114.0008176040836
114.3254143935985
114.3694844552335
114.1156754189239
114.2296180992682
114.0234358480823
114.0862329730979
114.8635335663903
114.4002530240301
114.433078053865
114.2859708249699
114.4039949471547
114.097288420688
114.3839978431236
114.4793818807871
115.6113676709376
114.1876049420749
114.3852032663799
115.4408990076216
114.106226335467
114.1109174876967
114.3306046862798
114.0378217242227
114.1818302550997
114.5762734652437
114.2553198576166
114.0577923995262
114.2117868113714
114.1329514577931
114.5195238885066
114.2540102901181
114.3909750869908
114.0243771468779
114.0469951345515
114.7039108260121
114.4637069269129
114.357199872447
114.9302089456714
114.0464009839686
114.1401394581475
114.1611332420024
114.1458778949843
114.3681894179857
114.3617727531797
114.4431140589233
114.3838475542276
114.2801753699855
115.734823538378
114.1739973863351
114.1911343615337
114.9755410272705
114.3707694924097
114.0207441127189
114.0164035586216
114.0017414719879
114.5669153844969
114.2836087492665
114.6921587646019
114.215722447417
114.1055044485771
114.0047642551423
114.4580749905487
114.1476012957673
114.3186780423884
114.2358227641842
114.7474628706349
114.0117940602561
114.1249952088124
114.7189192074458
114.1148095748512
114.0055236560594
114.0023456732485
114.0423037663178
114.1787352165409
114.1928714717333
114.0463206201388
114.5113233166789
114.5395605716171
114.1528375698897
114.6265822750338
114.0573058566677
114.0121769649434
114.0412561481158
114.4978950397662
114.2615007830959
114.0383627230534
114.6755092361525
114.0909713808449
114.0036773739082
114.0171913538811
114.0551167227338
114.7479374524176
114.079457506576
114.018137220283
114.2738598980903
114.124092205128
114.2554826050233
114.5035229534772
114.1578553148829
114.3101340110389
114.0979420487426
114.7899206301151
114.0806928905789
114.1430590645497
115.2845540397968
114.1979567364492
114.3833553053711
114.1284310262095
114.128149983885
114.0388197829033
114.0361363886553
115.9147205281904
114.3473353617826
114.3823099995696
114.3089947156976
114.1112707461873
114.420394630976
114.3419540302416
114.100962581226
114.058064465922
114.1220493839677
114.7702763289692
114.6065722807849
114.0209014116756
114.1577756546888
114.5440238043268
114.0534450648744
114.0877223528627
114.4155869544115
114.081352395498
114.4733524540805
114.0257933751278
114.1807289803463
114.5705445493683
114.5004165037326
115.0244166197108
114.4105679690576
114.7348510116941
114.2588729370041
114.3185397926886
114.1789741953628
114.058122760216
114.1245060915663
114.2054381530675
114.7745311440432
114.1150058808
114.0030866304624
114.3675977007248
114.2712713225893
114.130157824085
114.342956427152
114.1075023749847
114.1805105644927
114.5600499678066
114.2684126273015
114.2315724042104
114.5027101568273
114.171966779646
114.0030700097085
114.531499082844
114.8159583011611
114.587923457441
114.1328908566552
114.0116189650617
114.4280916418429
114.2660468040065
114.2911289476876
114.1824735970418
114.1827791779749
114.3439086682675
114.142735227085
114.260920977937
114.3307485383515
114.0956079761542
114.1053074390026
114.210957574545
114.178410702107
114.3757076311724
114.1710732067096
114.123131746176
114.1199759118881
114.2092233391837
114.0088038531916
114.0473691558794
114.0356752642267
114.690228128204
114.3582709524077
114.0440312145096
114.6272230095721
114.7656016130871
114.6899322451738
114.1989360751936
114.5976267422525
114.4718061811698
114.0089678322999
114.2186658684929
114.0267702286799
114.0523950148507
114.2527855067856
114.6875130037953
114.1481262928113
114.0912521695624
114.0357779952465
114.3008375289099
114.7162366051998
114.12355643239
114.2766339307512
114.2332671818406
114.1984670118142
114.3361561008929
114.3145202383258
114.3486430011742
114.4106982074974
114.2289992131821
114.1648072607467
114.2018602299039
114.0842248928843
114.0603332974316
114.5357795931411
114.0293717601421
114.4534020804637
114.0412636466269
114.6019896044236
114.364978966862
114.4685248188281
114.0501487989355
115.301043854161
114.7219133823912
114.0087194366258
114.1889483022526
114.3545197720234
114.0143693211351
114.2143255398408
115.0735474513357
114.7655450600945
115.7521627680299
114.0594999158183
114.2627465028668
114.7422932912732
114.3808409081515
114.141946174964
114.3128115354045
114.4614293795883
114.1966498605041
114.0335423148431
114.1028726475681
114.1275789586601
114.5618531125585
114.0289352517155
115.1477959775637
115.5391112566104
114.7693513174063
114.0579739407245
114.5099849571654
114.4777765073064
114.0220409619515
114.065317682926
114.1772391530399
114.2413702357822
114.0490249794827
114.0425473756629
114.1492033444206
114.2479897268953
114.3542821255411
114.3394852802941
115.063254429264
114.4268425761952
114.1018518647253
114.4709852788222
114.0477941424794
114.4182592416675
114.1735195689223
114.8989022697354
114.0199201913114
114.0982574422144
115.0717002193516
114.2573776622712
114.1676592916836
114.2153224390464
114.1331622839906
114.4487153910652
114.2758848587898
114.3078596671598
114.0533520558963
114.573826222634
114.1220692337556
114.0005323233651
114.2975950715075
114.2039156688302
114.5469223732333
114.3925676392555
114.7456327718845
114.1854855497203
114.001636137438
114.6629192135792
114.3183789023843
114.0704713389179
114.8168242558247
114.6054871589842
114.4483748212052
114.2880993291817
114.3508002082652
114.4997771141612
114.1294898088804
114.6093234900929
114.5697933894322
114.0839148937638
114.0786638852265
114.9490508015679
114.0770201640426
114.2024584895489
114.4420509260822
114.0789061069331
114.4397401892542
114.0420003855504
114.2289559953298
114.1434179734527
114.2478347555794
115.1238660181537
114.0112177839141
114.0129113871627
114.3966219410382
114.0210613799969
114.0711305824539
114.1478452368748
114.0418461803287
114.3370789890326
114.2407244828548
114.0989925131208
114.2235875724838
114.3636426360002
114.0167457829482
114.0339870991453
114.1410401516654
114.2913298292272
114.9398713227389
114.3707679842592
114.1794822278053
114.0124173197587
114.2512827946028
114.3055216240472
114.2312140994392
114.3467481393776
114.0406883399497
114.1080451935043
114.4300543509286
114.4943875030191
114.4100340935247
114.5418386466
114.08959067501
114.0366384986913
114.0603358678451
114.0341845633908
114.1237021828966
114.4895001108868
114.2694794945336
114.0089244011328
114.1306266246249
114.405223200916
114.7711707809002
114.1285400346249
115.5154752714747
114.1705366886945
114.0976315248034
114.7220182339781
114.4621871933232
114.2560813510735
114.0071283680438
115.4355572802058
114.1623060851041
114.3499884459193
114.0776312956553
114.1525152737805
114.0102673925492
114.620670169754
114.13647354366
114.0708665638558
114.5795902901374
114.0665294202525
114.0857998706444
114.1601875293593
114.9783995899307
114.1246753049547
114.4869522976011
114.0264283146183
114.457177069947
114.1308643382406
114.249400286997
114.1404643597168
114.0259938109606
114.4185060177022
114.4060189154858
114.2285343070458
114.0922622101261
114.5327366855198
114.0355795713597
114.4521496011269
114.0087096132191
114.3275724305704
114.0400926834377
114.6271877559563
114.0370244607936
114.5425046823013
114.0820490291098
114.5355276565106
114.414063997653
114.1463512942646
114.0740958656678
114.2047093094582
114.2780711623956
114.0497599359041
114.6592076444577
114.4674126234297
114.3273315443139
114.6987595221518
114.2293935732053
114.2468691584717
114.3091765522809
114.0200412222953
114.3144370087024
114.238256738416
114.0207612327726
114.5446270389089
114.6648340791523
114.1476347296569
114.8682815525457
114.1491921941666
114.2022400239401
114.1449340160299
114.8941559938952
114.1579794578578
114.0896125381352
114.0624023658477
114.7356872019808
114.4035731264208
114.0453390595372
114.028954197416
114.929427923975
114.1364422738901
114.0951259690206
114.0219330544667
114.5523038485268
114.8044279562594
114.2613436364633
114.246104763382
114.1963196012709
114.0082590717007
114.0617181956474
114.4021265400483
114.3226756294012
114.0550178119452
114.4529973696945
114.0142009557931
114.0024964515447
114.6441525275029
114.0417430792889
114.0348895467045
114.2386629559037
114.0553311392303
114.198680373777
114.072195777579
114.4967821066383
114.0045498169764
114.0497738926019
114.1328069863731
114.3640307935777
114.0915573945794
114.0300306492711
114.0371858724892
114.0215966443446
116.1327410094208
114.1166461057164
114.8376721986953
114.0371573001071
114.5399776566227
114.9273047725317
114.0171349143302
114.176761860022
114.2217538622492
114.5129434463531
115.3375519446327
114.1690652991326
114.3547609225167
114.3557173189117
114.009030890107
115.0914766300981
114.3084604370311
114.1938185967924
114.3777068640426
114.7415727520295
114.8505515485222
114.1746284741382
114.7223075282747
114.4632108903364
114.5029174640646
114.3199102562651
114.0076792740386
114.0355104536257
114.0552583292385
114.1795249754764
114.0810490150067
114.1074049154164
114.9675639437997
114.5731908211982
114.1709366304831
114.3896075842244
114.0483263163281
114.3194313117301
114.1053774143954
114.4885271067485
114.2023210065628
115.1380906722498
114.1419576463375
114.5731988065308
114.184547823332
114.4980123423083
114.3231664044473
114.5825820515028
114.703703780685
114.4152977830269
114.4324114475476
114.012350781643
114.2072190128569
114.6243141320399
115.6608321412771
114.0418217441949
114.1171509881626
114.137416837039
114.1171227249471
114.1924297655941
114.0758765236624
114.4003626885452
114.4508171730366
114.3208244626262
115.0014415727005
114.9235155103355
114.4712324162555
114.3342473447218
114.4440190639971
114.3386319604497
114.431195311786
114.0382934582666
114.0763713266545
114.2927626969753
114.3079841970064
114.0852393771776
114.0587029017725
114.9696361795213
114.1455810926474
114.2342179674419
114.1666185175322
114.0454948000901
114.2997863241763
114.1316403951839
114.0319023537097
114.51414999074
114.0754535644981
114.0852855342752
114.1981983236236
114.2170584007729
114.0699651736722
114.3470628108548
114.0599967026808
114.0399710225679
114.278392653278
115.0486423193966
114.3248591117167
114.431469774718
114.0387231879639
114.1754642946276
114.1469136247484
114.0861720200938
114.0496437929372
114.176603582966
114.4335948888567
114.2473324793566
114.3094010768366
114.0484250523364
114.7782930626966
114.3361934838402
114.3752786209403
114.0992964542775
114.3242472774576
114.6594973438199
114.126431719489
114.1674162867949
114.618854773091
114.1775445325221
114.4957445623701
114.8720595307036
114.6318805949799
114.1679754912266
115.612854587585
114.3936555045481
114.0446507307345
114.5395519519599
114.2479341070688
114.1371895674154
114.2065930492342
114.0009206694355
114.1959676040464
114.1286716497606
114.8761479438529
114.0401066166186
114.4281770729269
114.4339845141403
114.3011169637645
114.1011427344131
114.0031394197403
114.566496534766
115.1706814891492
115.0079966014128
114.0307133822582
114.0362378706687
114.1490291177112
114.0107276084105
114.2433574677905
114.5846751548547
114.1303876663145
114.108277057683
114.2670833334436
114.5032100660018
114.1229226066809
114.2222803297532
114.3647880523123
114.5281974562464
114.0729237052615
114.0448935601559
114.2775504236374
114.0380063612312
114.3677059774478
114.0460775585232
114.4027433816267
114.2069031295587
114.1172688514582
114.0619087175075
114.2437891037888
114.8328765028588
114.2540795050634
114.3761131283396
114.0174390683111
115.8450196938471
114.0488856475497
114.4763820723562
114.0467013671394
114.1448338729196
114.0745394542959
114.3787605486477
114.03959867509
114.2334631766171
114.0278626579785
114.006063019918
114.3564852774797
114.0549443830376
114.2259862946322
115.9404824002444
114.5996032411712
114.1390225679263
114.2623334146933
114.3955753527078
114.1173220535375
114.0774956221205
114.1174853528475
114.0012528975165
114.2264194769748
114.4061986615778
114.0991756051875
114.0651133831043
114.5253443339369
114.2536927536188
114.6010431390398
114.4494704585499
114.15924428259
114.3573423138344
114.0802715363501
114.8069521277746
114.0524295993409
114.5819741506718
114.0753782164586
114.0503693016911
114.0748927091871
114.0925681684316
114.5724022035143
114.2384556459551
114.0004260096092
114.7839278697304
114.4147200190083
114.042426920566
114.391215185424
114.9246771814941
114.1698097319279
114.2538468251299
114.595322792293
114.234558786335
114.4774066738669
115.173350807081
114.0407666893888
114.6008101543239
114.0348959640321
114.1302852294051
114.3789416401597
114.2917022182616
114.2209335682562
115.38715755106
114.2365698243588
114.0163742574415
114.2643652787344
114.2155799254883
114.3484077067598
114.3860786166495
114.1923515853864
114.3207133890314
114.3115981757631
114.2240445616991
114.0857685897994
114.1398400859154
114.1926107238339
114.5011156674295
114.2281454286042
114.4385253683268
114.048268715836
114.066214405144
114.1858008906006
114.2110757914731
114.3441850471434
114.2703150465106
114.0448229536151
114.3558337119047
114.1851507906449
114.0786479019964
114.1703401202931
114.9413346826116
114.0366887160912
114.2999991457613
114.2045430139166
114.5362779484489
114.4587372439908
114.3257627035694
114.2984796876877
114.1255105581752
114.9666157447288
114.0487513546191
114.5164175540239
114.2770037373836
114.2646905735212
114.1908405044138
114.2252714476496
114.0089126693843
114.1075901143928
114.2615933947053
114.4433500165015
114.0894487973313
114.7492812295033
114.0414408322155
114.146439248216
114.7168070957591
114.0736458515607
114.21812506618
114.6518097805064
114.3461052661458
114.8848988085057
114.3929811622431
114.8111125222379
114.4571328573071
114.6771745187939
114.1178665562416
114.206923799996
114.1563410171938
114.8671121290305
114.4278803869738
114.1652650643085
114.7205769427786
114.1182806361124
114.2996915915967
114.3710881628161
114.792664262642
114.1004981285006
114.1794939108466
114.110604732119
114.0133213630815
114.0912916855457
114.0599972479706
114.3064352915783
114.1075914518952
114.1233742616185
114.2579562184561
114.0491065980775
114.0000007143533
114.177804700817
115.1439743558027
114.0108378146101
114.1404219188925
114.1444634380506
114.3592381243896
114.187589320327
114.1975230628321
114.5316776179953
114.2576031944164
114.0280935407877
114.3232262766839
114.7256414027827
114.5478757272134
114.0124748269074
114.0840507613359
114.3761701650772
114.1077132985116
114.0155225573441
114.3626193311153
114.0284499635582
114.1018561498763
114.3028157998283
114.1641009852349
114.7116604353848
114.3710131679981
114.2042027772359
114.1006985262634
114.4411138562292
114.0297393218101
114.0067722467767
114.4642476376795
114.1473821449866
114.1257543514474
114.3755695422144
114.3379962514147
114.1897530503207
114.989614282756
114.9502154998366
114.0184723876301
114.1297922819352
114.3244207228729
114.3181816811315
114.1579661660479
114.0241708266919
114.0252595505789
115.2398887904555
114.4368234073319
114.0613642711799
114.0294435416719
114.1302576650764
114.1494075800328
114.2077599548827
114.0667049727918
116.014210948764
114.1604248392571
114.7198621987174
114.1092318563153
114.0950868065088
114.5124713346346
114.2574169878795
114.7486829198311
114.181580918817
114.0896330929891
114.0594481722538
114.8620282932698
114.2034226991076
114.0451458687937
115.901978745344
114.1576162860727
114.5014120382278
114.2547301627196
114.9042723887144
114.6365619651263
114.0177516772751
114.7709242584317
114.1072542275925
114.7139109547518
114.6622114400768
114.3181904812102
114.0553583707025
114.3714311363107
114.6288380653556
114.4570518132447
114.162837831694
114.7518197673308
114.338534816159
114.0664801392407
114.0814801212717
114.3056716155586
114.0484135490589
114.5437275442924
114.0176173233719
114.0435475150657
114.05229480296
114.2797043920777
114.4967167996861
114.1645826541602
114.0497481527894
115.4319170512986
114.0360728969158
114.156232248907
114.0115688402246
114.3507318736493
114.0386112531834
114.2813169823985
114.2317804165948
114.2410625366968
114.027253794005
114.0063552630415
114.0454626778959
114.3639527912866
114.5322027875098
114.1302938675269
114.1088024987677
114.1246221984718
114.365544045762
114.0004061040834
114.5717817283728
114.0826747847369
114.0890475030156
114.0497526826271
114.1598290111772
114.3552127750004
114.0147699325207
115.0674816478024
114.1415982422771
114.0052938659291
115.163016376655
114.048353697016
114.2079575425871
114.7934281098274
114.048606861927
114.0103445751851
114.3606337353253
114.2865477759794
114.5429827638872
115.0654575210686
114.4136352492079
114.7215906684868
114.1704660597299
114.088746639008
115.0274356149414
114.2264496018934
114.0324308522448
114.0162432491313
114.3811227827132
114.4496303202458
114.4646767491347
114.0438988207318
114.8042733534932
114.1283019830958
114.0407146508539
114.5722456804473
114.0944760616154
115.8125003164606
114.5406206409867
114.9225130029275
114.0008083984317
114.202460979746
114.1436591347142
114.0817955234962
114.1453852473439
114.0203182790106
114.177780412624
114.2298242549736
114.3065351939933
114.0206603506453
114.2163532266048
114.3822072285569
114.8781773688584
115.7185054180269
114.3233758968055
114.3378501055044
114.2136874889557
114.04890820478
114.2036115938074
114.8159913054382
114.0928934200841
114.3769858984309
114.1310640023547
114.2629257594251
114.0540689004696
114.2685255441275
114.2494872477243
114.0388683702232
114.3707075790869
114.120953358881
114.0888059025622
114.3560598394878
114.1580282420501
114.3996262353038
116.1065401460164
114.2705357216384
114.0180169290179
115.4129421291366
114.212604770488
114.549965396268
114.2469414550314
114.055898131155
114.4140595862612
114.1616638551154
114.0060560842184
114.6821665831972
114.1707519280377
