73.28330241993943
73.23130097150333
73.85020838166322
73.34351678887047
73.06845810738038
73.06380458777596
73.17591902751843
73.1352017803012
73.59379072871113
73.30325755202803
73.49449689730945
73.03638579119405
73.4046861368284
73.03852849464508
73.34605315088568
73.54101907432677
73.54990965191679
73.14833695691597
73.19015633463071
74.0752895443233
74.42588555649391
73.01404500002627
73.15703465350188
74.03833843576031
73.75478796245407
73.33134231274678
75.2758164567114
75.73210162191522
73.09369262951571
73.42023649359933
73.0434372818799
73.01561731447723
73.53157217857594
73.19938659717585
73.17406381579629
73.29361233440416
73.30250311436664
73.0726468340559
73.9509953337649
73.29314691241417
73.273567590429
73.22250807082021
73.58895335698872
73.18967769054049
73.30085858949427
75.02640523581778
73.77078037286095
73.26417868893581
73.01177422881916
73.42939846647126
73.1595970757081
73.74020384577258
73.29418425658523
73.76525737768397
75.71215088239724
73.24643425409708
73.58081933149754
73.45657669552038
73.55943506912787
73.14386106236587
73.17556909249791
73.76570441204787
73.66886524130298
73.10519923538395
73.63698825338561
73.09297436307581
73.10139236989856
73.90341012273575
73.27904110555235
73.25907359085322
73.06416792609343
73.28911935934528
73.12554497511934
73.54690963491699
73.19382659686346
73.11289492408717
73.02070772178685
73.74461572298168
73.09877246446717
73.15906322678458
73.00518902972331
73.14826272409796
73.0761711220412
73.1096042664831
73.0958377257417
75.40510118782198
73.31154786476168
73.20379941974687
73.58220414894798
73.05445115695095
73.07110036832968
74.10318186518136
73.2917507056393
73.21113778452398
73.18733485114844
73.04958842149851
73.15561798965719
73.03968367597801
73.43201041842497
73.44186604796678
73.77034631173866
73.74324611721875
73.40860930477288
73.32464646235802
73.66300616002727
73.1746291654144
74.25838889695662
73.23404039114835
73.35371231894008
73.04527988977907
73.13550198322672
73.2457884010057
73.1193522083921
73.03107440823757
73.09375532358936
73.11748832384353
73.88949655404953
73.05569192672253
75.16579579021638
73.2307883527122
73.10749570803343
73.12447746980315
73.37648716588704
73.26724942548752
73.22524976279261
73.09224576315023
75.08433609401926
73.35459437665493
73.08057985820783
73.59572671568185
73.33395270371634
73.69700412516093
73.22127382777258
73.09592652128929
73.04635975317815
73.5287281676234
73.02749919245747
73.30477776146924
73.28448951008532
73.48237205259588
73.00795728656634
73.20426494969969
75.08816416288694
73.25119140298564
73.58724772838156
73.22964158028873
73.84680075357865
75.14865270839313
73.38398474582381
73.16643660243899
73.754915632059
73.72531964091995
73.0230206743418
73.23889294744225
73.03094872150717
73.27480719699236
73.30226459682365
73.32574726452867
73.75434620541037
73.48066490506481
73.13052304582946
73.0079704917397
75.38498696902727
73.61107804625338
73.1035069333942
73.5949688975383
73.5364703938617
73.16864018460618
73.30109530591596
73.06040162465825
75.11685219636718
73.91810980289632
74.04768777036772
73.04367530109879
74.06758114029988
73.08413051437739
73.7810928107112
73.46370206500218
73.50405286278033
73.12493562757646
73.17875243088194
73.08108056912525
73.11727044181971
73.31661331232135
73.1372539930895
74.21448778799856
73.43884075796417
73.06203387599886
73.11110702497348
73.90324728266162
73.47648867647077
73.12683659158994
73.35474023639443
73.19726792250243
73.10598856277268
73.36772405630914
73.09142673794217
73.19195341146364
73.48369779370196
73.11049954795757
73.25283671576344
73.59305556050988
73.80256397764066
73.57506276864466
73.55355681482588
73.20101063061715
73.06729232334902
73.21532058395223
73.12978692772687
73.80844404850063
73.03748300395011
73.19200240252496
73.20513430052013
73.22309019975069
73.15489614407358
73.0310389204058
74.07524813446724
73.66668709720412
73.11152049684299
73.6504624211412
73.24903232702317
73.11808329475043
73.26624058509786
73.02004897322846
73.11754674505326
73.01497980949455
73.18051214835477
75.02831922498949
73.53688217338923
73.13682303784324
74.28301895327087
73.28407727888397
73.57402586659813
73.53839625674024
73.04537650494929
73.40084610063458
73.2422537141063
73.11518532179099
73.20387722105845
73.39350247308873
73.30411882260152
73.75282193639808
73.02271965454275
73.36674908215264
76.09742887618022
75.05065721325316
73.26378953921159
73.06482340293849
73.23966263631691
73.98034648102784
73.3403871221985
75.03263136628513
74.64400362194135
73.19267736382137
73.1199547096343
73.25344562887413
73.07741335017643
73.56136031978049
73.10956650063986
73.47108614873123
73.05069792800906
73.09536648202699
73.05319824435671
75.40922978858833
73.16844162538932
73.44005497967534
73.85523448979814
73.50084345873219
73.4375934670795
73.02409368283467
73.51693400817061
73.43486637890186
73.06414210345075
73.11016925210711
73.11525008157074
74.28909339692399
73.00773978887314
73.26054038966446
73.39259004096688
73.47149267341969
73.07505908036774
73.66589657179472
73.36553150929538
73.46250823495595
73.21278065555671
73.05201784245519
73.44276728246317
73.30560806074709
73.03164990703203
73.18126527166675
73.39176892718608
73.8469670147301
74.17875158249568
73.3934456664251
73.63703286282957
73.74267469173343
73.15412278523391
73.17722990322562
73.37404146236233
75.23167881007268
73.17985457206898
73.00453827240904
73.4137942546341
73.22097490335558
73.00719938811137
73.04000054006148
73.46848529221492
73.06337152904351
73.26483706968713
73.81657532274477
73.25822933402816
73.18365195189575
73.47855245653443
73.22202711272297
73.18500929079651
73.83071360524491
73.20588263045715
73.21993467634074
75.67678104360448
73.17764975358958
73.09735009821406
73.25433663303221
73.77133592203093
73.48957338828224
74.96101112899058
73.79267888991083
73.86860209358868
73.27605955489506
73.09488581163158
75.43552302659779
73.59442330042324
73.01335453261494
73.10511645934406
73.06135209974019
73.0578276991183
73.63403101843654
73.10128301731481
73.37271354166596
73.1515175518104
73.29556341392325
73.80945375084848
73.85169455563364
73.2828658974372
73.10521596523478
73.0846390103769
73.42676636020698
73.4311260211285
74.24578087663647
73.18309492595945
73.41079295211455
73.13877888166914
73.06785756591621
73.61246542390373
73.13624185147616
73.12348080520606
75.0416838680894
73.05122672946287
73.39626454958592
74.54649131318787
73.02737837593422
73.34656558963685
74.48972692980946
73.81357482502798
73.28871525606
73.3982519705405
73.15207824457532
73.906748521502
73.19288800296688
73.28311065235769
73.05101933482192
73.04297700278268
73.07503229411897
73.94747095833502
73.11720745171787
73.27126313906606
73.4303086609222
75.09574521842414
73.19129618245412
73.05348952111446
73.3268990917349
73.07742074771619
73.40168572270284
73.21785972178992
73.03127641065076
75.43879453819301
73.40310683305212
73.0240216058693
75.33001141335981
73.40096246252091
73.01192691605488
74.26052983399104
73.08798147538909
73.15767746711452
73.02144198622669
73.10672656148036
73.26999666337352
73.2762521524035
73.36505634395542
73.18456251933357
73.28634562550495
73.16043383263806
73.35593316590341
73.10520868862636
73.29818497870711
73.03070134108937
74.55850334199991
73.36649293862428
73.06277479531215
73.72919996086395
73.56462787084055
73.5967577613577
73.3113434854618
73.72964175018076
73.58815558167942
73.13556108282327
73.37906140366876
73.30637113248497
73.88395916500565
73.60362051161037
73.10994016799395
74.44758199440324
73.8191067774636
75.0647872471757
73.29639939217141
73.52553828435947
73.50164681715218
74.00811941537236
73.38008464750509
73.25125464383622
73.42401160327289
75.07004841263205
73.30374648567997
73.68965067451627
73.2216998023927
73.52852629734933
73.28238933606701
73.30188562328213
73.11969191380823
73.17588329529855
73.61854509358194
73.18767285390463
74.07890505094826
73.27334207089166
73.0591485867249
73.055361029065
73.33029105506488
73.94096070698586
73.32024624465625
73.27692166664278
73.72143630331814
73.02909978889225
73.00435851191507
73.09554156305857
73.00702423109777
74.18655371206071
75.20294336649876
73.42947860896356
73.11187272940307
73.20158633962899
73.50553281345381
73.06690486893645
73.01861141187639
73.12292112729862
73.04798942836221
73.08651247854225
73.34331824919288
75.05882358219544
73.18475720186382
73.70114385304598
73.39297989838501
73.0462036503624
73.07855349047888
73.08309831317904
73.19698876016292
73.27959835464824
73.87046200340656
73.35480440764086
73.52246025714466
73.29110473254447
73.69850674347964
73.06452117237505
73.13851825600922
73.01456486239536
73.03591578851446
73.06496986513912
75.10825521832332
73.32834966855857
73.84725822105565
73.09593797707396
73.70425090361337
75.64613103098822
73.42869536711021
73.19715510066605
73.6314323054006
74.37443622881703
73.13264880359155
73.49638359121091
73.27904614649486
73.13762450726794
73.03880045608655
73.12971425045073
75.44306938789582
73.08285087305714
75.1346062734701
73.16116229114648
75.04055398815849
73.45234663069782
73.3527095594468
73.02407435650954
73.09867785966705
73.36696054650797
73.23953996532374
73.09140352514875
73.24928033587123
73.21989273772698
73.18018769442831
73.14649038141621
74.0095025676215
73.01949473929072
73.13450812998482
73.48857023650419
73.6376654539447
73.27089024742652
73.15411192643036
75.02747520058288
73.18559998234284
73.42533987447162
73.20201804245072
73.01481626783081
73.34300854723371
73.1463284017316
74.06614183117641
73.08501328420095
73.15178094639028
73.08612189456801
73.13185176708225
73.27995687279196
73.17622488151076
73.03859758819706
73.25268927248048
73.0858148286371
73.00980372479935
73.0200216972522
73.2379603412846
73.3068091152607
73.32659271283885
73.09579170126665
73.15280437361118
73.13940108088256
74.25630041014378
73.3629569348102
73.2622913548788
73.20169272280589
73.16805559034233
73.49636951846239
73.60042551231042
73.13239248762821
73.30599715314999
73.63365235562391
73.15669420065852
73.14940340953567
74.51620904802468
73.52822167277718
74.02125883440424
73.21738782322298
73.05028769816866
73.56570980848278
73.12816576394044
75.55235943991737
73.22286564386155
73.80008117107218
73.06982489413002
73.1301683253929
73.38613284837461
73.23763082869318
73.71972944018609
73.26418643602508
73.50313299208831
73.02618679523961
73.57821343723965
74.32662190017598
73.59785453685059
73.30395363523745
73.00138968329334
73.33435768870258
73.0789332108794
73.7819240349381
73.18169985721937
73.19207518630175
75.491494797966
75.02286405954393
73.31316624476004
73.10059843035263
73.53224642758796
73.20425800108525
73.85044917776375
73.60571837062433
73.0920500415191
73.01307905459828
73.07057132950315
73.1418587925622
73.7749159478952
73.11259018834646
73.37744038432237
73.48514416042796
73.00076322146103
73.12753006095626
73.80464345288983
73.22293988065609
73.15931341418018
73.57382972464275
73.12279904837196
74.09843975166095
75.61230552763494
73.14342478609146
73.33983892120055
73.2778618183015
73.5436981891906
73.24267713134441
73.75124909217382
73.10137899954836
75.67810992040663
73.01496087567945
73.5914168290866
73.082015321006
73.49521188374612
73.68479366729605
73.19927138615023
73.3060433776341
73.06059697122578
73.47800332868468
73.23948396338324
73.08055730347
73.90597032496245
73.3596638692633
73.31092323142796
73.68564878154297
73.51618495394135
75.5984376635802
73.2860161614144
73.02575418170005
73.3510439295893
73.34371953266924
73.4041814522688
73.0834362712581
73.6250024621991
73.31160492225608
73.24665500068106
73.32419098561846
73.1224107663537
73.6591575373092
73.34261475373323
73.34746299186209
73.09402440758774
73.12480739245703
73.20705662344852
73.09222707300165
73.2242997410216
73.23970349826176
73.03931941774769
73.15734416282659
73.23397060462241
75.10251887207548
73.2653252350293
74.11997945467718
73.09903203592965
73.1579485736467
73.12522197702972
73.47145085113718
73.13065161772653
73.51770811661244
73.08085860018477
73.05938826815175
73.02976054936022
73.19839282679062
73.1451983868438
75.26825088548462
74.74008978772017
73.53005341963046
73.07628203501513
73.25122021568176
73.50715547983597
73.77833082328067
73.01393827372904
73.38949080031887
75.12016549616115
73.08915578099662
73.25705112579612
73.06193458944392
73.26904914566828
73.13452822450647
73.85625340406708
73.57028594491065
73.49424686495007
74.23238383194398
73.00793104819682
73.08265604012836
73.28783014656798
73.01252245389126
73.26363752070957
73.2673716781594
73.04202137234016
73.10563720101639
73.44914055292499
73.69872391565436
73.1012254456885
75.00453865903349
73.19883291566309
73.01817172629434
73.12882754068431
73.18503181270678
73.20056708751434
73.73315271002257
73.07299294913146
73.07256073900408
73.04510568628706
73.1797985681649
73.06942359952109
73.58605725366176
73.23091168885254
73.17261545366904
73.31767249050043
73.1492075176605
73.38183924465848
73.04601764388333
73.00898815381598
73.09559504597091
73.34668834141442
73.02852874402616
73.00702043264579
73.3189308595372
73.55188811492492
73.10776403581262
73.3030283522107
74.73264735842008
73.71918162692977
73.29657615308622
73.34490047255078
74.20988051294177
73.51301186984021
73.95687881373736
73.26965590305913
73.05277059269814
73.97468574998206
75.14673820499027
73.12637442189894
73.13402342568268
73.50573701277114
73.05004959552103
73.37202255318697
73.07753601816312
73.16599716592567
73.38759056882978
73.27081544808979
73.24260385568789
73.20356274333571
73.06924359875026
73.3597413598505
73.13806261196846
75.56780738720711
73.7396596285523
73.01482973237319
73.26374801409011
73.44480676750474
73.72220248237025
73.06440998907766
73.56315312539019
74.07454493182583
73.23534984637723
73.42951285392388
73.22932728507855
73.45889430451622
73.57125231159607
73.02753930236007
73.56966786331347
73.12458240090027
73.3049498014554
73.3552923399532
73.35519800264812
74.60449150829515
74.21076612283551
73.59099420164789
73.22141859698979
73.58414942134941
73.40157898276237
73.3561833656152
73.12691611341958
73.28138920310668
73.21811787726527
73.01512885896297
73.07757600505732
73.05244559070256
73.71187563958793
73.18045192267624
73.13623488968021
75.052743778848
73.80591188703669
73.01183281056716
73.55894912400701
73.45877847784124
76.3167504070321
75.37939806326825
73.36571840493065
73.54159058538103
73.01911090986941
73.01875488021666
73.01813947433929
74.93278330700906
73.57401555714068
73.18434822855069
73.3333632978156
73.86786618155517
73.42954062010554
73.35793136335711
73.42948163865888
75.44930994041422
73.15957505429178
73.71961851449676
73.10229359073905
75.6532492594457
74.93372636056105
73.94448486935194
73.15227285426384
73.03302022722377
73.82219641463861
73.62874859075512
73.134870116493
73.36547292341218
73.10161558248961
73.6423635753579
73.27431027159074
73.79645316335717
73.79709753321855
73.62999506854113
73.33921870787535
73.11639198713434
73.50466469504762
75.22489729249057
73.09171218435283
73.08256427137084
73.52090162281917
73.00306380707966
73.19444022157134
73.25025216512793
73.20484173086498
73.37161196152209
73.71606667003317
73.00023835035793
73.31999851164218
73.08086950934961
73.35834506990108
73.78379020566456
76.35672083173377
73.67950473245027
73.64541883196681
73.61013763041919
73.44349498596407
73.05232120944781
73.6819387138449
73.00298226510475
73.68834960234511
73.57608616563647
73.47041707425024
73.15704423046614
73.11669783888706
73.39110465401107
73.73397614283789
73.8340487121696
73.02975902013846
73.2810519051222
73.05990280162982
73.05208285268814
75.49844940158916
74.24324429134637
73.11259092981913
73.10869244638437
73.33183350719479
73.27204616625934
73.29177685016249
73.1917123372804
73.38022745572566
73.52342720419473
73.51839457747741
73.24668202288501
73.08583413301768
73.18201208317093
73.017825380635
73.21568161542015
73.16115627489042
73.28096485736484
73.78890939273627
74.09249213923336
73.46717940151343
73.31747207630947
74.58620721520352
73.26217594386513
73.41675856131843
73.34919435079075
73.05847845738255
73.01116734761294
73.24634211480314
73.1763396666595
73.07815425199216
73.88282025405871
73.09018346710309
73.0952289561908
73.51876289420848
73.29336431861441
73.06964973035568
73.08473625342053
73.42450510109202
73.37290833483782
73.47244906669462
73.29039647391195
73.15395272613462
73.27358213963976
73.11126339253894
73.26064872607118
73.12578539729414
73.47352351753908
73.22831099826996
73.31577183216874
73.07551692956417
73.20452208556875
73.04542033157986
73.41672294208406
73.09124443209267
74.14419450406258
73.34438972348788
73.56497693695502
73.14121803593545
73.14005110830234
73.18784617738393
73.29047398810303
73.00416159400352
73.02404372161706
73.36799003651427
73.13770341281761
73.2677758523442
73.07205530207261
73.07944914073992
73.38923588107687
73.34237725853373
73.08375868306885
73.5213431304385
73.55588446034041
73.1415707102888
73.37561339245971
73.1971686103811
73.50997453489653
73.12196073775509
73.39807028509398
73.35014534852994
73.04590832714216
73.19621438778418
73.711607939935
73.07396638394938
73.47993891028611
73.40541628261303
73.61840733399465
75.38992628243075
73.06138234292197
73.69811374904468
73.82882554060696
73.56368436105225
75.0640375156117
73.24487826632077
73.10825291187801
73.57130997186793
73.45993279756806
73.1719766481955
73.37194438635699
73.13620596033473
73.11773832401695
73.16118840758153
73.00642368113792
73.11735100809538
73.07557907193603
73.18947894605641
73.41614268933941
74.13573042496328
73.24828412734522
73.91423278491492
73.1088072433324
73.38952426114784
73.46463847171329
73.03896488122564
75.48269054038484
73.29560084692196
73.11115261093398
73.74647588636724
73.26218104959182
73.8101646048537
73.11119184013778
73.27910059442887
73.22293186986211
73.34940727051239
73.2555378652464
73.006729269421
73.3108897448919
73.04400627251853
73.85166694450588
73.24568883792396
73.74703314528185
75.02618856301
73.39799071991213
75.00623762488026
73.15220452697376
74.01651629930458
73.2716881660233
73.3799755523444
73.20348032063
73.18029683787998
73.25118636824891
73.26612494082282
75.26912057612593
73.00747403665633
73.13707834084576
73.0866735391961
73.12149511088543
73.19564505233349
73.71587700881396
73.741167657666
73.77303482307255
73.12150929720032
73.68186050755045
73.33473302234822
73.09745017707658
74.03216360083799
73.06612943179921
73.84998138835158
73.45573241430422
73.34050474956224
73.04286544886511
73.08623848853493
73.07292046967952
73.66101481277889
73.12360046338385
73.19848961186807
73.70366661848387
73.07536131105417
73.41623916320557
73.45496517652484
73.1188332491909
73.19099457931456
73.00469049768708
73.14084962618905
73.12159509940687
73.57091983768089
73.22862764378694
74.4829664713482
73.31275157676302
73.40413284529849
73.20066905860739
73.9138417907504
73.76912783952177
73.2891816627268
73.53819105464629
73.38589075883735
73.25809299036659
73.04884797933094
73.54493551465364
73.10118874703632
73.25206241961897
73.74679353647592
73.18664050942228
73.45219649082088
73.26413061832825
73.22693552925789
74.09746671021298
75.31748637716123
73.39280684874953
73.00126345225868
73.50223188771851
73.14217610261363
75.22143356923694
73.24776205851137
73.70127091363118
73.00222041071571
73.11162879956873
73.05458200972367
73.20112893969335
73.01909941453141
75.20920782081811
73.20273746807476
73.27275523429952
73.52034111357108
73.41679345379912
73.28652682242996
73.12328514838848
73.12297045627976
75.06358656326555
73.46938460371688
73.0005802262803
73.08372150503186
73.13988148976046
73.13807758559629
74.06730866684032
73.60356999141014
73.96325876288611
73.08099000044439
73.38744454930848
73.26177257121041
73.19956279225721
73.48996747527363
76.07492567268154
73.70553287739641
73.71525879464129
73.21295452109358
73.04502282320621
73.7918418732155
73.30203171132166
73.21828783196852
73.34845221475591
73.42401433085111
73.06456011058529
73.28643268778667
73.04947222741036
73.14196539905015
73.02477570546256
73.42497100772091
73.12301759139487
73.1098706755732
73.1893106680518
73.13837730735885
73.52935629794182
73.01702526983493
73.61129438712737
73.55382409618291
73.93906642508519
73.65428252703026
73.00084353382562
73.33737595374707
73.0771269547247
73.16848212142796
73.50965885301129
73.32318729813038
73.1785695321637
73.50091617134555
73.27685666084952
73.18476394026325
73.70553346105171
73.82401619480613
73.45192138858233
73.11120163374929
73.58077227925166
73.187993165323
74.06004137554633
73.35727299301438
73.84646577274074
73.45567976864123
73.41217419307881
73.0266354327748
73.0665114083783
73.6268721403405
73.22237155840818
73.18744845884237
73.26934122174464
73.39258622747468
73.62198022971573
73.44534281067976
73.00643095893886
73.0094677865699
73.31831609002613
73.45036608913624
73.03945377238718
73.11141992538046
73.14804839293627
73.29520857795829
73.35059030122035
73.08676372733905
73.33657193359727
73.04703301261955
73.09905276265283
73.96749388421429
73.25882328378711
73.04058824671607
73.0894081254617
73.28761770647856
73.09992196017089
73.4477781908536
75.08568553717743
73.00488713338996
73.32620697312825
73.09986942329378
73.26337994404813
73.45071481490503
73.11380579352696
73.04814962592455
73.06756088801023
73.15127890699871
73.1830104307883
73.23215285355957
73.04973517816136
73.08943633115759
73.40825994956234
73.08995328458451
75.03658572558099
73.1222253131535
75.14339372976924
73.01465685578479
75.76839448184212
73.07238498116276
73.24736466268786
73.27683708280534
73.51297613368646
73.56712859391111
73.08134096141019
73.26161922782897
73.34782424356699
73.19524985975644
74.03371539727826
73.05119810170771
73.04812079142603
73.16274322576004
73.46874680729425
73.86156267558707
73.03060663327855
73.31705736981641
75.37732908429784
73.17683288381838
73.31690974824765
73.28350247377548
73.49076621035687
73.13241339232587
73.09384252505832
73.66507069060545
73.89286639036982
73.59685669388288
73.00557611691166
73.04288565821568
73.0589465039171
73.20141746547115
73.25432446573355
73.12797665031799
73.23126381831494
73.2670572613755
73.18181952130193
73.15199328121415
73.25804382722556
73.14422768250182
73.73316322740818
76.20226718863232
73.08905629707886
73.11860055803409
73.23886175491849
73.59191531889066
73.0354028956836
73.15253023499226
73.14467748447915
73.35143404000604
73.8467590201458
73.85217234508983
73.67929639692014
73.08967236058531
73.15294782108637
73.60432909587173
75.00952340275325
73.62043613649935
76.28773445285738
73.31514239061154
73.25953270072726
73.42445085312379
73.64144817812391
73.01974225358578
75.00549131846857
73.40544348347952
73.63207148724375
73.07578117215402
73.29391189477336
73.07552730065846
73.00990407151062
73.10338951379595
73.38544367694904
73.0521149571023
73.29131206047363
73.39305814345397
73.36666791934951
75.82126564261493
73.01960866045341
73.2639175650826
73.71121989573967
73.18987067372879
73.20049618454296
73.17786212005285
73.40926435991561
73.91059296791973
73.30681587283324
73.95287816232299
73.25570793473098
73.20695887548649
73.1240272906793
73.03864961047194
73.18583980504955
73.39360477112413
73.43855557097588
73.19766159891887
73.45506674969126
75.47511091087718
75.01996698121538
73.63264409328715
73.73553561415514
73.0464286148187
73.69555311719623
73.07209099578036
73.21685437433764
73.83479047328817
73.13432233657001
73.02501873933804
73.26946357153251
73.42669273806534
73.27639615156511
73.39876808605386
73.749570813164
73.66985783228031
73.81811248930468
73.04245059591487
73.22242018002895
75.57275229636501
73.2855265269684
73.11374032612069
74.08491248082058
73.08847500436336
73.05289610127136
73.24609987284265
73.1076445554975
73.14845749515759
73.12970333625965
73.02436237032401
75.4836768400609
73.57124923103618
73.07112452152049
73.08202010968424
73.01258846293105
73.28508322353935
73.08787794941617
73.24186135615275
73.47493188189199
73.34571876061275
73.06077223677927
73.54121782228039
73.09860519665251
73.51350517062261
73.29118165904485
73.23356749252515
73.05974713182799
73.41139284406482
73.70842519596236
73.36427084121993
73.05178131567176
73.33895240135891
73.19785957819302
73.00742525426439
73.10642091725971
73.72428475349349
73.02395851297815
73.47974204334956
73.95919649596088
73.5578191832097
74.05758070333465
73.44067895805927
73.23258535774539
75.75138252309961
73.58614563319588
73.58457634321701
73.18125498918782
73.7962972648654
73.06726211788173
73.74331412404828
73.56807232286398
73.76970778426
73.06842094137106
73.1934318102219
73.21747447190758
73.13405599306351
73.33802311990446
73.4203272233605
73.50473753636307
73.19462959543537
73.03678725864263
73.56654040825458
73.11209443779617
73.29020758195531
73.39116305861965
73.42638775331895
73.25758161801988
73.30562506591858
75.22527656985427
75.00204030904796
73.09504721632757
73.15318811153254
73.34980990889262
73.42896669409942
73.35410909172138
75.03383211474124
74.63580055304672
73.23920574089784
73.02257312874544
73.13299346487906
73.14397955486356
73.17369427124015
74.10304239937847
73.72407971623474
73.09546672455362
73.01529514788427
73.48930382351043
73.04664649849427
73.49098753707118
73.21610199309535
73.31118158893317
73.34225473970983
73.6560061832834
73.3335359046759
73.3146092537453
73.30304621925958
75.19798154958957
73.2376170269526
73.62528408315501
73.23782015440327
73.75429621458981
73.40464168849766
73.20468675059483
73.44438637383799
74.25247116616828
73.0948749218742
73.20551175313881
75.04767671697121
73.1855425073082
73.1762221975166
73.72406341348413
73.21105521726452
74.13753639277975
73.51048219944548
73.23894090903953
73.1967960978039
73.24760365508553
73.19686867481734
73.67546501581269
73.26343299162261
74.62643097178024
73.25047885743045
73.45742561348905
73.5577988493291
73.26299066643429
73.06612287806297
73.59771659590818
73.1302460508433
74.38461133839282
73.1323570417412
73.07419031079476
73.43736611407894
73.30958437499233
73.07702808878766
73.30703305514679
73.1978033736643
73.2169662161263
73.77104830393448
73.32996423869994
73.0746157605284
73.27808607324113
74.29174728298202
73.15805596788587
73.53976803801234
74.00901611595388
73.17642622821293
73.18447178940603
73.05868246092612
73.36459090145367
73.03124750147032
73.40027384559492
73.02389115976067
73.0041980264325
73.36697048276002
73.41118420914269
73.5877480466115
73.35792510828607
73.67530423986267
73.30574721120814
73.76616206227357
73.38828201519003
73.46533662038904
73.51581908708937
73.86649635332708
75.25924452048582
73.13916595154339
73.33083524326236
73.6170232105597
73.25263227154981
73.8382134774768
73.64675137526896
73.12452752357869
73.23783052692389
73.1728365199636
74.31912415782777
73.32944782071135
73.39803127552953
73.0301003575406
73.12870193737372
73.41993162389025
73.36302151524332
73.08205452740631
74.1127664868483
73.03857926379153
73.04511187613397
73.0133899097543
73.37892624400183
73.28347171758136
73.70023363569456
73.3663978291816
73.25492669060579
73.15075102303528
73.0688886205859
73.479627923356
73.24382660476071
73.7283971723129
73.028101725663
73.20449839932363
74.09674539698013
73.3965321476927
73.32835039835261
73.37704181601507
74.32540493182834
73.70988493109499
74.32827006315078
73.3227801138902
73.66453482597856
75.07708997003759
73.53097886523818
73.66067313560455
75.01965768555628
73.25092034140108
73.66596348348172
75.05277239129744
75.07766810337547
73.69357464050971
73.55274999461263
76.22766210255888
73.4993317348543
73.1582845734317
73.65782606478756
75.1099375679854
73.73575405515504
73.8078819725185
73.08058679369194
73.47288264970531
73.07689505275265
73.80733122723505
73.06423576271395
73.50190836405937
73.26609660631162
73.06002306504384
75.63239510190134
73.07292756124517
73.1495721085068
73.1628600648489
73.1021466332255
73.56454048026912
73.3447373878704
73.26197243950058
73.32990090488153
73.11131855771856
73.22993559185875
73.02379646157259
73.27654811734034
73.1317654631661
73.0194937634895
73.41030137781185
73.46525703217759
73.01078092436478
73.78974997669212
73.15865279810691
73.25568456735523
73.12864318191598
73.15128474615199
73.2250175084736
73.41731996949716
73.18846505171555
73.0265009195487
73.04555670577562
73.0036234938965
76.13737874152325
73.04249641945037
73.04629758906188
73.21683240009996
73.0720056703149
73.25875150703294
73.37109301241718
73.70340930814503
73.19104668521332
73.35075638614579
73.36847194268117
74.00675222321375
73.36903341569968
73.61404677671977
73.0074542109165
73.3670696784938
74.54955233623042
73.15822098073929
73.41112839348644
73.40056833042863
74.02205052422788
73.06658118911459
73.33229543841311
73.05343941408921
73.68324018544433
74.29722036268434
73.27923747076113
73.58688169751586
73.34510888770484
73.7239520564178
73.23993380079509
73.13267863791636
73.49156773480264
73.02364314169155
73.00224525545407
73.0826557538875
73.24518375713407
73.117052869661
73.17073633164954
73.15730443201437
73.22551434527178
75.0285350104283
73.35906207725515
73.42486784259489
74.10730891469474
73.04180232854434
73.49418412910651
75.09483798037552
73.30352106197923
73.36502649823429
73.23616152142034
73.12810335145593
73.1831813603228
73.0367210476703
73.59502716851156
73.53579929361644
73.07466814832355
73.10461553298202
73.11508396312752
73.03693703868217
73.21148043858261
73.55200851060732
73.04299058282793
73.50571900270509
73.06340637781028
73.05806309353609
73.00554094458347
73.13180178388271
73.02167351528459
73.40410327285285
73.09995434127606
73.24313785873349
73.68143530038705
73.12952995514397
73.40397278595438
73.05882736025545
73.42381470794521
73.7417971914431
73.31670308702877
73.62954132192321
73.02631448703434
73.07113764551922
73.16602999964581
73.4213489147659
73.19317254535969
73.09886413248675
74.33982751508255
73.3191067531286
73.17048583034102
73.08853665798895
73.2409354836128
73.22999047620503
73.53903296838357
73.04067623637972
73.14627534580923
75.52270295628102
73.04391020903779
73.1776010747272
73.1895931600867
73.12253669848846
73.05289235475995
73.16613310380718
73.06345653988683
73.33264846970724
73.03998112726056
73.11705923447819
73.42960179879525
73.1221116428408
73.05378405434108
73.13780380615353
73.42948168435231
73.37966191307049
73.02047092984672
73.35408363364606
75.11683432140174
73.01210002740916
73.03971289075088
73.52205645269882
73.31595499462858
74.27996634824096
73.13381422354107
73.45197518255554
73.28112773473303
73.32607974497051
73.67637729953474
73.64999247533521
73.28948848803753
73.04313511051116
73.69032809300872
73.08450801406444
73.34052673506174
75.11031011668886
73.35203051797055
73.26628053476014
73.00079040123036
73.89337214932823
73.69631838042527
73.12738715583916
73.20794222472396
74.38247689207641
73.53294760919766
74.03759212376204
73.16963299077145
73.50262239990164
75.46349875556751
73.27905891291564
74.19441729125532
73.27245604715431
73.48251630951943
73.44408704793415
73.00222153189613
73.77926435671156
73.8691292739518
73.77994422827152
73.06805184518969
73.18543131485498
73.22167038722284
73.09431020743945
73.07724646717068
73.20971200506348
73.28427126904512
73.91169598061812
73.11810774098056
73.97295003996892
75.2247443100611
73.18548327700547
73.0524579656438
73.03887328483076
73.20468686481985
73.55613707693072
73.10817420175476
73.82975214035517
73.29189036202025
74.22969233639022
73.23020360214322
73.05089723910048
73.24056919121291
75.26809999768525
73.87325699487687
73.39610959301764
73.06054895142434
73.01374278312241
73.19031349995674
73.0235034334548
73.63910117058535
73.52494647567701
73.43417705470823
74.11374832312794
73.20150137295599
73.03087949045242
73.39021910021543
73.97896047278645
73.01145697251208
73.19330489567527
75.1529980991767
73.00706963190342
73.16651399524336
73.48139500600054
73.72214665154475
73.0400047194467
73.25608678416852
73.05255063369093
73.61795881249529
73.24684536218395
73.18692056942852
74.75706483081795
73.85780480197973
73.1171003495217
73.1006368899419
75.25984789802409
73.16086867249658
73.88036385125332
73.13816256433024
73.25092578268067
73.13492152538832
73.30269896893091
73.90619074575332
73.35597670912163
74.08888001043543
75.64156714407521
73.23700897284012
73.45159662677266
73.06412009655276
73.34008427675643
73.97957576009331
74.66555083935822
73.19605589910002
75.22598715284695
73.45003004560877
73.29277825117747
73.34745030807356
73.05631295490932
73.77095883136616
73.94178797000012
73.38692256712692
73.05475179887013
73.09432824111259
73.01208406261786
73.25686726310836
73.2218023797683
73.3421105479894
73.07603097677487
73.76965198139744
73.49495105657078
73.13615883590559
73.08940349415641
73.01215697989628
73.12720095784852
73.6704388165743
73.03040646429183
73.10310782503875
73.56486728081538
73.23911832876513
73.21370632239928
74.29870158091406
73.25959658201302
73.0148305305545
73.41613783450916
73.56160306182889
73.44426111781083
73.70413058169285
73.11229786927812
73.1285509519274
75.28288349895388
73.53733864918921
73.2078338680817
73.77132381762105
73.223003486305
74.33730749727998
73.09333239604221
75.54854429044535
73.31214000502239
73.70679130338974
73.04971437384899
75.12462361790585
73.37634430227568
73.00769205923403
73.10678560497861
73.39316719136836
73.30389998068216
73.09617741758422
73.07630957621362
73.02360727410253
73.6482434082532
73.78022860332585
73.22321877036399
74.03797635943513
73.07121941751215
73.46893244358156
73.53036110453928
73.36643718429751
73.11547115119701
73.01766536790103
73.48780461556969
73.06583074419206
73.10538806613441
73.4039232991918
73.74599104224914
73.2957701333004
73.0033546504152
73.04741002486085
73.17460522496229
73.20644817097397
73.72721107665629
73.0773940869337
73.35646411780053
73.19814964346622
73.29969137618762
73.32666197672758
73.12219160353058
73.47749175142576
73.13850145880613
73.00664765443165
73.08137378987155
73.10570249910859
73.7453704149356
73.8101284837392
73.41687133852703
73.1563316136669
73.23488424652925
73.0850182537394
73.24818864272054
73.09125211810989
73.0912393604309
73.35437017796504
73.12534065536666
73.06285245610749
73.32874109803916
73.0145215356453
73.79412276989534
73.18471964552548
75.05736344156479
74.72906973422337
73.06381813857087
73.4931565864984
73.01189618518113
73.03879437313418
73.3742034174827
73.52875516531597
73.00704974347184
73.36318950112913
73.95354554747345
74.33455633980549
73.19141088446555
73.23210348508671
73.2370234385094
73.25466438365495
73.04914609301528
73.20517271484957
73.01907763446897
76.17969517587433
73.38574331177664
73.76495090633136
73.01759652576776
73.00325746899306
73.56110883317592
73.06013246916359
73.25920672817936
73.2598233783547
73.15457797456905
73.34726716505037
73.02171124414596
73.83405206050261
73.1018482646132
73.14910715239088
73.91205467922755
73.45531678832927
76.05016608702002
73.6855175470031
73.24477247627763
73.11617590789605
73.05371949176903
73.28392281138319
73.20181981973255
73.3476081762489
73.75488857919791
73.42909567807469
73.10131309065437
74.45034557700681
73.02888461278953
74.0389314352074
74.41407323415193
73.21327256741671
76.15460455245234
73.15927911805659
73.14658414371577
73.23320410008765
73.20697584031154
73.36269347355629
73.07604528608655
75.13035987773058
73.04024431834928
73.31447318658722
73.10977455438537
73.39282451782644
73.18012128956887
73.68893650490635
73.95767588527157
73.9355047431937
74.84631728031539
73.04737658915143
73.94052987845608
73.0613889234401
73.24050461417411
73.83540358152652
73.93888450608036
73.08723615495475
73.38161293414895
73.49814452093838
74.32087231152273
73.44786204953036
73.81030929036275
75.15116995220176
73.23338724503539
73.77368129920953
73.3405065203004
73.08643376282284
73.48811928151484
75.27216678935271
