246.0805796676444
246.7234403834742
246.0064290128502
247.087086540672
246.452068102663
246.638048411576
246.1221671367012
246.4514085655641
246.641543266267
246.145772334835
246.5085504376798
246.3207864648877
246.8385165714765
246.3754816628276
246.3869944074399
246.0812574945636
246.1023643461967
246.3005609159377
246.0324499207523
246.1571877155006
246.5451922457902
246.9873566159376
246.0715234635993
246.2065271269139
246.1731446285933
246.5316093102042
246.0980351185702
246.9815653678595
246.0198301617808
246.9628059239902
246.0270120887195
246.16643915586
246.3265380827555
246.1022669750828
246.0985554524717
246.290393781572
246.00154584078
246.2486894070483
246.4717145558578
246.072892363732
249.0374444608322
246.5326793282211
246.3804706588251
246.5083606498038
246.1140340760395
246.2107050867891
246.3385070744688
246.3320919803829
246.0156831131096
246.2064194114364
247.0941542024927
246.5404396819915
246.6263226194085
246.0261299549872
246.158840568305
246.4099220144317
246.2737739648587
246.2662131479304
246.6596128365552
246.5081147242659
246.9526602028151
246.6031741723459
246.5205515615412
246.3547817230123
246.2564008781626
246.2285681884356
246.4654146795027
247.004668185756
246.0002263101753
246.1592854929055
246.1156709901928
246.0519727117051
246.8394917323135
246.1053319143433
246.0556608845956
246.5824378497001
246.619081969884
246.2411805096956
246.3683742396289
246.0854072829477
246.0635600325741
246.4605758714528
246.2214697102721
246.3102059168964
246.1127215330167
246.0233293347201
246.0476681493893
246.3569671428862
246.1782114747964
246.085817765512
246.2145004282394
246.4753388951176
246.2712523865069
246.0781151410181
246.054735768751
246.2108348866614
246.174996709334
246.1358546448494
246.1744976628473
246.0539568236348
246.0778960771836
246.1596863052744
246.1794495309214
247.257282992656
246.5481114918661
246.1331717593987
246.0002374251948
246.4449130646056
246.0789887292404
246.2199455994193
249.1421218829274
246.2030495929484
247.3760446721526
246.1721461334884
246.1371029394953
246.6577279229902
246.3386155322875
246.0417644833612
249.5290588265338
246.750014763616
246.6754363288242
246.1211759147774
246.2411650071288
246.6925849002096
247.1119089024605
246.0823313560367
246.1090947886136
246.0360690296706
246.1278100987571
246.3190836735803
246.4624119887401
246.168509082934
246.1301343877038
246.2268731347492
246.2694225580275
246.4225170250886
246.12058324689
246.1551408591305
246.12996354423
246.1367262294497
246.0367130562917
246.1228828683903
246.2290647762624
246.1829752088291
246.1341229451163
246.4309126993877
246.8554364767586
246.4682039698487
246.4210492657556
246.3302317574292
246.1787868240021
246.0824822390157
246.7721590508309
246.1310300003765
246.4078179755952
246.4349986326592
246.849083305316
246.104931534232
246.0148686808206
246.0590985838307
246.3246978923275
247.1460146493353
246.248374503891
246.1367657858182
246.0358651296866
246.0838151594401
246.0365663267805
246.2623768121531
246.5406018988128
249.0293355335318
246.2262279481426
246.4991496410704
246.3880924675362
249.0034202773429
246.2838498275304
246.7884769662492
246.0104887612354
246.049402290457
247.3595633092195
247.085478463924
246.5706464194031
249.6594527525649
246.2468624307321
246.7753608356512
246.1603545090509
246.1549428231492
246.3656907736422
246.2830670504119
246.1443425413061
246.2180496304925
246.313485924105
246.4676095408776
246.0211629560319
246.0356424608452
246.0688412436554
249.5834736896899
246.1215810862066
246.2074470576362
246.3858164659966
249.8960498674485
246.4094248171086
246.5302141054982
246.9297792247198
246.0785511808213
246.1511850033355
246.0928582571154
246.0399804267107
246.2980243856067
246.2768060370644
246.8060834247177
249.4700799323368
246.1230498237231
246.2610411534834
246.1456545948631
246.3980477071215
246.4331089267359
247.4938190824821
246.0581691653504
246.5062152969431
247.211313095541
246.3845004561698
246.2439646198033
246.1986403850455
246.8320669141883
246.1119559057769
246.0629503279917
246.0097515898069
246.0517050621428
246.0577931926154
246.9822154387496
246.1841702229718
246.0028014798915
246.3033218726963
246.0117892449171
246.0432392897211
246.5822544934738
246.1449245674165
246.8188271473709
246.1066808566135
246.6523874258147
246.1535702132786
246.5459455445918
246.2265213973708
246.316880893607
249.8975745158392
246.3373910618895
246.0959024486385
246.3134434430724
246.0023667360425
246.2714743232131
246.0104103001959
246.3596307007972
246.4015073092393
246.108839789164
246.3617500786503
246.3585358610796
246.3210493458547
246.1918766561197
246.1650132968903
246.5068750887628
246.6831985138701
246.0625476445826
246.0174260284591
246.0926893704121
247.1739248015043
246.1462992399447
246.2121026512724
249.0070388290015
249.2563248310532
246.2264343433151
246.0671765987544
250.4023536709704
246.0620589901212
246.1422110196734
246.3549177839744
246.1504327863648
246.1433008887411
246.1290654413472
246.0422827609432
246.2844146174606
246.4849819185236
246.8932290298748
246.0715601757087
246.0145038771652
246.1579330708578
246.5270019955836
246.3424149759971
246.0077654191981
246.2940353321703
246.4203247931322
246.0105531579743
246.1831054163509
246.1931323544636
249.0030389153199
247.18612915629
246.3737611030188
246.2217597530987
246.0360146070842
246.1540496041438
246.3018272143499
246.0162530563073
246.0542539715053
246.581779974651
246.3487481435011
246.1174539519498
249.0924352004382
246.0227399422812
246.0007037582741
246.4655156557577
247.151848915068
249.1478192643104
246.0030080776947
246.4110247232743
249.0024111214761
246.3391009605326
246.55183104943
246.2512157974215
246.1044495930801
246.1660130766141
246.0979978808982
246.1712902941677
246.267217953179
246.6287092916715
246.3495070403851
249.166659578714
246.0117442724926
246.4456492623967
246.4479427625557
246.3386809286045
247.1486664718777
246.3953300076766
246.0150763675261
246.1342708976164
246.4158763787884
246.2039594909834
246.0370835066406
246.0868152033156
246.078998995752
246.1240704615319
246.1468915465816
246.1594361823363
246.3994716687901
246.0548791319461
246.0470473280372
246.5075641487699
246.1349940943787
246.0477424204282
246.1581752538271
246.2007549181488
246.0270448246739
246.1842707722704
246.0445099864348
246.4213653256896
246.1502224797182
246.1636979039646
246.2834277008714
246.0295482079474
246.4616792192848
246.0500467614161
246.2079987412069
249.4764020785468
246.0891427279708
246.0170931753676
246.0066608002963
246.0070329834565
246.5986725689793
246.9699661777927
246.0566814750417
246.3246919144087
246.0115599667804
246.4305485193169
246.0171100854839
246.380786231682
246.0192205060584
246.0731698730825
246.6762923799572
246.0447685816342
249.606918350542
246.0961963951553
246.8289667906913
249.5005497591114
247.0274699219735
246.3256442730049
249.4279267915253
246.0155270516615
246.3851499122691
246.7901207008739
246.145554556995
246.0632327667377
246.2350879240151
246.2852659811429
249.1746485199904
246.0102509654894
246.161912890909
246.1412896765856
246.083278803045
246.2898995598934
246.6713346829025
246.442711149218
246.1995015632086
246.0163752200657
246.3026507341386
246.3314383967547
246.045047161661
246.4260732851704
246.618896920434
246.6151861732321
246.3093431408082
246.9010564934688
246.662999156087
246.1671191385694
246.4585903624351
246.263990512684
246.0401046799808
246.7569528134051
246.8210656831828
246.5112720008995
246.396734759436
246.3319460796075
246.3796395125722
246.0564730940752
246.7335321218397
249.1350114887858
246.4247579309013
246.5530896429956
246.2358870351208
246.0217980358261
246.0864804283314
246.1829065593801
247.8819650215475
246.0330750798912
246.7726237843528
246.1198672769389
246.2581699517919
246.1142351436599
246.1143074912603
249.0500474482142
249.3676710909754
246.2670372735364
246.1880984506498
246.7586006894842
247.7871338703656
246.0815607349277
246.5749349413458
246.0659134812803
246.2597577146407
246.0037406977646
246.3061077496036
246.5266754412833
246.2332192263542
246.1511117505675
246.1055258199335
246.4618643507651
246.5316591836203
246.2671775968435
246.2352321874687
246.4651269927494
246.0102037407336
246.0430886575015
246.052245939787
246.1784012224616
246.3666652702548
246.0113344518001
246.8887597453616
246.829783755588
246.3186917680676
246.7498569303872
246.1080889674619
246.0593050519652
246.3743241784548
246.9366630044972
246.0123370638221
246.0194931163083
246.1339611109795
246.7709516668391
246.87749432593
246.158224055008
246.1511800098083
246.2100174781258
249.1471164924604
246.1294469063429
246.0185445927515
246.4621119011208
247.4694450222254
246.0019416198608
246.0803935286569
246.2567968574415
246.2005254029471
246.0536039582355
246.0276222109024
246.1411316726197
247.0398450069653
246.5243251361706
246.5992426222863
246.2868046183696
246.1180261060071
246.6053413554111
246.2502770538233
246.8325027928259
246.016837017249
249.2810005491675
246.3807143540872
249.2346138412938
246.1345174178586
249.4234268917159
249.3073697568878
249.1173429042626
246.030586253807
246.0778970225247
247.5853475516292
246.0297985501075
246.1850055253607
246.6611911910102
249.2158939398962
246.0772193166885
246.0755852415391
246.1677760712302
246.3177737925461
246.8160300127722
246.3540451182282
246.522142061901
246.4174385925215
246.0872021931415
246.0009213325617
246.3509538703251
246.0021003622012
246.1134692235786
246.1080334327768
246.0542254591112
246.2637598720496
246.0831980862023
246.1140964335969
246.6510988290999
246.0123515890237
246.0825382478169
246.5831889571131
246.3773677954053
246.3767263687877
246.5976530479585
246.6521571037602
246.3991791445346
246.233168592248
246.2483049886518
246.1511661672506
246.2579761005348
246.7879053463395
247.3025222277064
246.1135209280706
246.0791150073768
246.0126145719627
246.0091465356617
246.2373760138178
246.4410500691311
246.1917446136839
246.0344774649514
246.5750305546718
246.2509210414082
246.2237641704266
246.2213711304797
246.3364064398134
246.4461316965803
249.0893186275562
247.3816028416155
246.6199363092691
246.2573121451977
246.013167900554
246.9400658086795
247.036690260143
246.4147470309598
246.4258481797508
246.5399810265083
246.4184313936166
246.2576030562663
246.4118444508785
246.2950055795639
246.2088896549152
246.3676354144031
246.7208549186887
246.9859712111224
246.2475917446345
246.3969587762969
246.1470487373234
246.196096242198
246.7507290374272
246.3131393844598
246.0306890192548
246.2723395218957
246.2035098491437
246.588174290988
246.1028023257785
246.1872818433068
246.129877539515
246.216009815949
246.1492292156191
249.0680438701203
246.4078117701294
247.0837753311163
246.1854112023342
247.7562215314816
246.6099315616351
246.7299662649083
246.2901984830966
246.4439071075046
246.047494168411
246.0331582560516
246.0363940697154
246.029808698736
246.5342495316721
246.4390970843212
246.6257036949807
246.0697084959767
246.3785889046352
246.2723739565993
249.1308248040395
246.7611245891467
246.4375954526147
246.0946063650246
246.105098210746
246.1033857894135
246.0855718855356
249.8549347950567
246.1298884096379
246.1295622629043
246.1541791686922
246.5115664608753
246.0470028529558
246.3692507245273
246.0058961784929
246.2962561159079
247.0446359336204
246.0118334736793
247.1301986885673
246.008427114251
246.6132986279031
246.0182589793795
246.1654312473484
246.9547759829021
246.1637990355027
246.1855258263281
246.8062118642399
246.1933787701757
246.2288059176498
246.0209538734742
246.1671541532211
246.0928637397828
246.0616364412195
246.1968310404394
249.7244601210663
246.4402696891228
246.0671176294927
246.1493142723138
246.2080671860696
246.0648982555582
246.1855862680806
246.2219921655848
246.1901352371314
246.3679159482339
246.1122482600888
246.0373011508131
247.1858950589576
246.1081128642473
246.1821155815132
246.0863872330815
246.4538642566893
246.1455382808142
246.5479490608997
249.0569274225404
250.4444077455101
246.6629317536554
246.3978602925768
246.2231304143817
246.3668478318145
246.0404027311962
246.0550893042467
246.0025909207502
249.3644914476592
246.0724468325475
246.0359399087144
246.2631097404528
246.2235338483464
246.2393272786681
246.2052066402505
246.1540941490007
246.0603823366118
246.8193908537748
246.345895938411
246.0194026208329
246.1300661996533
246.1870953122857
246.2506825362227
246.4778883740078
246.3448291685222
246.0789966153979
246.0812071282282
247.5713356869242
246.0266004846402
246.2054027957544
246.1251352794243
246.3466716678546
246.4670041008036
249.6550627114121
246.5956557548891
246.5975590690682
246.0749022913354
247.2775087287495
246.0451898435092
246.3778870911305
246.2203993165434
246.1607122329742
247.2733490566466
247.2568912877302
246.4995996561169
246.0279133462264
246.9705560090808
249.670456752341
246.3414736170616
246.0073294585082
246.2060967705469
246.6409790335903
246.1556347874801
246.1275727427092
246.385158805217
246.079389444347
246.1025087671472
246.134730571404
246.3223434034014
246.0253469238034
246.1222419719248
246.1222255493208
246.2406923439647
246.1245917646713
246.1583277869615
247.4036120176496
246.5013910990627
246.0840190965607
249.7549718158723
247.1385050473368
246.1721537707711
246.6203363742764
246.0717729590051
246.4989207328623
246.2558915614812
246.0604102641429
246.3670930045105
246.8286704172684
246.4565455500781
246.1293058243637
246.0406782890152
246.1820592764828
246.103854662086
246.1904254990955
246.1074154662882
246.2416332518158
246.4158376236468
246.3287365211881
246.0331944403162
246.0368438243679
246.0859000169936
246.8960818477335
246.3658242180284
246.1820207592197
247.8532631087642
246.899081931569
246.3617776863892
246.0709477666989
246.2723930253721
246.0373731251802
246.2035041983814
246.45962384716
249.1950037532713
246.0604565964322
246.1821218804243
246.1604171347117
246.0356227510907
246.6944065635671
246.544501127506
246.1117230101601
246.296149021543
246.3567646614846
246.039725642932
246.003741237793
249.0082694566914
246.2445226351311
246.1451797960807
246.0091412611349
246.6253837218251
246.3282912486317
246.2753799120757
246.2573868131514
249.0841175275252
246.1338774675949
246.2292310252905
246.0696819680724
246.4197093617675
246.190878202563
246.2683755846388
246.0013935426441
246.8491758804127
246.1398119320046
246.0511309127196
246.049372300176
246.1390764225922
246.1978049688174
246.0376007103094
246.0029141185593
246.2719808644725
246.3368319984611
246.675449449665
246.0455293203797
246.3315665097948
249.5672771434802
246.3067522884191
246.1357171430833
246.044809090142
248.0058663063572
246.0579982316672
246.1216190580637
246.5700328885056
246.026508406224
246.0569783595051
246.117637372994
246.0189849416695
247.1843483185446
246.0737564369518
246.0130019200737
246.0049931841414
246.795209865606
247.2151460466593
246.7793279074759
246.2652653951201
246.2539739075793
246.1310813721871
246.2248488587557
246.0223289600627
246.1006436299954
249.125660039793
249.161451697326
246.2089296543718
246.0723219218205
249.2706401129603
247.3468804010007
249.1793876782828
246.6207169422977
247.0012499446293
246.0022569001428
246.4491674025278
246.439150649772
246.5954100335282
246.6499784732619
249.0143847009148
249.4045016839439
246.5165900016712
246.4515325748751
246.4339991772394
246.1377892146198
246.1181045867099
246.0365298289883
246.6713190098936
246.029583887813
246.2531127521816
246.1693704065102
246.0544523762705
246.1202032344201
246.2444882356275
246.6151249955871
246.0268226252039
246.2887568324792
246.4369309588848
249.6341466464844
246.9682966171152
246.0111825104459
246.6613101466696
246.1455316697171
247.0553428151303
247.0289605226088
246.181656870034
246.2287149971447
246.2010518968638
249.5938839651015
246.014827034295
246.2808315636547
246.2521091762395
246.0231784592022
249.0006299039478
246.1497955510315
246.9716814769704
247.3238878430342
247.1290215936598
246.2723521950724
246.2666195321892
249.5021002453119
246.2011572060036
246.1075663325134
246.8125923796131
246.3127378042579
246.1131390342854
246.7902829387681
246.1044691037473
246.1018571223574
249.100779952831
246.3042971274127
246.1363676416814
246.8781014742272
246.1549561801039
246.2232479929516
246.2280545484063
249.6595959980674
246.0898828981279
246.1465762893792
246.8319179475909
246.150432194486
246.065086100515
246.4755297021837
246.2309600754984
246.0353441614483
246.2532967842337
246.2801988117758
246.275481656322
246.1390138448552
246.1324917631816
246.16966480998
246.0337605202589
247.1670237314367
246.8881192233967
246.0085049124025
246.0875803773753
246.1468349479441
246.1353749117137
246.0745301190745
246.2226292309313
246.0141604665179
246.000018704835
246.0409430533782
246.5466923593603
246.5920410771296
246.2758937191192
246.1863862701153
246.1801281135974
246.6568846644857
246.0685232232107
246.4147777946429
246.137075490468
246.064139967618
246.7269145893159
249.6575775954718
246.2447295248574
246.0849532565652
246.3763758799649
246.3291181611911
246.2412686845477
246.0117633809982
246.5932742488086
246.3148553425686
246.4804023008706
246.0296473206458
246.2459061438809
246.2128618516239
246.4799442543137
246.4798805374104
246.1374425681372
246.1867723575166
246.0407200665841
246.5185935733512
246.1303296144854
246.3613825894368
247.0573683879072
246.1315222352461
246.1394547419842
246.1033146862744
246.040412186283
246.5458347010269
246.0202235151856
246.9528922879572
246.7260353165094
246.4683323946226
246.1750730376421
246.577556030257
246.2355265028948
246.1145093954016
246.0535642030012
246.5009055661903
246.2858307512767
246.2901542094651
246.810701199583
246.1952515914313
246.0678081721377
246.5984023609679
246.3409295999114
246.1342513144691
246.1919271387332
246.113511992705
246.120275128316
246.3975410874155
246.2346347123407
247.2075057940497
246.069007018474
246.040775295611
246.6781410828394
250.0715785840581
246.8898449439835
246.1029882809101
246.2355040569292
249.5259841078429
246.5743166969117
249.5907213055667
246.1405541272412
246.221372898752
246.5754467731315
246.3234866135128
246.029132356553
246.0134021502778
246.0640911257769
246.0191235007722
246.5414271552742
246.1878127810107
246.0598228911782
246.6656401722661
249.5780743410188
246.9946091523714
246.3001964616702
246.3058622322529
249.216768947543
246.1888472538175
246.0562046079878
246.4899427832256
246.1850822857218
246.9171604444105
246.1825139115233
246.7933643290195
246.0321817438564
246.2588100054992
246.0946751579524
246.0101225425176
246.1211414443135
246.3086311648568
247.2384604274387
246.0767438638853
246.2245643654908
246.0766520055639
246.406018890298
246.5900346980528
246.3407756829862
246.6424381881272
246.5426211223474
246.1042518901033
246.0842807275048
246.3150992333358
246.6204115709197
246.5541583301213
246.6518508984903
247.0400902452468
246.4111876760488
246.6201743506181
246.0242278901081
246.096080315079
246.0129051864438
246.6083557853189
246.0080578067142
246.0709915794909
246.059365892902
246.2880398104699
246.4905160495175
246.0286218335518
247.1665507552304
246.4740892042603
246.1557231627168
246.1257693458566
246.6715597645967
246.1590242134968
246.2744149320572
246.3236377325787
246.5657270826919
246.6538618522157
249.0472866427746
246.1588499727516
246.7444704538574
246.1689597811656
246.4889734056072
246.575634587304
249.1257958716263
246.2968905753646
246.7501614533417
246.3477557932798
246.6520584365722
246.0664556212702
246.0741762473961
246.0257644948279
246.4369406192249
246.0846370975923
249.25896291509
246.309497335853
246.1143685956388
246.0168452845969
246.333453456113
246.0752737435436
246.5791604030618
246.0914646227938
246.5042678683078
246.6338166309574
246.0977548271373
246.2126332361179
246.0042785042167
246.1894134080366
246.3056830471364
246.2407772429014
246.3215754196262
246.0088714893205
246.0310952718501
246.9221085626543
246.4925627058476
246.3377381896154
246.1035743234014
246.0259811870095
246.0994990756392
247.8800601393194
247.0720636439181
246.4125288387368
246.3533028676874
246.2349655080029
246.1547618478747
246.0307321622378
246.0866689680875
246.2348241091047
246.3248558222799
246.0957233473448
246.4797172705381
246.0254536455142
246.1441762388863
246.1810809966022
246.2675547491737
246.047742371509
246.0003308758123
246.4174829719895
246.0172634249534
246.4979195687167
246.0858757367419
246.0162724074499
246.3907900497911
246.2904618510403
246.2104964752207
246.4884831195462
246.2030859871557
246.7960639218531
246.0751733248276
246.4497843409899
246.1088961722445
246.3819995957736
246.2304919732201
246.0599294853599
246.0235498528982
246.1651746818386
246.1295491850648
246.2445233185306
246.2071033880459
246.2943582610314
246.1711001538594
246.1245173868367
246.0005281739668
247.15275996084
246.1885937036051
246.061894828706
246.422474425094
246.5257129624587
246.3023711673625
246.2816797957801
246.0878243624708
246.208357760363
246.1823029121798
246.266395290926
246.1417127053018
249.190419629179
246.1908508577708
246.3046264692616
246.0735828112423
246.095619775141
246.8905000897894
246.2305003850996
246.8858575128976
246.4697717779908
246.0767048989849
246.1608797263094
246.4289328998883
248.3886326694519
249.8953330451254
246.3166215353859
246.9917202789831
246.1293937512416
246.3197198120782
246.5642790145619
246.6110848380872
246.2433302288892
249.0183011408349
246.0506542725161
246.4374249977383
246.3795053542738
246.3587202235537
246.249264607294
246.2421687190513
247.3846441941493
246.0245709815549
246.1017619355387
246.457672221821
246.5044463574988
246.4769054553093
246.2042451034643
246.5725927756823
246.5301331443349
246.0139927036593
246.2011606399867
246.7133348200273
246.1997749485733
246.0100790991607
247.2717853621791
246.2903905702179
247.2631704861319
246.182414921738
246.6870890161687
246.1006440102472
247.0060392257398
246.2135312271295
246.1338415980384
246.6008184734871
246.1916948875637
246.2349366076423
246.2264809827884
246.2742363370127
246.6583866704458
246.6267292866138
246.11104099012
246.0629766268216
246.1848432427434
246.1754587231833
246.1377301100086
246.5827668315943
246.012688715456
246.2894631911759
249.0023567977858
246.1897008972111
246.1939572306578
246.1336170903185
246.7784575498286
246.6207498422582
246.1011248155837
246.1283320610861
246.3461329226256
246.5472572779503
249.3638887721309
246.2043007219874
247.0176507932592
246.0245696037009
246.0052311574309
246.0785488041207
246.5196358661732
246.217574615077
246.1189669188057
246.048080339514
246.5117128722238
246.0394686213463
246.158607293634
246.0261085387186
246.0264497635863
246.3700570498289
246.2858800405547
246.1889430462167
246.1755377111259
246.4839665029513
246.1431850463932
246.6876607047582
246.2392029615478
246.2911857842118
246.1157143945462
246.2405476823212
246.6309632931395
246.236304068126
246.0625719066039
246.3350270499341
246.2270301068865
246.2541658590784
246.0090215158334
246.0376378617967
246.0666254400409
246.3915981957844
246.1170338901736
246.5060491346239
246.2827474212247
246.7158800302393
246.0588796268911
246.7110916771281
246.066441862657
246.0877998644555
246.1201057249245
246.9655384803815
246.8452652040751
246.1337872757825
246.3242224076186
246.9975078618616
246.7882127631705
246.391193491881
246.1120676552937
246.2199664539152
246.0309014709197
246.1564353773532
246.2139536359524
246.358153370159
246.2536912293139
246.0278418781958
246.5669870915962
246.5508833747118
246.8082071894272
246.0300036122708
246.2017220981755
246.0350912305973
246.0215434068575
246.1452404493419
246.1657678155524
246.0648045977441
246.2781643880324
246.0901429260118
246.5878197117644
246.4450843002364
246.1060321309551
246.5028525542771
246.2859131495207
246.6570702889902
246.0113305326969
246.3149750304505
246.4956088414313
246.1760947990005
246.4694728275411
246.1991925453628
246.6420325069262
246.1586312133719
246.0340244247679
246.3367905765464
247.0307590533679
246.4835734289009
246.037553564904
246.00992991022
246.0558031287041
246.3744080837942
246.2296354122506
246.5061324816382
246.0225166072595
249.2910352646718
246.3613370575075
246.3844898744965
246.2486056577876
246.564103915506
246.1855870254754
246.6446517875215
246.4302269816924
246.153764608669
246.0172120797451
246.0692242663528
246.0259516853079
246.7741109147449
246.3672663432066
246.4664306194662
246.0703218996428
246.178523621631
246.3698320768718
246.1050450395455
246.1018529608161
246.0068085936332
247.0513017747266
246.7991876973162
246.5209053456363
246.2435298792183
246.0665241695269
246.0213191205165
246.3926872824945
247.0706350392057
246.1940437931673
249.4526717586483
246.0686731036589
246.0083788168294
246.0753005802992
246.2728069266256
246.5983090264057
246.0601330122516
246.0101924710095
246.1476910745432
246.2162244525725
246.6387051974286
246.3031686227355
246.0228305012594
246.7295857094518
246.3540970207752
247.0002276440482
246.5454553341959
247.503258868098
246.6005490315719
246.4786815405107
246.0738679427625
246.2744420301064
246.0874761477978
246.3313811181548
246.2833210039068
246.438732862261
246.0450748601182
246.4788384966839
246.3132818803332
246.2262180602484
246.4462584810084
246.1685907885445
246.6318796727138
246.2124886931357
246.3672619996405
246.4390377980791
247.839019197834
246.2445633265409
246.8701335580024
246.1741719863914
246.3550997096738
246.3589122739663
246.5475480152181
246.1544056555047
246.0566499524312
247.2287704245059
246.251132338311
246.0689806453428
246.0356193061761
246.025585962563
246.4985317757543
246.300896484443
246.044776190257
247.3651116211977
246.3834371472893
246.104414907646
249.0136792780898
246.008512451634
246.0041732712819
246.3809126561554
246.6583030736361
249.0685627971574
246.2728138755296
246.1347137750095
246.2643809749923
246.0624206460643
246.186374205956
246.2361288517131
246.1173505126278
246.7415034739726
249.0596445185855
246.8107043500144
246.2703939798748
246.1810828538604
246.1298521965213
246.2025512292442
246.1446897535766
246.3291757813101
247.1536001514532
246.0091286803651
246.1928275394693
249.6815674825309
246.2392079214254
246.0058316705852
246.0308647472235
246.5916959724877
246.0204764586484
246.2071554171385
246.0746950479911
246.0092160518607
246.0560054368335
246.9104156575264
247.3743257907194
246.0384468601732
246.3471028426152
246.2502621471286
246.0942272632668
246.1700795164374
247.0353592238117
247.0158480447789
246.1382299380699
246.0846620240871
246.5219125776556
246.0117371465035
246.0219109190375
247.0315211688114
246.5920084862073
246.1308589845989
246.0102552874867
246.3140796983335
246.3233608212464
246.1653480287756
246.4567635651056
246.0117855217257
246.6304679930051
249.0156810509728
246.0700278822789
246.7928476451351
246.3856669508854
246.2423771330807
246.0549123073832
246.8346230796329
246.048944801685
246.0189092953034
246.1720592469078
246.414923809063
246.012065838488
246.1252666547677
246.730678615526
247.4510941669544
246.1734179723324
246.0881821130193
246.0976446684489
246.0242223877468
246.2628211041387
246.2344587163126
246.4968586397266
246.048245530351
246.0835122034121
246.4211083565592
246.0080652198698
247.0376390520793
249.2494770199428
246.4642718337768
246.8266238270634
246.1589339323933
246.0776150431788
246.0251567479822
246.6187234765628
246.4722621307989
246.2370534847304
246.0516999384631
246.186569105123
246.1359997447027
246.259744610059
246.0563628803588
246.311883144098
246.0549708090869
246.0689415203821
246.0121782833937
246.2948577708159
246.2396433027775
246.163622920824
246.3121542209425
246.2749655999562
246.325494377146
246.4650541795026
246.1983315389088
246.6156339760505
246.0494914398034
246.2375242618112
246.3900596985806
247.2960426413076
246.0172879369096
246.5393226597659
246.5885022080596
246.1277226738869
246.3136709333566
247.5387914967996
246.0150560061031
246.0901052484484
246.0256421902682
246.0666242125457
246.0057884613773
246.0168400794837
246.0127018925629
246.9207037338318
246.389650192131
247.3061772114491
246.1997916318295
246.3058028523573
246.483719779807
246.2988849561332
246.654248828748
249.1928656980315
246.6375440155319
246.0255837323564
246.2108627452067
246.0520592859894
246.1944643798076
246.0369377079145
246.0703213072341
246.1541212655355
246.1163078940645
246.0945614085245
246.2198914803626
246.4676480628681
246.2686115810949
246.3054295188875
246.1075381252438
246.1719114587823
249.4725260571346
246.070014885107
246.0718463397115
246.0560048412091
246.2308918290911
246.5742985663704
246.1716647126993
249.0755366802071
249.1959440764621
247.3702955557291
246.2705529463454
246.1402745845507
246.398100918298
246.332229129525
249.1330757798578
246.2483342487916
246.6742596589645
246.0128222509634
246.8044265096096
246.6040063263971
246.0477879272715
246.8485132764348
246.1060974505048
246.0975136030608
246.1428732803373
246.1407163278824
246.2868678755252
246.0696084472259
246.0962512934763
246.7851008921219
246.1363017514642
246.2979204226015
249.3546023077927
246.1050437326879
246.3255557049189
249.4882262903246
246.1952986680289
246.8938381465072
246.2840086832478
246.0231224302229
246.1507070733877
246.0107153788769
246.582070178093
246.0566068933838
246.5577480789661
246.326252437082
247.2649407237888
246.2322893574744
246.4618649311717
246.1488558630447
246.4675959179902
246.2528532899076
246.7452590373058
246.5395264967154
246.3672260066228
246.0265521507261
246.0636989616634
246.5707712892025
246.5017067147924
246.1588840178237
249.0130299962396
246.1855895043707
246.93090258832
246.5666693148071
246.0002645634432
249.6604467724478
246.0712344178736
246.1577979089514
246.0459812132804
246.2155512946084
246.100563857917
246.5129308634704
246.1032385324918
247.3426107926949
246.7881881828936
246.0559528526104
246.6213965797769
246.3799502192325
246.014819261691
246.381582791232
246.1296271294682
246.4571941929782
246.1865908512777
246.0523139854654
246.0480720013046
246.3494408667343
246.0695801605725
247.0130258392811
246.0123705053663
246.1495919848421
246.1432918901633
246.0471160699759
246.1679102297387
246.3964327029362
246.0013294019184
246.156266077081
246.2317681199087
246.1493817693637
246.1185261003083
246.0226486939906
246.4335688769679
246.191440947484
246.256654438513
246.4302001758994
246.0606288940202
246.6790723225004
246.0836310106946
246.2598209071539
246.3296769166118
246.8939563413579
247.2577231130807
246.0167261155687
246.1760296115793
246.0684141415021
246.2804926770549
246.8725376563903
246.2957061239641
246.1507701263754
246.527424881682
246.6944790836116
246.6019331430679
246.0232526748473
246.2844447138916
246.0902375435206
246.0800856178562
249.3043383440432
246.1697251596018
246.8244976330362
246.5722980145195
246.0069992613697
249.6747491843835
246.3208466161667
246.3742594744699
246.3069136720276
246.0556350424217
246.0165736047788
246.0766566411051
249.5942637049017
247.0342003145762
246.4212267970908
246.2332074864173
246.0009669240161
246.2613545752221
249.0146298903959
246.5035398504734
246.155451113692
246.4637314038952
246.280915369982
246.1355396391504
246.2471845941936
246.1494857944689
246.023265437533
246.1341290078767
246.0578163111022
246.7382748996325
249.330468424116
246.2214297016031
246.2235505404657
249.1014804643335
247.6132784888093
246.420077120109
246.1301426396903
246.3280278871194
246.6049915521614
246.1105213987825
246.4171707347508
246.4344536747379
247.1645785941353
246.0277131469968
246.2810810455537
248.1300678899922
246.0508172797424
246.4781882870894
246.0827030182715
246.4684168685783
246.3347874617474
246.0722736987342
246.4667327577585
246.0316627355606
246.6339425992055
246.094049914964
246.4240694312545
246.0758126537756
246.4083097172331
246.6881094267233
246.2102108356394
246.2497746186426
246.0696073509501
246.0278877557995
246.2941560171377
246.4887457192304
246.4142789036182
246.6568160664778
246.3313953739708
246.1476217922754
246.3638623121319
246.038544750184
246.2261475723798
246.2142778205259
246.7535339546522
246.309941549032
246.2337416361194
246.1361052484248
246.2248074002101
247.0936786162971
246.0028190913282
246.1540971270914
246.1389600673048
246.0466250606952
246.2270534865864
246.5970352897228
246.3889631001206
246.0942971178435
246.0429816851576
246.1565659156465
246.2759491469692
246.1251970879728
246.784204764518
246.156185097676
246.578085916987
246.9961185589396
246.3346766803567
246.2913379159491
246.011919137397
246.5754808810578
246.6293661749048
246.1520823017268
246.0918517451781
246.3511099069088
246.2094668661926
246.0036683797133
246.0686793288248
246.3736970763262
250.0218725939894
246.1857386894623
246.2157274631811
246.2668288133994
246.4995394696757
246.2755282531649
246.4905178466259
246.5978032828948
246.2120212211598
246.1421768514732
246.4010853769933
246.1982786683415
246.075877158989
246.6947600071894
246.0460668596218
246.776769340743
246.6587044981326
246.1307217519625
246.197123200832
246.1921600296524
246.0071370101449
246.298739324836
246.1565528500516
246.0571448195091
246.0287669878515
247.4942328814701
246.2772166584308
246.2084942557462
246.179316513399
247.202364387987
246.0274985178295
246.431483387889
246.0471168265318
246.1638218070388
246.0173037300339
246.1293520822603
246.3975699111983
247.0587762698458
246.0532676130895
249.1359772652483
246.3343612566353
246.0525168429672
247.0369201996104
247.1811170981434
246.0740122543174
246.1170725869108
246.2107468794146
246.4872030525469
249.9932023456294
246.4313224517781
246.6909368164158
246.9985405591334
246.4488657895281
246.580451674139
246.0359181775678
246.3017010999362
246.0093239756704
246.1109908961472
246.2184955689002
246.1154791091872
246.0343961594805
246.0309021632678
246.2791110217906
246.2344485181433
246.1309926575622
246.7187691695638
246.0393234519906
246.0227608683196
246.2039070973456
246.1030850215822
246.0559075387837
246.2497812338214
246.4151313670978
246.7500859592964
246.3403032402082
246.0733648013298
246.0647926018126
246.0999530664293
246.0090061696094
246.3154204759144
246.0787064416866
246.5867458383487
247.2556456597744
246.0276903485441
246.0717214508388
246.0083658625763
246.0965912173618
247.0154948857825
246.2688380416328
246.0699538828159
246.4366122782644
246.2723602011015
246.7183451309786
249.0084936474941
246.1084316087404
246.1038923353108
246.08948630722
246.1299197006793
246.6574664396217
246.5294519708914
246.9442850188437
246.2208207686442
246.5870871289634
246.6009779673874
246.1244914833148
246.3908188709328
247.4778738823453
246.3926828206288
249.1404838887041
246.2895538393646
246.1025814804585
246.1875772908233
246.3066242483762
246.3666206821975
246.5412256462481
246.1317342377068
246.0240764282048
246.0548970564518
246.1790632805327
246.0033266547914
246.2996170865454
246.6610279767088
246.0402479882869
246.0037283995946
246.5065704935544
246.0432033181224
246.1700195240544
246.0301674071425
246.5866719950608
246.3493679031352
247.0644285611284
246.8802958646272
246.9400776419785
246.6152397026687
246.3382726768641
246.6355245151587
249.7001092668444
246.1724144582119
246.5420645300656
246.3041288589899
247.2784809082707
246.033091073295
246.2490841704523
247.7267212123378
246.1436218157775
246.8856652292693
249.3191800446043
246.0726397926569
246.3738753745524
247.0081429382441
247.0745659363841
246.2406932051609
246.7316039889063
246.9192284632313
246.4284183962861
246.1344057126958
247.2538789801803
246.5878068315212
246.2934602819144
246.2831146018957
246.0114439360975
246.3812697951056
246.1115695018674
246.1476943965552
246.201120382385
249.3588405779636
246.0680975815561
246.3900268741049
246.0494472058054
246.5455301109808
247.7300471112934
246.3347771236985
246.2837083301932
246.7407709300996
246.0103803353421
246.8837271533557
246.1689600540837
246.0071290694754
246.5877443778529
246.1979611586342
246.0635935558982
246.5417402397505
