103.6718324150658
109.4661990938111
108.0434290417043
103.0052241134819
101.2612968643593
101.3383080908917
105.0813100214749
101.3297345497295
101.1677006567584
101.1041614270525
102.1228479341666
102.4808869236348
103.6664971382529
102.2778105396089
101.5841499050665
107.3734159721676
105.3351458330762
103.7537552435353
103.1330079234516
101.3889897383702
103.3632724900126
105.0667756888725
102.9344827803881
101.3296630306237
103.4085850805543
103.5667025673955
104.6307589539954
103.4445170842357
102.5676979037726
105.3713244887232
103.3220792121441
103.796335914904
102.2871497489868
103.0518708897441
107.3661799915477
104.0029129594578
101.3929951530943
102.0454972158196
101.4420642377698
102.0720372612407
107.5043522664154
101.5368660035679
102.278491022324
102.5720408857839
101.0828695889639
101.7196821869379
105.0109765790296
103.0738929246833
102.5240070167308
104.8760577891126
101.6045111822367
101.478614907908
103.2300066226095
102.3343441161541
103.589280975816
102.4016158799528
104.5682155507906
101.0506944346881
102.8222466217593
102.5044332475805
102.1750569438772
103.0285091601724
103.4303237694763
103.0107514661865
101.3343626679993
103.6738125513784
102.8376478507507
102.1996401757695
102.0427210451587
102.8545727683633
104.4260497882514
105.0377502376621
105.1932967725626
101.5282443876321
103.276179560426
102.1074411363039
102.3187719658933
102.1940086506462
103.0841811977088
104.0412398907625
102.1086804718725
103.5302984314913
103.1167109588705
103.469361427648
102.572808352579
101.2094257793513
103.5584071989617
103.4050430023715
103.2438377378331
101.4311730016354
101.5154955748806
105.0027328188296
102.137019933654
102.1466793760568
103.236907922595
101.1132198508166
104.0273065703762
101.1198935101309
105.1282893334654
102.070080249595
101.2521938653246
103.3019675494694
101.1377093935799
101.1885009413724
105.1007490870259
102.1456900113079
101.3817920323596
109.0681552609281
102.203821113542
102.0785603569484
102.0287648900687
101.2401020296205
102.4654664933979
103.6081920938819
104.2814961681149
103.616873437958
104.130567532042
103.409033629599
102.30130288349
105.3847887972834
102.1117515220696
102.2290430539647
102.0683857387622
102.1126672497646
101.0987412650013
102.2580891983917
105.4618708498476
102.2225036563246
101.2068589958531
103.248904624963
101.0324339704813
106.4577616289673
101.292140527926
101.5704185397506
101.5636338924967
104.2432822331258
104.1819400197276
103.2176463317125
102.0541322362046
107.0094831955572
105.4899082040401
102.2027055453391
101.621373211893
107.9274291230749
105.127850614959
102.1279546182771
105.6146462486217
106.4489790323003
105.3149211374674
103.0938200989769
103.5669621346065
102.0048331957447
102.47999270437
101.1728631089583
102.7103997155851
102.2237165436857
103.2865715280641
105.1433851909939
105.4714896888817
102.2667903744769
105.2691032694924
102.6116280354152
103.4122761605033
105.0144628558898
103.2391210680402
101.0216456366613
103.0067313022662
101.344887620534
106.1689106169011
102.0675377288693
103.2062405765204
105.2014656479458
102.2582393047359
101.490383848401
102.7598015989149
102.1881679318268
102.3507153629036
101.4701023013949
101.5444618459945
101.6611919231444
103.4839178086194
102.5156145408758
103.2499880932093
102.6444754503306
102.8660968831587
101.9970571683283
102.3874614221524
105.1366245733651
105.0602285567004
101.6260955278617
103.0814948804611
105.1405938114981
107.6145881704999
101.226785470617
103.4141315091419
101.0199740581076
103.1832570628349
102.0718222174678
101.2959305759257
104.1976168175648
101.1834977233961
102.258210244975
102.6313771466001
104.388653368531
101.3931773285305
101.8189149193873
101.0668271192408
101.214712783899
105.5881868262243
104.2457805455481
105.4645260870636
102.3848446192691
102.6629813787364
104.0323628910258
103.118462161579
105.1938235151437
102.1375410716159
105.973678869423
103.1405719272856
101.0525248848326
101.2407209020859
102.3857339644469
109.1882572528508
103.0132999999168
101.1474846817414
103.4786759413649
104.0205243602038
103.3701715839151
102.7543812711768
107.0194010432001
103.0726162805245
102.0106744585839
101.0087160555791
101.554634420908
102.5786674547843
101.4911687694281
102.1147740432884
105.0442803554239
103.1740518215304
105.1454138081717
103.1055432108176
103.536510530242
105.1023104782625
103.7156659547273
105.2332745692435
102.0370887168985
103.06960527476
102.5353483048168
102.2442919013859
101.3854468102919
102.4202090305192
103.5319196806968
101.5157765936807
103.1200407235409
105.1605054405705
102.4472832359044
101.3306698849577
105.1883406496888
101.77427400733
101.5003610312413
101.0895435478422
103.2005797838634
102.0868060291882
104.5424771461422
102.5765643765118
102.4787930689435
101.1375519066137
102.4098719075271
102.407931429901
107.6745194899491
103.1747685422379
105.4649209058219
101.0758501423479
101.0692242337918
102.3137450249375
103.1702068577302
105.7522562316806
102.1543815424639
102.7609698046904
104.4934368673165
104.0807026838266
103.08287831109
103.0253523018447
102.1627987084476
101.0139173716499
101.1623179825725
101.8047895029043
104.2926089514032
102.0533377028879
102.4830180892993
105.0500398556229
101.296521085824
105.3921681179093
102.1062315046012
103.0938014024325
103.1225720602581
104.0063401103437
101.1222161366443
101.069479454445
101.3592725116105
101.0494395976433
101.1127153688898
102.0149079013983
107.0716066184449
103.1110450474138
102.7474676188435
101.7127643480809
102.5963523252515
105.0298907616504
101.2441328347554
102.2359946372528
102.259834280696
101.0876643931118
109.4077929756718
101.0308129634762
102.7451259014838
101.8991221137688
101.3740209039173
101.1875061943418
103.3008489965494
102.4004595570005
106.1461317833399
103.3632932297933
102.2364113903324
104.3638017455849
101.127167958152
106.4163534370192
106.1855465962072
103.0908673507324
103.184673120941
101.3887525261009
103.3783474947093
105.0408498843712
101.7560745145648
102.2152206316421
103.1985076268909
105.301397266425
104.1519275846539
104.1050532526849
104.2393995645599
108.1716158339458
108.0021897039597
102.2559376035163
103.1623496137925
104.334969799897
103.4090019332652
107.4457664653048
102.0776052222478
101.3980091156327
102.2344607011229
101.7025449773
109.0276995273612
103.3709571091563
107.2574707386064
101.0877748621073
101.5527959751607
102.7283962260352
101.0511888730196
102.4158620094029
102.6851647659624
101.4446878666136
103.2021524961018
102.0514358524613
102.141596386157
102.0264138193346
101.2922954283581
102.5621222165161
103.1680382611695
103.1384105848423
101.3599784457175
101.2396796566545
108.8511993228106
102.2239124388354
103.2585885367367
102.5308852631548
102.5657072384516
105.2739492777722
101.1618589655874
101.6902770769687
102.3482959885643
103.2575822918921
101.1086397131526
102.8663658795655
103.5446803828904
102.4023632996802
105.4676413661595
102.2394050220028
104.0325810083571
102.9392786876011
102.6908324689735
101.0804788380667
102.3026700433576
101.11019158569
102.0391372443004
101.2907526805315
107.2703793016907
106.1244731624059
102.3142579048683
101.1816978982833
102.1071792926732
102.4374711079371
101.1585591896251
101.0753059841419
103.6497029451819
102.1261047150057
102.319589297255
106.3230374989812
101.5837972938477
103.0696703132664
102.742503128786
102.3859353428981
101.4289767185724
101.2195694557503
105.2515995642772
105.2401686703513
101.0202168152363
101.7262731561775
105.3119593642142
101.2495795633468
102.1033188143394
104.1594660143857
101.0489083485669
104.0780667289623
102.4187781185356
102.9095609143909
102.1308115826326
102.7245655237616
107.2972138782301
102.3405279207333
102.106667048919
103.006620098658
102.1111650623944
107.0438727596377
101.4938183613533
102.1736028747231
107.3932302595874
102.3879419300137
103.1576292560865
102.3836034893838
101.3019675608792
101.1163228333241
101.2491788410666
104.0125281299002
103.1847812843503
102.5666659006436
101.846474420336
104.5430099190924
102.449468141307
103.2182660091057
101.907916843519
103.0676436304966
103.1484175837775
107.3346895821892
106.117117967042
102.7575251600616
102.1023673670542
102.6131907737093
102.1039097834312
102.0627760739434
109.3657355561107
101.0257251441362
101.0943292446374
102.3715734022324
105.0847983362393
102.2870346475412
101.0094135194887
102.0057163454702
104.5383751256171
102.1298367343286
101.6296259370441
103.237738648245
101.5029753622777
101.1704087807354
101.0933572575371
105.1422148863293
103.0186674143407
102.3560359418067
101.6033580917349
101.1252465515009
107.0242135240513
102.9078830839897
106.0133279788642
107.1938498756548
102.0398065303063
101.5209036582483
103.2239843297376
101.1008901816706
105.2163177601233
101.1561393031497
104.4802114031847
101.0108409762998
101.7493539379645
102.4729793006451
104.0229119504903
104.3079325226895
103.1754293212995
102.1170872644352
103.4033084255426
103.3308635530242
102.2195684908371
105.7858791001742
102.4131025232482
102.3390461010856
101.1881456564497
105.0808550580157
104.9685903132187
104.5512369875068
103.0171231202108
103.3821272444507
105.6705491928293
102.7632055176491
102.3416396842798
105.5195627973997
101.764520476683
103.2386599153266
103.3054537391994
102.3508683153858
107.1112212055979
104.3161783604636
101.1623691350685
104.0233554456556
101.7431524338308
102.1566451351707
102.0638826846477
102.4558110666089
101.4022484241669
106.0338750595052
103.0021310622385
101.1749832110858
102.7812886539578
101.393858985102
109.0207359873278
101.3091972283365
107.2127638766084
107.1036735899272
105.1226287201207
105.0225968618512
103.1106281978975
101.7819533246967
102.4986639084103
103.604643089429
105.3019913386805
101.2534989101749
102.0197508566739
101.2108468510377
103.344846276684
102.4454069689431
102.1402225965973
101.1171250564704
107.1073977603684
104.0896442398249
102.1946750440991
102.2040290343315
105.3144727958374
101.0671991024788
105.7974185894087
105.4582094247696
103.0618900016506
104.0877960046696
103.0587181545319
102.1450563235879
105.1211093560155
101.2699787869915
105.0372897160088
102.7178629927934
103.3801016890332
103.7940494250897
103.0281092906526
101.684666049936
101.1334251055651
102.1981449190297
102.6468231823525
102.1142776235282
102.3864837844041
103.1048749836776
103.0470096740518
101.9136609268713
101.0530656799642
102.1459227581631
101.1510479450264
102.3579864852768
106.3606141926137
102.7198282517383
101.0617943610973
106.6274370139243
101.1554028104153
101.1161908161539
105.6241347396524
101.0484429340576
101.4050144928672
107.121567817464
107.2166037984002
107.3451778180959
103.1180342556405
102.0617317603017
106.761715448379
102.3651429959932
102.0261284196258
102.3051303322993
101.2267014794137
107.0238633344055
103.0676010432084
102.4736441957799
101.0419769926856
102.0957825933782
102.2590257130982
101.4818128973483
101.2973997851863
103.6822402266531
105.0212638814479
103.4899893887273
102.3477500289589
102.1760287184659
104.5717429726532
102.0201643709776
103.131904723826
102.6048768211777
105.2742111087605
104.0337091277607
105.7744484277603
105.2648476456406
101.4761449572017
102.227659717176
103.5814463107441
102.3782273610719
104.3285823869254
102.1349794705197
105.0666231698973
105.0872980544272
101.4749062307592
102.147737508979
104.1255310372296
105.0793468258343
101.8285249749938
101.4059613747415
101.299603815604
101.6929322530938
102.2477439316667
102.1866793097278
101.2868455195068
101.0243373451626
103.807437419676
107.7549865736
101.261279797602
102.2926865932095
101.174497669113
101.1437530958179
102.1917952669266
102.8897317574523
105.1563402588965
101.1223722338057
102.1907797095389
103.5019276030729
102.4614171579851
102.8459486205323
104.4300080406558
109.067284667833
105.3667928135146
104.1742759001883
104.6539903584952
102.0851602589566
105.0390313852556
102.7080674714743
101.4209940497467
101.7490144146731
103.2898271956779
106.0296491306582
102.5055156670341
107.16556655751
102.2988799647661
103.0247090853071
102.4282380500016
102.4261426590279
106.1045201289156
103.3230642194384
103.0329217915004
105.3231928498847
102.0026266606697
103.5059589360306
102.6817252176883
102.1536426216064
102.6663393364634
101.2877988943865
105.4713302518735
103.0293225913144
104.0152657818064
103.1933413327401
105.2453767205214
104.8183959667991
101.6667996523891
102.5798243181249
101.7033066034316
101.3336561714434
101.2040841755837
103.0311912572086
108.3857410005516
102.7120815880606
104.2473828253207
102.235854429154
103.5763522916986
101.3692469888481
102.2207051053459
101.0319964310307
107.064486844123
103.269933324818
102.3675511192297
102.0935437491355
102.2501698508908
102.5915087007961
102.147137988621
102.1608461634627
103.2912024165148
102.1338731077133
103.1898510190143
102.8848565682313
104.7305429882895
105.3221156460459
101.2452312433153
101.1947304954637
109.3747772117011
105.2537884749775
103.7321202020746
104.0206408546284
103.0097029996659
105.1587554029635
101.5350968568943
103.1576618409052
101.3211614938968
101.2308939949732
107.4449006384824
102.6061975835396
105.2361285599335
105.0460088098006
102.514715562088
102.9354965249423
101.0588300661628
103.0755743596217
103.1260198508184
102.3537106067448
101.2283859594504
101.4034003242212
105.3291390973161
102.4413906531834
101.0215087947142
104.212654827294
103.5772601693391
102.1031013172181
101.1577407698821
102.2075621354302
101.0394691347378
103.1615292243693
102.4496373474188
103.0461292416128
102.8021515212254
109.8797543208221
104.9010562503984
102.0609044889369
103.7519017555619
102.061906022224
102.394437365024
106.1182816922762
104.0922245099583
105.0447005873133
103.9701071424696
107.5296967260699
101.1031047632816
105.3206379057988
102.338847288862
102.1541796564799
104.08325647417
103.1733646634381
101.6770271639994
102.0705532769229
102.0576358486479
101.3626933649647
102.2981333715821
101.6573382157332
101.303773995171
101.0585002142751
102.7970108169458
101.6153202611539
102.0348024827623
104.3472701401661
102.1410267044147
101.0505397561444
108.3535429057708
101.3840744329284
102.4957868944053
103.5906114147878
101.3212425741307
101.3326407158744
102.4025551038563
105.1516109550163
101.2040067312933
102.3423119287116
101.1152591921203
102.2620831920094
103.1018094265126
101.2871845412045
102.1313082909381
102.2458356569378
102.0878324072483
102.5271068704496
102.2258025424071
105.0521581076752
103.503350303895
104.1304197152011
102.650542173026
102.5567414981863
102.0678465277388
102.2814427257392
103.8140219845665
103.4645187732716
102.1438752693591
103.2701070842346
104.8426176951497
106.6718294681048
101.0897428009835
101.5390514048115
104.3590645590818
106.0315517281712
105.032274863221
101.0633398041694
103.283461080908
101.3583040832677
109.1257927473897
101.4109084839166
103.4192533866249
108.0358121639797
102.1316508472292
102.1964130776199
102.2353858915514
101.4205380226996
106.1894459967991
103.167522399414
105.06718366783
108.6192229129575
101.7654269416152
102.0029966420316
103.1189762450345
102.0758649553418
106.4856964473249
105.4105954771374
103.1860507282064
101.0437965705911
102.0892457715432
103.1253832717646
104.7187304823466
102.3771171027929
104.3346061550848
104.0512363818146
105.0358976006776
101.0616581978117
103.7773400724238
103.2397218160966
103.4594767779898
105.3376494556854
101.1116399181646
102.7807544805596
105.5641350140611
105.4124751452099
107.5728678511193
101.4940643073797
102.0347070526025
102.0327667851136
103.019158394154
104.1769042039865
102.6048090805382
103.0329607078014
101.1407948647362
104.3882400859337
102.6560956932126
102.3267776666639
101.6931142869158
101.0415546625896
103.6957766264163
101.2109559396805
104.8119859967714
105.4820145979381
103.1241347517685
102.560144108536
102.6328099169672
106.0132624899581
101.4604959476479
101.2004968167644
101.5631182759266
101.3961762062711
101.5201754099152
105.3623537127019
102.2764265754614
101.0437696848391
102.2722099548578
103.0926441648645
105.1342652374796
101.3852115120493
106.6007913491156
102.536837781345
101.3596810510294
102.1218932691124
102.6339095412683
102.2147274224751
102.2979887317551
102.8630810895689
105.257543963229
105.4038365818066
102.1351331676526
101.2906306417343
104.1074681629284
104.4426752904443
102.1801937763002
105.1768783110203
102.4755335731959
105.0000573900045
102.1433011362175
105.5590768684491
103.322467268184
102.1833662923002
104.772498609917
105.1236045719665
101.4581138271869
102.4651882652415
101.7411023230333
107.163657101524
102.4756954067682
103.6748157235759
102.2803180358871
103.0438609527734
102.3218847490273
102.9441904553026
103.2851701711836
104.077320824032
101.5281550836312
102.1070253879936
101.4598206222439
101.5528782509168
104.0321865724663
102.2152862108521
101.2837925982551
101.0383166767568
103.0920698929285
105.7823452681199
101.8266213986756
102.0512222117462
102.122277275929
101.132919952845
102.1225931015937
103.2639521056137
103.0484479510249
103.2258493683921
101.0320480357417
101.0891238986922
103.5162763376934
107.328108905628
102.7854764526226
104.2048016443233
104.5149400138086
102.157795723257
105.0355245213255
102.4554159680584
102.1670425757859
103.2750776365274
107.2689713426929
103.2641246200776
102.3717246146825
101.0219129078012
101.0135069537055
102.3053203367353
103.4329347360675
102.3982986781292
102.6285864501339
101.7209078353723
103.0641405059148
101.8586261158104
102.0113116604934
104.3820570134524
103.0576366172584
101.2675918031288
102.6369131359421
102.3587954254648
101.2831742744527
104.270985433388
101.0042229062645
102.2790225780156
102.1890704045518
101.0068294763267
102.0311721532599
102.0236068070705
102.4966630277786
102.1571754537527
102.6794792445202
102.1188188771499
105.1423761870715
102.7530208608863
101.9680836444603
103.001137697253
105.5225535091338
102.2083435410747
102.4793533187333
102.2690083791321
105.0537854670698
108.1336431051019
101.1646345373008
102.2157396132232
103.0785452433778
101.4073918623018
105.2928292254709
103.0727431688685
102.7633140891566
102.8761494827284
104.1411498572799
102.2889486954723
107.1485954985064
102.5994132422505
104.759316017232
103.1724566362135
101.6566016203888
103.1969469803044
102.1616824749738
103.0184968413876
102.5708568182841
101.6069982466277
103.0560024769455
103.0306241951242
105.3038009516003
102.5576630695027
102.1515951179793
101.4460656363654
102.2095694038593
107.1256073923998
101.1761407260221
102.2052146352798
101.7021496031451
102.6259098560035
102.1593762167432
101.3610066777519
103.1128605496696
101.191731432091
101.0014117932532
101.0368593576149
102.7710652184342
105.045510045679
101.2613548382512
102.2263693400207
105.0139646121206
101.3085604526466
104.5140312874062
102.0245409252263
102.18812826763
102.2946346991754
102.5534971344437
101.2170114381268
101.5568303073503
101.0773633504871
103.0484207775996
104.6231912454961
103.2571935903587
102.151343991391
102.3746307239865
104.2992968979335
103.5340669972802
102.2607402352094
101.717997344921
103.4979802871401
103.4463704949839
102.5733370504608
101.6686288866523
103.0655370340331
102.0553947110678
106.1190802330818
101.1071852144139
102.079586632403
104.249197221355
103.1692261630164
101.4523444894976
106.0318157348333
107.0309149701314
103.1757562985333
105.4268976652805
101.2232102835594
103.5086950402663
106.0136018489043
102.2917476856033
107.5629099325133
101.3878888570058
104.0757160019647
102.6382696672254
102.1191953339279
106.1879155605386
101.2879427854176
103.3543779877994
102.0536822093195
103.0831324374668
102.1565857221988
102.0190219252571
106.0995955877828
102.1698418769391
102.1106070280607
105.0657143339193
101.6052513353802
105.2718573362429
101.1452313503975
101.3781432499135
102.0878070571394
102.2083706157746
102.3262215401982
102.1306827106751
102.0062071597491
107.249941359793
102.523834962716
103.5722050969269
105.3946653474317
102.0367368866878
103.0749635936563
103.4733179718559
102.542595600621
102.5675757879724
102.0576557123952
106.6368500942238
104.3860841094265
102.2346445693365
105.1668537064457
103.2630070766847
102.482644037209
103.2017259891339
101.2062684592963
105.2035563396134
102.176360113554
102.2864432966526
102.5716188788159
102.2630926545975
103.4866021195662
105.1036152731848
101.586595774038
102.3933356863076
102.6752058469603
102.9975810634346
102.5111241671582
104.6506607258088
101.1216404434519
102.2032253555979
109.1584436298178
102.4765245456848
105.0271971972817
102.3956454472618
101.7195191472221
101.4993325167913
102.2730707845041
102.8310544738815
102.5190792016519
103.1571652095299
101.5334697876755
102.2907074287629
103.099084407555
105.1799185362932
102.2230727040657
109.159986800423
102.1857742134568
105.3181001903813
104.0157836456503
105.0697999579211
103.0404682498481
102.2917203732106
101.0702230519706
101.4435268356464
102.1176709941004
101.3995101536895
105.216839573271
102.699744382374
102.163866954516
102.3290306554316
101.1353447448371
102.45868868308
103.3425381996095
101.0529433535011
102.126333635881
102.4395302154615
103.0793368063687
103.0011552657897
102.1154079795331
102.2137390210081
102.6358906449169
102.7593671782197
103.0843204613336
103.4654575579796
101.1633278928919
104.1222997025389
102.3755290135072
104.482049530909
101.1013847323671
102.2131180461466
103.3062530039062
102.4225807694803
102.505032113291
104.1062360547951
101.288648135693
105.0852248456729
103.3159085144273
102.6386448383276
102.3137323888246
104.3278524114409
101.1870932509307
102.2637435646564
101.333996120624
105.0797271156013
101.3609566868225
102.4009002655355
104.3571587103838
102.0913477187094
102.2443745585173
102.5001772309957
102.4993174332087
103.2136046459814
103.7746138416878
102.2431417229828
102.7083085391526
107.6947102390272
102.4283166080272
103.5223240912364
103.4834722859392
101.2015027691784
101.0338271172049
103.1063705272874
104.4741320464135
102.4168573475025
102.0365320797093
101.1731846400429
102.2158774594024
102.1981629077927
104.354558829249
101.1781470145114
102.7825803578912
106.2327196371381
101.6452721715313
103.0448881927204
105.2763457670964
102.4205290652472
105.2066824181903
102.1594792541766
102.1690450395334
107.145328173951
103.7894421267837
102.4075155075799
101.4974155283099
101.3457650351645
107.1101275746987
102.3467838549203
102.4597419064608
101.0710114699962
102.7682356227204
105.4547662639162
104.3727536846294
108.153628577184
104.3154460278247
102.2219963396661
105.0796061521418
101.0428318470871
105.148139657948
103.4379700681027
102.1097562825072
102.5808326697127
105.2128254428718
103.0022904971174
103.1941113097486
101.3861482664891
102.4102885734005
102.9839521352233
102.5620391234373
101.1602567906332
102.3474920308698
104.0958538708161
103.245856509839
103.4937174757909
102.2508549518486
102.2697329390553
106.1116739108528
102.5258609516997
104.0084962722771
101.1364542227353
103.4064868387043
103.1364999140162
101.2226309599862
102.499655047533
101.3483561295309
104.0375294176336
101.4713789816606
102.1952317541973
102.0980721308533
104.8764266725102
104.1627518038112
105.0351388727725
102.5587338749972
105.2643074187338
103.3526150383946
103.3174811972612
102.1806741502195
102.1228131550871
103.0183104343683
104.2936459622392
102.3581557206633
101.076962807819
101.9258076872462
104.1660280688333
103.4493600017416
101.3448078693819
101.3190016609224
102.0250322371178
104.387173163965
102.0115653396865
104.6655279571645
102.0989202065563
105.1400265247535
103.986774252186
103.0956993385048
101.1957018569006
102.7385975725874
103.5632603170116
105.0926403914239
102.6828789269068
102.0515727170636
102.4787446807489
101.3722152659459
104.057025993583
102.1070906314872
101.6938354734549
101.5032067990154
102.7828227982751
102.2304403990089
102.4294175131131
103.3507333529447
105.0425260631852
105.0477841254435
102.1514299733702
103.1224077311997
105.0859363449169
102.0035917136137
102.3309092716636
101.0073938879185
101.124685404109
105.8656988234313
106.2940432659168
102.3354318281157
101.0356940212778
105.3273936811742
105.4990626798575
101.3448307185275
102.919657871046
101.0746646894839
101.1171254558437
102.1803211781068
103.0479331257376
102.2149297060481
103.1109522446666
103.0806442952744
104.4155986096069
101.3614031811296
101.0782372700829
105.7448852343351
105.1739716571546
101.1187156048818
103.149413590474
101.040768070535
103.057384014902
104.0589259848155
105.3371536255465
102.0312821662972
102.0143295893594
103.9627327067441
105.0044523869577
103.0717516889708
101.2758877089328
103.2231043289553
102.5308771228644
103.3198729172898
106.5017879450985
102.0049345566053
102.4723458406234
101.0821290101772
103.115233306702
103.0558460285685
103.0877067092469
105.5468427913525
103.8744124044635
104.2677401330262
102.0908867481538
103.6230666126319
101.4920108322075
106.1299378016868
101.6278321213684
102.1987351945654
104.1297744826945
101.4563580731832
105.7182512669157
105.5931546385074
101.5943250114081
101.0495004014306
101.3327490398424
101.1159529367684
102.0704163688735
102.6928521164571
102.7736389033452
103.7515849566646
101.8538749689374
102.8689492900341
104.1498357351121
104.0224542360552
101.3727138356102
106.7768336188107
103.5841536678802
101.8602263253586
102.8017304755051
106.3097006098636
103.1382196558638
101.2529133834087
102.0415577985992
102.3750134870032
103.4154857891079
101.4415030885792
102.8423141917515
102.245207221192
101.2271255121643
103.0582907131609
101.2200903581473
102.0686413230473
102.7859870655491
103.3135421681927
105.1878922310199
104.7939316587783
101.0157737996333
102.2959935102451
103.2019380173659
103.160823761081
109.3146430768896
103.2012446615477
101.0654053752596
101.1411963965365
106.5286375718904
101.2278499838126
102.2576885268418
101.269647984757
102.0640287750929
102.5990054837764
103.4304487681879
101.0220594673622
102.5182676715127
105.4300759502892
105.1051821384276
102.5216644501792
101.3761483976622
103.391635021007
105.3272920544356
102.2332001197618
102.3030970772672
102.2849802674492
105.3303752876524
101.1457862224643
103.0491767186828
104.5361905199668
103.0296100605899
103.1136801257933
101.4950039390263
103.1317195285219
101.3455400858412
102.0251733103201
104.2260912377977
104.0202279033773
101.6114420516525
102.1216474051705
102.4677996405441
102.3157003741913
102.0811897154967
103.5902946864702
102.1445650098442
106.1751774550574
103.0786186876913
105.2404548370297
101.3494152695344
105.3047907491699
103.311219785639
101.1167432500364
102.0299312699007
101.3680395764198
102.2033599616132
103.0280934697562
102.098837113904
103.0004723966737
104.4120766755174
103.2486950421247
102.0317373278046
103.0971036852255
105.4622410957025
102.4871329570944
102.1964735034968
102.2123183205014
103.0271272988379
102.0976058209669
105.4367725039269
101.1530121545972
101.4648340303506
102.3152188710495
105.6078544187298
109.1225294311795
103.104921073935
103.4039652331601
104.2808876303812
102.1106114063867
102.735864770127
103.102314660014
105.0021830825536
102.2115609402793
102.2409277681326
105.5956466220805
102.6208212444937
101.0831886350759
103.0148360998474
101.2498852074606
102.6967094203151
102.8167941656878
101.2130523902115
101.079333755725
102.2643889417
103.0476096319209
103.8101731930462
102.8152864070724
107.8961508766744
102.2795910112072
105.4889115202591
102.2816995691759
105.3675697603739
101.11631315564
102.1526955975029
103.2179332236947
103.1876749504999
105.0116683272142
104.0788605176018
104.3945977541744
101.3234782625672
101.0144295687753
102.3348698989575
105.9191137271623
101.1752790609188
103.0739746721904
102.3588814157121
102.5559628571468
102.2492740282949
101.172196072502
104.39824190018
105.3790987784443
101.3110696404458
101.2902189072805
105.5208997813998
103.5409370798826
102.1289205289353
101.7254091910669
102.4300470750936
102.0014724497252
101.3232637687769
102.742556736044
102.0444371684762
104.0139507462253
102.4722292244016
101.1186645445505
102.5441694841082
103.2050842952329
102.4348356475745
104.1062716562418
102.4097667701835
101.5179844689094
101.4524340775206
101.6613732963346
101.9460314708766
102.2244107150327
103.8068078329904
103.3531875483477
101.5912796740579
107.3813787638441
103.1549336154775
101.2235743785771
101.858592047893
102.3702665259562
101.2577714258778
103.2324092482018
103.2395542947588
109.5398156844557
101.1347315841627
102.4169866797525
103.1332642154533
102.4985490088436
102.1828049716511
102.5231965655455
102.0166186985346
103.1982078641858
103.2361248565862
103.2081348219364
102.4969622781087
101.4532485583232
101.0655421202922
101.7433300824097
102.737185236749
102.0776155619166
105.634331916712
102.7775579751883
103.0777552988415
107.1227644843441
102.1298008092389
105.1087353180465
102.316726918334
103.0994635609884
102.6344286158136
101.0744482855243
106.4782595321651
107.3161821660394
102.384428631084
101.0711712356382
104.0894079583256
105.3830559944929
102.4503866279267
106.3753166144627
105.2899753413736
102.9040492796536
101.0470244172328
103.3642793677591
104.6411828391047
101.1003830393863
102.4879897157646
102.4099691924992
107.0386581505946
102.2974470410805
104.0402068881493
102.2927884309839
103.1120459912354
101.5303765587845
102.4419048856048
103.1334391764204
101.0740937220762
104.6261519962213
102.0711237637288
102.2128981672051
101.3069438248228
104.3448872923051
105.2417166513412
101.0775503068136
102.0086255057286
101.1577747938638
103.0948831977516
101.5561584099521
102.6211752665641
102.8924763655645
103.2345569417437
101.0028258794116
102.08763798818
102.2748850022099
103.0736245787542
102.2492236375125
101.064412951952
102.1410532161937
102.4276944946875
101.0628263056524
107.5346339041118
105.1842400764286
103.0453517413592
102.49715906798
103.2633012781259
103.6231828184205
102.6465592951457
101.9114857513956
105.8041398984857
103.496582058926
105.8268396273009
103.1748590290983
102.0890657830811
104.1936426510449
101.4708586901968
109.5642826395213
102.1307786517751
105.0041389650261
101.060083115333
103.113924010609
102.3702727523495
101.0659724387535
102.0586624684871
108.4686148088151
102.5613823445354
101.0706207238568
102.4201983169541
101.4001851821162
106.4125120993013
104.3468135764266
102.3122612566802
107.0238941276659
102.5943040566423
102.0664786917538
102.0506869505515
103.8443183971292
101.2631911093026
101.8458322868247
102.4299144029402
103.2355862276253
103.2249651266644
102.2837720136287
101.6666852385844
102.4917498474494
101.2817837632349
102.2227194244043
105.239460106881
106.3731941973839
102.1250364494783
105.0868737240849
105.0794437214617
103.1435270347844
102.4276656478803
101.1818072569392
103.6439613011143
103.6252030949497
102.3274365748084
101.092791577508
101.3624638786943
102.448375652507
102.6568147930676
101.081359235951
105.0200225861587
102.2306998928293
102.9836892280685
101.0259365118133
102.5322582434821
102.1212204776348
105.6204691532568
104.0450708984458
101.1445029765224
103.0588618057461
102.0048497059243
101.057052477841
103.6156099619677
101.1534265630085
103.3996831246862
109.401671656818
105.1930739585595
104.0733169367938
102.3558911018428
105.2406563306781
104.1837247253378
103.2804650635197
105.6812780402564
101.2112548238254
103.1422332326853
102.2835304558519
105.2759986654918
102.4008842979399
102.0095502747027
101.6153889382344
101.3125554072779
102.3429999410187
102.0514410749829
102.3865440550334
101.9786211602205
103.1956182265639
107.067269448915
102.1056911762775
103.1458810346629
104.0193671738895
106.1504665967734
104.4898875218758
105.414095165522
104.2097748859869
105.8150700872092
102.0970959112221
103.2994739274754
101.7632739105667
102.4442283223246
105.0176278414229
102.3051990295958
105.8332127144296
102.1157461838538
102.5867723333514
102.2028289102834
108.0869586691233
104.3301369814614
102.0426951142537
103.3506684130844
102.1574468817407
102.1211951376621
105.3289843774135
102.2595183567001
106.3164756162644
101.6133250584164
105.2831089999728
102.3923852901992
102.4417054312193
101.6636441528253
102.3237205131103
104.1542651481346
102.1168121041848
101.0538647730669
103.1065102723771
103.0256959547439
102.554379982416
103.2549066434405
104.1453000758227
102.202803017706
101.3597645094866
101.2315826986087
101.7872521992763
101.6097038745815
105.1968384052808
101.2419935051975
102.2902557615285
102.1677378352617
101.3374073190126
102.1046967395318
104.3062470722903
102.1256075983998
102.9156788612718
101.0205385610147
101.9812564308992
104.2363713144427
102.0467859461599
101.1573631475651
105.2733112987172
101.8290777071597
102.4996718699582
101.1118971249248
105.0411572689189
103.1365760072344
103.0247450746362
104.0721375596472
102.5453289750274
102.5598064442475
101.4052540748598
101.1159348732958
103.2090576937163
102.2006696049834
102.0754314352767
105.1029343832142
103.5662547029859
101.579189672316
101.3063942043044
103.1637340419791
102.8849851741607
102.2280166315221
106.1293791668703
102.1925684949512
105.2009948348134
104.1202736077251
101.0067653631183
102.2911034944995
101.0337618563899
102.0616822141461
104.08583497127
102.4226066481613
103.2489118876173
101.2376792003711
102.7769890480551
104.13992946435
101.2692669016
103.7165983060303
102.1455794658376
101.0420690966301
101.0179090839822
103.1701456284189
106.2080084569284
101.7182663547987
102.4038213235253
103.1651374545681
101.8341252471555
103.5412337750175
102.8357900236719
102.0492952526634
105.2270227968885
102.314845627091
102.6103880587865
102.1909267280341
103.2445419648211
101.0969144046946
104.74074849337
105.2760350423928
102.0556366872607
102.7208004579226
102.2187381461994
105.1817970110761
102.6023061913769
103.4400128281342
101.4346267479484
103.7704473479282
102.0776668105254
103.6124494226834
102.3012166109417
107.1813358593165
102.0646022146612
103.6832289096754
102.0269726233234
102.2313824522165
104.1997368009512
102.1944100674405
103.4418325688826
103.6506487199338
102.3465153684545
102.3792738975794
102.0356291196651
103.1533070040584
101.0938296688901
103.3353851818354
103.2844496525451
102.2131987115137
103.0358818888239
104.2263086471675
103.0465112915474
102.1731636411543
103.3313247851509
101.009409881591
104.2801467729787
108.3100639557191
102.4816845488768
105.1386110976586
105.0857675649196
103.3737688482173
101.7311876951991
102.2956468095569
102.3377349513536
101.5527414811548
103.0052236664224
101.4380279918727
102.2686330269525
104.0523580290309
102.1997359847193
102.4801678608346
103.0452580767524
103.1364642033325
102.1717388823196
103.4833146260015
101.6650054753743
102.0257154207821
105.3538641227196
