157.5195078906717
157.8228737763256
157.2172365427685
157.9199626118836
157.3742309715655
157.1480493048237
157.1467515812293
157.8039116221508
157.2119246152903
157.0776325011021
157.2242037704563
157.2564811742747
159.1431393197221
157.1343279305318
157.4235397087927
157.0870192328903
157.0796834309757
157.2593568178468
157.3721699635825
157.6479493916072
157.0252680592653
157.3152092522348
157.220486057439
157.6577472116398
157.4709663407996
157.1068584082064
157.1245912604095
157.24809118994
158.0522367612111
157.2215489354129
157.387390301996
157.0001607272927
157.071540878508
157.4478811154495
157.5301234425269
157.1012580237062
157.0070001849722
157.710814509466
157.1430975431874
157.4208144293542
157.4088396963413
157.4629762118162
157.4013461827647
157.2349723054216
157.12821105295
157.0895804238571
157.6976579084751
157.3238868674143
157.2984020157212
157.0521921556386
157.2806035997398
157.8609350796587
157.1682014471159
157.293009389038
157.2458494853968
157.0229419847388
157.692385312043
157.0828295823222
157.0293894711091
157.1419745365188
157.0650451024194
157.586029503834
157.0575247232557
157.0311444237777
157.0123482212575
157.4008115198639
157.2436123963837
157.9861847241676
157.1196937401337
157.2267846591191
157.1243470550413
157.4247591011409
157.4982939744698
157.0813242322173
157.0835994666588
157.0294346362955
157.3746402879769
157.2218290891676
157.1238771096444
157.0110443100006
157.4455218196112
157.079563639713
157.205610278052
158.2045152618943
157.3496978874889
157.1564100527313
157.3060339452424
157.0252739398197
157.0105387277415
157.0461161079242
157.2568016640543
157.9007143244067
157.0283452732438
157.0113923787041
157.052469150993
158.2954522483353
157.2599662299509
157.2382885040087
157.2130406576416
157.6396793789569
157.0486821244069
157.1552589838169
157.3778770662537
157.19140506942
157.5161631263403
157.8803815266331
157.17081700631
157.3730149175485
157.179015113601
157.8295581265689
157.6432849512074
157.0189974442633
157.1497630797276
157.0668889861833
157.7659242281473
157.3348655674709
157.0037967528035
157.1294470733019
157.4296776763097
157.0121386862764
158.1252856270744
157.1461344167605
157.7127332378589
157.8353754673206
157.0616542367951
157.5410363035141
157.2388897321604
157.1487660132683
157.2536408065607
158.2266025256043
157.0266865694993
157.0529417764067
157.3361056667362
157.285502838857
157.0683333967924
157.8335116087983
157.0236399928562
157.5909016826523
157.6174277853688
157.0815227630406
157.4706812598884
157.1044371003606
157.1885621724717
157.4071827700803
157.6416511621413
157.0484003680022
157.5055296161245
157.176420907178
157.0095543583317
157.0819001516001
157.0859319771602
158.0979357510714
157.6835041376349
157.1456996597785
157.1789424439229
157.0810476957393
157.2090273376716
157.4143655027277
157.1318094787064
157.0159839566465
157.0780328624079
157.1228276184151
157.0227904091703
157.4261569306551
157.0569168328645
157.4117576231422
157.0638183075115
157.6155724902309
157.5390672744426
157.0637525566908
157.5508256241602
157.9604485883384
157.577787553697
157.0583454320135
157.5312799709954
157.2917159565467
157.2951821536682
157.209299320679
157.1044367389318
157.341174459554
157.1587661762804
157.0910495597729
157.4464529586089
157.118114308677
157.5722592751754
157.4058936683172
157.3346829990729
157.0269453659786
157.3465837926205
157.2774176042244
157.4345826115735
157.0330499301856
157.465253178724
157.8354943097801
157.8808403009909
157.4508522222387
157.3749792656425
157.4439960875801
157.3390893336565
157.3963432888249
157.0243656777272
157.0532211611703
157.5155644693514
157.1581885440177
157.0110334779379
157.4448457777014
157.5303256544626
158.712297064976
157.1963525785149
157.2170535312787
157.0091238128926
157.1336396366925
157.2337676854056
157.1865963026868
157.0737994440333
157.4305844413341
157.1170738810856
157.4167665533323
157.078864754609
157.3200924527622
157.6145534268211
157.0999306920986
157.0750261335418
158.3511998916931
157.5898452650271
157.0644361934066
157.1750877341729
157.3671747848337
157.6242254471296
157.5524569493826
157.2656926787793
157.0456570221391
158.3570774427643
157.5902296165283
157.0309232845537
157.7941447671316
157.4796041011286
157.4882471493062
157.0961470652913
157.3175370920773
157.0418538981897
157.1457900618644
157.1231424829275
157.4111482368117
157.017719212827
157.2695128120494
157.3416543159409
157.71603053666
157.0883159130514
157.1207617113416
157.0153255335301
157.1798840194673
158.0589482794182
157.6614892953887
157.2247408549781
157.3908447910517
157.5790240831128
157.450997445421
157.0635230672673
157.2932299629997
157.6326026096961
157.1104001100483
157.0400982237385
157.8239689172194
157.1233409229781
157.4082326683498
157.0984527469259
157.9635458026922
157.7416078131384
157.0145615765697
157.4918014331133
157.4521165709704
157.271491326906
157.0947598540966
157.4841019113406
158.6682085898579
157.1513752401902
157.0870114266571
157.0050441204577
157.0296359013973
157.6220768138177
157.4345449126899
157.0154320813667
157.3374497275888
157.090432676949
157.4461894079584
157.1997583624895
157.2289051847006
157.0173171095671
157.6083186860257
157.5327715539004
157.3190304583574
157.0592341586209
157.0596548246901
157.0282598481957
157.3425751771077
157.2800785173326
157.7352293017257
157.0189099706845
157.4991649700853
157.4334772773172
157.2076889610701
157.172833621546
157.2678969790437
157.0842314419795
157.6430954490209
157.539367304786
157.1728676212081
157.1016169303038
157.0101239916664
157.3447086391082
157.1761997538684
157.6082662334815
158.6014481606838
157.298051305065
157.0883100433725
157.1347662596468
157.1951726523233
157.6222715858821
157.5819836487093
157.0196825127819
157.0746556009096
157.3769580946776
157.2048059236627
157.0752279049406
157.5733959894347
157.0709852814244
157.1176491820985
157.3877423530074
157.4734094039529
157.354315431446
157.088026227751
157.0548016470183
157.5180672505518
157.669094907303
157.3220419647747
157.267489409289
158.1167373284064
157.4447386274008
157.1022272367666
157.0358934964088
157.4759126921601
157.0352057786137
157.4910236316759
157.4202068603036
157.2571159626743
157.4734105264689
157.7928692630846
157.2298843025711
157.1336116526069
158.0022254536107
158.6302518365704
157.3579641635799
157.3800129299695
157.4849671710113
157.6497938114855
157.2993587984991
157.4460536316272
157.0722417503139
157.9267359833417
157.4078849525598
157.5951890553424
157.3794510061804
157.0195539054384
157.2391620444414
157.057678903626
157.0871064408145
157.4510679656382
157.318814490595
157.121560394899
157.4444882163896
157.2550008252543
157.2248871538516
157.5735694973841
157.2140496605938
157.142362793199
157.0086343322721
157.0501280427322
157.3904145401643
157.4419188931707
157.786334551684
157.1057713257249
157.4295335571546
157.630067196839
157.7060095028183
157.8342105012862
157.1307243668466
157.1172103975337
157.2907055296953
157.4104381252
157.1893913059833
157.2926161950263
157.1828488217207
157.3077122446147
157.3308774799214
157.002773524037
157.8847021722873
157.4249585847184
157.3366154113933
157.237029567013
157.7307236134944
157.0928683442382
157.5225276935722
157.0626749197743
157.4499974818043
157.5748329057413
157.3398308370377
157.9565207328136
157.7887289786447
157.0518713637192
157.0456739363402
157.3759596353265
157.5609946998277
157.1586956399844
157.3235000639126
157.4169318950562
157.275040079996
157.2506640925297
157.1843136574317
158.0337204296144
157.0730094252276
157.0265863385222
157.3108970092772
157.1823913062922
157.0746533286441
157.0965083179049
157.019092278677
157.2490730596548
157.1484541958687
157.6225785296935
157.1248697820174
157.1749294109018
157.028583301964
157.3165908918196
157.692607172907
157.0902794169421
157.080764486011
157.186781493722
157.2518677289365
157.0321971704072
157.2282638306261
157.2955314534572
157.6075345413631
158.0577592723504
157.104001261347
157.0408852846
157.0216241889856
159.0283267756938
157.7132578249256
157.1269188946058
157.6291183850815
157.1387450614784
157.5022909110563
157.1688623054168
157.0222074974214
157.3208447054341
157.1393878416073
157.1424555233497
157.0310446978143
157.1056332693308
157.2857161020316
158.0125611504828
157.1255993083841
157.3266683073628
157.4359829369437
157.0307313270774
158.0986414530152
157.0698593444524
157.4488838656501
157.2005176361006
157.2135938053839
157.2457219310999
157.1267042310368
157.2028893529443
157.2290403330505
157.1943632589084
157.523999572457
157.3943738605671
157.1913737364972
157.0017661715792
157.38008767978
157.9606201967642
157.0500399149299
157.0633338763259
157.2189188343606
157.3198700448255
157.5920819481674
157.5097781559039
157.1720432620318
158.2467783698577
157.0992180041345
157.2726011628246
157.0744240437859
157.1668456381485
157.4038554394127
157.5046320382359
157.1750559589159
157.0474425507882
157.8073604385
158.008063664943
157.5783505644519
157.5671787955269
157.0022256995609
157.2725356057814
157.5776887661067
157.7327023810232
157.2377570061008
157.0229987938932
157.5957899197814
157.0608547519765
157.3498911512533
157.0775601347821
157.7371191712228
157.1816248118875
157.1324664588625
157.5626938542746
157.3626911853214
157.5447564330718
158.4416339140223
157.0180188294374
157.2208070957981
157.0239836391328
157.2134050917469
157.2354492127015
157.0690952045199
157.317143288422
157.2815970523454
157.1264227073262
157.149005723569
157.0850589152757
157.9527805835296
157.5449642042724
157.7422546674152
157.480514460914
157.1563588133229
157.2425782624138
157.1241369432833
157.1036794860971
157.084413765482
157.2875311460221
157.1183525749618
157.0683697788093
157.3404648373154
157.2609172891918
157.0860386433736
157.1097267171587
157.4433358559788
157.0311990982386
158.1873012387697
157.0407979968923
157.4908204204908
157.2418746149658
157.0043660332394
157.1396834488286
158.3909449558748
157.3846746493184
157.6672500099527
157.2492372243393
157.1949945908088
157.1995830082131
157.0534992289255
157.7955890943944
157.1071986934399
157.1399416046731
157.0084166550591
157.0293264624169
157.1389358290016
157.2081214437192
157.3821595658443
157.0678426725686
157.3206299624311
157.0945058248501
157.3775785699623
157.2056592566243
157.0973707224862
157.0158844093774
157.1104156397143
157.7546095597197
157.8055691411941
157.0480398263639
157.015386424704
157.278187436831
157.0111657042542
157.0816343822717
157.1976292297803
157.1456705819595
157.1305207575749
157.0748558220886
157.6623590332641
157.0503390709223
157.2647926653561
157.0475925129894
157.1096559875278
158.0463624660783
158.3852967075544
157.8009948937435
157.0109049281002
157.915045913326
157.2153206778015
157.0021518593516
157.2512220067553
157.3037402125686
157.1365388613099
157.5017152759618
157.2620719068312
157.5472921381784
157.3215090635312
157.3411159766482
157.0591652783381
157.1724857171507
157.4998273954018
157.7407288239697
157.4040005547799
157.1534924230968
157.0183661549499
157.7646530110588
157.1268297814556
157.3875453928448
157.3721361838857
157.3314269929049
157.2565115172659
157.8734671110813
157.1482353616826
157.4464142336952
157.0176019146504
157.1432333840208
157.1504442768449
157.5927546966082
157.4570445645282
157.4932165022622
157.0590414219417
157.7116311454558
158.4367756101851
157.0292690279363
157.0616526658865
157.38817393765
157.3876822497107
157.0762014077554
157.203768996404
157.0734199650788
157.4103259502496
157.2303127450013
157.6155039093618
157.1138679965201
157.8413781381424
157.0850941205336
157.7150011699816
157.4091700569348
157.0043912225727
157.3086706195569
157.1139382308116
157.3317861305771
157.3090157143123
157.074849437272
157.0539264715991
157.8369410462738
157.0581483408271
157.1874941682927
157.5012886139181
157.2162225734569
157.5462105802101
157.1617493435982
157.9544269804086
158.2303999014691
158.064436622568
157.0193056935765
157.4445461634116
157.1974786537699
157.0035554410699
157.0373139939097
157.1279859262666
157.6177448639546
157.2009597678797
157.2675851967618
157.2222294664189
158.4925340939466
157.577828198036
157.3349501519034
157.336314750384
157.2133976542138
157.2794845724202
157.6826382176575
157.2681755880439
157.6740751558797
157.2689375898301
157.5884188207689
157.0988302009109
157.8292339356388
157.2255383263357
157.5604655258117
158.6684101358226
157.1322284188856
157.1079282801462
157.1764529901649
157.7271803817531
157.0853199034411
157.0978057842647
157.8719527080223
157.0236819864577
157.0072974576223
157.198841961634
157.6905104729822
157.3095965811652
157.3350254416675
157.6086955252041
158.0341409723116
157.1935991261561
157.3162728163439
157.9117629511265
157.7257359098247
157.3566964463808
158.2846817809505
158.5885407660469
157.1854535608601
157.0144276137622
157.9086530249135
157.507342067228
157.1672273355334
157.5730798730067
157.2070895254159
157.0307480951216
157.5019628978567
157.1747650634571
157.3509919400486
157.0042547100982
157.4827664137349
157.2304919215906
157.3053155202321
158.4472755755501
157.2821774812612
157.2460093762956
157.1593033990872
157.0973818633195
157.3252732743265
157.2440658662391
157.5496943965203
157.1536118233242
157.3524983947285
157.0607041809379
157.0464863824623
157.1600599231788
157.2784221355292
157.2271625126466
157.1599139128787
157.0789591054341
158.2554737406615
157.0820598897491
157.0487460365902
157.1836611035556
157.4604003803514
157.608117420554
157.1221610652422
157.2808169758682
157.0710868454245
157.0730504296189
157.2223483216511
157.6286172794859
157.0143649340856
157.2309300216533
157.842867309303
157.0579269085096
158.1834408294485
157.0620933485745
157.0022308610067
157.1194671754371
157.0458703794234
157.4422852809374
157.0930880560577
157.0915833409049
158.0093865688815
157.1725727666769
157.0109138613794
157.2611884415761
157.1667483717765
157.1291216676105
157.5738656661563
157.0898834563291
157.4313064091679
157.209781513397
157.1785405638893
157.328711769866
157.1815072429435
157.2129018433992
157.284448562728
157.1320798741918
157.8556187849081
157.2948023841922
157.2533697119658
157.0431346896824
157.1103472148626
157.5307358071506
157.0242944049915
157.7778568661621
157.1274650996111
157.2621684625097
157.3834565119055
157.0229395799284
157.1907077399731
157.6497916609444
157.2067016597908
157.1437750332668
157.3691119259428
157.8195234952918
157.3829400033588
157.1589498406258
157.3665042341065
157.0618688313323
157.0050323552816
157.0311422742405
157.3092042243899
157.2388309606125
157.3539564592739
157.1427535982905
157.1312110575862
157.3779924732563
157.2814361511846
157.5559139079544
157.0087017747026
157.0009904144412
157.1165405988206
157.7597958320401
157.0940250413196
157.4627421417402
157.5621010770639
158.5559562981106
157.287292065723
157.1671961470795
157.0499204191738
157.3821134729138
157.1408622193628
157.2012826887866
157.0168846612652
157.4848891589645
157.438850223027
157.0335007200004
157.6002352213781
157.4036171177114
157.4658240971216
157.5914140585353
157.068140843837
157.2026690668003
157.0962379366767
157.0932778034716
157.5837395516354
157.0822728770275
157.1350380486497
157.0031495950676
157.2538761578384
157.1239192761222
157.1355434333043
157.2843984828189
157.0926526363191
157.8113987759651
157.0894022746494
157.3426577400088
158.8142640607499
158.1179499409982
158.0052186140889
157.469014575081
157.968673682124
158.0278100293721
157.8638374403518
157.0331407861429
157.8504813239596
157.0986155369609
157.0747701717146
157.1736246339827
157.2618321780471
157.1415571112142
157.0937350918684
157.4680723487152
157.0434339272118
157.2244863585705
157.4794499482738
157.173265151652
157.7357067759301
157.634237536914
157.1521650705657
157.3548201223084
157.1932801026454
157.0546554401016
157.893028585411
157.3191279285547
157.9757300281827
157.0867517696422
157.0127365132849
157.2164199706332
157.0506616174753
158.1789719239764
157.2586139721552
157.2326492807299
157.0402260221502
157.2688423380418
157.2184251280838
157.1510274070362
157.4446633373291
157.1906562050377
157.0127317318418
158.3359687270613
157.0078002868861
158.2906089887148
157.3598442989034
157.963924371032
157.0830973619686
157.1230997511244
157.1552990020027
157.0650955458511
157.0895883421759
157.7143275995556
157.2640391735408
157.1823727544584
157.4318746802395
157.4280277225499
157.4013641036118
157.1522519849605
157.0114490656886
157.2554000431908
157.2888858736433
157.366063658262
157.0779218013839
157.1007374819044
157.1670123050083
157.19478625121
157.2011295246435
157.2768344665344
157.1728344334888
157.4822326671773
157.1075648327625
157.0136842728607
157.0688587483786
157.8490303093818
157.3815457673657
157.1648212685045
157.1551357795065
158.0666995270135
157.3552533169998
157.1465769439592
157.0826542046532
157.0707769466835
157.2474377209261
157.1385495632811
157.5437955904806
157.3630869906231
157.1899723626365
157.6409562995055
157.0323145236097
157.3913716686457
157.8286817883793
157.3550549064588
157.3682086792695
157.4351627758189
157.4862422249665
157.4438840723033
157.6085472492765
157.2090209815565
157.1009323310278
157.1056200352004
157.4524229522153
157.1887593318409
157.6233057254973
157.499175842146
157.1474969875044
157.4695571056898
157.1899625938857
157.1767280720983
157.5668643244247
157.6259851607309
157.226691734076
157.3310112119591
157.2763727544092
157.4918431747984
157.1055987452694
157.377965370678
157.611454798666
157.0531822438947
157.0654417816693
157.1583102506475
157.3109172257941
157.3671363496358
157.1724412509999
157.0278829333726
157.1533396240361
157.6627352795996
157.0685199897659
157.0644097438218
157.1322128612523
157.1810967809736
157.8220706177194
157.1090158237745
157.4367444426875
157.145312496248
157.0301625913897
157.3275240559745
157.094988734051
157.0674100187177
157.0102441534559
157.2617425156197
157.4080870752403
157.5291774671954
157.005532936003
157.3687763855081
157.1346328966734
157.456874303734
157.0776083114277
157.3848387402756
157.0204307252794
157.4270295935225
157.2398739284396
157.0059471392603
157.6236612614364
157.0400123765893
157.2270786701636
157.7589174555393
157.081839892009
157.3672014546364
157.4134802289814
157.3649152628571
157.1602915049438
157.4844411363538
157.118954864903
157.0210073187734
157.3700026092058
157.0060478205421
157.0839047079597
157.5578255046685
157.5190129379739
157.4705805598141
158.0634246170747
157.1278749266894
157.2779027725713
157.4705715714344
157.0433230497582
157.2973590829914
157.1466249791645
157.2109882201706
157.0446958382136
157.6455009878946
157.1078385148593
157.0443514123952
157.2130032789428
157.373206890628
159.2502492626554
157.0738658331628
157.0163818669304
158.8383866229589
157.3572625180125
157.0311120155156
157.1295570262
157.0534213185726
157.0361230285617
157.0501723916009
157.644243244049
157.0387212410824
157.0756069850516
157.166930504107
158.5569214761431
157.650961920071
157.3206985751566
157.3246814794171
157.2013284826483
157.7904172870959
157.1487941573297
157.7517097472633
157.7825328304522
157.3722645024407
157.3518436842517
157.8694130772309
157.1278810523862
157.190118839512
157.5959890815941
157.0439397751365
157.1917457303899
157.7175655587276
157.0620506131789
157.38191495296
157.2172145899951
157.0147920948158
157.1047409023915
157.6560638454928
157.1137829531535
157.3953972507354
157.2472212055439
157.7294427551065
157.2366852683975
157.4541600362424
157.1508140962493
157.4187669783298
157.1479443430936
157.5414155374348
157.0030616324523
158.0751216309058
157.1914936267925
157.192675522062
157.2470822564984
157.2915806461608
157.4042081685369
157.04413409789
157.080167973935
157.3052818554134
157.38610591961
157.066276780251
157.7566603573617
157.3232760254759
157.3670965460326
157.3789030624787
157.6419150481248
157.3027015680788
157.6808238770415
157.8449912367367
157.0893783075539
157.5463236360869
157.0427505376612
157.4494155234821
157.2079369367202
157.0210011650494
158.5234480884684
158.2828839541039
157.2932834214237
157.3850302799539
158.4069945787572
157.75582240218
157.2361890321401
157.8331766129733
157.1581136281965
157.5560830469655
157.5494285808908
157.4378869349575
157.1732466737502
157.4108473740486
157.2930041736245
157.3143574807312
157.0984392554785
157.1061498827173
158.5325911689056
157.3082495642013
157.0312651603732
157.6102554952987
157.4731358957482
157.1290075600135
157.5602121467135
157.5753620685912
157.1935574641024
157.2664771306933
157.1446163627074
157.3361707810715
157.2251913978918
158.1957588598191
157.3514789886834
157.5003004528477
157.2062237024061
157.1376729094752
157.0066739893586
157.2169176881412
157.1447238439959
157.2718709645733
157.1155222864842
157.1232914444902
157.3649962771833
157.7589282671421
157.3449587854376
157.2505658377902
157.135536727195
157.0381805030954
157.7041860280416
157.4450848464666
157.1411746474456
157.9257966155166
157.0727497395909
157.4871657294021
157.1384476971452
157.4906292883904
157.1387633304361
157.1447203714566
157.2506003330721
157.8601735890472
158.9613109535641
157.1630119589079
157.2290181104016
157.1313801324249
157.4895937534912
157.0900711126975
158.6381383436795
157.9486331220324
157.1644566334191
157.2108545770652
157.3619619649539
157.1034781026733
157.0880263505213
157.3204746932732
157.1656614890397
157.3021087122622
157.246954380038
157.8135609464228
157.1331551907249
157.0035058562397
157.0673238574007
157.1113703580812
157.3450020116791
157.2816373827847
157.0213904403097
157.0826905204636
157.1753971497698
157.1152099402101
157.29540421086
157.7149576039925
157.0802288464101
157.0797288439762
157.5729896041878
157.1801730802162
157.0239236492555
157.0774404591112
157.3801228815828
157.1571745595905
157.3399635763716
157.4513627525904
157.5714672016433
157.2195000108077
157.0927955029766
157.3375122240306
157.5447019633568
157.3093744423033
157.1058210495685
157.1400022548071
157.1943385665826
157.3232554294453
157.3886480071908
157.2084555661789
157.6870772450962
157.0304328544758
157.6706140388249
157.4608374114173
157.0268164368503
157.3086470726815
157.3830858721197
157.0623531202621
157.5045482280962
157.9884554106741
157.3333814131868
157.2931278725072
157.4707981179083
157.260328470233
157.0217772386985
157.3145801926019
157.0644999200561
157.1901168681091
157.0593546820459
157.1809180527562
157.3658761695392
157.0393020930509
158.6130382090976
157.2891691620852
157.4572222067487
157.9475717034613
157.1357887304454
157.5888461710466
158.3296761064171
157.9100158986499
157.0605056514443
157.3396345786907
157.101928968992
157.0046931550625
157.5290619009319
157.371521224838
157.1832599317362
157.133165976089
157.6950724578891
157.2048707445177
157.6000857681537
157.2107735807292
157.7719896292378
157.1388321617148
157.2833792144943
157.0351225035717
157.3364361402412
158.6025503651996
157.1550068334468
157.0750689528683
157.3740750560202
157.1153768294614
157.1772711394959
158.0169315104938
157.2346400668733
157.2574092986426
157.0046875681255
157.1996725742853
157.400669870285
157.0094047438096
157.3972665791733
157.8710393023616
157.7269112336066
157.3188376860568
157.4296958465227
157.6363702137314
157.3021212643579
157.0467191906777
157.1524172817797
157.6259087108424
157.0381756068801
157.0244658508696
157.9182539706709
157.4293055839674
157.7495999371102
157.0631086507304
157.1031713246431
157.4836353560803
157.2901469409825
158.9963350639031
157.5056946985687
157.0462287352937
157.1460336797989
157.0457171385813
157.1077299067462
157.1925094461432
157.1453323852467
158.1439731419342
157.6012932699302
157.3883469053484
158.148125755602
157.1326449339466
157.0824194183439
157.3925751405
157.3495181994076
157.1458947442209
157.2211938432254
157.2310568066389
157.1409811298741
157.3304655718928
157.0157331809047
157.5552753292378
157.1784504762398
157.185387074718
157.1380932128733
157.3141010822333
157.2148152889212
157.0522742620751
157.0044682678303
157.0007291707437
157.4302807272605
157.0534883209475
157.0397498557799
157.2913491410825
157.0712980039827
157.1266437235114
157.1096694819757
157.9725713552915
157.2793896845581
157.0526279118777
158.0448771760911
157.2297121795946
157.7986691090872
157.0557968637984
157.1280903271404
158.0053910705197
157.0014170739418
157.1491493634629
157.3265296049235
157.0447708798204
157.9081310452744
157.2853610843148
157.0179158971984
157.2429341094695
157.3337417225583
157.6672130206265
157.5884391863641
157.1199942198201
157.2023343466051
157.1833230735236
157.0135167884451
157.2274259710221
157.1816153655758
157.874111951427
157.5916717324342
157.2408716624297
157.2010948112517
157.2855979081082
157.2730956726396
157.011423340177
157.3073265578734
157.0634527649655
157.0459971378743
157.3534904371083
157.742219740847
157.1886868055924
157.145354775681
157.2352154427734
157.2574211818682
157.341206375111
158.2572346871993
157.8737698405583
157.3908211946932
157.434050820277
157.7116353197984
157.0751429090391
157.3348969240774
157.4670383972121
157.1834014090921
157.0860444619571
157.0111379048343
157.5565517618289
157.2160556291104
157.6642934944142
157.6148589442401
157.7018047136784
157.0427437771826
157.7303069942541
157.0029938873849
157.2763472677943
157.0820361857675
157.1018325599555
157.2661745600763
157.4651968875302
157.760416466423
158.0457870258974
157.4290743256886
157.2712660089842
157.2380406907004
157.7000645000647
157.1581822571403
157.3917389944141
157.2447305914164
157.0615363995249
157.6735186681792
157.027085075285
157.0520372948906
157.4501799680636
157.1958479724715
157.4482469595292
157.3815535113712
157.1000033345798
157.1543818942916
157.7898493212457
157.1216021316924
158.0715777859811
157.4809277754097
157.0539904826244
157.3481660801313
157.0913087709023
158.1893896181205
157.1429328292068
157.0368126492378
157.6716461029491
157.3941042021165
158.2946884712612
157.0362583755767
157.8962229850638
157.1062102495207
158.7059389349454
157.0557496851279
157.3567928710723
157.3753674195063
157.0034035210694
157.2399579610526
157.5121719943174
158.1179811460942
157.0879125193495
157.6973619161931
157.5860730061991
157.1854116429461
157.1722579047522
157.2399355247409
157.6666834755653
157.6757252489071
158.6325638140854
157.1887636623218
157.2242463802855
157.2653201407414
157.6523208313383
157.2908768519067
157.1095623685632
157.1939361633105
157.1225559592656
157.3035648264066
157.0021035488029
157.1426194982205
157.1733818779781
157.536504337978
157.1881212984903
157.7962784143925
157.1015231056494
157.6021532754177
157.0716223620675
158.2085927627985
157.1553275406806
157.2311269402572
157.1174911911869
157.2267663353242
157.3363955775312
157.6030679594003
157.3247325298359
157.0611257363191
157.4177072144381
157.2014619245957
159.7150345393092
157.1305645880969
157.6338166791143
157.1453391037913
158.0976420352176
157.3686844148321
157.2421032875463
158.0179004850671
157.0191749553762
157.3849152466955
157.4828240023135
158.07657038325
157.8113195520527
157.1500432870274
158.0642125726892
157.1538974013426
157.6698014704408
157.0233365853391
157.059580592477
157.0571146526412
157.0122015576902
157.0935245374853
157.3041016263944
157.0376010982512
157.4021777408816
157.1238377541332
157.0728355587544
157.510064661431
157.1429237624477
157.5257397631016
157.2064124218624
157.3112633096948
157.0429859513152
157.2284270142867
157.2809080492512
158.3368296359625
157.1168201921816
157.2243137724658
157.4038630695404
157.0395104070288
157.309083618297
157.0557734282447
157.7634013178811
157.0665159710861
157.2965399706422
157.5061115869452
157.1637604585464
157.0163338155101
157.029839671412
157.3262743258487
158.4263258484091
157.1125596816326
157.7432353474177
157.4559103772305
157.3117745332419
157.51113157621
157.1612792843948
157.898108689125
157.1494194605407
157.0657023217269
157.176886242378
157.1568480033736
157.2508087099494
157.0089208125966
157.5504678298489
157.4246106269938
157.4027676310302
157.2908815204218
157.1117682954837
157.0407090053785
157.3229464528206
158.1662482788842
157.7582052231715
157.5037372244331
157.2922652330541
157.7426688644786
157.2362039081262
157.5648058951294
157.0444659596571
157.2848344629815
157.288852231757
157.0803250701213
157.3174822352795
157.1137902992644
157.5295259631226
158.0547931734642
157.5186241840094
157.0511346165633
157.0752733581251
157.0025327427839
157.3244068671224
157.0146483813947
157.1359014403714
158.1447484186036
157.0398275447855
157.3123200550909
157.1641913220695
157.8614931249973
157.0216777981092
157.1428005820092
157.1067031266482
157.095635692152
157.2648762032024
157.7332517330801
157.0166216391877
157.1371821265328
157.2016420802578
157.0614728115741
157.1737645387493
157.2322144077637
157.2827583570744
157.2845719141487
157.0614314866302
157.3038219475472
157.1558296559853
157.1906199909058
157.3045885205721
157.4472318302433
157.2941679837485
158.2357070852613
157.0360555996417
157.5130261741362
157.1637038594189
157.7508046237144
157.0564641995295
157.6366928295022
157.1804292756995
157.238719685081
157.2903040693368
158.0659471012231
157.633636888118
158.1269442158616
157.3180368869647
157.2236220102456
157.4462517963055
157.1620306926288
157.0029415585361
157.9326621172977
158.2428123979713
157.8034718299276
157.2409287257427
157.0606667481588
157.3317509460608
157.2102293449224
157.041469928607
157.1507855184786
157.272466019055
157.0574788904121
157.3007868413502
157.0228007055936
157.396082997493
157.7630473442235
157.2008558788158
157.0392179694092
157.094449011139
157.4292337521761
157.457897389725
157.0629018968189
157.7619275468633
157.2491710594027
157.3646005301712
157.3159673528174
157.2970937061448
157.0941148690677
157.697647715639
157.1058209066218
157.7292194203812
157.2237904246225
157.1795360867759
157.0190066688631
157.4827665859473
157.4674710653822
157.1656076187465
157.0317076489686
157.2451141642175
157.1003288690726
157.3004697954492
157.443231632092
157.2708564081469
157.0947472724709
157.5481962592592
157.3416665862618
157.0183056380121
157.1334644220077
157.2818477215675
157.3424862895285
157.4153308972789
157.6232780645644
157.0345214822163
158.246611741664
157.8651141839044
157.087191340963
159.0053618936121
157.1851887494089
157.1653391996016
157.4707374058873
157.4041431751962
157.025054177903
157.1050104205555
157.2060896045876
157.1222957803651
157.4013011795828
157.1098131077528
157.405488838078
157.4156942717418
157.0119940030592
157.0353638107043
157.2001209511342
157.3080057061654
157.332355731497
157.0230064700388
157.3237904188435
157.3579157046454
157.2481035813284
157.7310299668257
157.4951539641154
157.2473466356602
157.489089962391
157.25915047889
157.245318375324
157.1206830203011
157.0069248709742
157.135580416104
157.4241290031671
157.4473543536911
157.0531737048183
157.1577819096273
157.2861479304674
157.5181504837188
157.0134366672393
157.3180270216295
157.5758760524518
157.0798819408884
157.0378062983211
157.5886574407007
157.1962616211428
157.1218068087026
157.1437208382455
157.0762325508929
157.0838507097119
157.0069580993106
157.4298693671852
157.193978550217
157.0247689143393
157.1089388769181
157.0450376595969
157.1326268519695
157.262620788203
157.1210818970954
157.0183642353703
157.6617603308609
157.2736395920235
157.1969532666519
157.3021808826756
157.4845681546508
157.0544540048201
157.4145283622642
157.5989740312117
157.5647636169221
157.5535207984504
157.1436373779659
157.8936716820292
157.091076763235
157.3477812510289
157.2204501318379
157.1136588536118
157.056690329508
157.3730034475583
157.4460942955546
157.9177714500482
158.1054921424771
157.1732445310006
157.1351556838988
157.0550683026112
157.6267477361556
157.0457536507
157.6546169177365
157.2830491116077
157.5283896663631
157.4962074249521
157.0796001087676
157.5990913369218
157.2171854462069
157.1576127035698
157.2752688285632
158.152849829016
157.3750428280425
157.0540887703695
157.5019516498269
157.1206106167683
157.3121923233932
157.4633991605844
157.1391341826684
157.6009284901448
157.0118444317741
157.2085127640185
157.1530325719631
157.3830899122326
157.409854756254
157.112020544134
157.0257343004644
157.3659394182725
157.4554749436091
157.3323054187896
157.4039731423494
157.3025422218003
157.0327114050685
157.0314782587552
157.3254324514519
157.4946573063617
157.2128566382121
157.4819551771531
157.0822931012833
157.0927357114652
157.974020891134
157.0783666728555
157.0500748227016
157.7172100489092
157.3874880060235
157.0586671681753
157.0240370638863
157.2778719153574
157.2622974357869
157.0048945733552
157.0078413607269
157.9170098829514
157.0277731383929
157.5621392642434
157.218472633516
157.6020592039348
157.0189077060545
157.1316005778786
157.1306230869725
157.152932565226
157.5759546304886
157.0733770503529
157.0913703259232
157.0373637777041
157.0460391234402
157.1866422658754
157.3203353557651
157.2224837858949
157.629569215134
157.0004136324062
157.1361120226166
157.2094620809409
157.5623744175564
157.0365687839909
157.2725868731098
157.3480180742217
158.0383382409953
157.0467706894857
157.1634343949428
157.2151239742626
157.1656561615595
157.1401194418033
157.4213763586143
157.7259735352335
157.0619879615714
157.1526139066373
157.1432643641316
157.2828929202356
157.6553865787036
157.0852687398953
157.1768612493172
157.3731514134218
157.9385593169517
157.3535835658352
157.0734874141027
157.6664691971711
157.7203494414552
157.8969023675357
157.2501582440888
157.4306704617316
157.1215902959389
157.3056975435335
157.0050915060869
157.1518729514186
157.6220774973375
158.3694594694648
157.091611062687
157.1563844388733
157.6645832548095
157.3665126518531
157.2199228257286
157.1868428336792
157.048809645353
157.0728537042815
158.1637268012562
157.0318088583124
157.2023087783275
157.2106472844298
157.2232380417329
158.9424850858059
157.1432492993625
157.6233483673737
157.2214161016145
157.0383796603269
157.783390808245
157.1498683300511
157.1621732413656
157.0043777966535
157.3913665559097
157.0172842485022
157.850395222646
157.2461548978608
157.0560749164532
157.3959179997784
158.2641380962358
157.1209432061214
157.2155274553339
157.1382277926671
157.6723488195569
157.0576087517234
157.2679491811323
157.2249652712169
157.1980885027832
157.0815254325859
157.1158512869322
157.1979911060552
157.3625357087004
157.0893675081805
157.2076234663295
157.0604095676633
157.2429787285969
157.0818466746148
157.1544796315917
157.2596202664405
157.9414172608933
157.3060815077388
157.4544815955228
157.284918551919
157.3169347104761
158.1679990685856
157.0500742702203
157.0748901994593
157.2783009775219
157.4675881034803
157.0325707892541
157.0430654475321
157.4831985801273
157.7345311522467
157.0600820280187
158.9987636434435
157.3555294007352
157.1523083873295
157.1973122819514
157.1911508239945
157.2587574894681
157.0807782963208
157.4324760306268
158.0061448646567
157.9882643941456
157.0405247715966
157.4776245190827
157.8063693754979
157.1865483939897
157.3514304283723
157.3260177273467
157.2918987271772
157.5050494326891
157.6277836381283
157.0389445901278
157.8245430435551
157.1988614699965
157.6281915440465
157.5662575971442
157.2464021176415
157.920941539197
157.2500828551232
157.0347359977749
157.1903178865298
158.6094332339435
157.2020971433782
157.5222486541378
157.2922676413327
157.2423447908121
157.0447843711441
158.5265739472782
157.1202006421252
157.3075954606424
157.2880749404573
157.1580884628242
157.2813975740689
157.9318439325012
158.0624637544572
157.3282425733999
157.3665797230283
157.178886527484
157.0903884372031
158.3577212733733
157.2415585712869
157.1768285256185
157.5424971694519
157.4321300042518
157.0524661083448
157.3096691371152
157.0522476095099
157.8224069471138
157.1155152024172
157.0398785745791
157.0768218284577
157.6381680243468
157.1938780429957
157.2002353589585
157.1911716678925
157.055853268554
