87.1804628493798
87.3552180592275
87.29025423009419
87.1930176404744
87.21102011644201
87.05834371074425
87.1634988520091
87.15264601331458
87.20617448023903
87.14320916498538
87.05055878853018
87.46257631337282
87.6191833924566
87.08881483842028
87.53084567186822
87.72245606251265
87.35219309027843
87.66455504557966
87.48053655142631
87.08960624983825
87.00074573100035
87.50231495319106
87.26329858853573
87.01723450931829
87.20555582720775
87.05031313145618
87.7747079215561
87.54195504664591
87.09342686937664
87.53060550807149
87.40045240561273
87.23966265630136
87.19042120720283
87.09000846355592
87.18755039344697
88.2914968929974
88.31930300108323
87.13240018291218
87.53328333270908
87.44767469004805
87.26601065653203
87.93830747167458
87.42168579709092
87.63396923499678
87.04685067815406
87.40379732322691
87.18970655921916
87.42541928068249
87.07872084297296
87.41440133200433
87.5569094339989
87.18078736864432
87.4976544710881
87.14857544893208
87.50163510090624
87.38942437322235
87.88201964211973
87.50814167664745
87.43011671298842
87.74934075188725
87.57076941547741
88.1598595062973
87.3110885188928
87.70611705229264
87.15994940389803
88.60649190873336
87.02143864276425
87.19531782266685
87.00968232122723
87.1924020243963
87.22597338835727
87.12677932819467
87.0264213408977
87.00518372289999
87.2354446819657
87.0784851632894
88.0542295409346
87.749132235278
87.89089029044905
87.41880933100708
87.05935074587491
88.6952856808536
87.59287317642175
87.35371047137505
87.12791830230017
87.1241241478474
87.28579897347038
87.24661207838585
87.16200257097884
87.29597551748175
87.00209763430804
87.66332754583968
87.00176019745217
87.16107089923148
87.06308388243545
87.0493823024592
87.01472944866954
87.24683855379125
87.39746576909607
87.38269667726725
87.76543684526365
87.04039654821129
87.07378328873821
87.19241366422865
87.35812133991925
87.70168667341541
87.51618616469949
87.08861370535676
87.5801575777866
87.11057978225226
87.07250969274222
87.05005849100567
87.29834991233247
87.1579734584753
87.20467579600205
87.02194774435908
87.21525343134773
87.28000308971932
87.01046194562608
87.11616166605718
87.06716088603473
87.103805506703
87.17599132887042
87.79474015201295
87.78532405669857
87.54037971077283
87.23107199919833
87.43663513078393
87.3722103383986
87.57054923164479
87.21005836115636
87.8717054106341
87.0629380637573
87.17604897450435
87.16198943350805
87.01117360163907
87.33268036163827
87.00941185526278
87.16667916729764
87.13371428592515
87.07952858331208
87.01460235486572
87.64793197945416
88.2894165040025
87.80483411720067
87.6720101282625
87.28693159986464
87.00677330268228
87.47260578949667
87.0480148408068
87.23620208080196
87.17251507657123
87.30834399567334
87.95388019903989
87.37968318182479
87.29593919718107
87.31127583848513
87.58767123759569
87.5240570062666
87.1513445638002
87.28755723138013
87.02483460766943
87.16615541938826
87.64888704531543
87.36647833410103
87.17902284947151
88.55350776987369
87.30666678701503
87.8901013648413
87.11203114827282
87.37624279908444
87.30866337421266
87.07315712031891
87.69112420498416
87.03306567167233
88.0300909589463
87.06481004361667
87.41756384172972
87.17487790848249
87.00075989390267
87.07388982914391
87.29782134079161
87.59189512786597
87.05910500511614
87.55009819984568
87.08960441487514
87.31947861108873
87.86680533599385
87.13272839482565
87.93480301068145
87.11949657084544
87.45851644327593
87.06148435289926
88.07217096396961
87.3106199135652
87.5728761627963
87.62286437039002
87.24183650609059
87.26814228870946
87.20434271083373
87.81084978005788
87.03292624308573
87.03546039178356
87.08239541122997
87.26576812015841
87.50999865057506
87.16157562149766
87.1149216072102
87.06675466615752
87.07461574378421
87.57416973161025
87.08487057351506
87.03132401994738
87.70494872205263
87.18240050967127
87.1887766862219
87.161821520068
87.32425666304547
87.19566497409298
87.26369714758438
87.06109878306164
87.10010649677625
87.38299845541911
87.45501248108512
87.29155774656851
87.65607217145043
87.73467367980128
87.46426493458746
87.63568399658513
87.50114012220658
87.07651135156944
87.05570184331175
87.1011126106164
87.29920447155138
87.15300874820429
87.1630580317541
87.30310787675516
88.0164017764902
87.11853249331709
87.55313039586972
87.27780036922131
87.8705550295826
87.01709515019186
87.02054672031298
87.04781300841722
87.53746137798915
87.0293762165698
87.29161223516891
87.46228045486859
87.01112469879259
87.23526956618375
87.06667149849213
88.3485569614197
87.2596066645645
87.06827271103133
88.29344160786692
87.1757882908972
87.09692125221625
87.1156536142866
87.67184464865596
87.03136421523239
87.14593334895798
87.26078540130882
87.46595385922426
88.484493729869
87.39544929068992
87.39838317128837
87.46622121454288
87.41884385892638
87.11945379885636
87.01636927637959
87.08622245914967
87.77786541202728
87.26920070278278
87.07920430911275
87.3451456746852
87.07805849723036
87.09894861568483
87.30872697279942
87.04609124134149
87.12155308316359
87.24137854809659
87.49125149251019
87.14167712427688
87.20091344163455
87.00493960327651
87.1349693583432
87.05992510457254
87.02275263358035
87.02213131535763
87.11948554041174
87.23878801500072
87.03949620581287
87.15519253133884
87.19790621424809
87.62644172241687
87.0280399433548
87.28917762795714
87.03719252435215
87.10856886541949
87.1190749642859
87.02375935112676
87.20961280271281
87.11946880153944
87.46390781351374
87.30649053947415
87.54689246750412
87.38942523364973
87.08511124214851
87.1465268696862
87.12367440902973
87.11858727643863
87.15856087077121
87.6664269510877
87.30477165574771
87.44203908053126
87.65772799096982
87.04903728257078
87.21037257108762
87.13129843108834
87.23150475327432
87.50451959065883
87.16619571282612
87.53809012760837
87.43779619007141
87.37913658309925
87.0636978250881
87.04470967182095
87.14710543468995
87.07505780717256
87.12354258513352
87.00660664713496
87.20334604570519
87.01004874557309
87.15657532097092
87.81275289682023
88.28500126081428
87.11239562530282
87.8282484146841
88.1270347134974
87.1030602900084
87.08753008488571
87.1259249981692
87.19098397592502
87.19612716409891
87.0505458230817
87.04260837051505
87.47503443757824
87.04924272173757
87.00868665575396
87.01702651683564
87.00589483996185
88.05522203951556
87.40699655767602
87.0593530951442
87.0526928545887
87.01008240560407
87.01875420811871
87.02622361223811
87.16078219955091
87.13720945965794
87.06529713399718
87.3323156679911
87.84310936577631
87.73922428862473
87.69945768968265
87.01166621802913
87.24245941335988
87.096183142035
87.28797020126433
87.09531864688296
87.01971768909405
87.11964314944436
87.05902020914515
88.05405756787442
87.07584449840395
87.16552062391506
87.07041691404363
87.41889686368843
87.37617433458962
87.13735852316728
87.8154104363015
87.48462475730712
87.02469315040165
87.50135878725438
87.56120876096026
87.54498121050351
87.03499112141894
87.14870318635941
88.2902490444567
87.23236502569645
87.2988582519554
87.16237735637597
88.37238056372588
87.03720373129167
87.5321858769249
87.5380319214224
87.28097116942487
87.03514582127406
87.3330069401424
87.06555812433494
87.88894215967103
87.42964118368809
87.38914276850214
87.00774922933302
87.89386154090805
87.65067653431991
87.04695799908576
87.04099239007672
87.18699610870401
87.3658104586689
87.32581054026029
87.21551745891007
87.33671058491015
87.13326713674795
87.0792307453015
87.23914225425389
87.21835369170252
87.13205128844072
87.0982087629207
87.95278279318829
87.0975197252804
87.23826373043966
88.08480507154135
87.357484796093
87.17869022965658
87.1336099985935
87.9013561621505
87.05687425175785
88.42347652224709
87.61181417336017
87.21318236773831
87.7963345161602
87.55392327860388
87.02364211507253
87.04014941266205
88.1434905575008
87.50470116169508
88.62166830128007
87.73453699785874
87.4124439655884
87.63702550508594
87.82335520102853
87.00297810081983
87.20956869481685
87.2791498090978
87.42931048816831
87.64537114245613
87.18424958447405
87.35711957051751
87.14315419077475
87.0897263622197
87.0891846947801
87.24241765342727
87.95266946721522
87.25298269289824
87.02848445100996
87.26535875996984
87.31090265847602
87.44908762736381
87.2247254245381
87.00370507129723
87.09231879205046
87.16380307372464
87.58329245479148
87.86166939892715
87.05998297622051
87.86775216466671
87.31875324756122
87.43704651762246
87.13480215588355
87.03457605661346
87.34168512148776
87.12999045455425
87.0147065879198
87.07947326619374
87.1065512153744
87.2821712919132
87.58181197090394
87.08212828957713
87.20225385889576
87.17592400313598
87.09707350595048
87.02508407811877
87.76623303987965
87.0513585783798
87.05330446758208
87.33308296485046
87.11492615618326
87.0060993227397
87.22818144453129
87.2610573761805
87.16179064805577
87.00192702954261
87.23941279699619
87.26051225188054
87.32194694470593
87.10827919133939
87.14817945175844
87.53279691633585
87.32737976323851
87.0431169061231
87.15440047819601
87.07737946523545
87.37809874923852
87.06864766556436
87.43248618568313
87.0065601278855
87.24148434339916
87.22383454004532
87.20083439682222
87.11818269595318
87.66521008447872
87.70271186732273
87.10022346914485
87.86442956529204
88.96799498812895
87.23604550438951
87.17530549158022
87.09904502733576
87.00674041676636
87.6552834734438
87.17711772852846
87.72077700057497
87.94317815795604
87.17572928664607
87.31589875723475
89.27774415572071
87.79284871193482
87.01096045934776
87.23970878822219
87.34625282586447
87.16418266044042
87.16551446305124
87.0171450511406
87.20269959138496
87.22238231094762
87.06984570197935
87.33097556130001
88.19866678993068
87.2647929754811
87.38620752640072
87.7967645073914
87.06410056221615
87.42896230119555
87.30451677924374
87.46467580687312
87.38662923624435
87.45292875753437
89.58551531753342
87.54258092001108
87.17268804136155
87.23927406794563
87.60929153740223
87.32350722754808
87.38243958788087
87.24161057697657
87.73447322076251
87.11204374605437
87.17861291762911
87.44544729256056
87.4322329433379
87.50065895685806
87.09083198815053
87.38496442856274
87.02248882765002
87.1282544174685
87.01213644322654
87.50037517199019
87.20236327613411
87.35205556926573
87.19483336802354
87.81456254962428
87.2203186584952
87.18481057171284
87.56983278604912
87.38946067486368
87.27697814037536
87.34895990386453
87.21829031918725
87.07741432406245
87.2806492027537
87.34216675493536
87.26548341390081
87.1459585338804
87.78595387572254
87.16151521703401
87.07062346971455
87.33446160709704
88.00575920619305
87.48318605238677
87.23666417941499
87.09044989008679
87.27633358731711
87.03521430993186
87.02697174251054
87.11886532698024
87.0622725102577
87.44777089951857
87.31278681060107
87.10532984310082
87.51282222743227
87.89365374712085
87.46907258908853
88.14908286290218
87.48274438887236
87.43141717740245
87.7041300585055
87.23925910587815
87.53299181367184
88.00666820951717
87.25208648632838
87.16876720281637
87.46217189601948
87.31954821286875
87.29820486333492
87.79551545172917
87.63016126242631
87.37332366515388
87.0140270645111
87.30541445689894
87.96638561113018
87.5818868398281
87.68039495687495
87.0127871569839
87.34282199523504
87.00259776789149
87.41839585675827
87.03843075287776
87.19370853711015
87.16268933463584
87.08230342850052
87.38011218477452
87.24561853952031
87.40654358680507
87.05514490718726
87.203186221116
87.05785815880087
87.3495429827155
87.48832407160745
87.0968222780463
87.46625024387978
87.45335284120387
87.01373840999564
87.42338649228749
87.0920167579914
87.16478022543653
87.61460746489648
87.25158737748515
87.11553943260867
87.18015734598362
87.37390848506065
87.39495048616396
87.16244651512346
88.08353190870994
87.05000927861353
87.48812749065291
87.73592406575895
87.17602663534977
87.50655593895735
87.56805553665193
87.14978633887165
87.07632113597685
87.48625120166744
87.63816639893186
87.18183944304147
87.46419585649787
87.09820824279342
87.01170514011233
87.36899818702389
87.30597080257132
87.80058187200551
87.80985959824444
88.16778418165921
87.1206749843655
87.00872210316152
87.31345510409564
87.09419630590453
87.81162587295127
87.10111603352108
87.38014897994347
87.54831328004117
87.10658069075265
87.05260302213249
87.01488968232688
87.45925934862993
87.33583877015069
87.41223020288005
87.13745499112223
87.39581596551172
87.68280358258727
87.22900333363997
87.01606472124847
87.07254484771394
87.52656933356614
87.00098726033912
87.14376621180875
87.0530935800332
87.08258818716996
87.29500995862611
87.01906839739013
87.01174256195713
87.09340455299682
87.42051377025825
87.62187706734024
87.1215476369591
87.27107780334015
87.20481828124464
87.03197018744189
87.17889446385256
87.18150659516935
87.08181643326533
87.11394964933831
88.13188180993774
87.14204371171206
87.04539115819897
87.28183073302286
87.83412465875219
87.02205581317952
87.63688613439064
87.0117171116925
87.29792014763171
87.16834779356714
87.349740616974
87.38984348001318
87.73108250141358
87.97430713166287
87.52859078086428
87.38728429224153
87.28878424915452
87.24481529751617
87.01474080952751
87.11751171366402
87.57115186530257
87.48568797936717
87.38979483024627
87.5491590413285
87.32845235317507
87.04911857085742
87.02853594030813
87.16673429060683
87.00386760486224
87.2360046171926
87.1127097448382
87.09703235265579
87.72926400197468
87.7795291939646
87.10958494812589
87.10395529171005
87.04385056606164
87.75379776296198
87.17545979910952
87.03165617041677
87.14237058585749
87.00112895227215
87.44705153650976
87.01760019266119
88.4951967864243
87.87756711412675
87.34052076443247
88.05974379705665
87.16451861866574
87.01939339871987
87.03350015756182
87.2617806345276
87.22959598445497
88.46686055271785
87.31007391281503
87.57034456780366
88.01391073908113
87.3052228037489
87.28932948108388
87.10445644821309
87.14217926358799
87.2820489452225
87.72111196288697
87.46797240829002
87.06043247581651
87.40708075846905
87.58415150140125
87.04918282786564
87.0520960471831
87.21857098928729
87.0339480037013
87.22509877087987
87.10317806412004
87.20371090882925
87.11015492701273
87.07258436602406
88.37585900841239
87.48966100560094
87.37034750356791
87.0594012029101
87.30722732806723
87.71738217945166
88.37468779480216
87.1328196860155
87.4714978755669
87.39892422310437
87.06211118912987
87.7210448150413
87.10920691394435
87.143693969398
87.00968226680624
87.48419829027426
87.32284369447669
87.11266464683224
87.04307751579518
87.12952979256632
88.14000299010594
87.20784761980066
87.13916788847268
87.30919020864614
87.20477128220392
87.16461200997551
87.47004256241723
87.23547261952741
87.30543056946529
87.55089696363295
87.08908770870778
87.58151834615624
87.42896346065581
87.36167919962476
87.0402515241704
87.07338795391031
87.53321770282189
87.2224909305973
87.77040775610591
88.01746976835122
87.03196267745857
87.9570866872491
87.31355105235254
87.52483985619557
87.04203918962726
87.1554470672178
87.35128491083226
87.43188771421947
87.38639697552469
87.45916535228004
87.03548964854382
88.30103466088784
88.16157934136045
87.81081813889625
87.20558925349458
87.44921875370684
87.37777227928247
87.05561166570101
87.16445251517484
87.53429824627877
87.70866063988045
87.34575848322697
87.27306816475802
87.84630832108557
87.1691613943434
87.02040959910453
87.01153784834858
87.00946053750995
87.43549003418258
87.35585103562447
87.00784142376196
87.3913616925046
87.08052453631853
87.06667470228538
87.62076626022943
88.00607152443322
87.44221111176
87.07555633003871
87.1209033771083
87.26064706390164
87.47928856922817
87.08573142740512
87.17155227676544
87.12450397906203
87.10124437209856
87.53838404762793
87.13203082851724
87.6864998184291
87.15648003198476
87.80050997879567
87.06282651850492
87.00269558429164
87.28154300565815
87.06323709980319
87.10406644719872
87.12848324544038
87.90372743679735
87.9412952961216
87.01880546687623
87.34364252202562
87.18920793604347
87.79007094418647
87.0209775375908
87.01033433494577
87.22326152082229
87.12413809954847
87.00648993893428
87.30109478033667
87.84541056738362
87.15545230285053
87.37826879522292
87.1868337194833
87.76581754320931
87.98096328032756
87.83212083610297
87.0245139964686
87.00990313666743
87.14576691203153
87.20073067448834
87.37991693924212
87.004522665397
87.19234763173758
87.33523488169389
87.3015693972489
87.52414937457415
87.19968819957658
87.34163258130113
87.0795344824522
87.12808289417534
87.95516512322045
87.04861243774235
87.36619015622897
87.68111253842221
87.43031249309821
87.12550983263337
87.63446092879062
87.41704265034525
87.84175925305074
87.73481724342355
87.67933263137166
87.44137776268298
87.112769653058
87.2785084601515
87.45891469030659
87.15417498625261
87.29777192273984
87.17932283920155
87.41898507382356
87.2594510713688
87.1670440064869
87.50160404906045
87.44647028300248
87.00966700740337
87.44281292710713
87.70063155928788
87.96662413992364
87.21010597892796
87.38008055550904
87.4777813483866
87.1889502199223
87.04848853718045
87.2588851121099
87.14584266781088
87.5958910596232
87.05024760472178
87.03023215747565
87.10010759100713
87.10865153032543
87.25459527861389
87.9888030090297
87.35053128801006
87.62464203194791
87.47067612234981
87.41856444560551
87.36586701286909
87.14957519120561
87.65350730162552
87.13738705298147
87.18007058377383
87.22310353353645
87.01327744426676
87.07183611463073
87.08171350964959
87.36640411198667
87.06828653976703
87.87287139476129
87.401711345945
87.1913015708535
87.36896021289918
87.06200877303056
87.39680353424389
87.02845460898942
87.09859325270877
87.04922990035277
88.33115925722458
87.12446808974492
87.2475527538171
87.281702876078
87.03290964819764
87.14605546881985
87.05317453993237
87.79551901204427
87.74548431474929
87.12464183168598
87.44296089341658
87.26915361497076
87.23204996654883
87.05885288427768
87.02624302868796
87.01218954209885
87.08072105480811
87.19615702475444
87.6388321417796
87.10000011976548
87.11543051806426
87.06135607730093
87.00966092210695
87.47151423192336
87.13799847142606
88.26029891662975
87.59560371893595
87.24603787100534
87.24122157504506
87.01881822968886
87.50564523608953
87.62191023212759
87.00247458686341
87.80519614380003
87.34002797593102
87.88080703738041
87.45946081094462
87.22442258940004
87.05205012407146
87.26197445176035
87.02396591079302
87.2289457330237
87.05985036078246
87.25159209237108
87.47291600980667
88.45888241934317
88.00302999782215
87.3190195341435
88.01244188996107
87.24183149290032
87.4928470521392
87.07206765738307
87.76713693232462
87.0649800320012
87.57936440312078
87.13712326393959
87.06404852769091
87.07826352207051
87.13796688554908
88.07983295304281
87.79147417239939
87.09979379245571
87.09919632691506
87.31990760503616
87.70602961244609
88.02458988689824
87.10753789425227
87.1578949669228
87.23056198711917
87.20841641402
87.22427901539521
87.71270108174126
87.75805724737629
87.06138606457615
87.1763910061597
87.37866850970515
87.0226837776879
87.08197734995875
87.1063227257776
87.10901328115645
87.06210062293972
87.55806487440779
87.12237879418069
87.1970456305397
87.02511239269012
87.09972006816777
87.43890629927898
87.4111788222211
87.23604916723255
87.18848377092506
87.9359563839997
87.05960743382299
87.01094521137294
87.10783309150533
87.06411725560521
87.00143471042124
87.63160000015084
87.31858429239027
87.38786317824605
87.30951501028683
88.00893974538467
88.10344321348566
87.13206840613306
87.07239346151317
87.01254545171851
87.03670827125914
87.11439883447723
87.53676985248897
87.24875398492094
87.38550118637308
87.52257652263977
87.06851302540852
87.31944069315303
87.1133226000966
87.4260866650355
87.05058165131516
87.03455929727842
87.17026225624821
87.00653769100309
87.0098119425056
87.26471076647239
87.20068438679608
89.33304019001781
87.25035624435317
89.22557208512545
87.13807715802291
87.00627620272296
87.63285808973514
87.4142604876488
87.3044641879088
87.26553094106094
87.57393004586852
87.00305671492916
87.01724372699573
87.07308979109585
87.0853343704737
87.02793795706015
87.33869903580769
87.39100439233503
87.41289763041901
87.54997862781606
87.54931963405544
87.09182533824004
87.37183967523521
87.06799131057859
87.06235846040575
87.17081731520302
87.0772715845993
87.0914889151924
87.03876801371116
87.11448019130677
87.50969927516918
87.14695213543915
87.0663467573085
87.58476700791151
87.04060682442962
87.07511152679577
87.32926845624006
87.20700855286746
87.04606468418937
87.00238220123533
88.08085363220576
87.06869923932642
87.5350838036287
87.190114343933
87.75276407443626
87.62459988535686
87.8036379715943
87.44321574394019
87.08537311080406
87.55388248186925
87.09103741732304
87.30678206124318
87.64279276892495
87.2166078595815
87.08849609486383
87.3792840824973
87.03469410999922
87.83751662749519
87.14123767523695
87.31671573378063
87.81069983465339
87.09618130107353
87.47149977097395
87.46103913136648
87.42735305232924
87.36108946415276
87.34500203263521
87.52619279322005
87.18188459259483
87.06616162080815
87.20176279541582
87.25862206803826
87.17727011691916
87.22241104192284
87.29940192506822
88.0987134570773
87.28137243781906
87.79087464173992
87.07748127479046
88.49779919572848
87.47340086756354
87.85625129137631
87.29894262553039
87.11861055015602
87.03378288366868
87.27437140207113
87.09936774029389
87.05253325437242
87.08805100099146
87.04779106576161
87.01433016951496
87.0662288720283
87.35608769854825
87.34789483422257
87.74286901231605
88.7965521424025
87.32684621015707
87.79382670867057
87.23164452866897
87.06822105337059
87.89843219741445
87.15629404588321
87.31994138861974
87.11383722935511
87.62717965848012
87.06458220628949
87.0990837889974
87.03644750186493
87.02898633492487
87.32703051124666
87.40289484028578
87.32076594372644
87.19050550793352
87.51588139655888
87.15062590428495
87.299881644838
87.23811652140354
87.18744157023743
87.27129364415755
87.08204219240574
87.36285537899836
88.87652425543737
87.0494535528838
87.27768535997123
87.12932640827212
87.28198726867495
87.6757629196823
87.3042040646439
87.47972524953754
87.19650834727453
87.05221339130722
88.05322715502305
87.34220258054084
87.02507062600897
88.16042963952319
87.1850727348742
88.31692576792487
87.91805189166642
87.09107220888134
87.07648837154673
87.67004818415512
87.08081265711911
87.03099319861927
87.49486055875353
87.16268892898225
87.9476178223106
87.63224492061445
87.05845570620252
87.09286670845123
87.08638095218436
87.1482660645983
87.45426663643492
87.359992736084
87.12848500225121
87.43184696130616
87.13249440175208
87.06447858288102
87.20042429555568
87.02470243184098
87.26857334965239
87.2296505402471
87.20430291698257
87.13886750754155
87.61671522446308
87.01035571559493
87.10623180416869
87.51656202706054
87.11235734616511
87.72333888690352
87.17845735036369
87.29937062373689
87.0322247283907
87.42350575599608
87.30477828404075
87.00320177906826
87.16743460217145
87.1975739538969
87.08201400802913
87.07240412341122
87.01378685585523
87.06839152322937
87.62171818016778
87.94016147124266
87.06132285953507
87.6909923249394
87.52955009454004
87.49329972646254
87.14422264694372
87.08653598428359
87.32421631281436
87.23940466157558
87.21309840414551
87.17331542994086
88.11154458987987
87.53633163104826
87.46826310043686
87.12339768740142
87.0886642234326
87.00484208359437
87.70317629237154
87.01602743824711
87.619498375692
88.49199651653166
87.06800492682456
87.1525833488821
87.09274024807029
87.1835672434023
87.53361697021342
88.44836785642255
87.15257658069041
87.00749319856165
87.7298940895858
87.34556699667706
87.07620466761661
87.94632918747155
87.08405990759701
87.31720627678999
87.03291131490705
87.05259632187557
87.26736705237197
87.98657451891604
87.4616543049886
87.61697930256697
87.4263230298215
87.40822946376399
87.42558333586663
87.87353100557809
87.20951949328372
87.7195882908341
87.2631977063515
87.10059361023447
87.0161103938121
87.26807728448706
88.43100076083167
87.21108897809685
87.20647375195519
87.29466173215467
87.19289705768514
87.29106970535705
87.08101223618593
87.60548450439568
87.24173274061141
87.10406627301224
87.51577948591449
87.1298605464239
87.61678253989525
87.43747665047087
87.09497866458962
87.21647911606361
87.00850784148194
87.30941004219513
87.09826356988864
87.34670716606385
87.61431419962317
87.0223777184063
88.88192377869358
87.49785248608025
87.05120161869058
87.23612707199845
87.02750456570251
87.37983809618737
87.0312603479171
87.11135262613766
87.2169728585741
88.20253525295787
87.21176331325384
87.10266762800954
87.12719367945208
87.27044299345248
87.2247645911609
87.05742435261342
87.43083893704504
87.6003177068436
87.33993645669332
87.04533718882749
87.39941212149958
87.24757725611306
87.0507441819734
87.06076803118114
87.40149360629631
87.8478722607552
87.16082358505027
87.238585424212
88.34962495811233
87.31893622213072
87.19827097520866
87.13744931490712
88.49411120711018
88.05246722900903
87.21284240458493
87.4117065379775
87.32214315999202
87.07270852352943
87.00974886153979
87.0308384835244
87.06947671250529
88.40791436945604
87.39939587950501
87.33550913505147
87.37127980762011
87.08058956793165
87.16159713361792
87.39639542400872
87.55181621739831
87.20919849521748
87.12811549254822
87.39267583813154
87.05050076906124
87.13287140921189
87.50626323744714
87.05730981499184
87.11796610922151
87.97113076971551
87.23459209118984
87.27050862441455
87.3174323925605
87.25327846932231
87.93848865077837
87.02643796310902
87.96550572371416
87.5629494625159
88.41883031898465
88.31985024330118
87.14399768563969
87.03848734519578
87.28089514761982
87.51675637145335
87.15387727430397
87.15899895696403
87.2086848847219
87.74091361743258
87.11068724362549
87.13734706385249
87.11859790497398
87.19032426063855
87.01926438416889
87.00548659552932
87.28290391098811
87.11743421290903
87.31881714770996
87.15138952401249
87.58936463309931
87.09061909644169
87.07515245216707
87.20490931446876
87.17097005444195
87.93127808457523
87.0090925069319
87.02585518956151
87.05859845089232
87.51425466945298
87.0332901020884
87.36783557053398
87.17603915537566
87.08776898873332
87.07819246323004
87.3663427444959
87.42644999930546
87.13784287149748
88.14097576197908
87.50287125292627
87.19257471858482
87.36553839173403
87.14041368862136
87.04181440488107
87.17204084072736
87.37647126691444
87.2883366998996
87.44189520124213
87.31987321364949
87.41172962036698
87.11204226410754
87.1448856148285
87.16585636462234
87.59347454808263
87.75581908312384
87.06503559394714
87.28409436837573
87.10279405896728
87.66660971079418
87.19178473788514
87.31074002864787
87.6284250372161
87.3556160977361
87.10315336625499
87.2143319187232
87.19737746952445
87.15354709848253
87.07425998843827
87.00561405218458
87.25187414288463
87.35542403321125
87.57064588470199
87.02518282903453
87.26570744329155
87.34712424012692
87.68800389581072
87.10133916383339
87.23710318388017
87.0623633848822
87.09409996182545
87.38274828623457
87.2623029676075
87.89804890346701
87.05260568590369
87.26771648375151
87.10249576664148
87.21497391971697
87.45827706664036
87.57096317321337
87.12457543503419
87.36281477300662
87.84418555717888
87.51026015955817
87.35791591768047
87.216131706206
87.55540065548792
87.83041289569114
87.31862223506728
88.13825484895216
87.28959875075353
88.17647939016899
87.35284930423856
87.23777359873654
87.79359143185961
87.33796030323094
87.88476784859098
87.02811525322443
87.23066854011746
87.11932872178132
87.15226657671893
87.55025399590383
87.38461266792886
87.58239107871461
87.11755087514506
89.18926385548947
87.32441072129718
87.33078606938736
87.58485686100911
87.81511799072292
87.27972286312044
87.21365823572717
88.48855330434641
88.08603104407517
87.02590646265297
87.11762055062734
87.32825781297336
87.13021854270569
87.07486248202235
87.160856453696
87.7070832727924
87.05068243081192
87.37959938516096
87.46164375630075
87.21272042009741
87.38064250274202
87.09026122807288
87.04981607049469
88.47194139071092
87.14011788805259
87.10254617905369
87.03470764442312
87.13309957717338
87.34660578520227
87.01568427748919
87.1910997220013
87.34843962418837
87.05397423387718
87.65685690638472
87.28791325341456
87.81626229347057
87.2266137241076
87.04549679899417
88.20038359648971
87.08932300829274
87.74348272974113
87.08316021550006
87.05318945082377
87.47390715823455
87.14414986683397
87.113946945779
87.13988493928471
87.44492644090579
87.27487351051808
87.04838320232898
87.28334966981801
87.2473498656498
87.21263383470745
87.2952788163614
87.22446716598182
87.062622064844
87.06168246428958
87.13473739714306
87.1051482039791
87.30052425807949
87.07399539828127
87.43669181661672
87.48363726544069
87.30478382057488
87.15251920081859
87.65356126162008
87.25956247209535
87.92120345339653
87.04132285457185
87.73285771123707
88.06236348033806
87.25304574758601
87.22770835693477
87.3734131396217
87.08496638189335
87.02008646873298
87.47149044693033
87.02705194364827
87.0160354515135
87.5215560969108
87.64027348948377
87.09997773483643
87.56468512838644
87.068245468753
87.69450954931173
87.12215066527274
87.31341987794312
87.17457035792515
87.67694984897682
87.12273072477613
87.1296028184731
87.17723287173848
87.31323859491523
87.67422644773748
87.34206248038535
88.22918958940868
87.05058273970414
87.18324730710017
87.03605347686538
87.16262324133307
87.21859807008282
87.59347223413536
87.16539091410307
87.04522278077421
87.32212069808098
87.66272699026017
87.21067194333999
87.17488063133239
87.04725030601111
87.38020521829085
87.2546464404819
87.38024723633114
87.18211860507519
87.45443368605254
87.02053987807514
87.01904859121146
87.46710399512877
87.01098968856037
87.41149416513872
87.17949956356037
87.1050482568686
87.40251696591486
87.5198339611055
87.2424760630216
87.16955233989673
87.08578577201752
87.07859973700391
87.09686526752162
87.1742742586212
87.47265489981805
87.11706585714987
87.24525194638925
87.15495442102616
87.01649176365592
87.40122958829964
87.56238869070042
87.16168509746858
87.0113596189303
87.56592580418447
87.78658171515893
87.05184877750702
87.00391083528129
87.26074260100668
87.15840679990464
87.03240838477794
87.07452427829891
87.58541860549221
87.29390952774034
87.03479262174486
87.21873335527252
87.43433343754545
87.04856112117551
87.18696881927306
87.55689556989304
87.21061760360978
87.12285100757069
87.0869046267724
87.04181578002343
87.1821951404676
87.15982016944452
87.07429564211631
87.47340373868556
87.45424558953444
87.31557983284036
87.05394280354906
87.24435471559917
87.37393312799654
87.02327584920663
87.16178331129264
87.28574220944158
87.1025477859243
87.84999381347171
87.17687054067027
87.32522197788218
87.53194142371876
87.15056484005225
87.45056356809394
87.46833667131114
87.34951226881675
87.52158991347083
87.81272319268203
87.25619945278439
87.72547322459027
87.91798057737743
87.18991287548167
87.36545309851236
87.13552956862578
87.06189046887532
87.22946017410658
87.18567196601681
87.02631344869057
87.38633682571621
87.10893591532762
87.914000087253
87.29426899013662
87.51175240652817
87.3403928253983
87.80463037293721
87.16422940618033
87.31667540355394
87.15800220234524
87.47278086005026
87.07591750642925
87.65272642948072
87.3252056583963
87.38295948241495
87.03479734032052
87.10426850185459
87.14157810949224
87.23580159733905
87.57879244906441
87.28771983360299
87.0123200282187
87.62169428333712
87.48496017947913
87.5504993194294
87.01259408857362
87.5722800092672
87.23920830993316
87.09695050760122
87.00339110840758
87.82680464221984
87.76418270451369
87.82563443462834
87.6540221453718
87.74342995685912
87.12240990665903
87.01826663523822
87.14277383701284
87.3675729687416
88.12425958617814
87.8576686408131
87.31264434216882
87.91593783462737
87.21664285141631
87.00162858299025
88.02554629996837
87.28683638460389
87.92916959849768
87.11927701815517
87.45951479953153
87.01423597873149
87.72371303498322
87.02733385049216
87.39172638481529
87.41275441207011
87.03336506097685
87.67865422649396
87.13440557613188
87.07418647073884
87.43577080705475
87.3826802965211
87.28543500640201
87.15649410352975
87.42314152988766
87.73808955937464
87.03047611509196
87.32821083854144
87.23900583810658
87.06640514157343
87.0333277520166
87.09188711306344
87.3719451923359
87.0647873354068
87.23271429499655
87.46943946792022
87.05918466210993
87.21020959212622
87.49887253192179
87.33513935225031
87.1138029643271
87.1819169280536
87.01600443403372
87.85518474406683
87.53756893180517
87.30560614094532
87.17423880428338
87.55845988524807
87.16022558419495
88.12113033820359
87.30401044000304
87.07826842836738
87.67064095063084
87.42408182911252
87.38243872464064
87.03938599755595
87.11963991983035
87.7442793238232
87.02545854775062
87.57931541808692
87.32904285582276
87.05886848972364
87.57302773347301
87.25554831973524
87.0430164957116
87.07832899568581
87.33285596254255
87.14708232958178
87.22004392361487
87.04873916219478
87.11014854472535
87.21612787150983
87.01041509346743
87.11531351471483
87.01398795093993
88.43448227046743
87.00447194763005
87.58116350701687
87.08230444437397
87.08549966021403
87.34228717785038
88.80683474978629
87.03508319563736
87.02812830070646
87.12599384747213
87.50135214953704
87.18482937351305
87.11258936736925
87.19819013779517
87.06444196858625
87.90986978240916
87.03804453690306
87.29799403972687
87.20982409498163
87.49832612765714
87.06047346448915
87.17557072577439
87.02806888824244
87.09091637337391
87.1340731188764
87.52925114737437
87.0009248945094
87.62435457229404
88.13992250363815
87.10068497892566
87.17757269101864
87.3480806213429
87.2251619170908
87.2292187115902
87.90692519981357
87.08761498273421
88.29024307552099
87.07114040743271
89.04916377980813
88.2966985445711
87.52976925764739
87.36517677143172
87.5308381801327
87.00620603397535
87.5810197744926
87.3395094971033
87.75085108967427
87.11281939249159
87.09191228988489
87.13436421199238
87.53631542585822
87.00359971048749
87.04730688379526
87.07850159225394
87.23355667761206
87.81181056820652
87.12058116312348
87.01549502326293
87.15951877471801
87.53693121154468
87.80378478420022
87.0838703653517
88.0480587339133
87.00417935186604
88.41422099968253
87.00165332625357
87.60959646640497
88.02530502315118
87.01714236238121
87.069446903976
87.03955547622965
87.13330182318461
87.55526032125182
87.62066122723428
87.00281726266145
87.50886039713427
87.08229560864315
87.1443027473804
87.23822784985495
87.0287159818232
87.11126163829913
87.31194035430258
87.08832667688226
87.3449340511489
87.16649294089062
87.01870466697974
87.01377133046327
87.33138839852894
87.02615332784382
87.07805754608829
87.77445817106849
87.527698048262
87.50222717167705
87.37635875833004
87.052559872371
88.1175243335351
87.04672387320839
87.05881123009128
87.46707119192891
87.09197696275606
87.50492382831668
87.3797966733589
87.04386512553782
87.03695634270561
87.26124144780206
87.12955765561287
87.06155272583254
87.07426419238826
87.25723800268536
87.24173657622866
87.2616515652396
87.30841738252117
87.1649862731496
87.51678348566821
87.57918861045691
87.22997731284326
87.20400229031142
87.2120611891098
87.00330257839244
87.39541119801437
87.6023442496861
87.23376622684039
87.2387154554952
87.91797486485308
87.05277293584669
87.58717255300131
87.02296847403919
87.35933472620289
87.82693346009458
87.29473107648451
87.05598017645079
87.05632022237907
87.0690170214775
87.09002220284017
88.04120795409253
87.96692010797071
87.51997538446548
87.07777059084233
87.14999175635921
87.66583818481911
87.03576520711755
87.01142992613167
87.07073351273603
87.09096373631415
87.13040539195961
87.95816930756052
87.45440735279803
87.01844532497748
87.20938655351075
87.3947787243928
87.33176216969196
87.14040977224127
87.11558947489554
87.13810134376584
87.04144516593472
