170.1047464984021
170.4540233781917
170.6258190823332
170.6503766848941
171.3932512731924
170.2709117192075
170.4465465439745
170.3485778474996
170.0906697967182
170.1602666212115
170.2886271358865
170.2093080971359
170.0248426835682
170.3771866296476
170.2125042455292
170.5274779403157
170.1688711085959
170.5847834240699
170.7693992009857
170.2884848136041
170.1676874623953
170.9431479535022
170.1913751047317
170.1166256268914
171.4519868759488
170.3281664843642
170.4945560782286
170.4248587495739
170.1260144920824
170.3925384005323
170.2713323149697
170.0348436396427
170.6666084846412
170.0721296090641
170.6691304567196
171.906256059763
170.5559462983265
170.1252958247809
170.1257073180252
170.2801065967795
170.0035430204911
170.0248897427483
170.3966528450251
170.2563409053154
170.204410675564
170.2305732431442
170.1560890555007
170.8450142834351
170.1795718756874
170.0154834795171
170.0214883697311
170.3763307693744
170.255455499905
170.0110240656233
170.2024132968926
170.8675080411995
170.1730309134868
170.7939506807446
170.0217169118357
170.0886000361779
170.0580394094125
170.0318637027723
170.1941509874192
170.1644778412759
170.4544529370932
170.0854012360162
170.4182548068809
170.1606180951751
170.0074509383973
170.1513282636859
170.4655897373701
170.1024045032712
170.6903701638097
170.0444860050351
170.2056663325054
170.8209694329821
170.2632387638032
170.3240075109484
170.6633620882845
170.3033907180242
170.3601935006034
170.2033359118968
170.0465885909412
170.2198951477877
170.1211199158217
170.5907199355321
170.0197482923846
170.2558549479363
170.5281128250224
171.5004528437848
170.0992789466161
170.1675121006715
170.3480076835628
170.191311461757
170.3949380228414
170.0387467981774
170.2388766217523
170.7430768579005
170.3734200125245
170.0500297293817
170.1897072489571
170.0463839309156
170.2311010218325
170.6346526819215
171.7448002945906
170.1210640894492
170.1739656208986
170.694507320852
170.0887329030858
170.1309245037006
170.0569088971917
170.3191176405752
170.1130316863286
170.3745125721844
170.0899697641287
170.4891838047238
170.5262281549454
170.1786516875586
170.6662789495329
170.1383612337404
170.3657243232967
170.0511027510014
170.0020427975469
170.112461596582
170.2253236788477
170.0741573430359
170.1845772248859
170.1870145085679
171.0377469343617
170.0348919768673
170.2252376539784
170.6875344368303
170.9146284077205
170.1305665770075
170.6367706986322
170.214014543282
170.2522008101215
170.0786024826897
170.1082102161302
170.1043610687398
170.0151741466961
170.3897744438236
170.3938925211567
170.199117537622
170.1770109703589
170.2762293395331
170.0617817380094
170.0343669699241
171.6141994419526
170.1146212336299
170.3577957668987
170.0528206537791
170.0086050991278
170.0054130391469
170.0704837359019
170.2964897462655
170.2318863001075
170.0294232357081
170.6037145029477
170.4743626753215
170.2135180439781
170.0898459698869
170.3711381335426
170.0995423874633
170.1802204079595
170.8168225309057
170.3928521849711
170.0460955525388
170.2348401562895
170.513283991285
170.674739272101
170.0592740208536
170.276711052305
170.0864910027459
170.4395000514022
170.3793241184525
170.068441693546
170.0743250057456
170.2553308031973
170.238412689102
170.1365280907804
170.1755703228255
170.1195915014516
170.3499129813238
170.1935481638542
170.4466961923212
170.027304683333
170.2996047572881
170.2171090255798
170.9448987367111
170.1020358836685
170.0190727232576
170.7857794725548
170.2220383107772
170.1861002111518
170.0538912861383
170.2668549165342
170.6739765770713
170.1828245997195
170.1701294577303
170.0774669246231
171.0318841659528
170.0363397780535
170.7034877520015
170.0527945009219
170.0090071603797
170.5790470139094
170.1557533024094
170.2512799283495
170.5134958435473
170.0831589356017
170.2222803262814
170.9738237502205
170.2926774949138
170.48396901502
170.5396751897501
170.1941339904773
170.0464062151123
170.3283136158829
170.7874533222899
170.5139903810808
170.4970525827342
171.0612015118212
170.5648372797343
171.3415962443478
170.3777849923733
170.1432188277104
170.1803462755847
170.0233473998412
170.5354114545927
170.6655875263706
170.7202077683583
170.1596208102093
170.0185467720596
170.1656836295799
170.003335737311
170.2496735053086
170.7948581888067
171.3516455875969
170.6275541505668
170.1239672894711
170.0105942728546
170.3733367377361
170.8692525255432
170.0609133939165
170.9047673692033
170.7834485538479
170.5195578043202
170.1633930525738
170.1075034017003
170.0745965332106
170.2373203996836
170.3237701525694
170.7097009631456
170.1572669237025
170.4660609409832
170.5725098368654
170.4442932444075
170.4031858424213
170.1592060451779
170.4675146830851
170.3489032344526
170.9820095307632
170.3044665723918
170.3641557985776
171.0714388221262
170.1664230448487
170.5594528099203
170.1612287187536
170.4371501352034
171.8115087458242
170.084006396068
170.3703786849879
170.0917369069446
170.126103790067
170.3886232733419
170.5507373775033
170.1609801598463
170.4853504077473
170.0672867686778
170.0751600034908
170.0252306018493
170.392846845438
170.0181076045252
170.1079150997132
170.2454830565225
170.1341522577551
171.0358893369601
170.242742630954
170.0833979949463
170.3837478368478
170.3143114959643
170.1303923300884
170.3043836072394
170.2816248261733
170.3678346026425
170.2492742881254
170.5129537112882
170.183863495608
170.2661344032429
170.0267266378221
170.0083674310094
170.2412465444506
170.3530068611827
170.4703247035579
170.1634708025665
170.7208736305353
170.4821491593119
170.8717090245177
170.0218588480151
170.1664347046714
170.2640468554823
170.5427585001151
170.4007443106766
170.0722385716118
170.7688190577613
170.2632848745286
170.4222306649258
170.4351672620852
170.8150139456978
170.2677032429423
170.1570708955725
170.0301481694976
170.3507255568057
170.1937231451575
170.4056039401563
170.0055107358714
170.1207677291372
170.3682360882177
171.0029635721194
170.3223570681028
170.0702058711418
170.9451575090898
170.718907174744
170.3228856916941
170.136699390595
170.0291785661466
170.0422207321251
171.0546384469732
170.2883792261523
170.1332126303152
170.1288778804009
170.2481860095514
170.4613167825639
170.2907455710249
170.2170048669227
170.5005471641795
170.1540296215851
170.203607044916
170.214744752915
170.7621061290345
170.2337683923831
170.475944676377
170.1063959828322
170.1601791599832
171.1115580789829
170.2476674345722
170.0517407809381
170.1540522784543
170.0204065487188
170.0814563812031
170.4202786873187
170.0885164902471
170.1521982620594
170.1767955346745
170.5588578258449
170.4490445178521
170.0362029107037
170.8945856444851
170.0116633818782
170.1709673930339
170.2605814694104
170.3848281712084
170.1127359111948
170.143340688548
170.3460572008921
170.5996605102119
170.4395715835437
170.3305613382387
170.2529691228482
170.0181508969471
170.4323960473717
170.1065941520306
170.1164496458157
170.1956689168079
170.5397989476159
170.019513277416
170.0336670840957
170.0061198996186
170.9458812913291
170.1444461453733
170.2684345151263
170.1210663440175
170.0607038581559
170.0669520078683
170.0875820563277
170.3093209327604
171.1862081360933
170.6016047149802
170.9993437125774
170.2264115733688
170.414218422949
170.2438164761559
170.0345588282677
170.6722164612435
170.6984717528324
170.1146629459831
170.7401337754415
170.0586248216904
170.1306500013014
170.7568030402567
170.0317069748174
170.7067514885581
170.2567508490215
170.113524021584
170.1458292184808
170.234456690469
171.0969897353612
170.3418301217849
171.0310624605057
170.7318545095199
170.2303776460816
170.1420729433037
170.5175563404158
170.4840170561119
171.1862295661572
170.2344450664328
170.3108871370392
170.0497457591002
170.435626795561
170.323350420802
170.0317152328173
171.0097160350392
170.2729544871332
170.6205616563207
170.0357631253792
170.1827752091676
170.9474210756509
170.2111910982902
170.7534893729318
170.6395784492648
170.0922387347671
170.5776091013985
170.3689411330849
170.0250755513291
170.2782822996994
170.3634937587601
170.2415510446458
170.5132865988367
170.0761988261558
170.0745665127272
170.057836729261
170.1280334507157
170.4273085525212
170.3988717817791
170.3416485966263
171.221565119873
170.500594269977
170.0144433854078
171.2784550134546
170.1934707830736
170.4175197545709
170.1170480823901
170.1182783294457
170.1517618110558
170.0475175150362
170.2340342276656
170.2744054741069
170.3387368900512
170.7719584223845
170.2179049874632
170.0448697148494
170.0401423214707
170.3789685304493
171.6839667394772
170.3229397819499
170.1435846707176
170.372731165514
170.0102987484327
170.2348867124553
170.0166188285784
170.5140326277238
170.2457070726384
170.0012039795272
171.300848456057
170.0140010695862
170.3946346991962
170.1425481245157
170.6812844386603
170.3468801743748
170.0256623435766
170.1780048965392
170.6991247198322
170.2076314500434
170.1447360200627
170.1114487739469
170.211524040162
170.153338879217
171.1319554468562
170.483213772051
170.6751036187338
170.0944488600955
170.5174556428001
170.0143037596022
170.076748873421
170.0112632874647
170.99746961229
170.4542170042243
170.2510689951103
170.1478442758401
170.0616412142606
170.5494647284025
170.1062415827782
170.5160225208158
170.3918145867225
170.0757898581323
170.1095791940166
170.1667461048383
170.0552009450826
170.1426464792619
170.338124517811
170.0770221590365
170.5771918246687
170.1595422676673
170.1248978287646
171.0665971791107
170.4467482988346
170.4295654976284
170.0888208179004
171.2155905505498
170.1145834153321
170.8258199251035
170.8589156900911
170.3091305538363
170.0870253191114
170.0332248009572
171.5660506825942
170.3097188972355
170.0247669579291
170.018650400358
170.229770962894
170.4644277030757
170.2785531460185
170.2383637038171
170.4314637947941
170.4445439419592
170.0608835706074
170.2285640723098
170.5042617359681
170.0714680904894
170.3383765696773
170.6421899669958
170.5148771931009
170.1998700865518
170.1514008381272
170.099357486671
170.6113436121364
170.0769240466749
170.273393271819
170.3345008513644
170.7210049157345
170.1902680861002
170.8663029846409
170.0140832658388
170.8909120710694
170.2971911233936
170.0146238855762
170.1825007195503
170.1078511855816
170.1075329410524
170.1155048162476
170.5640388202259
170.1719113194459
170.2097014290278
170.053401078173
170.1117586088837
170.8289631824108
170.4425190026391
170.2819964663246
170.1963954707888
170.8338012463596
170.6033592852586
170.4771155753438
170.2885832633754
170.1845029042427
170.4003415053795
170.1037274534868
170.1076916881157
170.2653577263264
170.9801424043362
170.3884368045614
170.760816784324
170.0873084161574
170.0224367667942
170.7933817116045
170.5212214776835
170.2982395632051
170.37810335078
170.4271424959225
170.4349240081703
170.5615326662271
170.3472611057776
170.0235160548325
171.7813807746559
170.5759008924148
170.078924016688
170.0238074676631
171.3279577115503
170.2650470171396
170.3201950749246
170.4569102183234
170.1989395727449
170.213700026512
170.1728386514393
170.1802791170527
170.0868920459649
170.373564178945
170.1653688572558
170.5969961019306
170.1550066116466
170.024848047117
170.0853729505685
170.4016625711008
170.4525890370536
170.1203182747423
170.2308022208541
170.0253005766766
170.6316418225266
170.1010827381846
170.1662686638399
170.1175300618681
170.0125772267269
170.1073734036155
170.0588560576002
170.6934588214093
170.0066875292545
170.3261405669602
170.1181511421362
170.1455903452192
170.121562444416
170.1510708329354
170.4332903994446
170.4547218771664
171.1326796040189
170.3636213735258
170.2497105406494
170.2274129757508
170.2582642162446
170.2665443359915
170.3230828727237
170.2724741107314
170.237449180871
170.3715206852435
170.0031547324669
171.0270932459632
170.2721191770719
170.2494799640787
170.3667898029181
170.1858132106616
170.4472339545289
170.0794524907387
170.1030274392419
170.5655715576852
170.6090895198442
170.1686607560642
170.2776726318768
170.0436917755266
170.0059157274426
170.024580183335
170.0245288591807
170.0449837793629
170.0837353424619
170.0063578716887
170.1640611270591
170.2627566736678
170.0127339541754
170.3095262091476
170.3645902771719
170.1328102784546
170.9848158180511
170.136466770151
170.017654615179
170.549713348418
171.0740546246324
170.0494748327126
170.3665673914091
171.1607353642361
170.7329234147974
170.7196374933674
170.1838870017545
171.1343876859619
171.3082997233301
170.2222095580479
170.5879480839089
170.582045991445
170.0588842940266
171.7586001325169
170.1535705866114
170.3523864491412
170.2253325841837
170.1486414081067
170.4308113422875
170.0575216367508
170.276531722114
170.0338046774474
170.1785204946655
170.2426761594053
170.1172052561043
171.3767993006346
170.3275066578704
170.2835272443504
170.0755748850247
170.1584998498124
170.0931839367234
170.1654683830196
170.0699310539083
170.0184056497334
170.2079331460242
170.0294033404741
170.2071530420124
170.7002991949562
170.1426161723124
170.3095308176513
170.7367085620852
170.0097267304089
170.2826373029678
170.9038050193741
170.0201053343787
170.0277819917927
170.6235882720098
170.1676075245518
170.410402842521
170.1178814448573
170.0436498926346
170.6344852667887
170.3787990481255
170.0401362052505
170.2559610262749
170.2207304928708
170.9934203201886
170.2562211942046
170.1358990960588
170.5246801007752
170.1498794503856
170.3894538502981
170.2096399353483
170.2453410870645
171.1269856334832
170.1414123950704
170.566640669729
170.0241402543009
170.0590511510151
170.0540774801391
170.0443895543571
170.1032701776054
170.0687624398595
170.0707834835047
170.1362304891845
170.3127541078501
170.1150319055917
171.2877843217986
170.0503101714362
170.5109164300998
170.0777503509732
170.2160893515458
170.2052922530159
170.3470445691465
170.5984603942182
170.0378759699451
170.4265662295261
170.0394019020996
170.8578676385262
170.0014858435399
170.3796637618602
170.5245562801525
170.2932226029141
170.8313862405276
171.4092366614121
170.0603072947164
170.7558939274665
170.2181375012269
170.0021980966675
170.1790083474787
170.7644553341064
170.3847649507925
170.1479586625311
171.0635901543114
170.7132333068977
170.7886555010471
170.5529770646232
170.134720652984
171.2493578450626
170.1912331330691
170.2923614661299
170.2775956861489
170.6423872239828
170.1575001419124
170.4334663756426
170.704345682854
171.4114695204674
170.1793077085001
170.5504508931859
170.0516585690375
170.2680291186049
170.0584839236701
170.9582847834987
170.0089965081916
170.0770195987271
170.0793483993411
170.2517670391126
170.1908694963621
171.0096309119332
170.5669966910914
170.4056353986892
170.1695393577498
170.4457934894597
170.6709120174612
171.0351559692092
170.1349057932251
170.5480998424167
170.066323018004
170.2795100127471
170.1124478449581
170.1926706679344
170.473708094488
170.1820066506349
170.5734280984423
170.050024057725
170.1612059015353
170.9090534045772
170.1124624726539
170.0626975365551
170.0973547850442
170.5660275263935
170.1901462131736
170.8247649299477
170.4463908097171
170.4100560671368
170.2492583175781
170.0600939663788
170.0281861192879
170.403026802568
170.3769154110403
170.3575290015193
170.8075169298623
170.0726405774734
170.2416872509731
170.8674036353577
170.2913406027517
170.1105581248039
170.0003018173729
170.1463636799692
170.4420257837108
170.134281698066
170.0450105765759
170.8842913710243
170.404026406361
170.2579373745219
170.1063868127026
170.0570239072973
170.4694374082892
170.0936198382694
170.2079158246646
170.8622897227871
170.3395189287314
170.5448710375523
170.0098672916992
170.4804294095348
170.129259095014
170.6737618181708
170.1085572251888
170.5154195980931
170.0129208001857
170.0317327505463
170.3896881584019
170.2301496772319
170.182642247432
170.7245611168462
170.0501124495075
170.0806814918671
170.0649211534813
170.3295400546419
170.19281388061
170.4586056188748
170.1791400413578
170.1949741966878
170.0621775129857
170.8432937996573
170.1059117548323
170.1188440844314
170.3595928747536
171.0548252388458
170.2165633120448
170.1840171476146
170.050658639102
170.3806566644783
170.2527822165991
170.4269889804384
170.2783146050662
170.4955087429863
170.117456370774
170.6687204412463
170.1132836227441
170.2129999880727
170.3057638227938
170.113688473745
170.586927613886
170.1555536883361
170.069367755535
170.1830127889208
170.1142978568426
170.0723352744335
170.2965343303549
170.4871362907604
170.5308853103075
170.1276239432716
170.263351521073
170.1307358277001
170.1221034004577
170.4244629833736
170.1405195764591
170.492845022275
170.1907803996545
170.1079518243613
170.091554405268
170.6047787210303
170.7934190193264
170.1566683024366
170.00446619575
170.0868456290247
171.4305421925653
170.0665030584886
170.2188484011725
170.1174985047909
170.0032790847064
170.0488905425036
170.7722872717037
171.9065643076709
170.6381932108255
170.1489008127138
170.0723377315341
170.1891759961433
170.1815485478224
170.4275260740164
170.0732382573203
170.2106698272116
170.1916901602911
170.0015314467013
170.1057546285634
170.3396960913906
170.0355750636818
170.3691724689742
170.2641699250575
170.3267004827021
170.2312853379853
170.2176133463421
170.2464608659343
170.3179512865401
170.0204828996632
170.1386893603085
170.4049060430156
170.389308928408
170.2861206179537
170.4940982305704
170.1064900851854
170.0362916852896
170.533824453077
170.0407030014756
170.176926811444
170.1277859984878
170.0126660429022
170.5601169493352
170.1923596523716
170.3141548427078
170.2289083488368
170.1337142551353
170.2413542013049
170.0086703763272
170.1073538007933
170.6661101976449
170.1124160873722
170.2997972342937
170.3702205961965
170.1689768603139
170.0588846302968
170.3094275807333
170.3523593850653
170.0547163799707
170.2490183567994
170.0148230762839
170.0664200767
170.2776355495659
170.1043033286668
171.1374777485456
170.3900293494904
170.0507314630925
170.072756612724
170.167980567533
170.6318204533219
170.0377341299103
170.0181046413332
170.5452449251804
170.3714112371362
170.8743634190077
170.4918487489509
170.5588151051725
170.9019555285756
170.1063630096677
170.2096915785862
171.244022014852
170.1915478864877
170.0050748298193
170.0613931302015
170.158990966225
170.5508897072102
170.1014505184073
170.0431194899396
170.9018572112888
170.1882518803118
170.258077963399
170.4768456597352
171.4769178366794
170.4090415815913
170.2498658111341
170.2520609227964
170.2523353629835
170.7138741907992
170.1678110284761
170.1232977026278
170.060131831591
170.1346142219584
170.5482112369387
170.1630422436385
170.4979089112483
170.2728369491897
170.0311528345259
170.110042575326
170.1703661221636
170.2817179930958
170.1424368124594
170.364850541535
170.6994961366157
170.150246092502
170.1213856361874
170.268179723729
170.5883862059554
170.2774118316014
170.0312665731366
170.0308430247301
170.0338670689283
170.0879809980414
170.0395514740361
170.3075887429425
170.1548972809042
170.1692489444594
170.1317913209905
170.2381160947427
170.7953791658207
171.5743838605863
170.8690318974913
170.1157164716827
170.6084740258014
170.0761292822455
170.5019392468554
170.2967336494105
170.036532117688
170.1053015113424
170.7013316409257
170.5224757363093
170.1896302511525
170.4503896087188
170.2389818182848
170.3405905267292
171.7451080068681
170.1225147065534
170.0375520724968
170.3978882493233
170.1866815354696
170.1177496628513
170.0336032554808
170.0497143572127
170.454760039653
170.5510904512589
170.4447923485594
170.395115963801
170.1611916549708
170.005200762668
170.5460745626884
170.0409684469445
170.3226688984156
170.1483795614408
170.2865084561572
170.1280041378712
170.3874093640194
170.5977868447141
170.0767139832156
170.2798482639614
170.8919893879881
170.6497056692052
170.0103466587563
170.3547560095227
170.2265407674998
170.2082327971021
170.6777613381077
170.1289888768576
170.0734270149466
170.5583023373671
170.3060232303157
170.0533207143085
170.5211717041926
171.1631802668841
170.3572827348348
170.2649389279801
170.2437315401151
170.4807179616516
170.5445752737552
170.6214254767208
170.4838239063178
170.101726781575
170.436683638459
170.0223320114772
170.3897420190724
170.4794702794156
170.2465235837689
170.1711990994536
170.0855903859773
170.7513900737335
170.2584338888871
170.4395863082637
170.1533632772454
170.4546963788867
170.9456231604526
170.1299596297806
170.3135032867413
170.8320332328264
170.5911219533338
170.0655730520729
170.5434699786997
170.2651178187107
170.0590302002082
170.9045953688071
170.3629527138544
170.3932757290319
170.1899534079519
170.1497720154544
170.0644663668271
170.204208362585
170.0198138837413
170.3596149177533
170.1952015276707
170.1137674412536
170.2282017031638
170.050606486808
170.0670742865142
171.1170309829309
170.411045219613
170.041988857742
170.1313299400536
170.0450262646448
170.1371203278316
170.3313803083943
170.5866142047577
170.7519950097518
170.2545202805709
170.9547093455178
170.3916769788103
170.4424851612468
170.041642491415
170.152196797248
170.0492540642498
170.3218360705189
170.0072665829476
170.3402891191752
170.8415836089909
170.8850603437373
170.0518211221032
170.2752315197964
170.8712051505673
170.208780210813
171.0753889362876
170.0123479117172
170.1948459570774
170.3653358501292
170.6603228635561
170.2779771331061
171.0667298625604
170.2421721420591
170.3081205176788
170.2616165704139
170.0541846414883
170.5099761877286
170.2635221188067
171.0543646821766
170.7332049480736
170.1282795968425
170.2129920556695
170.3701431448103
170.0016896128913
170.428593778405
170.0006711140607
170.5051108860152
170.2926443306366
170.089763506311
170.1653284963326
170.0838509426813
170.5769262437265
171.2378857131187
170.0228978583249
171.1335469806165
170.0722604832309
170.2625361992359
170.0965240902714
170.1981809487452
170.0435107972712
170.3895366428543
170.7914522170015
170.1833208135317
170.1253580834018
170.3149316383801
170.4521967149096
170.0809619277077
170.0370971793337
170.3203795108907
170.0260162002493
170.5117041841834
170.1969245907038
170.7426344773256
170.1398112881858
170.1609908703561
171.050543539559
170.3437952748254
170.7834289967682
170.0279258329126
170.0952240195774
170.0952163658083
170.0435693745153
170.1605538559614
170.0214955130476
170.2635799852096
170.0015930173422
170.0724522799523
170.2807105661872
170.5044169969673
170.1538055246375
170.430661682278
170.776732430753
170.0732876512098
170.354407692173
170.6709429603929
170.1944839639195
171.3166467991334
170.0705924894568
170.1495524777711
170.1040959803674
170.2239793420545
170.205078673446
170.399815170908
171.1645387307007
170.1732067076295
170.0071559162069
170.3904036179724
170.0425436730635
170.0353387065871
171.078064864636
170.1013223492894
170.0692412858091
170.090277999936
170.0912133978647
170.2440908112742
170.1225724668734
171.0022082358905
170.2100652901661
170.1655685909938
170.0069495075196
170.1392984978
170.0501378526557
170.009171350396
170.0079999662402
170.1681091004548
170.2406997713566
170.03590123714
171.0445323332966
170.420542380256
170.1488261360833
170.1112199147867
170.0220341023947
170.0583673034321
170.0188205646818
170.2776631843514
171.3229246543861
170.2185971914297
170.1795474949978
171.0331103492483
170.8315909078926
170.4884081646438
171.0257002288315
170.5004551885698
170.0764583125043
170.5297564421577
170.0372541071289
170.1692299190252
170.0683591575005
170.0555732122426
170.6169405829162
170.0755074322645
170.5878320256456
170.3759293342579
170.4385645895489
170.2757488780002
170.5250089104337
170.7334779156366
170.1331470229224
171.0740805692566
171.3841800400659
170.0801573796932
170.3803067244466
170.4758395729178
170.2085574630146
170.4894797294637
170.2972530187895
170.3469112121383
171.2810618226177
170.0382309385459
170.4632445557441
170.933063793687
170.1421659933248
170.3179083233661
170.7553526014208
170.310591269197
170.5847190617731
170.6304621213887
170.018359234167
170.0617710740599
170.1170708973954
170.1621576433116
170.3369512727791
170.7884823875625
170.044920153043
170.4900042753648
170.5787398951353
170.6116194276262
170.2209380672745
170.4151025318253
170.0455847431888
170.0541685533244
170.123447540479
170.0961497655234
170.6460376012407
170.0168882385548
171.3378419278152
170.1374930588586
170.0034808868109
170.7139466511376
170.0459777362198
170.2141307855363
170.5783904556312
170.0530968925057
170.114650397065
171.1933838447115
170.365680520227
170.2876737729556
170.0533297073233
170.153290437676
170.0489039205676
170.1569608346395
170.0555041039891
170.0426782412462
170.4264212533546
170.263041176145
170.1027359055044
170.0294871132295
170.0798977427549
170.2762039627179
170.1042533950298
170.0450374237645
170.9356596542115
170.3325270436614
170.0471616592984
170.1762368967569
170.0324210020437
170.3077053195736
170.196622530665
170.0583527179458
170.6635632437061
170.9072894280143
170.1477785733568
170.4605059354944
171.203785478281
170.2589193582631
170.0315818096049
170.0971847813352
170.3067280091194
170.612715638383
170.0082800375284
170.2770765886844
170.3555256477945
170.5594145250953
170.0954879091059
170.3269544761375
170.147418353248
170.0778930905345
170.2162730505625
171.0117671086711
170.161830762728
170.2508908056859
170.3192288077608
170.3295032073042
170.9566150901617
170.3260675907132
170.177617994407
170.1809418845246
170.0755347762376
170.163924760921
171.2422798260416
170.4154043207056
170.0304941212503
170.2393560102574
170.3828458773579
170.8476438978238
170.0287974340588
171.5344140584493
170.052506612258
170.5680804771156
170.1025114165111
170.3163803953635
170.1195938071557
170.0322908276528
170.2035541118678
171.0258777645328
170.7899561177776
170.4301051038108
170.1092848319019
171.1548959388547
170.1754424735662
170.8896450341825
170.2147544703684
170.4198064751809
170.4644455073889
170.0644222923511
170.3676916722347
170.5941353951827
170.3196070308634
170.1508150772725
170.1694022070891
170.1093252060468
170.1399624431069
170.8437281036857
170.259336027827
170.1101918863289
170.1690383739669
170.0907025625533
170.3945825089197
170.3661100068573
170.5011762170641
170.0609449517942
170.0737554117513
170.9434567223361
170.1261257963107
171.0690822647022
171.8820705679489
170.441459426454
170.0673751992982
170.0882705304392
170.314161222308
170.6717970966398
170.0618726908103
170.0921059018691
170.0099579484676
172.9262210153291
170.1832650898417
170.5570096248437
170.003559834896
170.6621868743283
170.5805512160044
170.4063118600403
170.8110027001087
170.1162233181436
170.3531140425546
170.4417404192706
170.6146836311219
170.4174681305958
170.4613165027156
170.2355068118231
170.0295861491751
170.1743202934242
170.636670527965
170.6512804008641
170.8028485132543
170.5292681314763
170.1085709756349
170.4750056188946
170.3465675883089
170.3571683540414
170.3435915210611
170.1501062779124
170.2315500844891
170.4004964002387
170.9249700020222
170.2594889080571
170.0167073564135
170.261743453199
171.6604977777441
170.8084016855726
170.3431473047617
170.19245499065
170.6238477604191
170.4019279102828
170.1670513299318
170.0436282581515
171.195694351739
170.0442259101162
170.0092877599909
170.186630366435
170.101816115114
170.37015955247
170.2987753032244
170.3504980989096
171.1894989130422
170.2348670072287
170.1800339482432
170.5182435598512
170.1688481807118
170.0473259369516
170.5268367054787
170.0180318808091
170.3123381601355
170.0841637558699
170.3034787397765
170.4493717710956
170.0104600872105
170.466273191915
170.4717887870266
170.030497351358
170.3592185527471
170.7799726481876
171.220902292413
170.1468139827838
170.3686258251721
170.3928345136653
170.3846644132223
170.0855324095773
170.217629078765
170.0179604988049
170.110183611411
170.3692775256085
170.104004019534
170.0895781631098
170.3717094752446
170.2688046104626
170.554538595902
170.104075594173
170.0739160061617
170.9341231187396
170.1988747674133
170.182246691819
170.156903428844
170.3365452583623
170.2114485771309
171.2512869094351
171.0937874087531
170.0958441936277
170.2981881949592
170.4081269992743
170.0183657729064
170.1813818537041
170.1492064252959
170.0853601673856
170.4453073954053
170.0336556466604
170.04426086794
170.4759813265908
170.553534968134
170.218882261946
170.0658297174555
170.1512422704568
170.1843512327961
170.0456492782565
170.2786572402439
170.1610555642252
170.375009071626
170.0907939037571
170.0187329241004
171.9337892495636
170.5741400796269
171.0014693566913
170.1586593340284
170.6259613612306
170.1422912149098
171.2156221654779
170.1195261862477
170.0176853246165
170.0878104708776
170.367285531212
170.0591923969727
170.0562913244241
170.0575824326945
170.0977610839715
171.0891634837322
170.1437896354699
170.7719183293213
170.5423306416014
170.3747414175014
170.2719358540568
170.3740882255202
170.0651019629692
170.4717020401839
170.0511051350385
170.769852985145
170.323398313049
170.5130919553323
170.6302605575799
170.3639965116354
170.1781555124966
170.1254517795088
170.1098160670837
170.7651212198912
170.1721308590085
170.4914309027286
170.0036271580393
170.1389749223727
170.0907020298713
170.1360206498952
170.3140672364109
170.0729602028054
170.323930190169
170.0291702324251
170.1342019767051
170.0053425934917
170.1057026484339
170.4709717857827
170.535961610869
170.0606304184199
170.1015998852898
170.6651497004693
170.2951896981392
170.0434121796145
170.7633702960438
170.2255419009187
170.137164467944
170.2391954566818
170.0300871519262
170.1176799127541
170.0630464767979
170.2032488545394
170.4768215636458
171.9404050154614
170.3375246096402
170.0183618499485
170.2308360718399
170.4135066076111
170.1362917634309
170.0027489362181
170.7335219079908
170.439786150727
170.2460919815134
170.8646890528305
170.5536004043389
170.6886894231651
170.0582108972742
170.2962536648293
170.0334824325091
170.7625970883235
170.2011007056743
170.0334528901199
170.4039324523288
170.1714399392035
170.0887281195305
170.3588951569396
170.2655834826287
170.0541848125129
170.3143145691859
170.2825354270012
170.1987661366604
170.2119631331582
170.2305355670777
170.1823217360765
170.0046985789814
171.0137199030954
170.2042528160518
170.333479473264
170.1262092457776
170.3610509078532
170.6655351132802
170.2362172769818
170.2355944032502
170.1302264541916
170.6460441469628
170.2004917624655
170.3876306900599
170.4014689903134
170.02687539833
170.0534462317588
170.6882078836174
170.9308079995826
170.2568069653895
170.6108657431516
170.1059926698538
170.036120290509
170.5882033374018
171.0206725234456
170.3270256646695
170.253262739724
170.7427589624996
170.3123191218853
170.4572859405159
170.055099959959
170.5434363311134
170.1976843540018
170.241677192926
170.1058337420505
170.048427533424
170.1510591885995
170.5428643799178
170.1604096225406
170.2321166693294
170.3617758163726
170.0856626327548
170.373026961681
170.4767697826572
170.4798072898332
170.0779287969994
170.186871810128
170.2365739018906
170.0399631566538
170.1736694801201
170.1876005015022
170.0728992473711
170.0508041676381
170.2505003806993
170.2879737537936
171.3182308017713
170.0998296022459
170.5450967571168
170.9016677586611
170.0469552636243
170.4272251335732
170.0630045470137
170.4273964797557
170.2713230629275
170.3407973857952
171.4055988439526
170.3646369775028
170.3674440877498
171.750772681571
170.0923561347938
170.4013237479804
170.4966133228734
170.0195272410726
170.0792846308331
170.4520002125293
170.4279981746914
170.1860077803745
170.0335352690066
170.022353333991
170.0338619620046
171.0651264050709
170.0912252182369
170.1667664787093
170.2737311909538
170.6317131540102
170.3467307597518
171.0812703339908
170.2306134605152
170.0429530872304
170.0599087368773
170.3663380032635
170.102728366128
170.0770318664946
170.2787763977047
170.0170934924038
170.1163207331518
171.1926463442197
170.0577843453666
170.093465901869
170.1060928634219
170.0832919667967
170.131446428076
170.0054688758695
170.1515524690055
170.0031239981677
170.7844779077761
170.039752990119
170.0137245160386
171.1826165831147
170.7927814339431
170.7334818613006
171.8639935909663
170.2592481040914
170.214809132671
170.3671218433574
170.1653069317872
170.4053647330309
170.1280471460688
170.1345353200473
170.7296958846882
170.3264106212437
170.1190004818833
170.729851490476
170.1367408875259
170.0883106874608
170.563153973687
170.2693604743213
170.2466471289556
170.1297998127291
170.2636560041983
170.2942313220001
170.068634692422
170.1309849869149
170.0887225015013
170.1147856733337
170.2401057149023
170.0726494158899
170.1634791716271
170.377116800741
170.2933030808336
170.774416643303
170.19484378259
170.2075369474386
170.1815344095265
170.0342343337995
170.7834545061045
170.0486253096786
170.4276386332575
170.1660049566675
170.6107126438307
170.7102847088194
170.1564839430982
170.0063019743595
170.3944390785486
170.0817124192369
170.361140520222
170.3378526622417
170.3471387388619
170.4238285603904
170.7321256509145
170.1210219868833
170.0648030647819
170.7306666042282
170.3285889534042
170.230788156189
170.3666816168398
170.1713650214032
170.1043448404818
170.1962292608155
170.155984040863
170.7718996894336
170.4395749943194
170.2226542048758
170.0725931980986
170.1339687778181
170.4168786036604
170.6929112058723
170.1412458104322
170.0784109329145
170.2844326941578
170.7878372122304
170.0868761317791
170.4470913573909
170.2157728395433
170.0399417849739
170.6303562559459
170.177955584531
170.0560026881957
170.041195904715
170.1513645812567
170.1250594194337
170.1528631240407
170.2413653087276
170.1519884641606
170.4126586405493
170.1345111101896
170.0889436068714
170.1679431240104
170.2333852737712
171.2602015584521
170.3818368625814
171.1372138215784
170.2986630938454
170.5013650032088
170.1200809333334
170.4024682085191
170.3914718143955
170.1415259163899
170.0676725034566
170.0388640597081
170.0920662273867
171.0733581365974
171.2795945907228
170.0805102445678
170.0475861594539
170.393523230814
170.0446754178342
170.7675668770859
170.6145512039845
170.003813048119
170.318048020599
170.0420534982792
170.2538718854289
170.111775762919
170.4017507475404
170.6236711732888
170.3427358021015
170.1900621904965
170.3855316877352
170.394296384578
170.3669401351231
170.3486030912121
170.2116005764668
170.3298684170544
170.2770552042908
170.1656121963568
170.0119406948743
170.5132275115624
172.3061309095997
170.0936604792212
170.0125295581961
170.1698522580517
170.1163007241892
170.152318213346
170.1895269084258
170.3622705171572
170.9879819533062
170.6232499430529
170.3404010218832
170.1499091679967
170.2942449688128
170.6916906674916
170.2660249985929
170.1452417893583
170.9168401755932
170.3992735334863
170.1634260694816
170.1334657443166
170.1707670593739
170.1119570824587
170.1322409431948
170.6854151260849
170.2293111399036
170.1800308955814
170.3662881524044
170.0473665179202
170.1985347226198
170.2683397453355
170.018223081967
170.1554085497719
170.1845624531993
170.152544448477
170.0964293310419
170.506371332959
170.1380196848704
170.0387422782596
171.0879900138434
170.7868714059099
170.5803711215333
170.0749790503953
170.3223253085152
170.0008815310868
170.3843458046201
170.1350600111532
170.3647110911927
170.029451092745
170.0457168460196
172.6485397479269
170.0818561416848
170.2744457267336
171.003735711183
170.2853665756734
170.0970251686508
170.113374891317
170.0293200853845
170.5554751580867
170.1643431804801
170.3369579029696
170.0658380830738
170.0122412324268
170.0319997384571
171.3661330594594
170.6489391622131
170.2388832480862
170.9926066384931
170.0191331702383
170.4625213132681
171.0886191103427
170.0233864896086
170.4867201964572
170.0471624526824
170.0906325211273
170.4843089731848
171.4248671476981
170.0563219368303
170.3011518258189
170.064787222596
170.119544698112
170.9359986482351
170.8930450991413
171.606673624081
171.0885442211
171.0152642532759
170.4758890848898
