75.82376412485529
76.07853098988328
77.62684989864688
75.29949202208864
75.27945883333811
75.98289140592408
75.19962432071108
79.01713784749653
79.80264958940394
78.07019700672787
79.39683240531045
80.05439973226439
79.06306587779594
75.0849700338966
75.57637575769287
75.50992259913639
75.40360666021093
80.03048000238009
75.2482389043535
79.53147015985486
80.22980521552452
80.14872102637521
79.44703687554056
80.07672840082641
76.08277198829518
75.14810196808357
79.67320731899487
80.69825971258511
76.31123150943473
80.3542827596078
75.11259628187757
79.55979471881234
76.11479857866574
80.17401155727818
79.97152468449248
79.38333727051949
79.57696195153471
80.36210769866376
80.20297349175625
79.82285485738342
77.01183113412506
80.17932623656912
75.27349792499106
80.09090832115011
78.0159382067035
75.49985227891098
75.29862255919667
79.23003052743164
75.09580389500806
75.31304430902838
76.04913498127924
75.70100631936833
76.79771958431289
76.5436477835906
79.29068770393667
78.00588575614995
75.35917032226034
79.6019480801819
75.58802826662271
80.4730591353971
76.43565555916346
80.04599663075906
80.00521659731844
76.29290663643003
79.58093770571482
79.55654054750627
78.02232903171881
79.2076620405938
79.59691949715395
80.25279462757005
81.20279276639293
75.2371730260774
79.2865818073385
79.06768476605849
79.06018336645201
80.36997994493649
76.53294442981097
75.07505849543637
80.43763274723304
79.03725427807397
76.09278793941093
76.50050108285903
79.14627923651594
80.70121061049635
76.25129750871491
80.235600134321
80.12341293571197
76.40129561805611
76.04636878408175
75.32603938237595
76.50166156492043
76.20221092848661
79.14888211722463
79.10827515139978
79.03172167014215
75.75869737450395
79.35346109317588
80.29063339617818
76.05716132680958
78.27366806797376
79.11368005764783
76.66266177851573
80.53155052250638
79.33280690544933
75.10845958457476
76.25569736433182
76.5088844947772
76.61845347101249
79.52313945964212
75.10250881500737
79.44109613738706
78.85115099933527
75.23208399060515
76.33221354174977
75.48142030814775
80.25040089919666
76.54403098307259
79.17523221549848
80.02012860936014
79.42306650937257
76.38686663880411
79.20272083374894
76.03326567058485
80.28756815612635
79.60462429319485
80.22911275890758
76.21564800026107
79.11315538606024
79.12144100625618
75.80915955689584
79.22945148614527
78.48601892659178
75.09661284597968
78.0811050105698
76.49198725459641
76.0425848313215
75.13966625066355
76.3680421492758
76.0447751488169
76.90336993286996
76.27122503210049
80.3478225286705
75.4018295542212
76.18057006542249
76.20121097464157
79.35333466446244
79.36476578774028
79.20839580349804
78.1744748133134
79.18692678132956
78.08526449167343
77.39133056513373
76.28421758991817
76.06704789393467
76.45623585407327
80.55946378704199
76.75711580750114
80.02457756088636
80.7011812029651
76.07069801137098
79.15961983643328
78.53901052148943
80.6705568231334
76.11438565004791
78.4220161019331
80.46964017541494
79.04194053146682
75.07535654486239
75.02686675075952
76.16963486607177
75.21837841717362
76.20024027824878
76.31881370413103
80.53641513215213
80.32409601232646
76.00704244555031
80.14751593925952
76.03531028817552
76.23960335812056
78.25529102319406
80.14206141825964
79.30546004466547
78.06566660957581
75.1787503007454
80.48388545168636
75.3747509566712
79.03674856921806
76.16132638028672
75.13975760890459
78.55535433030852
75.38652967156565
76.02326803264933
76.61231769642632
79.09922160888678
80.79104334762941
80.4293250233798
79.2390582313651
76.13044041874474
76.67734569987215
80.53030596898608
76.0878427117385
76.3127869186932
79.7789838481033
75.16290521623752
76.43607593063635
78.12963070533696
79.19609847164625
76.20275811390405
76.11028802447267
76.00407455270577
80.24198723838359
75.06501906665966
80.09615226999561
76.66398632753123
75.36548386065446
80.1921610145404
75.37381280656598
80.32121884575407
80.27847152592825
79.10462446825603
80.02985496357847
80.07854109153553
79.13138088224173
79.06197382654412
75.07584790734794
79.89421199786074
80.24936525162123
80.03658591979854
75.13927135502573
77.2256206097339
80.6405211320523
75.20903286007884
79.06729335284298
80.59175333381144
75.96376139823894
76.17363530053284
79.01978019033461
76.22908573251456
80.60890897331474
77.45820944520942
75.6755447158642
80.22609389491966
79.2540217750295
76.06682990850587
80.28576782806438
76.59427603191274
80.099352646101
79.17865575326181
78.04995964472802
80.28877337568309
75.16331455175407
77.34097106912145
80.0147980434434
80.47571081432876
80.23673814580101
80.56139991756305
76.01636860790234
79.35717402916406
80.30616452546366
80.06626127602885
80.3158719746236
76.06451101852886
76.00098154517273
79.83876075193467
76.3821851223133
80.33148887717043
75.3562115240596
76.12750380834967
75.08828844808367
78.33195319265741
79.16300951412616
76.38834628423324
75.43135643669007
76.23568642940597
80.70131732021046
79.4349251914058
75.10125759834298
75.16650897276611
75.25270840635154
79.15840475177133
80.41423261898122
76.72568571337986
76.34361449852629
76.16282845962098
75.79589268453236
76.37704676261878
79.18608235742566
75.09521166268819
76.08900961369343
80.04395551902424
76.0036643414797
75.0144436214115
79.11294432018765
79.2477420908682
79.78724667022178
80.17282641402304
78.15877857515589
75.03332172229526
75.3479442308331
79.5392781159136
79.15382281902568
76.71574960557523
75.3301688818122
76.04492748412875
79.0547444186408
75.02485184823854
77.29562223201442
79.78094946257038
76.06675947484523
79.13443244839083
80.00282658682033
79.45776397813029
81.36469659630824
76.18823986862864
75.06980843833547
79.13570952822062
75.22567373945523
76.03109253670591
80.64063372390042
79.23675528128605
75.31854212726199
75.18531984718328
76.1883404826703
80.29201278588411
80.08182547109357
75.59147229788083
81.07029095647778
76.08949179875572
79.16156994009917
78.61516409268151
80.53451270352595
76.23697222065834
80.18895759884072
79.69540468801848
75.70359719967968
79.15648427128275
78.58036007443279
83.34059367825677
75.12475147653731
76.11111683182237
76.19246508953947
79.08085535989026
78.73058930718788
76.4263263516814
76.34204137724777
79.18589065609994
76.80387010658374
75.03583435208174
79.67634901822824
81.13578409754176
79.24852000395077
76.37162535194749
76.24662562312905
78.15569550696341
79.24602187089786
81.09121223366152
76.27838393842875
79.08180780708305
80.2600908820479
79.07673584744339
75.12464731440272
76.18580050910768
79.05027308235428
75.62202740101466
76.06424478804367
76.75351663165532
75.37045125456665
76.63778885907637
80.24746097308652
75.41660882668151
75.1796797373078
75.58965878252484
78.14610364318284
78.01158255735344
79.53467010451571
82.49410156008761
76.80429178488619
75.04966432124593
76.56562717956204
75.04036640610937
76.4724721665925
76.08881587970028
76.01482627485039
75.4673921764752
76.07082916961973
75.25817418811654
78.0399974286587
80.16563459238512
78.16620825020432
80.19936876748123
76.41738637451736
76.02030889247197
76.14247067423929
78.1458285997948
76.14305809934827
79.24436703194414
76.00377433799534
80.85655259597672
76.64516572237363
79.14564399111096
80.14742127118063
76.08627890855846
80.23967794021009
80.18556941010657
78.22667018622627
79.98104736847145
79.46764295948374
79.10458001870249
76.00543350010992
75.27167098855803
83.32289059803526
80.22171324899458
76.07027310704426
75.13611058682534
75.29735744646001
78.2809781105829
76.42527774543393
79.05461045800577
76.18169196916487
79.60784190970128
75.17759614194827
75.20479002697867
76.26727970232334
75.1076488322707
80.38988948068712
76.90771524998426
76.24478002605109
76.09504641744239
79.65877240270201
76.54638737005324
77.02395926787884
80.09796488692173
80.59103655985282
76.07723297747562
75.21078778827655
76.65625117613112
76.02837151443256
79.60135709398999
80.30939084542705
76.27594879082558
80.02434676687983
79.14870382157103
80.58188586919583
79.01629500781269
79.2835845726613
80.20384829687153
80.51302564923296
76.81936850854527
80.07218076565327
77.37249248994443
76.19210590587261
80.40435936996853
79.06147500381186
76.39571576026117
76.38824088030827
76.56846031280209
78.39273474763408
76.72599467997557
80.97694265660392
80.4008038787242
80.21200151618653
80.7991218227999
80.72602697823093
79.01070538856314
76.37531280655392
76.10686619531663
75.05444679084437
80.02922170430325
76.58768141514324
75.18504287694303
76.2339074144958
75.27361295715191
80.16511017225575
80.23331937365323
79.85813347936653
79.49903519360537
80.08543312110703
79.2595691725812
78.03673915500262
79.53109115090189
76.18500466313651
76.19017744062621
80.03780283180286
76.14781855328718
80.14599297774315
76.39963564836377
76.53134205477653
80.05735056874921
79.15151153389353
76.09119998239214
76.0008925683047
76.45136871016042
76.48505945910367
80.2481366250485
80.09142844622735
79.50741474130335
78.13074150883213
80.61182812589001
76.34760447144235
80.44707254829547
80.36524939897151
76.01033497404259
75.0530596868456
76.35915283216093
79.23857640390176
76.7034147844025
80.06963892450753
76.15585865591989
81.00443972015273
79.67201223357426
79.39712046836641
76.36069928434814
79.04336722834653
76.25341443474044
78.6764083579824
75.01604752122009
76.19616623156742
80.11050984546542
79.52707329638687
75.05716052753796
77.16141760175167
75.03937864173231
78.01923203801084
79.21691863115858
79.72349478998837
80.27750466077367
79.33859734373857
76.04850265534498
80.02211452750493
79.1167914973619
78.35721633923008
79.04484037274679
75.14699901897758
78.0445223296857
76.27770549140227
80.19081994471537
75.2032000074675
79.51422455066087
76.02827064867832
78.34558050675018
80.6775991739686
79.57378678206814
76.35325259130113
76.45135285717264
75.26373447690301
79.30873684618827
78.07992508076245
76.52083940687953
79.01205122749316
79.01082517801224
80.09337843403448
75.02363447023974
80.13864918474383
79.06650758631795
76.24846047752894
78.28658725468605
80.03870131927052
76.31370642154363
80.14767964856429
76.0093203446098
79.22763444731689
79.38953695819689
79.28886995745391
76.13033946761533
80.0110443520024
80.22996700543855
76.18122300445661
75.55472337195432
76.0205419152901
75.00371910607294
77.55767588658624
76.1572224946799
79.86997980851059
75.30654536057872
75.08298770114861
76.00167469451331
79.09136106369526
76.20880190193881
80.3796374167102
75.86067530590309
80.75685670486688
78.75676738763514
79.2332431691063
79.19850537173261
75.02380393120269
75.0246081953488
77.1575023754871
75.35435858261823
80.38218641055721
80.08320497839186
80.28245647171207
78.75109984058606
79.14608988545454
79.70126249759684
80.11144181273642
76.01827272379043
79.0623449694332
76.09716878107649
79.13133875740644
78.42330633165639
76.36546319275848
76.28103078704515
76.3087020905502
79.16718083366989
83.16877891869669
75.13610521176335
77.40306488135371
80.2162831897578
75.05996867487299
76.05910923257505
79.41345037136286
78.59100220708248
77.13945344873834
75.8168812942259
75.09608440560328
75.04830906321625
79.42946757537062
79.19827810449159
75.31417233940479
76.3349334737347
80.74563064133824
75.06813183418681
77.22627688758173
75.38888322069147
75.12277361132362
80.02158072111206
80.3487191970072
79.04504033299523
78.14485439606094
80.30448347458386
79.21051667732337
80.20301641799722
79.02571460297331
80.00920944666242
76.15759802639603
76.16403371956063
76.51965066179604
76.50218963146419
76.50993481307592
76.26054158347743
79.25222905480479
79.11752306396302
79.05649397402884
76.19442228832615
75.67798252929026
76.2070543840818
76.18141439676276
78.08646712924437
76.28942682742615
76.08178224486696
76.00220481216937
79.75169248051354
76.18205729937759
75.22338229502785
76.08150233432565
79.43690890745596
80.32145274573767
79.2554929512788
80.83086541670652
75.49096773462959
79.00210738792057
78.20888344613101
76.04865099263984
75.07191338715867
79.3291615233683
76.93309098609835
78.4410299050341
80.20359394902282
76.44085388729573
76.05585025155278
76.90808549426379
76.47184262690793
78.3677436320336
80.50998999240137
76.34113966606228
76.21561472546354
78.31729571237908
79.69935341297403
76.33500539516419
77.3472432845358
80.14603266979036
76.95914638385504
79.07340921221764
79.26073554763268
79.2310164052777
76.40849559906528
76.08474808161834
75.73722449023305
75.84452821782892
79.34598747977032
76.3108666112695
79.0618728046267
76.54437328963421
80.38610501830193
76.06497081594065
79.1176862764788
79.36264235783902
79.15163451389331
75.09540968192847
75.07160400544761
76.72733614646621
79.0527757876268
80.0735199580638
79.39925927731825
77.31186624442108
76.47071478690421
76.11344938891945
79.043653613529
80.18985426933696
75.30346938253575
77.03675134251756
80.7223048278116
76.18364101566118
79.08169336352
79.22729741546009
75.63638778026426
79.82662290850786
79.41195215663377
75.19055010670638
76.29434723443818
79.7873241341673
78.08069483634596
76.06888337667752
75.28958820924251
78.39747223478703
75.05101461810432
79.0982522136683
75.10655513901719
75.80744291556043
79.10476666017767
75.36093048590443
80.10258752704213
80.1976863128406
80.35116689542029
75.2667885268783
76.11676187044169
75.23564819070056
79.27409225923294
80.465323086283
75.02290827233058
75.38259811803916
78.3263526428653
76.18829737191687
76.31688588057081
76.21389612106326
76.42093048532429
75.24692197479398
77.10463064345825
78.0401564028154
76.16156303227027
76.00642537588585
80.02942295308468
75.18212654584742
78.10216347736379
76.00087978947971
76.16761885420584
76.22159255024197
79.09885496017849
76.04621177355452
76.32347708331838
79.00582881560432
78.14622812466118
80.34135147748817
80.1813020869481
76.03341933450228
76.12541315653888
78.36966042024197
76.81276277798945
80.31950610206071
76.14193424810358
76.81304677335679
80.2938431708954
79.43253652542133
78.25550713449466
76.19223269068331
76.2421189282995
79.12326398032714
75.43357641188706
76.17963636396071
79.62410562934956
79.09520288942718
80.24632754650098
76.01499710540885
76.13606197778475
75.50561374945072
76.06822807636573
78.29109465532683
80.09197409390347
80.20645755725496
79.30382055451804
80.07225802401712
80.2144066735073
80.05923478787412
79.28242776659627
80.58357371990304
78.04165299783698
78.19833906321942
76.09798556205713
76.27578077549354
81.0234408051349
76.13152192406145
75.08977725282578
75.27672619530189
80.64241535885296
79.05259846855016
80.02602063054636
79.17886359004595
75.20402131574544
79.08484735587324
79.68889702744553
80.03491211866584
76.03469303458947
79.21653632585436
75.1968112115115
78.30124132546774
75.20426139016128
76.1672268479275
78.85728500902957
79.04890178977992
76.1238948955634
76.14314423492091
79.26878155539866
75.5977751920875
80.36316628720466
75.28153946898804
79.09812227012834
81.43037765886761
76.6066904326433
77.75446989221444
75.28515100608065
76.45162097294906
80.21585043683307
80.06189095295044
80.12935258572783
76.09991335561969
80.11508312488162
79.01713503592829
76.04441615908917
80.23245372770383
79.05696577002156
80.327162983345
76.00181128115665
78.59455990095778
79.34072856949963
80.42506020749963
79.2743923983469
80.40350179533819
76.32101636330883
79.8780446871919
75.02503977810132
76.15036352154844
81.10838628503022
80.6494436474561
80.03723884624648
75.02381494329407
79.35691409138997
80.02907496523373
76.87194285173986
80.15489671929433
80.52632768160768
79.05247147115071
79.0429515750026
76.02072491170571
79.27388967515517
80.45489506646562
80.03320484896079
75.88707664308903
80.15507325061843
80.4398469249856
76.52382803740058
81.91254042442392
77.95470107676316
76.35962665874912
75.20662818907324
76.05634597364599
78.08263135456704
77.0559132234401
79.83045404167417
78.18571319985863
75.10911164407842
76.58512598577366
79.27683296755217
75.56878897091642
80.36409416912844
80.14034045737945
76.4746757112691
80.11948948481657
75.04469354913948
79.33164360585258
75.070993860006
80.64587152637273
76.16958464246282
78.04386982008283
78.25133198379845
79.32070162930805
75.52702251411041
75.48840106047393
80.54033148620104
80.160458220256
79.4321531993276
80.16786295112996
80.1099652230933
76.09128691226925
79.18662290546528
79.12916838558903
81.17710103994722
80.02280293365007
76.22066196150762
79.1427035117487
79.54408836849971
75.00933846366074
80.32122034314585
75.2847694047809
75.17784467486918
79.53023873719793
75.27583097316712
76.37890191742
75.57481489154355
76.02225553519014
79.2782706265602
76.19237159233182
80.01201672048569
80.6824181336507
79.00145737840813
76.26474669044288
79.17473344257095
76.00988920671276
80.01258251870841
76.52289732739094
80.20616887611429
80.08983708447528
80.13252229573041
75.76388549307812
76.17938842831943
80.10319949000319
80.06996136942422
76.01026487083386
80.80707194829519
78.02537581995249
79.6375586203923
79.07113547959963
75.03469126356077
76.05049092753285
76.38900351840735
76.28242386819085
75.21692250743035
79.0603724037111
80.20340937449421
79.47891049825922
76.13372666296138
79.75240244824309
78.18197827741508
80.33277342165741
78.12737163458958
79.01528647161238
75.02797151746812
75.00149347558433
76.05024111392694
78.826221818714
76.5212295758198
76.07869104129362
75.04562974143806
76.07865436405086
76.42562871763782
76.12668373614453
79.75311486423318
80.33888365656715
76.5406805119188
79.02130704883885
80.07529970673676
80.95202598583755
78.69560907579552
79.46895386892656
80.14421334250817
75.04553563863509
81.10876305502293
76.36031723311362
75.26222103839218
80.11056988117579
79.51958220061529
76.03913435124292
79.41303275558107
80.03588126833226
79.07399146550428
76.05371735895082
75.19866852136927
76.98582206425849
76.04231947440545
80.00617201037682
77.05928626034701
75.00424067134855
79.89500485821057
76.01289199190033
79.1983448451179
75.30888382997087
80.20973341521065
79.11393950899216
79.43954148920697
80.95922800272133
80.31363720211041
80.27271732695503
76.56723551613157
76.0157324700329
80.1874029398634
75.60175307877668
78.06963728539253
80.2085132854161
76.53954009307051
79.31863333496074
75.06256987347854
79.04831362135802
76.21982804547577
76.3946934188928
79.17651397087832
80.05036272437
78.18682265916797
76.06487119454243
75.26435777702325
76.08887542870742
80.34874380041475
79.12229723843556
79.0901989954961
76.35498017786303
79.09500385292442
80.72301290043521
80.04942789045799
76.03167789293217
76.28579886375967
80.06455446972264
76.17213429414846
76.17148313754957
80.98924941471482
80.40779124353193
79.0850996106437
77.53544085961722
75.68050466019811
78.04225840006416
77.00236108799109
75.8764251448584
76.10769758729042
76.31373182406632
79.03320265095164
76.41086119328536
80.03605719535368
79.32919532924166
79.2877739418154
81.0581077311555
80.32654516828268
75.18226798180322
78.37319749856951
80.17630340487972
79.02106359547729
79.27336888734764
78.14328291759453
75.13791753018748
75.08585716747005
79.21461105890138
79.80385829482242
83.10416786506487
76.37712352497475
76.16048781342988
80.49366357555068
80.45067199687612
76.40142121260472
80.35520217350428
76.16690285351643
76.19209695025258
76.19854690991473
75.19384624884383
76.09387907714502
79.02732658463957
76.31958064738795
75.12557922631362
80.24053842764985
76.16467378759782
78.08690246904753
80.28279061403725
80.05400002743885
80.21264015671306
76.15508620853642
75.18631455818061
76.13502272525452
78.22496676330826
75.04893871271271
76.07804399950383
76.24778615826841
76.11717070604047
79.33255113910074
75.21913587387343
80.16916869080964
79.41295134988587
76.11886909742479
79.05577685365951
79.5328293470277
75.29041008554381
77.24796999343215
80.68445017753467
75.29520637322626
75.57955876818863
75.18101765849707
79.11995716213042
76.73127321480312
75.26175150602639
75.13589726668248
78.08142802750982
80.34298120024351
79.10464344402388
79.05673247246888
80.08984829314346
80.09717432936203
76.34647685231818
79.0778443672792
80.10366271209749
79.48265879526686
76.29786032355709
76.58867220076398
80.63760243409325
80.14710336319096
79.99434724483936
80.59429040919275
76.13020899968488
76.3000357888784
79.10919875260359
78.01146141978134
76.00937278180564
79.06624313982344
76.211867623428
76.2646378839814
79.08008532088118
75.55648738568367
80.37037530790211
76.45536933269888
80.03208363812375
77.02968447887878
76.30456840429135
79.00100255045272
79.79126819488094
80.00053936892012
78.37628030374674
76.03388119423536
75.84422033045182
81.73046507216002
75.31925475062916
76.13398401617621
80.50399194734798
79.06904717947064
79.35853605483113
75.23269550793626
79.73857212313321
75.81295857499263
75.52195821885172
80.4403910129482
78.47815232310532
78.02203963361418
79.56766556098762
76.50312824117961
77.1334920160133
78.60093495162506
80.19344127356189
76.06835085587319
75.11309858932654
80.3115717218283
78.90762834290973
80.91065118901014
75.58304860218072
79.05618380937356
79.13010515230083
79.21886524840627
78.20335208898155
79.01026793758159
78.03032184706174
80.34463263676645
78.3741369736323
80.21908863768135
76.59223760935612
80.07393013888681
80.09324482556552
80.21225177772885
76.1110006815568
80.44156175491842
75.33425766122222
76.04730468771717
76.16732270643806
76.21342309122488
79.05622623384464
75.018281661245
79.15694347266201
79.34203639422145
79.20246270058004
75.13466725546782
79.1105705925578
76.1074763342412
80.42530194259668
75.12217743982013
79.00373383008326
79.04178807882913
75.14340006727016
76.07844455376191
76.4192646814936
75.10386177756423
75.21169728630674
76.0498687368312
78.08529435539292
78.425145039376
79.77617165093751
78.02561541938748
81.50221140017356
76.2385881431474
76.5330468358911
81.05785298995701
77.396565114433
79.43925173654692
80.03940950775743
76.28715361010168
79.574291918977
80.39721392361307
75.1359005322397
76.34228481665342
76.08877142802865
76.77484711501533
80.16752011589553
78.0177411125393
80.46097641039138
76.01561777871716
79.11787865896824
80.50280436919346
77.2355423426295
76.91320061301212
79.04434012185887
76.38929373679177
80.04606295404147
80.05587589147227
79.0985545541487
79.03970447017215
75.22623265046586
75.70014469970552
80.18805917796801
75.33106410317808
80.35169718888956
78.39183017877698
75.12137141759914
76.184314399265
76.3522364191972
75.68105206514421
79.52237158135787
76.00851661357753
78.43666065667011
76.22876991922094
80.23042149677656
76.03942214544426
80.34205322466423
80.51451887427716
79.13188752599252
76.38375454439165
75.28966987595274
76.12092323930034
76.02647608991522
75.38350057688771
75.23864805733825
76.13110236483969
80.05580002276402
79.60598378637154
79.23505886966426
75.21883062653924
76.36958650736766
80.02998580542341
79.10181378842836
79.66843482175236
76.26331942053223
76.38795011678657
76.32908609869602
76.33256298479562
76.21110742228915
75.50044347835924
76.07072726998058
79.68590928055454
80.30938679703311
77.31833720062954
80.12372829102331
79.90143201184954
75.83436628623733
75.43856347100741
80.16957895041813
79.04940888847639
76.29650439371827
81.03458477767919
80.0914313196457
79.42141353898316
75.22437945693305
79.53701048894041
75.27259593084561
77.22425596119027
76.90646179066202
76.2635117938992
76.12667520334568
76.27934819603281
75.00675918678897
76.39683960745054
78.4196286273335
76.42742305987316
75.42337412411531
80.490022588729
76.80868264917922
75.23974181053823
76.38524666189268
76.27935389821059
76.2078371706051
76.86759181040287
76.7349849401748
78.8478179478428
75.07268400241185
80.28404179974189
80.17188471572602
79.08049554604267
80.02914372787308
80.11163681203094
80.57628949716013
75.08662199786201
81.67595274096618
79.01351190211027
80.42953898495104
78.06308747921008
77.23137684662008
75.30170157876913
77.17466412959817
75.1114205584511
76.36892646725902
76.2912437079935
76.09569199301819
76.05718392634459
80.05107983640326
80.10143737115233
79.73567965601342
79.1028124466017
80.0255028489261
76.20492000674751
76.19697458477165
79.21314263570855
79.10164667539902
79.60677842891063
79.04864095559397
76.0305109926562
75.02687643679073
79.2721181300036
80.37570218143743
78.04869099857795
79.42041594312579
75.32784115756373
76.23925599447264
76.20896455345594
76.00365632558226
80.69072330168596
79.25069863297985
80.94504413803375
76.68110385246163
75.33410827343411
79.02895929554849
80.59121887577719
80.20643403940936
80.48018245979138
78.46920601585846
79.35618850021547
76.00783286946235
75.0860072214653
80.81940795502982
75.09054838515496
76.33341794452525
80.09728877473789
79.77599841156679
76.18398008257857
81.26591144070657
79.4858165869713
79.22930102919369
80.02037997479583
76.95218444713532
76.3723893343927
80.04378369384516
79.086606138114
79.41348408487558
79.13289779549692
75.56324194106979
76.42209478425153
80.9533672503672
76.07670603122894
76.4040474573014
75.0903786022267
75.47924295526434
76.91856646814846
75.0877007594191
75.83876999205063
76.36121308722834
81.17245839079546
76.06278784772387
80.82472405111155
79.14629782579424
78.05932479683004
75.56569769639185
76.02668824134379
80.4310898470215
76.40721408455991
75.56647145646075
80.00162663371768
80.50869341477312
80.42335842376245
75.5705643209608
75.34171675096725
76.08292365703728
76.29978501419497
79.25812882825905
75.01731160000355
79.07749584476025
76.1031433776252
80.00570010320706
76.03601182333742
79.0011921175288
75.2409574329723
76.45677233185542
78.21014258526965
77.11067510474001
79.55820911345909
80.04838214883041
75.75415166254567
78.18873430167564
76.07616662167526
76.27230475581798
79.09326459474146
80.29836109091754
80.11369640680404
79.35376309355131
83.77226441264443
75.43496034729596
77.05421365705112
79.16467552134904
76.1112241927395
80.06007921994416
76.08561197505563
79.24929464076708
79.06028861254865
79.28658583714873
76.03774470090889
79.13247083793371
78.10023233710444
80.4251257613408
75.36887252096847
80.1221887737607
76.89625469484385
76.64807500857299
79.07547242494539
79.66203591549593
80.38862295702516
75.34624210634989
76.067727081556
78.55145585487638
78.70459562323359
76.37909325806825
81.01862815587683
76.59730817135743
78.15826265587393
76.96131947277942
78.29694968851663
81.19082322142823
80.11103496312195
76.06347017583634
75.02175931454694
80.03568423602604
81.20538445332248
76.08378399564717
78.04861791446595
76.85075017117691
76.30744211172969
77.68210222213408
80.42677779645942
76.38502683983505
76.02021265700692
79.12777705154191
80.17033897884838
79.26019003022435
76.62233780550305
75.09516934312099
78.21830097014686
80.41991060538335
79.33342052582655
76.12488691738824
80.10759436004265
83.09572202239559
77.05842048250238
80.67356439225634
78.07601794943062
80.40710129606836
76.44506069761358
80.20258496330531
80.2248935815881
78.13714212268918
80.31281112721604
76.35029177452702
75.52585692868432
76.30253188301268
77.95830216222565
80.22090083886653
76.80629708350669
80.7958551899096
79.03338309972288
75.92851124307285
76.3659404607683
79.004234421238
79.16694501495226
76.09324744752534
80.04763876254573
79.27939894204985
78.02834490384106
75.33564796004053
79.03879983851745
76.18730181272892
77.32957306701731
80.26901112764618
76.33266205494435
76.04005584277999
80.03188970820774
76.10399179035856
76.189549623508
80.05890427299258
79.24761819218462
79.02206278132759
76.33281916177464
80.26193764502476
79.42926163625037
78.24141648550703
75.11670699214613
78.33808645160082
77.28517785521365
76.01091552764821
77.28887368215831
80.02441872192402
79.25247795493495
75.53284110556048
80.08793544179349
76.55688529824262
76.19133367797946
80.21152690720956
79.10279142226112
76.65377282489585
79.01497208639864
80.1890882124241
80.35731084140673
80.44520347093565
80.08919442339628
79.33078621135175
75.37000605414624
79.0291494854805
76.06504005883735
76.49392490591211
76.61817148175808
75.00015698543542
75.03885119785883
75.4242304781973
76.1897361186917
79.109255657203
76.01859470992122
79.87802751912493
76.82077963252215
75.35256260278697
79.63903857459344
76.4536528659007
76.19748567656268
80.04064571464733
75.04797597925061
76.15592504258116
80.06098806810394
77.43480506917811
76.51392088809246
76.00563131287755
79.6314009675303
80.38619720493529
75.51915752144035
80.22934777066719
80.43989315533403
81.36791881302868
79.49411485263755
76.24905080017376
76.31178253126525
79.07553325654028
80.94530191857298
76.02973434571193
78.00834848952208
75.32946311560855
75.06792217918017
79.9062785607329
75.1038156052112
75.84658687525307
78.06576878920983
80.09998670086765
80.73203760673684
76.96278828417337
79.12041722072034
75.14126095848052
75.24878992351142
79.07787822847176
80.2590632580876
76.25064412780613
75.38305862476116
79.65777963976917
80.14957613590427
79.08786758278008
75.00997155221268
75.23913923086988
75.20409056621695
80.37466105935135
79.21220525279936
76.06035894404552
80.41159121739612
76.24863935078349
80.10160366325651
79.14809544301175
75.5856611193744
76.01465512814872
76.0124169325874
80.11850421462577
79.5146995514904
79.45326675050839
75.18176571346042
76.18170148683143
80.05122226437804
79.05411237174194
80.38297860254099
75.4283272823604
80.10333064341557
81.14289533956212
75.3452116688761
76.3427659479784
80.97539355132231
80.03245984784664
75.00050217849473
76.24409677653281
75.66677036078423
79.307745012175
79.07142099099073
76.4344211402107
76.26241022768649
75.2411129936262
76.05869827574627
80.50719990154882
75.18048971013805
78.2302623622785
80.16397540853141
77.09693127334252
75.21605146860854
78.03351463427019
79.72795112962307
75.47183910878248
83.29422268614331
79.21745846707141
76.00622416363537
80.15124980070337
79.28104629610309
76.30464355647277
75.23246712231577
80.05813151781514
79.10859136353456
81.01034576110075
76.2327873102326
76.8589393074508
76.42994846658729
76.29242474777026
76.12997072251528
79.1020184778663
76.25816765006255
80.27119723432254
75.29040030321787
77.14487113576118
75.03561879205796
75.20020575413369
75.00806531439422
78.02729615027904
79.02720177195017
75.05719631678208
80.2642541008958
80.08868658694686
81.01024617043765
80.13830866484408
76.35545509368171
79.73235915823551
75.22796305421825
79.00920765641727
80.15910097774912
77.04871300146519
76.3734437885141
78.22764356629833
78.14700581052685
80.29096294513397
75.13870308972355
81.05373942376143
76.00276302342562
76.36945525679953
80.07538166241609
76.33001918924127
79.0246338724107
76.3343023255507
75.00524316896542
78.07485801942327
75.15054233571148
80.17267084377937
78.7128680139222
78.35981444418262
79.33265600399346
78.77085862467403
79.66614722350856
76.21695160140631
76.05577952610594
76.14580691032296
76.26792139732453
79.0013849349646
75.06462912933691
79.08803064600497
76.09533291906418
75.23287048389072
79.30008741418817
76.00401307926626
79.16134708981537
76.97862087417744
75.71831466268017
76.36864637954812
80.79582004787527
80.05913522870969
76.25161375476948
79.06263778255915
80.29349887172225
79.07514620125771
76.00904820983284
80.13515321768386
80.19123570399432
78.20462283817895
79.05806031672896
78.21714209279699
80.29578775203406
78.5068118996467
76.13312705194136
79.00875672130661
80.40956593283273
79.13551333152509
80.18103065556312
80.05567506076518
75.42064587049114
79.02586820532048
80.10822313168622
78.02251594558065
79.60952586817962
79.0657460617414
80.10005531455033
78.0080259167553
76.14067121112036
79.04687754384616
79.39810145721334
80.04235186043692
75.50823831913479
77.12203890694279
78.08517466158838
80.01025903290096
79.11535286058651
79.1263260236351
76.58330749228013
76.03177341661149
76.460949066622
78.29639397932672
78.04337153425276
76.10641848176694
80.45174506402506
80.10704148705717
76.1219878810906
76.17844369696178
75.96160682605891
79.116198493855
76.05839726557096
78.46831334247723
80.71344310537785
84.34868575166527
80.02143742514106
76.63783277345442
79.16285856978953
76.66353835187564
79.09736279629915
76.6882326485184
76.05514715339977
75.98520113689408
75.06217460417128
77.15507954244238
75.14367139728358
75.65877199823076
79.28157251143783
80.03050572051262
75.38166237435765
80.02637215527518
77.39006310268509
80.08415141757129
75.09104889912985
79.54455367320682
79.0921422187731
75.03771010878636
80.86840203640813
80.20250349018397
76.82086782556651
78.30858783549957
80.27979858152352
75.27164587569882
75.67326889686048
76.09249843811342
75.0895514688547
75.05309845153376
76.26589265428142
80.43412370193609
75.1778386058068
76.01237707097347
80.09506597665433
79.1435445444614
76.12940268348628
79.8226383367004
75.1608391519757
78.12428169154505
76.1225113249584
78.26111223338773
80.56108662082768
76.6315470104023
76.27674345464482
79.04291788917816
79.1951085367364
79.20888812575674
76.34489585181481
76.12277111450396
75.39123342661932
79.06258290461116
79.22496677166386
76.00440690059234
76.27791692575347
79.00905904816827
76.44897121150379
80.02465404171105
80.23326051657318
79.0127935878188
80.4557766811876
75.01263339943837
75.25653164302932
79.0620069495884
76.00856861879844
75.12586466719117
76.50292831137742
76.69473824958624
75.03627168043764
80.29679313716146
79.07006946199766
80.09665301642673
79.03539587072827
76.02137171285057
79.20264105041865
78.04566394139704
78.15592783460941
75.27338403463702
75.97483504937541
76.16648573335807
80.16732699813141
75.16782191050878
80.03309305623452
80.84178386506566
76.36316693670476
80.08870319995904
75.24707581469161
75.05135062262559
80.44963958401469
75.04571872183716
76.0963665763459
80.15257753290906
79.31870172486477
78.32451004958776
76.1224560990896
80.16698446595673
76.80440658086026
80.70193777186076
76.322119728068
76.03267918366419
75.00300845844072
77.57259351988004
76.20882593873847
75.88557924920804
80.05423812072571
75.43274933503476
79.2293685331604
75.74687245089173
78.48320881910959
76.07119819512512
80.20407869034253
75.79739866605586
78.07300054702246
79.72847057491202
79.03586482077766
80.05123229192904
80.20085700060567
75.38875459366808
75.50504602915092
76.18740126920486
75.29816677909568
79.20987169080476
80.05949135536683
81.20136696945399
79.02486086993666
76.21211698418162
76.14673384960393
80.2484837714338
76.10012169676806
76.35695225710745
76.40586867887227
76.68655039407209
76.34279383216261
75.59643056569249
79.10546743134492
79.18470863809242
79.1996595928023
75.19032189103862
75.11415394309991
76.08722601776047
76.05252025238798
76.06873665890326
80.89727154640148
80.13002307616074
79.90377050868257
78.0129479738335
76.64269785038373
75.06595725768379
79.12800312932127
80.36363537797368
76.22103282341467
80.08944710683866
79.09005225611288
79.00040192419056
76.29796187442238
79.00481656526094
76.18589283268653
76.06677650738958
80.40633502291952
76.60361946333586
79.70014700812253
76.21714304251587
80.00058469562222
76.04835650838062
76.16009514810156
79.29795759707321
78.15421599204637
76.04293962356485
78.19201501676108
76.12390219958917
76.39662900494754
80.11075072230926
75.08365463769374
77.30116392930864
76.53080105392418
79.16851379103679
75.21438821186382
79.14768893377716
79.18745177592903
76.22244254072668
76.34249194112718
76.30773910959142
80.04696115462663
76.99527835417094
76.18444357881306
75.4642875177317
80.2174325877464
78.21967382972333
80.03944495730086
78.0118571056729
79.30006043564633
76.28962406766186
76.2446116865499
80.04821772723461
75.01498328673554
75.01352153598673
76.27196751727136
80.65156252335245
76.40569206691396
79.01221940981175
76.39687559093882
76.43393504391273
79.00723997358668
79.22010955808925
76.45404338269589
76.28100421877951
76.15294217219638
78.1968839289101
80.06804566303629
79.09912892796447
76.14258164847554
76.83968495188591
80.43811704275497
75.34466892426046
79.4375208052811
75.6699167142971
75.20332139992519
75.57111516957548
80.17877329783542
77.03266240496376
80.1249572967579
76.12549429668168
