275.2485666660162
275.3800904738933
275.4581027778537
275.2019545625227
276.5763933443451
275.1821147336582
275.0660963491333
275.9223284912367
275.3320363223808
275.1832654000544
275.7862309828826
275.3158145491884
276.0084684949204
275.6120055550685
275.2442630009577
275.2580036187268
275.9711534631818
275.084215060776
275.2574521933033
275.6063665057008
275.4571175161739
275.2570147402234
276.1049082289982
275.2651662252006
275.6551293942726
275.3613439025817
275.3334341908714
275.2788133977394
275.7097660286147
275.4388584843107
275.9377894820155
275.6441673089028
275.0149113045352
275.4026054328742
275.5941990065133
275.4296790274713
275.0243166218419
275.2888570791049
275.2267043553314
275.9122055571253
275.1050140941858
275.1007301597598
275.262673677802
275.8867697175242
275.2143588719259
275.3389847538726
275.4293375287681
275.0888730384626
275.2104183506295
275.2754230684872
275.5657454175204
275.1970791318477
275.3296482011639
275.3015447692309
275.7181681990853
275.3296022845197
276.1897228342789
275.4895958033226
275.4958911912397
275.4299005082849
275.3419395581682
275.2195177151915
275.5828327069357
275.3535249965742
275.4902800677716
275.0319485393009
276.0399274303256
275.3803942444273
276.1801663102812
275.9304963054984
275.279941467268
275.4377302283768
275.3481674137975
275.32480289899
275.6599953277847
275.2109210400785
275.2198979690161
275.0743427828728
275.2132736898234
275.6479222122056
275.5407121919012
275.2648557495788
275.0044036735338
275.6663860498538
276.0107043651781
275.3901728327864
275.16319282341
275.0602315019108
275.1050735812117
275.221597498695
275.5316103347367
275.4034390087588
276.5364759991514
275.4040887740371
275.1103643547406
275.5076201024828
275.046037877997
275.2717849079868
275.308807807517
275.0722653032791
275.1181945168736
275.19063627706
275.0138674839623
275.2285492659296
275.1035915739549
275.3357921219659
275.1536557063043
275.1892910058756
275.2624890781832
275.7688590533961
276.1257255950425
275.1578417807858
275.278691638447
276.4057740520426
275.0702022239583
275.3301028109018
275.1983658807344
275.0154332792841
275.3463693928855
275.1566176364826
275.5925287537552
275.0005585638783
275.2623735281371
276.6555861863627
275.2170885279667
275.0174545319098
275.0678522380517
275.0663408700189
275.230133241367
275.3746142762765
275.0208011018153
275.3497664074608
275.1360493284932
275.0877249819782
275.2146716651569
275.0537540703091
276.2925480678364
275.4863745323543
275.021315660858
276.162308745187
275.1583156427833
275.0553291898989
275.0558015344124
275.0061083329315
275.1847989602733
276.2254633168422
276.2595430643041
275.1620069676846
275.1752609863357
275.7859602104635
275.3840762962559
275.4472004758259
275.8093054296087
275.0078383825791
275.1884297322591
275.1551906133953
275.1763113430749
275.2825354062118
275.2577045521584
275.6159473878193
275.1311701469465
275.3466555688921
275.0133516422653
275.0277668818167
275.0612571177306
275.2314034807521
275.3663189733409
275.1628305838071
275.0830588247287
275.3298037783706
275.7104530176909
275.214688230896
275.1083175068303
275.7726454269261
275.1314634027122
275.2777678082475
275.5433255149313
275.0095219195833
275.5586799570804
275.0962303886375
275.3570732573206
275.1785079089798
276.1088447973689
275.0871477769064
275.4571404373166
275.0324201969009
275.1880558767822
275.3134522834172
275.2696021004916
275.8877706455249
275.4638705812744
275.568506490693
275.4460520466643
275.5091568545657
275.5640104340648
275.0759120588739
275.2398459871009
275.2393387870887
275.0033532433537
275.226772761146
275.2901126242619
275.43978839354
276.866221803072
275.0562299435126
276.990391989163
275.2926426429007
275.3042904278913
275.2690091338261
275.1923693296648
275.5727387635959
275.1207299929001
275.3608468650783
275.5879666970556
275.6989489263144
275.2068499985987
275.3399180780117
275.287157111487
275.8950127552577
275.100036930216
275.2947193766035
275.452797937042
275.4183227467321
275.1438830319451
275.0429818704727
275.232341429716
275.0472083437977
275.0339457608326
275.0940471366391
275.5541596528715
275.8499660291312
275.0955767366792
275.3507993277648
275.4589373337063
275.0731699285652
275.453824906241
275.5126120239387
275.0510027058773
275.500223522383
275.1370774718484
275.7360603027635
275.0439158997883
275.2644762201207
275.0043659215358
275.359653381899
275.8668934043309
275.3077063191653
275.4090478722012
275.3762048125063
275.6051715185361
275.0058371365604
275.1973016187897
275.5481742113291
275.1810273799125
275.1473933598081
275.2363603194144
275.2384396498324
275.978167135073
275.1324379194912
275.0613639122858
275.5570820799782
275.1862158236963
275.0044969269246
275.6018980260409
275.1741144105521
275.2403216207799
275.023063919181
275.1615614322687
276.0704781858603
276.3572021787994
275.0147780199153
275.2702518935423
275.1253351267227
275.2382427182252
275.1652579487119
275.1727089610244
275.5460056876619
275.0017773865836
275.5742221981286
275.0436465192364
275.6146291763972
275.0982620645592
275.2918776749766
275.4353508043275
275.1086159099451
275.8701093357527
275.2542035926706
275.5204012757527
275.3597598865937
275.0220248387541
275.1246463260591
275.8222778147559
275.1260194102509
275.0416187426976
275.308535303558
275.3229766161883
275.0672780306406
275.8008733437993
275.0059729377736
275.2329853642178
276.3829050101015
275.1670968067009
275.1310499193876
275.1681515032778
275.291793936051
275.406321359691
275.134753047957
275.4707295141151
275.8463051941916
275.6124566217046
275.2875598522944
275.2962968796459
275.240224408472
275.1034814661598
275.0347571020681
275.0884432555814
275.1199597712362
275.0910153641209
275.0071202019375
275.1991987894353
275.7568585075921
276.3284738433435
275.1196866435668
276.7861893954944
277.4169145919175
275.2357487176934
275.1038370936683
275.1965114721608
275.0128386062408
275.111192779756
275.5108884316522
275.7597091716192
275.0363920928424
275.2732563852813
275.0787644260606
275.2113976705148
275.4546340812774
275.1200468387694
275.3525521962754
275.1168332861801
275.181347699291
275.018431612476
275.0057772680551
275.0052874689085
275.0093536480027
275.0287472922553
275.1184388886382
275.438663881362
275.4144631753766
275.131915928658
275.680370908632
275.4755842125583
275.0041078136718
275.1889445899072
275.0510392543922
275.0756400969614
276.1311568483343
275.1440115315533
275.1532469874084
275.6506390433956
275.201030347123
275.0311087183147
276.3118649340275
275.4367666993742
275.4268127828705
275.2919869566327
276.0192280962335
275.0744211340124
275.2526618770965
275.0230592950729
275.327429408897
275.3815787710571
275.0425365521727
275.2152899884309
275.5079979425706
275.2400235728442
275.1434662000925
275.2768787725985
275.9656450545374
275.7498800000163
275.5840202456566
275.6285705129407
275.3446224691071
275.1723902232434
275.2599206771167
275.1063752202871
275.1674947070483
275.0713117536648
275.0096667657563
275.3292642917734
275.7881059545339
276.1831350269518
275.0702623136852
275.1194429357798
275.3610052764144
275.4276587393969
275.34954814692
275.3560941645818
275.7477728518487
275.0006179066771
275.0188604155649
275.4016268334886
275.2049534777441
275.0693133792908
275.1499207343387
275.0621005457538
275.21313299094
276.0986468845692
275.5559761483244
275.6776706310389
275.07110209757
275.2564079173276
275.2589864559773
275.0521165159511
275.3466230893007
275.336834476914
275.5080111803462
275.4469746443801
275.1038462797003
275.4220948866894
275.6927192692938
275.1863159758824
275.1584049914765
275.3755848418968
275.3686527381699
275.1076938667655
275.6917540787077
275.5199272661292
275.4326530446832
275.1953495364774
275.1000170091497
275.1056229320463
275.0662478001694
275.0396699172628
275.1939162156245
275.410218503889
275.1508732877992
275.0278490486193
275.0454985401469
275.050406787589
275.4887799618139
275.8477199012433
275.0090098188231
275.0989662626768
275.9764986304396
275.0722551857989
275.4060123273487
275.1498093253851
275.2028021762316
275.0915828833112
275.1192147786834
275.3327522276364
275.0935960234389
275.6400826568117
275.8739651556886
275.0454869261457
275.5663284459923
275.7340144209764
275.0110952571577
275.7309490260608
275.031561181736
275.3646721848735
275.5670414601981
275.2194861150601
275.919218579874
275.3744089899889
275.3773372892274
275.0875887148283
275.3329540201869
275.0561669088548
275.6521577681473
275.1858850358378
275.3238714791021
275.2312593742739
275.1031458553001
275.1040856603922
275.1246616267744
275.0556933177343
275.4999175979631
275.5343257500033
275.0826601550526
275.3840402826452
275.0823752152312
275.0492278011659
275.0486952614522
276.1813457254956
275.3000649727786
275.6251433024779
275.3553284813583
275.3486085731718
275.2386574833762
275.2317258243623
275.2693049671345
275.2178480205069
275.5594687728129
275.0037495403191
275.2206673378972
275.0952313125104
275.6051647457516
275.9621791641226
275.532778220533
275.9155947941313
275.0660048851747
275.160611375854
275.9866757859825
275.04599857821
275.186123306198
275.0069486511797
275.084326287397
275.3013772299366
275.0157652286158
275.0505211847508
275.2028844243018
275.5401206319003
275.8791352632923
275.0537077926217
275.3982037385637
275.2613403717224
275.5564341779951
275.4898469392033
275.0752273350149
275.6501904323256
275.3118757038499
275.0416783529864
275.5910296274851
275.1135946877767
275.6458387967226
275.2752408693419
276.1446925032712
275.0360767388635
275.2213579961478
275.0145033139558
275.1902947506209
275.2254050755607
275.2350205158414
275.4017413586908
275.0268988472884
275.0854587664704
275.092582026092
275.1417295750244
275.408595223611
275.4038273478467
275.5219615632423
275.2772718342569
275.465483983819
275.0617595779228
275.3569952404591
275.2837117813298
275.1004994726592
275.0581876509373
275.0125599919745
275.3410059043936
275.2397805789618
275.4917250550407
275.4801495642984
275.2219864911054
275.1365372278037
275.312432855112
275.188099955259
275.2189643977657
275.0212648019066
275.0849610454062
275.3025979195135
275.6825960650561
275.0250740579773
275.0164578275795
275.0184992447167
275.3785608951833
275.073604839358
275.0796175953536
275.0141499583751
275.4138492285878
275.8465459339022
275.4065970795662
275.3393310431287
275.575487778968
275.0920780608354
275.0614613775528
275.1111643218469
275.0708623947348
275.4428309288028
275.0384424610013
275.2516164787089
275.1177719539702
275.0719906203302
275.1177697723576
275.2134858212027
275.1308023528888
275.092933771402
275.0144241737739
275.4506779060336
275.0456605683715
275.381312359033
275.0731976840203
275.1515096611478
275.106241261895
275.3127767436518
275.1345455858683
275.3398527361792
275.2023004376982
275.2373881808238
275.5058057961703
275.1957432597794
275.0208129331164
275.2295287655133
275.1360503131921
275.1082742496296
275.2684530627351
275.6474910578796
275.9688323681428
275.2070197145668
275.9693454582028
275.6353727014499
275.2911043736472
275.3713592151882
276.34979679918
275.0640759686768
275.2515958368683
275.2508481548813
275.2565780748975
275.4945412597161
275.0695163642478
275.213270216612
275.0529794742576
275.6780938679314
275.0801782669638
275.089393702926
275.100512061269
275.0157219546471
275.3225016527318
275.1387274232665
275.2055689080376
275.103556947959
275.0014229831956
275.0485703880553
275.0310655043705
275.0293176282128
275.3491031892821
275.4687291192851
275.0132023351641
275.3379008699328
275.0617593759407
275.3775476539536
275.6297946224748
275.1883110147264
275.2428531994055
275.889756610839
275.0035313371874
275.2254360647032
275.181028429128
275.622432228249
275.2918119301258
275.5817656082062
275.7978298855169
275.3136220004928
275.0297182357671
275.3761774818192
275.1849078671247
275.1174772551652
275.8012013200013
275.7988422857767
275.7390552711495
275.0815658781519
275.4607483962327
275.0652828092761
276.3598723619703
275.1534795977144
275.4974815485181
275.0693134958913
276.2722729636258
275.0361643156943
275.308360117937
275.0212895254352
275.1071562277009
275.1874645815856
275.6392798722307
275.2393813436292
275.3744556498932
275.162992589825
275.6586812522219
275.0769233790941
275.1872561335775
275.3226554118081
275.0139517801068
275.1084587236484
275.5094631513963
275.273446264528
275.2633940025277
275.2758465735444
276.0417534976514
275.2056072562848
275.6667533442734
275.0115969294006
275.3696004696665
275.9079441333819
276.1425657052301
275.2308195809472
275.0635937363525
276.9639530710549
275.2988095544387
275.5728533429033
275.1095860708515
275.187460384257
275.5689660647842
275.0563602158497
275.8970973843875
275.1998006976823
275.1915079802032
275.1704886008141
275.0170086502156
275.2675460620556
275.0058448147838
275.0577731913843
275.1218918880695
275.0487373699668
275.422693210867
275.0783488433797
275.5287295769131
275.1050254632891
275.1684448890867
275.3332941701835
275.8869122408034
275.5207199725658
275.0840295841212
275.127500111665
275.1723516342721
275.5430388024463
275.5326326642829
275.9702618773441
276.0802584577301
275.1451316331772
275.4372802056896
275.089470592698
275.0473751757628
275.3951300733637
275.0451201569543
275.2949145824014
275.3821033224832
276.0445973920234
275.1940827826788
275.1801757283995
275.0615765581455
275.1491571383214
275.6841235879189
275.2483406402117
275.1021904774983
275.1458213566348
275.0074014412249
275.469226679708
275.0908148234756
275.9427461666382
275.4085796535514
275.9682474305527
275.0592201256994
275.0932379792728
275.0947536036984
275.9310075425493
275.516950090312
275.0998419359603
275.5186584550946
275.9988096398406
275.4251361987621
275.2724644580986
275.2495985482199
275.2655657018727
275.1958236789949
275.6150248575635
275.4771994745245
275.9309425506463
275.1848802546774
276.858673420538
276.4445350791734
275.2188018151663
275.0435354466919
275.3917550999111
275.3542144914613
275.1404900647148
275.212750723396
275.8847760255336
275.0630216786072
275.0891066849802
275.2405523322925
275.4106990586197
275.5854006865532
275.2056740205403
275.7825986099191
275.2291757484473
275.1648717925336
275.11021143914
275.3251749710034
275.2722943838142
275.0880665469983
275.1679980515846
275.1061054782197
275.2855381643438
275.031813022826
275.0114447281214
275.1771744033475
275.8283490225699
275.0141522927216
275.2545726518405
275.0080451575547
275.1175153987535
275.3729345629354
275.3482159435136
275.435245383483
275.06415475729
275.660327962227
275.0352055742077
275.1300214528401
275.0558341960107
275.1518456714087
275.1132568386592
275.0907834858
275.7262924886472
275.0365133320782
275.0595785198157
275.7261138545226
275.1705695220355
275.2157432374279
275.0516087215975
275.2103799505576
275.0641942986836
275.3702375704141
275.4201914833335
275.1166034492378
275.3459311324154
276.5171217888293
275.1943336303871
275.108276739126
275.410857489111
276.2930953227961
275.9160076653454
275.8040683782945
275.2702130969162
275.1128955913082
275.6146647852126
275.2938051881497
275.1539292460658
275.6111605262867
275.1460083694465
275.1290239763463
275.1785501001574
275.4665278637089
275.3999693690886
275.15335811085
275.1306959022446
275.3265984860351
275.3656461493015
275.099104065028
275.576834806176
275.3944579193704
275.1959522837702
275.2779649037406
275.250556863196
275.1031414761869
275.3319399936495
275.5893402821812
275.2767703109258
275.6857650919519
275.3636206617087
275.0033209962746
275.0857880479085
275.0464716829924
275.3138329766637
275.3286524366929
275.1283796871781
275.2016350115849
275.4385295440703
275.0279150965994
275.0543543175235
275.0156395847638
275.386974746625
275.041690260234
275.3920308806573
275.0884099003385
275.4550467783001
275.0152135806667
275.449912458705
275.0511180248645
275.1090311645247
275.186697945825
275.0116595793127
275.7064486940562
275.403061025945
275.2640162784632
275.080469832937
275.0243110309987
275.1609951913952
275.0626681455109
275.0116336054916
275.1136752755973
275.0340466939375
275.660091878118
275.266124444398
275.2474054070848
275.5407916075307
275.1501040198166
275.0217523901662
275.1438649556493
275.3859772106005
275.0860647899427
275.0349222717944
275.535047952744
275.1822045174246
275.0313469276106
275.6546800348065
275.083953180087
275.4957999103598
275.1382006088863
275.3531008761647
275.1601693441172
275.5005967887274
275.1253070763324
275.1146429629989
275.098779003746
275.0444395179156
275.3692087639923
275.1252888359246
275.119837590316
275.1852441856564
275.0701767256894
275.1236299070278
275.1428951553613
275.2005692525502
275.0907040594107
275.1328175423116
275.3541993397965
275.2582182335196
275.6411470613814
275.6217676545907
275.4184000742954
275.641774965822
275.1125482642739
275.4185723962448
275.0961631464108
275.0394949787055
275.3340308951547
275.0737508795892
275.4395716176452
275.8892923767669
275.3967240401367
275.2787163675719
275.1178837506044
275.0604816839152
275.1964521757403
275.1596939242346
275.434374232961
275.008318037553
275.1867674277646
275.3393549578582
275.3013712754756
275.0585404141392
275.4647211476653
275.3479056292273
275.1965951845648
275.3006047998571
275.0507706745717
275.9986379416129
275.0217073563225
275.4333454905956
275.0995417393499
275.5005325258589
275.6011496162122
275.1004933620146
275.0808889782917
275.1032836392972
275.3500476934968
275.3025188306057
275.6589150518564
275.1206709739753
275.2715399031498
275.2734947101362
275.5764787447507
275.1500227503272
275.5242108755581
275.0901387588255
275.2251451439106
275.0759054049292
275.533595606665
275.1743947302795
275.1758186431125
275.0307707258746
275.08985233833
275.0178793344451
275.3853113686544
275.0085934364141
275.139346253382
275.2744610614897
275.1392701903677
275.9976293874267
275.2015059765897
275.0732118142671
275.0398870776356
275.1758670019515
275.1367654804916
275.1188277017785
275.2528366375062
276.9690413286148
275.0070816024024
275.1271502153729
275.1781028162911
275.5103672944212
275.0781238961916
275.5121573974657
275.2133031708057
275.1874177738378
275.3712421762361
275.6874756795915
275.1823374362628
275.2894500206713
275.0485572400783
275.0772103129379
275.2312974083704
275.1372128751516
275.5944089340958
275.53116235726
275.067080850567
275.0922727011186
275.2472075168292
275.2023987237928
275.4301551580799
275.5327598624864
275.1425819802121
275.2911425584805
276.0658750880717
276.040974054217
275.1680583456812
275.0707253570524
275.2844891508603
275.0778981652118
275.8060010711206
275.2359653693672
275.0270473271315
275.0359004048218
275.0076367276101
275.0711814791047
275.9662208102228
275.0646504145666
275.9524455210609
275.0714748218567
275.3485574076774
275.2542586374701
275.1751190741041
275.5625313366772
275.5407938977513
275.044603013302
275.0793157185254
275.2708263907178
275.8963447055229
275.2494900340257
275.0496321477049
276.27327733335
275.2528812890754
275.0271643512252
275.2459951318831
275.6091621968336
275.2000487069579
275.6183102751714
275.1290424652415
275.2055628274426
276.5299412175689
275.0011046774576
275.5540274938207
276.0820046143357
275.3454527500211
275.5376121783398
275.0102800052647
275.5936783153442
275.2512178310467
275.0885574195706
275.4500003917246
275.2030762458438
275.2760286864616
275.5995289116031
275.3622690755749
276.0940444490318
275.0086421102115
275.2571004603922
275.5512816107027
275.04991052951
275.1204981008298
275.2280200957643
275.777851676196
275.7788098332763
275.0035091454974
275.9801918731129
275.0788976654338
275.0772944956316
275.1988765962505
275.0316383804305
275.2312315922635
275.1013188732634
275.3252679212167
275.0313050453913
275.4194867059207
275.185664834034
275.0796416652763
276.2478306881881
275.0948893388165
275.3283926490134
275.0661271077534
275.0002085040674
275.5584756035865
275.0093962088038
275.1298142166579
275.066117724726
275.1444637070218
275.3087981444656
275.1107439682073
275.0102100323095
275.1000753917596
275.1059680498461
275.2496425818427
275.720290974918
275.0525664584553
275.1685110507542
275.4979349880335
275.1974860899576
275.0330937643516
275.3228962374686
276.5208350999364
275.4504080031074
275.0532275404656
275.113286041075
275.3781401906932
276.9815582689442
275.0311906707282
275.3358752129381
275.1665151986404
275.1537097130179
275.1085036488013
275.0734542764623
275.285284519373
275.1256106261285
275.047766323239
275.1108833225313
275.0324363836022
275.2864008119976
275.0133559553334
277.2348633937177
275.3481237762695
276.5240007868969
275.1855122822673
275.4842227321341
275.5524364331231
275.0676203279433
275.2628831393388
275.2010934919448
275.9105712745567
275.2558074322728
275.4925809910512
275.1436079658664
275.2162075397254
275.4800157077343
275.6914713444496
275.0960083072321
275.925501213255
275.1301973054231
275.2429361321396
275.8847345281675
275.374839544548
275.1274925701072
275.1899125056306
275.2359669205453
275.5153964096866
275.0655033448081
275.0316376292977
275.1503542330736
275.0612435604212
275.1610909407061
275.6060659568503
275.4378182350291
275.1143397311332
275.0398074307203
275.2294161452503
275.4993049410268
275.0121648141711
275.1338805604203
275.4012157242188
275.6828674159634
275.2863903738914
275.5872764898011
275.2645807177841
275.9042629393888
275.0206715788075
275.3160067922233
275.7393105873535
275.1623199899857
275.2450806350037
275.179203632413
275.4842662890584
275.2305501520253
275.2997566883724
275.0064936851601
275.4154606815919
275.1711787439409
276.0408162520178
275.4080513105184
275.1608231034178
275.8797946875703
275.5718275908634
275.1990771409436
275.5870108601798
275.0300743591586
275.5320661843193
275.7943588503953
275.2718749217247
275.111404830366
275.1204502265742
275.1319706386163
275.619355655176
275.614165688736
275.1330042828462
275.077741915246
275.0642436771633
275.0103782750162
275.6524512411202
275.8723665761209
275.0562202059647
275.0918456543723
275.0635389503288
275.0004451607031
275.1233551666422
275.1178788980758
275.7633648865562
275.0081777399978
275.6606571003106
275.7668040773988
275.1181267946405
275.3229500479829
275.471297148938
275.1289888988804
275.1036098016127
275.000618667994
275.2367986605883
275.3064173047351
275.2950971526502
275.0560736308265
275.1111030540332
275.3825833679513
275.6468260406128
275.33848427165
275.0702539606124
275.7462150796574
275.2507973903639
275.4963571916517
275.0029511876103
275.0581568795845
275.0539157314651
275.3515827960082
275.0958354339157
275.468892254246
275.3846854591802
275.4538694772651
275.0019434583378
275.4168479476394
275.169150091898
275.246827431463
275.2631362970329
275.5455327758875
275.230932509209
275.56901540378
275.3675171625531
275.3866087192541
275.3648014948504
275.0734820523944
275.8895351018177
275.1742066655967
275.0079857042039
275.1532399590424
275.1533064815297
275.9406635408045
275.358106210857
275.1125464354163
275.7560848821597
275.6952962458043
275.1014568280976
275.1417253486887
275.1166779421213
275.0089591565038
275.2520632726627
275.0320986603008
275.0721408795001
275.3983481687334
275.4044289965984
275.1834936962939
275.2305645212342
275.023484653162
275.1197939989726
275.1970197970561
275.5217157477372
275.0079798652
275.268869954945
275.0421008063655
275.3975642564664
275.0232293212613
275.5006640909905
275.7371098023635
275.2867465587379
275.0448530312125
275.0360961678352
275.0918509459881
275.0350272587832
275.1392300911606
275.0442062816745
275.5434423508399
275.8497251103213
275.3987069041817
275.0841918569571
275.0063273973813
275.1425390304796
275.3038934996218
275.0427431520853
276.3555883176343
275.0167911847352
275.1539076134613
275.384531702994
275.1874731689327
275.1527782064977
275.1264330060633
275.2923681999612
275.4198246800154
275.8626323562851
275.1903871741411
275.1787899389381
275.6382252557198
275.0610657842126
276.859451687776
275.0830034253709
276.4398108219064
275.3831602034007
275.6772257949426
275.5500061443693
275.0790706444611
275.2290398915929
276.0100480449952
275.0409445257695
275.1342788031038
275.0100422361166
275.0261830379755
275.2316915556444
275.2474280877597
275.2323297916012
275.1086676090107
275.0886844937447
275.511808771627
275.0610573827317
275.1986545950587
275.8279392356994
275.1687079214992
275.2921488171351
275.408330379683
275.4150393883082
275.3802175654736
275.2930971002602
275.1615327179091
275.2131432961285
275.7149086760793
275.1098096160108
275.1065952917986
275.1237056706266
275.4394540364916
275.1468692498843
275.7568220374625
275.1703944354483
275.0072137984712
275.062767981133
275.2249199871515
275.252882106108
275.052910507526
275.5046762804897
275.2547772957673
275.1991221108041
275.0241542976351
275.4654940660544
275.6501544168603
275.3346299020711
275.328213554976
275.5254007475297
275.1807778741884
275.1708879077795
275.1129618241962
275.2592054974919
275.1316343430254
275.1809370807139
275.1588734283192
275.3445004017346
275.2350550999446
275.0536072619497
275.4884589610793
275.136038171666
275.113897217073
275.775248008092
275.0753607593136
275.1513352761212
275.2707429826992
275.9071065722707
275.1093582276499
275.4058788367128
275.023630826104
275.0647547702594
275.4586623928765
275.0319261628349
275.2626348919103
275.1745628527031
275.1822921708877
275.5723369606463
275.0871248676129
275.653214167833
275.8205703909547
275.0278696395364
275.3260306522719
275.0824963915715
275.1299152002453
275.2323479188477
275.472583335608
275.1905122008138
275.3190194215891
275.7632263471915
275.034421785039
275.2334110045928
275.156733137121
275.027877242022
275.2014485541182
275.2421311123965
275.1213188233532
275.5182206982673
275.3098591374977
275.6147376086546
275.0935987751747
275.1229034430556
275.1272008007725
275.4800009539302
275.819157124381
275.4001281594305
275.1846887804019
275.2587126037249
275.2213476773221
275.1215757946377
275.2145562590641
275.4946512810132
275.0163849533828
276.1439643095558
275.0204731637068
275.5496536385007
275.2134181048154
275.7111603062717
275.7542734992451
275.1106170302971
276.9862705209458
275.2184141740536
275.3309158503831
275.4066305571193
275.0741052052372
275.5339528703082
275.0219038792639
275.7770129114075
276.7592962075193
275.5046193230969
275.0194169696346
275.3513871159832
275.1035918824805
275.8159558127109
275.0112175454971
275.0786294663831
275.332190842797
275.9479717556839
275.0537740700201
275.0844117419544
275.1742182648341
275.0667587801323
275.1369865951366
275.5880869021267
275.4848979288863
275.2599200923645
275.1004179704617
275.548483171395
275.278858722766
275.2139705844658
275.1344807669937
275.2531380468708
275.5241533682093
275.3018045382699
275.1659070200869
275.1272325171504
275.0834231588356
275.2405956045828
275.258368280213
275.5556674330983
275.1197453592525
276.0482444637977
275.1813040061666
275.0122577244429
275.2538893799749
275.1060309938986
275.4066513634417
275.0719427511147
275.0039095109462
275.4107161271795
275.0489643139147
275.1946907295883
275.1796511510559
275.2863369631671
275.3220836790038
275.3215092101086
275.3185409810511
275.2160201593708
275.1581356909562
275.1698859787264
276.0262620281444
275.04839425093
275.2523364689044
275.0230025525022
275.7331098067077
275.3213832071179
275.1443413321043
276.3368579067259
275.0762483706849
275.075758994468
275.1074369745003
275.1024004782383
275.0138199705221
275.0568502754161
275.8906558898618
275.4985522285384
275.3577670678775
275.0229877255992
275.1295653053444
275.1702489721638
275.2414952599751
275.351696100363
275.0342042995476
275.2697946911196
275.0112675407005
275.4045288447293
275.3473686432548
275.0791348382501
275.1378009697024
275.4889495024346
277.0136252016316
275.1631632666359
275.1664195057552
275.9061296130831
275.0483655268861
275.198761474422
275.1129697091031
276.2317439793756
275.1885974100045
276.1295315975585
275.536320919077
275.0826895995076
275.0104588834143
275.2183059958513
275.8251840801275
275.0214163952891
275.307713334094
275.5261948029137
275.2770874462319
275.1588353448292
275.1771524932523
275.183330337122
275.0173777120174
275.0050955555502
275.0665740403485
275.1017874365106
275.3202898243375
275.2077987013094
275.0337199451209
275.2027152919214
275.462001767677
275.4824748407853
275.4078163464067
275.1299650515091
275.1736556751101
275.5498753879547
275.2214996773019
275.7507728889984
275.2037668424061
275.3147357734373
275.27469758205
275.1175033709634
275.4616262029436
275.1885427124361
275.7456972313455
276.170103836801
275.9181974677614
275.407099915214
275.354982873854
275.0308601585286
275.5596504853404
275.2425203955966
275.0293017964961
275.4639625855567
275.0069399381555
275.3085620917496
275.2884935430457
275.1314749850931
275.3289315037954
275.5843795169313
275.0150672173345
275.3120212667188
275.5348491085558
275.0086995415855
276.078192269019
275.3746338962387
275.5932707531286
275.0124670427006
275.5446291106418
275.4201165282319
275.2712427498104
275.3890192359312
275.3426173290894
275.2592087492658
275.305112720675
275.0781625645172
275.1315288893526
275.0205771121033
275.1174084138193
275.2296581211121
276.0686594442216
275.7607820189189
275.0907709864177
275.0612154291596
275.5074947386473
275.5941811430275
275.6532377984238
275.2447575516899
275.0740115507518
275.4346098638092
277.3106198891563
275.6480869555872
276.0226050278204
275.7261995601493
275.3751336092282
275.0661577255906
275.222469018478
275.1469193390411
275.050092040572
275.4329771336142
275.2272973250508
275.1644531746956
275.1907989994166
275.1918757759425
275.2967821592771
275.359221884655
275.4045538507871
275.3973282347295
275.3716490647805
275.5348324212881
275.3505398528335
275.1745467799021
275.0453966192504
275.1674410756503
275.4506575196289
275.1405105502915
275.2500756861822
275.3098715569189
275.5195743356851
275.7574315225765
275.3989870062069
275.1920724912828
275.1077013713631
275.0337725620354
275.3456673383415
275.5320324833328
275.4637637685342
275.8823152296361
275.3667631406821
275.6860317838811
275.3236720327131
275.1067345078028
275.2419570889748
275.1461090533256
275.2271678183101
275.3378785150827
275.0316971825014
275.1297118540041
275.2912957097189
275.4830875900785
275.0289965630539
275.0860147527018
276.4283442845989
275.1219049394066
275.3708952924096
275.3831024929846
275.1445985022498
275.0974610260058
275.3128148416658
276.0140600932218
275.1490347141835
275.4352915761071
275.1246982356274
275.4155377409735
275.3754008438228
275.4984510753195
275.9666465564327
275.3008683964239
275.0654957787415
275.174262817907
275.4731769086491
275.3093767519796
275.6670517673182
275.0603144206244
275.4700982468149
275.0278340711208
275.0056421032792
275.0435178703273
275.070841376004
275.1458518922258
275.0309645043595
275.6257048408762
275.2919697161995
275.1461926741474
275.0058941203865
275.2119574691741
275.1460170275536
275.0013904793324
275.2444665697462
275.402602725823
275.6385738325317
275.0978085325604
275.1931775032385
276.2233993615193
275.0617116875257
275.2632925619543
275.3560313840574
275.1621903527377
275.3092872187283
275.1766129439948
275.7025176327862
275.6320339893688
275.0456839580282
276.293971903425
275.0447927725866
275.1049633296623
275.1160454234289
276.5684108341738
275.1031485333032
275.0182366484098
275.1458519584753
275.4075880512538
275.3338108332251
275.2660422340855
275.8443530875076
275.1440897832337
275.242307840655
275.157337992491
275.139114570452
275.0016005195426
277.0496002899491
275.1951486401978
275.0667359139946
275.2745365126707
275.4157471310517
275.2665702419623
275.0607704548298
275.1640096704448
275.3566447236617
275.5043406005549
275.2772609908929
275.4136276453237
275.4860787273594
275.5100294694745
275.9325382423636
275.5381166803693
275.5601233159181
275.0607798901291
275.2212619432869
275.0419333206363
275.4440471186351
275.777675803462
275.1603971755293
275.3025487980128
275.2860277645873
275.016216630213
275.1561105147279
276.6236342034876
275.0542510999352
275.2576243191032
275.1182966196422
275.137066645941
275.2240453660868
275.6786983373785
275.3326394949698
275.4390781515192
275.2616260024795
275.0424450935665
275.0698073932434
275.1231283983868
275.0029082531697
275.175743327057
275.2551223257446
275.8187740323609
276.1005909056727
275.1443953176247
275.1028894683477
275.1840729437497
275.2246637576839
275.4588074502121
275.2695117401923
275.1344794100573
275.0275102128885
275.5481226558193
275.0352664804743
275.056577328751
275.4158332630334
275.109406066277
275.0322409304861
275.210833857472
275.3478576762114
275.2904300094264
275.813558790824
275.0385508645936
275.110415042783
275.0277451107419
275.1182179486141
275.1080980308533
275.6205166979358
275.3883499151789
275.0432990720599
275.2274983277977
275.3004088994991
275.1664120393642
275.5655851361891
276.4000191537438
275.1662458876187
275.2210376072367
275.2482368872765
275.3582120605489
275.3236672684317
275.4101072782062
275.2712971722401
275.1436877775417
275.0856281512803
275.1377613909064
275.5261264235338
275.2027999682543
275.1226953053101
275.2718886772485
275.3806430547806
276.5693930105969
275.1032122628158
275.0514350493319
275.3625666361538
275.1095242265218
275.1462684092206
275.4343289233054
275.6448908330553
275.1416838864794
275.0303818554871
275.517791107415
275.1336309214798
275.4274732264929
276.1049608600852
275.2922168350015
275.3730659478752
275.2774852921988
275.1679833620681
275.4793397794721
275.2448548134616
275.4030363818221
275.1207999937341
275.3919471004079
275.1530256744722
275.0137484298498
275.4734833784988
276.4400567782072
275.1994073934421
275.1083112238201
275.1427991518064
275.0441517083929
275.2049066675093
275.0116475008855
275.3820943757873
275.8291110790291
275.2129069194024
275.96001644302
275.8976159476201
275.0039293923951
275.1617595957911
275.534762333628
275.2340599443262
275.4760017967124
275.1946078531967
276.2952599374657
275.5654867885644
275.2022686772939
275.0314754932832
275.7376559322768
275.1017844914849
275.9614341300203
275.2187983643356
275.5188192283982
275.5133466843868
275.2258509752776
275.6290030093945
275.3382081613697
275.0639731847905
275.4778751486285
275.0429330253584
275.0442485353557
275.1741182340983
275.0321186681547
275.0058630969805
275.2653908450596
275.553908341867
275.4242794755671
275.0607861246453
275.037165347749
275.6067682722359
275.0125715310494
275.2677345154488
276.5826684229914
275.5555202573721
275.0741361244619
275.2898710943452
275.0466398318319
275.3336845939179
275.0284767899169
275.3367793809903
275.4232328198198
276.0062815044083
275.2311932315982
275.9750494576962
275.0322734568901
275.1870264885977
275.8731291219496
275.0809716424009
275.1284737490675
275.1786190811817
275.4594800884189
275.1343205040284
275.3177969624417
275.7240682383025
275.3683647220516
275.0838390570908
275.0619477986767
275.2547779036074
275.200724856536
275.5282778463703
275.1720828184347
275.0185944223984
275.0077703210013
275.1339728033793
275.207287886051
275.3045568731081
275.5359327163305
275.34690431941
276.1664833842026
275.5782196362378
275.0469396611052
275.7900303767332
275.0921942494267
275.8514084977403
275.1014368149045
275.2526445624445
275.2144748994779
275.0110880666765
275.1253039154264
275.0599966448976
275.1997149087255
275.1660129077933
275.2870235336005
275.0969353611395
275.017281890979
275.8783938331588
275.2075397036062
275.3083412911418
275.1934734139111
275.38218567513
275.4716976700134
275.411308398767
275.0759943421705
275.2776499641088
275.6654712897187
275.2301976506299
275.4234195888037
275.3683485333401
276.1373686161799
275.2482666412542
275.4947468920124
275.0627621259886
275.1361452599197
275.0711768729856
275.6721404757959
275.0092921138138
275.1526227684497
275.422072349309
275.8927431378803
275.3519046802413
275.3256471087951
275.3180767159839
276.0186709934677
275.338534243869
275.5379312471043
275.0302350952485
275.2383175485547
275.1229899256605
275.1145387564536
