76.44013478163808
76.38304988441632
76.34647147538577
76.4239543015789
76.19198416658574
76.1316118031672
77.16519166143644
76.39772269461693
76.09943575916935
76.04305949587165
77.38852416180599
76.01617321506791
76.39750116813258
76.28196964666232
76.14642752990126
76.29220225682843
76.61521966754981
76.24475492910182
76.52794883855104
76.18395262375773
76.49586835797267
76.12762187686968
76.83621560891268
76.00824492662535
76.30596156403462
76.13368176437231
76.10368719014481
76.16337327670959
76.57843935588616
76.05915596935921
76.20189784539198
76.36009571699505
76.57771548736596
76.38492948534004
76.2051198483875
76.03328736740625
77.0152757007424
76.58715594897366
76.16475490612234
76.24530392205968
76.71128469577516
77.25373377847939
76.16215697249365
76.48332494624313
76.58415972617502
76.57244858275583
76.42260015780185
76.06295794874866
76.39346329957738
76.59388178093396
76.01246911978748
76.3070767733479
76.17585264478194
76.91851680871035
76.08279930081477
77.13159761942345
76.01620345061686
76.32529012845374
77.26455458921315
76.36440335428263
76.32161542397581
76.08466251823258
76.185071910961
76.37233720814974
76.24584527416754
77.34106931029251
76.16058607414365
76.30048221907188
76.0420002737554
76.03539734857226
76.78391748874428
76.22440361546722
76.73455948386417
76.20972768497235
76.18138640060036
76.00791546689848
76.20512808698615
76.01852179648854
76.10217675714159
76.19076560922711
77.21443610452414
77.0772033089838
76.35157688408603
76.35413187322443
76.020210867074
76.58867199978822
76.32594857326421
76.7375121933524
76.10698157898568
76.18628199793079
76.15754668343942
76.59613259968954
76.60637262324
76.52543887672817
76.05034189387526
76.44681914996319
76.0034609069009
76.38726650521814
76.19651432076293
76.19886885514964
76.54302050931881
76.34054283279112
76.35901847932091
76.61745837688585
76.12153635085271
76.06868885185143
76.25768567113074
76.05328247738969
76.19632469714342
76.33970445668646
76.09988854054637
76.14804030910008
76.28709794626305
76.19745253653407
77.18024261001743
76.11086022955993
76.04813140247089
76.15902403127183
76.80437556868675
76.12461593298521
76.10657030133407
76.38517531620701
76.2949724065605
76.10400404958934
76.32471355148847
76.37297109898155
76.5404164445303
76.51980134303825
76.37316783824299
76.78262045149853
76.06149132870681
76.33204478795042
76.12517301099336
76.57990980055305
76.58688807282358
76.24680180930382
76.02758924786289
76.03213800325373
76.28154326796025
76.02005739629054
76.0493268552668
76.1487854105918
76.31957108611513
76.06473066567283
76.46775004041598
76.0608603382705
76.02218654925316
77.68916927326447
76.83754246559744
76.02794998555596
76.22640176371338
76.41521321181264
76.99442576707126
76.85702229184379
76.05125893135335
77.06095138127809
76.500779705345
76.68167436569868
76.01680377216358
76.25425984070857
76.73506569395306
76.02751867640431
76.24088695697895
76.02109562867392
76.21709038722224
76.88478782567577
76.03478943059805
76.96360399940231
76.70091581412635
76.25848546849595
76.36373357183248
76.02289997026196
76.38311157273348
76.01202351910864
76.010434864659
76.93023903346378
76.009900488277
76.92667738261018
76.44131625521742
76.1671644707129
76.04873719764058
76.03940674887659
76.32964014102198
76.35335285558722
76.06337754219207
76.18315790362664
76.28093967891051
76.1029695807358
76.0927893246959
76.46553625251956
76.88404787774357
76.46727944355797
76.15137183344919
76.02148818022994
76.11724094236864
76.01258083626479
76.25096759848343
76.13861095169575
76.40577449314054
76.75495797088868
76.24879273224249
76.10785516796501
76.74287408977096
76.34559704241877
76.77098450030093
77.2906134241864
76.14464001052612
76.07273137513566
76.5045663180667
77.19308967168408
76.15487394511737
76.30880310935788
76.02449565059014
76.07768261330966
76.02540003248772
76.69886984208974
76.01875741430182
76.20022639345316
76.2019952893792
76.09217926128548
76.37715061073779
76.12525442700723
76.2838316924475
76.36650249247806
76.92421615878352
76.11804091637194
76.01374216058613
76.30541958391538
76.16633079217539
76.10125334968788
76.17741284784192
76.27395100409512
76.30853950353283
77.58039818434136
76.19001048971526
76.55964852632002
76.33208540487858
76.02503514402697
76.26757281509799
76.2746919218359
76.01590263287359
76.43804211467734
76.35723104266671
76.2758717545347
76.26545585930205
76.37225329878387
76.05344504809028
76.33797836429017
76.0394963241976
76.33308059751813
76.5484933968809
76.4215011836687
76.0195877664474
76.1531448883511
76.30726087055405
76.11184614876733
76.15603392752561
76.14670420240262
77.54280104997261
76.06162611740866
76.02431797530211
76.03007077496268
76.15487670775727
77.00207854389973
76.36769761829827
76.03657033594568
76.00450576889635
76.26536789002897
76.0848031312269
76.01084987550558
76.1285580588449
76.02574870237505
76.21237683724003
76.19210964178453
76.71782733182597
77.45434042738388
76.21002747441872
76.35839605252231
77.22032698494246
76.02445952424488
76.76914558931371
76.81951249549218
76.59204030553548
76.63650927781113
76.03659331663476
77.05564162140698
76.09200574884571
76.49022771034778
76.01341515223314
76.45109422101478
77.18086196232095
76.678049538104
76.82274202729404
76.05599266131232
76.05926925213817
76.17132090339578
76.60402902779168
76.01235944653016
76.39039976512673
76.17406683680704
76.23269483454298
76.63402968435825
76.28113730759584
76.23990420592595
76.0770057041796
76.1519853766729
76.35817886585552
76.19260503720085
76.15493449577438
76.78371841798905
76.03220539504726
76.07686172221997
76.01902260117978
76.1340050707705
76.77599984777623
76.08596360323887
76.04849261867513
76.01773901815072
76.22030598835453
76.07768099865311
76.36008612738394
76.09578973376101
76.04548346315958
76.55748219052285
76.03037877838742
76.04565004386801
76.10182697642367
76.75618601550919
76.85233653496562
76.30595153324292
76.13759743218498
76.17278807842106
76.26520397983036
76.3737231091829
76.1698823881072
76.20726899317692
76.27655526340033
76.39830101119799
76.58514414382994
76.05919148704834
76.46039714173948
76.38157068675162
76.0288871966553
76.13009434614447
76.07260830863925
76.06968572275079
76.24667317628894
76.58387788891105
76.18529626242044
76.25184331913799
76.4227409898914
76.31967706304235
76.48085591759474
76.16281467265145
76.39431966909241
76.07934821475257
76.07765002768207
76.17553093584557
76.53436246206181
76.46234852509316
76.54704734059425
76.05255753067156
76.1624924455006
76.21139382497286
76.0007557694157
76.26798064560545
76.02515829476923
76.27267191644299
76.20319077484291
76.04632508155761
76.22088429021493
76.26395591773301
76.49267239240443
76.08287427549179
76.9178385007889
76.79982602311969
76.386843118818
76.09568179842557
76.17245463907904
77.22540971339309
76.5482468261569
76.0226211808566
76.1141377197105
76.17757035129334
76.10731431638155
76.3871661289789
76.03452272022011
76.17303767153197
76.71381677343021
76.06132283263558
76.28333036038381
76.29048966248236
76.07194105280567
77.40098250861911
77.03676148701307
76.06652834983056
76.46366915016068
76.99406564108443
76.759035679293
77.11088313133357
76.26277156832259
76.68016407751196
76.05742300187512
76.14069629743173
77.45850904096486
76.13520823021736
76.14729331155293
76.14902427476507
77.20623725242612
76.00800111971219
76.22301949499378
76.04952452636512
76.68663596346013
76.22631339710401
76.26432798631069
76.16003516091757
76.09796257151083
76.47744211539674
76.70890119831299
76.56405527147179
76.18966832883987
77.03197578988363
76.01499992518802
76.38959125852757
76.27513290097951
76.36905951837103
76.73936765728936
76.55396188730805
76.01870096136464
76.07245504984787
76.10065318896513
76.21252364849279
76.54733246445898
76.05973059371007
76.09310476395999
77.11369765618345
76.12816808390566
76.45471386704162
76.16225443680285
76.055230631557
76.32282596374783
76.41132712918018
76.6774278797393
76.75566894699129
76.15221073212422
76.3501256051361
76.40055865866827
76.38877652890189
76.2741185471864
76.51137035018765
76.02530709697064
76.30809030140043
76.59497359558156
76.11601938838656
76.13455501977222
76.04244641620001
76.16750760274674
76.28361158477745
76.39985822940818
76.68451241441295
76.00899588736583
76.99015241901441
76.61667685324109
76.1244013065833
76.36919809096595
76.02118332640873
76.28488038663289
76.12705745022862
76.31072827794328
76.44830780425839
77.06794185934577
76.12728508941815
76.62023469845283
77.08059171506669
76.05604308261988
76.22619834317142
76.62820749233329
76.36942271963544
76.16441003805228
77.00471448923236
76.1909114195102
76.3592744473761
76.28507038792283
77.07008724563842
76.02220025722968
76.88556464413
76.23479766977309
76.38527358534823
76.52718417954605
76.84907891364985
76.50575473466728
77.31627420168753
76.37123834748402
76.55064093216738
76.26378224920325
76.22103051334561
76.12556184929325
76.91583764855561
77.12260645704507
76.4542460268111
76.25853381285079
76.05909995081232
76.26044267806006
76.02272628157792
76.57314923333354
76.64465115434592
77.34862010825165
76.0940059375952
76.1523972001901
76.48556551491923
76.53097060935346
76.13331011089691
76.26922158679811
76.26249593386001
76.20163767490814
76.29356808603093
76.23713311818828
77.2577466745993
76.07082387938175
76.38220461470868
76.55406440266158
76.45583633868857
76.12275796058492
76.24083326134347
76.68596594309751
76.04247013476203
76.49522164970473
76.84940587229828
77.30252325320059
76.05919220839239
76.60347873878081
76.29824895065677
76.06912109019726
76.64971970955453
76.15873121173648
76.32998353586248
76.17129512727229
76.35721916796352
76.7049576277404
76.04750528150525
76.09400187980152
76.08633941912791
76.1144022076693
76.02870014205062
76.30029438856921
76.30743754361687
76.31299593046386
76.0230125730744
76.69506440511907
76.10236128143585
76.64904198645074
76.09722780287319
77.0711022153744
76.1840703996665
76.44325444761523
76.12060173861124
76.35286845873193
76.2211005390624
76.73622384396602
76.975099548378
76.44872572517664
76.01325770207272
76.23921738379221
76.05463787056411
76.18242852929423
76.1093992946554
76.19520712164133
76.15513953083664
76.79713386442839
76.08598710023465
76.1275209779662
76.15716263525711
76.00098694771089
76.35408382086355
76.31619835194063
76.38298431470201
76.41203126766862
76.66507729397374
76.0591830880741
76.74255149469937
76.11522465278527
76.90945174103791
76.23159993025189
76.51740896001532
76.18462089921957
76.12941339738214
76.05821776952921
76.2017632933194
76.03326609160871
76.1259058607768
76.03510951898276
76.00357256567136
76.25346677115103
76.00951205707759
76.40802906867492
76.550481007476
76.7446480831559
76.28691385777667
76.24470168670943
76.4127959870702
76.6473407614079
76.01830416754247
76.80523301517853
76.74367187087034
76.35169358915188
76.69736127236834
77.18543915658873
76.06785101572888
76.573173144378
76.01188971501435
76.68746180730754
76.13751658159933
76.10396859552291
76.11178937453879
76.48717522684
76.87067008153525
76.21978013566714
76.64400711791208
76.00438799085671
76.30322815484907
76.09885088234945
76.71132145831275
76.41575683236192
76.08103238713291
76.08960795132327
76.03406156852121
76.23769739162537
76.18934881359041
76.15382927026585
76.6599718725703
76.2101383590869
76.24973404555958
76.6398818029513
76.10653521066546
76.39267688330129
76.3350594830908
76.55622297328779
76.67791815143882
76.16736453339853
76.4623947108431
76.22539745543294
76.57850628403563
76.06656927433883
76.04908700787051
76.15956854496508
76.01515864766752
76.23920496273671
76.14393876102919
76.01026592599607
76.16489852376327
76.26241645476001
76.3049541204712
77.35097119318904
76.24258718062276
76.68894809596549
76.40636991185185
76.08187847304352
76.42461091368013
76.34477996638408
76.54430396979384
76.62156726315274
76.61869767799608
76.10828679355586
76.4732740066602
76.76448725621165
76.42998771753105
76.14055072996949
76.05032555868549
76.05925222107538
76.13631277246822
76.20708082644418
76.29779694993545
76.2153496823078
76.19397256198837
76.20637656888205
76.03019433774315
76.30652962299939
76.24314420963914
76.43743893618137
76.27476100549165
76.19763516989855
76.07682101625615
76.33186614980617
76.58127930764607
77.40138962913295
76.08940762150762
76.59769170864851
76.04541863550169
76.01309274624528
76.08936400003313
76.07373219218486
76.56502254728039
76.09449387646781
76.10510573623114
76.89518521823015
77.11134740412804
76.05498657894272
76.07254607856757
76.14733783166731
76.13728207822398
76.32136621548801
76.46313718800172
76.31440504887497
76.21963764994193
76.40832378547297
76.40425148816014
76.49191787078648
76.1610590962328
77.06877821383168
76.50923598375152
76.18404552564434
76.25099649687355
77.77254818417198
76.10392713882126
76.17928355380668
76.19173058112123
76.32043203635635
76.00505002989124
76.01048835843268
76.34469977182333
76.53902001810553
76.02240375916985
76.52347562628023
76.12561841341613
76.00649900113866
76.3569295575597
76.42041388481208
76.34920219013499
76.12639634084486
77.2375324126779
76.0681668058649
76.0122550267466
76.07137068691189
76.02277603975159
76.11662825634613
76.73869621339358
77.1092426737609
76.38795397022969
76.19359774793051
76.1936377569832
76.06671588371162
76.12594213260392
76.25599740509301
76.3487963757982
76.31770506486353
76.03111187569307
76.59239820576376
76.14850115537796
76.3304414273578
76.11067626528536
76.09091062312248
76.1306775837387
76.0997957574544
76.55058443179487
76.17919598647869
76.41673002352518
76.25159325168737
76.57893194590473
76.06698803534546
76.27826595538549
76.11432114282037
77.98877389454967
76.34660147785695
76.22667826013102
76.47361441264735
76.11262996342832
76.06038668013234
76.29136339815012
76.5866586954325
76.26445269086082
76.2214547250217
76.31855216996168
76.99650551683189
76.5095101093554
76.24951668754638
76.10221216163987
76.54515045537933
77.17565174856074
76.22508634609567
76.2091567584226
76.00535738575911
76.84520364136581
76.2752597031861
76.21405275689891
76.73457139100971
76.3077424127297
77.53819334185253
76.18593127034727
76.54768307826821
76.0341172900753
76.14339223555712
76.14095676527974
77.09669988470884
77.56664508470189
76.54174123814033
76.24648751840746
76.83717860758973
76.3416014400752
76.11324235173949
76.0298693079803
76.15454601281603
76.27880881367001
76.75147897171829
76.23139879107059
76.10782938924496
76.35009642872328
76.1893035471944
76.32300304846544
76.49234504173303
76.17845891147566
76.59015842376209
76.1764741738515
76.41822771572829
76.2094560321835
76.54779319358286
76.05992887074981
76.28925895136516
76.09396977322913
76.00706830354358
76.06394903569893
76.78507160010841
76.02309613379383
76.0889951551192
76.5380291271121
76.59644703598373
76.1088712931331
76.0202830591843
76.01639085086171
76.72887515807511
76.3947164124923
76.34151523484556
76.45923803932972
76.30574111913519
76.92043136007132
76.00441047138523
76.18764047365802
76.45189727277325
76.11987088667094
76.0124946261844
76.39851150688231
76.0327177312512
76.1447600650978
76.96560593193497
76.47843832462759
76.02365587088231
76.53507639120173
76.20575327485815
76.35921681605619
76.12558576396745
76.25198170914118
76.11304196246525
76.68293336227788
77.06667996383113
76.4414552297315
76.08351463474997
76.11409273408934
76.01367932347434
76.08588182514085
76.00205007621392
76.4323414852272
76.09133583751168
76.08255842379026
76.13365337212443
77.13886841657045
76.04760085377876
76.08160533335916
76.11494076659928
76.35312195457523
77.08080197768845
76.04221502037369
76.86663214392173
76.07558512355408
77.19609256411378
76.44572431180156
76.8919479264979
76.17248433968065
76.5050501145357
76.15495403979328
76.64077574512521
76.23469040631466
76.19839424188716
76.62621504275295
76.0344343942747
76.21555811787363
76.2080514725681
76.49193387065817
76.13651495195928
76.28289723175848
77.02225321548202
76.34401765975515
76.14026043172575
76.24563490952511
76.51690805055456
76.3238441751474
76.52726554026755
76.07954054304986
76.02042565742218
76.09301338587215
76.0287344880812
76.16751275980631
76.32173068398488
76.5846351659291
76.21170089109455
76.00226499224216
76.66374663199203
76.16743994014449
76.93882015163511
76.55371211318106
76.75307202933482
76.54539367480879
76.83015782403578
76.13177210002597
76.06275346874678
76.09749777368498
76.24483950296927
76.41440549018286
76.15115499244153
76.03440669597946
76.09656539966355
76.04959527584576
76.03117535590074
76.18049464800768
76.18176778833143
76.17748626206699
76.02962309756619
76.92263669670288
76.03879946416578
76.21724864292405
76.39788441438769
76.1218526744157
76.6866791357017
76.33829241023994
76.30183023575049
76.93749420018558
76.34074444534522
76.08949653882254
76.11570895530768
76.25681737596028
76.44469607828144
76.01272757433203
76.28710459809201
76.05896562281517
76.50548993775189
76.02662859255227
76.04902383600454
76.3126341674951
76.26143471563375
76.16968832451573
76.10362110685499
76.07841181306163
76.13165940096398
76.08498009123792
76.10732611714148
76.00047629499062
76.06144449671248
76.52064973861089
76.10344896285127
76.11988023172843
76.13269664343595
76.16008097694198
76.91404867460388
76.3145067179575
76.76166916714155
76.57343727078901
76.20140862104573
76.04101198489855
76.06653911392362
76.31737594932403
76.04562410526756
76.38965168851107
76.667229839544
76.42986665006094
76.01205029884024
76.05677942949225
76.38763533792186
76.34059649430506
76.00884929472595
76.31322619179363
76.2335469281837
76.14435287203841
76.20963593625208
76.06186978388534
76.18438332810351
76.49095984448671
76.64384564045578
76.1187685423002
76.76727004782407
76.22584039207811
76.04973469082428
76.40017538312796
76.00650593614043
76.46148072512314
76.27915033755583
76.7685929960348
76.12558414999019
76.08004038519843
76.4863442592545
76.78197608845014
76.48037282007111
76.1642248154164
76.0687489063153
76.30447460330245
76.02817845177832
76.30881509921677
76.45567393691246
76.02915579169698
76.13947216723446
76.06088486917446
76.0449386874315
76.33948057213414
76.44472731536426
76.15010285559237
76.7711858717
76.06737134273472
76.38081119668537
76.02806433165586
76.03019159149062
76.1478130299327
76.2185913116822
76.22448710607709
76.46447788623826
76.35074923366457
76.80086721356712
76.805258462495
76.0085183416613
76.02286217642052
76.06204954572448
76.12405677479916
76.71115160002385
77.02516317868097
76.85903169795692
76.30647202487594
76.16445308089936
76.69088150375201
76.06645969535569
76.09609748800678
76.38594732090561
76.02836249182616
76.51000350853433
76.24081904339307
76.04343454591077
76.14672461007129
76.47187951733605
76.10487178245087
76.19981018705757
76.65206492676131
76.18473918416639
76.80016741155356
76.79569743086194
76.2486801876588
76.20727242281504
76.04666157526057
76.55303980541618
76.12409382120006
76.08635068698881
76.83313109667259
76.17754553106792
76.0859400647985
76.31378730968365
76.06647609587434
77.11807035165943
76.15183916867154
76.01254228988736
76.05667453893838
76.15709107228425
76.17805410151905
76.01654090564529
76.03952594809653
76.68955492860401
76.02722385994542
76.27578147131473
76.04760387943105
76.05960741524946
76.53540100399768
76.2400881263651
76.01088411433615
76.13004877094541
76.13325076891151
76.22682725117873
76.7068248200705
76.47735157308014
76.12370213129319
76.84155268953586
76.84705442212008
76.13805332360418
76.68833382047409
76.06367422664493
76.26934989514204
76.79661542140009
76.05259431427686
77.72972332603501
77.0293296593501
76.54153278897854
76.02512541331295
76.36580880942226
76.29063520438191
76.1466271074657
76.19525166214476
76.11657038328791
76.19713172591419
76.1335485779858
76.40800184336605
76.70167420310861
76.91475432693035
76.06587669062301
76.37111745804856
76.01165585179128
76.01309771098326
76.03516774770928
76.06933152739188
76.12299737478287
77.00192410930202
76.00323648659341
76.32158848596974
76.301306661295
77.42596542701605
76.5054757710725
76.14469575789974
76.24940413669297
76.08099645014008
76.51588950789606
76.71961574070768
76.67892345547953
76.07359075135702
76.62301571692173
76.26848040310415
76.41342059078468
76.08853561718271
76.56674191691049
76.3221947275359
76.10122635786905
76.36010293278555
76.00009374472562
76.02994667844128
76.6910942480115
76.0862548503455
76.03638755180994
76.06109839306227
76.07708020047389
76.21978251463466
76.33190711981129
76.21098499360062
76.94560716723075
76.05522753267797
76.08810232230958
76.51939023889584
76.43641380598574
76.04018354140179
76.07259300658032
76.00115051778529
76.91025942137163
76.12164025164451
76.41659192823315
76.02917164187089
76.26162667934344
76.18462366520087
76.57948498207428
76.41199558958812
76.18675372737593
76.19764117223315
76.34648894056104
76.13390311831328
76.07161509627178
76.4859756809603
76.36509853779516
76.07811776989742
76.30449858309348
76.17619002317467
76.2464205075196
76.06653284184009
76.78385418122637
76.16384217415322
76.13033524186204
76.41908339955037
76.15175264098762
76.14531277410187
76.09062760816254
76.10668115884084
76.0407910736351
76.68205723518392
76.88062048375349
76.20764876595393
76.16793451673371
76.78228681498
76.89394189867572
76.35904752579225
76.16434594644225
76.08591370007824
76.02103369489934
76.28813905049668
76.22082950018908
76.32816586926192
76.11498520654018
76.36721836586639
76.51927567779195
76.19736707852013
76.47989184588634
76.0365298148396
76.16001067019985
76.2313900067887
76.08696667557537
76.21504238342166
76.05397434912572
77.38210360281666
77.45720149782534
76.45577917313493
76.15820690975535
76.38512925244623
76.46865188880516
76.00662949904492
76.29987486757027
76.19081112455476
76.24720175331873
76.08642972833069
76.442450934357
76.14907671997017
76.11963043059086
76.2773881041429
76.34854809252353
76.41620045078126
76.03512862987894
76.73357237860218
76.25738327059057
76.21559360441519
76.0334528000828
76.19773640989831
76.04671580988617
76.04455614549751
76.95664376781835
76.02668896241707
76.7300561106227
76.00566882286445
76.0592778844345
76.30992097577825
76.05751739956733
76.08411994383692
76.96253278843457
76.05516065645445
76.27159075829489
76.0261689821801
76.64523292204171
76.63131175473497
76.20057495322374
76.21717981224172
76.34933650137636
76.13217726598185
78.22935755496741
76.74476929129668
76.6902264595954
76.15971973651422
77.33049778231462
76.38492595579088
76.11291585470836
76.21205745552444
76.55996564672384
76.0642532059774
76.47652714284048
76.2278609877546
76.33915862531164
76.84719723447596
76.03655779585382
76.29609743929335
76.01829144284186
76.48148878851585
76.04998617480275
76.09153164680659
76.12427964813352
76.61293280552815
76.07614120140127
76.8015961112021
76.12571531657407
76.22376951673787
76.11367675736918
77.50584473302935
76.17076925745272
76.42437579941917
76.04479503938121
76.6995669961274
76.14401984772977
76.14250325994739
76.3814890657461
76.01789962237763
76.23280900259483
76.05781339305983
76.02700525913703
76.5260782071488
76.0367822014561
76.12265379093674
76.54426894073022
76.88009794018639
76.05727159173782
77.2456312642785
76.1205112141793
77.07779792441431
76.3730925374945
76.83401657042927
76.2593245089985
76.56216666897738
76.18918324051809
76.17853294795623
76.05846243151296
76.33397925293265
77.09448150049356
76.393019065975
76.2242553538593
76.30705045264953
76.34173813846891
76.18992841568935
76.13220136137267
76.32766474031182
76.1656877827386
76.01195320052945
76.24859390193566
76.12427336613734
76.1440023863333
76.01180194899347
76.10472428298097
76.30386324207002
76.0390985554607
76.48655125982876
76.6613929261219
76.61492156316815
76.086586080323
76.28548972804391
76.18573299355388
76.46099214110325
76.1504811790964
76.45175724436396
76.21698026885913
76.07284890353935
76.03657000265194
76.03341884030657
76.01680242740346
76.13955303285869
76.5400042043635
76.30459519122323
76.09623586960659
76.1769908558624
76.10438736953847
76.17535979400392
76.25988506302555
76.5217889964869
76.82901300220394
76.54344743943203
76.44448150110385
76.15942627532236
76.59972825292068
76.47801975523429
76.58536394449584
76.13160392244916
76.28510013901911
76.11130024991611
76.23614491070501
76.55566694890126
76.8266682543754
76.00704903702999
76.07463221730589
76.03406147489527
76.31302621760659
76.16041524546773
76.03745617828429
76.03251953475504
76.4552536791891
76.65089580828321
76.0716795116114
76.34065319921734
76.12366467063346
76.46142135077926
76.04879544416941
76.09397850635351
76.00185753210447
76.51446524799591
76.00585381128234
77.26562679521764
76.37486656441077
76.17731954226073
76.12560911661396
76.02675603326962
76.87469107443916
76.48602527583932
76.83007806279053
76.14792967111053
76.22902143584153
76.86266238115265
76.12763122300613
76.74076791517082
76.40771485343208
76.14626287496736
76.19495099769522
76.20844275861312
76.29792120194418
76.78087172191758
76.0903837956151
76.09956642738048
76.12779236956281
76.4716999025168
76.75286147900158
76.67701340185421
76.4957310879446
76.00740051025605
76.26237812188035
76.79509492089501
76.23495484703368
77.32232870875609
76.94823975583074
76.37057205530078
76.69057872978907
76.17790251120483
76.05383662790021
76.1957543417958
76.14159782303862
76.13625117889414
76.4001449240099
76.07387899637297
76.38779152151828
76.21550038111258
76.16759950716109
76.59496825122307
76.06287043838068
76.80688892968328
76.13834244662782
76.01587995014248
76.41369979135482
76.50793449284345
76.52374849360352
76.36482170103639
76.19388393922966
76.55910058712796
76.03561417428702
76.39532158983265
76.00312588771318
76.04872192508807
76.38372939814069
76.34681649111938
76.82757461246074
76.01072774629993
76.72854956898391
76.05776760231798
77.06937339965465
76.10914697033299
76.92824828035252
76.01688375876611
76.12898439832789
76.36918984232912
77.07971104443928
76.04890415225788
76.59813742889125
76.92776157485459
76.00396037724599
76.39425430743086
76.1883804904309
76.95314219710498
76.36361161976679
76.13954701742989
76.08328692095726
76.44503652466892
76.30086275656446
76.07639557068659
76.12720687412796
76.34471462556714
76.79187759776937
76.64093533377026
76.12172247582912
76.06706188084021
76.21145517017717
76.17570451511715
77.21115938635147
76.11611702894736
77.01821044323862
76.74679924716114
76.34084749193329
76.55824626349244
76.15020551710461
76.07155673214513
76.05626190309458
76.96105971268744
76.19734450227209
76.34989085221228
76.22055812095645
76.06737849415602
76.72913483936065
76.5245305288544
76.20190207519776
76.03393770783181
76.05974196792431
76.28911637193244
76.11491310090409
76.26278677491315
76.43297220778278
76.28768382357084
76.03352928930883
76.30471312171638
76.43096550317003
76.01127437469698
76.50622634141281
76.17684243235439
76.08987557801127
76.06119555788146
76.11611509015054
76.10511590964941
76.40844795937404
76.02321813596005
77.15482372748612
76.20293757706168
76.06284444147478
76.69414222372734
76.21663315570255
76.49917885400579
76.21024794553328
76.03048027259752
76.11343414611795
76.28004435138922
76.11473450255548
76.27901688328296
76.1538655375883
76.079509411879
76.71607569180067
76.08973363648079
76.1321939655321
76.44757485895468
76.07885493746251
76.08260367655765
76.06695741005052
76.17905359845106
76.14277960513492
76.15891797257734
76.02492216241305
76.22266763259368
76.18088188570802
76.04235578092913
76.47339080641008
76.26917361733204
76.24571825162992
76.03266868276691
76.16186807439806
76.00106471477994
76.19229662925619
76.0588559282565
76.02164179032148
76.05630337521191
76.57844532066457
76.63431353714091
77.94393474393559
76.0577507778415
76.45468243692548
76.09310164568979
76.1457524229828
76.96036402844624
76.43082479489688
76.32701083754492
76.73257488350924
76.9603524031309
76.18040601289266
76.40934407868318
76.05245266688866
76.36450322640508
76.15652575307597
76.14601668807083
76.5033255881168
76.78572842654434
76.31609412730938
76.19655414238616
76.17792932510393
76.60443013495238
76.0783895315478
76.15541459650153
76.57415178387937
76.1657276356148
76.177274132891
76.03704368012579
76.18685240187168
76.0674266103183
76.05554234309943
76.26389255267944
76.03824847858411
76.07343664061592
76.3740758224818
76.37234588206633
76.21412199231679
76.04005652915232
76.6744851018052
76.06025094652718
76.1626970626033
76.27047966449364
76.75990215381655
76.24825804543813
76.04592895884112
76.10188440544843
76.17104674259313
76.67871964080564
76.05909933948858
76.30878390718819
76.19174607257084
76.07747737484443
76.36846032012072
76.62234327333988
76.13116332116068
76.02345964827565
76.45402245612627
76.67833892600918
76.24998705165319
76.2773015293146
76.12217456369304
76.00542783826405
76.2563777939913
76.18779250557945
76.04459095901257
76.0973122498102
76.68773492782921
76.28832721730039
76.14659051514583
76.34629503424576
76.40685584578691
76.16588600965602
76.35020992535381
76.18730770193504
76.32130261248103
76.20662979364555
76.29171686091583
76.32752407381429
76.53297222650788
76.08030087125903
76.00972533954734
76.3186406638039
76.14108601286108
76.05802045463113
76.09423165966841
76.07464398996636
76.33838801898784
76.13731958976965
76.55080690727317
76.64032027071114
76.32868761124034
76.14973670263944
76.73414440642767
76.2968726711116
76.74451464934167
76.09639607321017
76.09975072545667
76.16587159442898
76.06617371212899
76.53031989481377
76.062806938311
76.26741138893556
76.05007384333868
76.84191038342423
76.18171443738498
76.06807903330964
76.07841741763642
76.17265127248109
76.12922685996611
76.16814599318404
76.82136806353301
76.30434901161806
76.26070039088447
76.09775477038517
76.72079873816523
76.15139466542524
77.33303968402703
76.05401686412085
76.8841480187786
76.26344729996937
76.18878221488616
76.08146068002385
76.04403811534482
76.16240317233537
77.06228017306398
76.13216309646444
76.41916227496189
76.07411347784301
76.1215948923632
76.67040275398146
76.1251647255657
76.10964537771869
76.88840117192662
76.42910246632708
76.05033041405305
76.20045861472583
76.08862557046085
76.72657161855156
76.18544310959484
76.4993077762876
76.54636828621223
76.03380308868505
76.07392519188335
76.37593576361816
76.8235061145304
76.01795918644605
76.52110875287309
76.06645024227984
76.17517000005775
77.41390229903101
76.23346314329828
77.20204855549612
76.05868987813373
76.14672440791428
76.11505438828273
76.44528572198944
76.01347664635298
76.63757355735986
76.05106417395518
77.28829160837698
76.21429517042127
76.28117929162785
76.35156751743448
76.09932479829615
76.06419478178894
76.80877362964107
76.34488747857412
76.48207776309415
76.20559461410842
76.21513407157408
76.0158765436327
77.08897484562762
76.15189783777137
76.52956103403916
76.04383038651159
76.02269345992404
76.30353187645579
76.79618786221293
76.04801065870184
76.01186102812498
77.0360122107565
76.1282271182406
76.51467612908229
76.35445989067918
77.327089014035
76.06717851283051
76.76317633782679
76.05287526295494
76.34722203855054
76.16138720488189
77.24335912648111
76.28440711814144
76.08934601046859
76.57520296130393
76.66889270442248
76.25543753907519
76.00367418375218
76.70168839944694
76.21800201763264
76.1227175511997
76.12025647779622
76.2141124055519
76.11685640174306
76.38748357135894
76.40359877992196
76.27553071997987
76.29704721584108
76.00050891968519
76.5615587005113
76.8442385013595
76.13207480365317
76.17166988086726
76.03505735021085
76.14301361793245
76.28011870186718
76.14721632897307
76.06991355297633
76.01955847305855
78.06258323159598
76.2088559893784
76.39533906266111
76.31102839910145
76.16388150965217
77.564285657512
76.85431218351025
76.63894722466094
76.18550523309345
76.05906663767205
76.46258954698087
76.14487884232246
76.62693830650156
76.1762660719409
76.0758389451027
76.13393815082038
76.13670044166173
76.05204253031705
76.83223109250993
76.53333224690536
76.06914582028165
76.01950994724476
76.45414333819694
76.19196585361537
76.27801842429135
76.10853542889802
76.05766480003732
76.58449054314765
76.41922136892698
76.7586494610746
76.06834229176371
76.82300191530058
76.20113351751138
77.16286919957408
76.79416827194461
76.1239351584195
76.59424039783575
76.17206072913537
76.11006098703508
76.33755455689847
76.26694704821412
76.2423439576695
76.12701446185798
76.1680373390325
76.07021450279292
76.90024590140784
76.48066108072508
76.41335197560569
76.11282832999802
76.06198148076372
76.04787713217313
76.41324592511205
76.34180666748824
76.42453984654017
76.64901674322348
76.06695692819491
76.1522031311482
76.36774019299925
76.27887439817358
76.53055869478067
76.14164702509238
76.41078832980487
76.11097066135116
76.24843391438216
76.03638194001898
76.15964722565789
76.39681803598705
76.22007591114192
76.17408706396795
76.01617157204731
76.28578985713631
76.10908952245491
76.30654788123044
76.71868343397915
76.15555683303968
77.0792325215762
76.14646160866276
76.75623329418887
76.65630379790542
76.3305056597208
76.44021809534043
76.46256612273234
76.7847736811218
76.00867054388921
76.1804001350911
76.3738933754195
76.57646361309136
76.46195691662363
76.41745577981249
76.05070050674584
76.53789796631467
76.18928121499663
76.11446371817844
76.24491069576074
76.09715905056197
76.10292963078538
76.09989600112137
76.05054488363976
76.23308390559758
76.61501379098705
76.10761176910259
76.04946469801918
76.5121863265655
76.11668349459659
76.05569807988168
76.61535321659561
76.01160368848208
76.20295184086433
76.25515650446543
76.10006993195616
76.18277430353321
76.5790470927612
76.46281415826901
77.88324250149387
76.31603639207665
76.06411045299627
76.2911981633255
76.19047900162691
76.32813614007735
76.49862885741477
76.00621143891806
76.03753247139306
76.55770548474163
76.2703995061957
76.1758059212254
76.16989164991304
76.55847523401326
76.42554336408651
76.82912811541057
76.08013485615149
76.46401052770955
76.27552412152073
76.21563637360995
76.28945575839005
76.32239182667554
76.098450693025
76.03311604387932
77.80632911333022
76.74787406709662
76.28258901524978
76.03546315874306
76.84744207840279
76.28595814262695
76.26737254022363
76.39122720237322
76.10841366160084
76.66697945339641
76.7385990273343
76.63484728292194
76.1287595049538
76.11171095666685
76.29304667448004
76.30317412541972
76.39140515436193
76.33878352957937
76.82741042399196
76.71007171344988
76.12777626331466
76.06656280329138
76.82007564902564
76.75820405441371
76.1081793963361
76.19252627234715
76.2379990080287
77.389345610308
76.26741261924747
76.22839244873846
76.01502513240871
77.45589683082657
76.35656018936216
76.40552130918958
76.13020763118685
76.09047882697159
76.13181149850108
76.08741698769181
76.79414204844647
76.21452379205765
76.08996018459061
76.11413033417702
76.26980669436479
76.07226412489292
76.0117876420656
77.13915253215833
76.81352251345267
76.75493477198033
76.48781353603631
76.30480264778032
76.09783672184473
76.1136632010772
76.81826818029293
76.01941167476105
76.05648859254795
76.10188939844323
76.0722358665946
76.03475864940094
76.36824351159066
76.39924310951618
76.29179726376809
76.03404261190808
76.40488819868315
76.15632842334954
76.18142721113186
76.70687731664677
76.05347156369422
76.16201619016003
76.24576453395748
76.41085575469042
76.06888757484377
76.3781413703176
77.01347703424253
76.18372232772326
76.09634446041632
76.17514340370528
76.67486397639755
76.2243509234725
76.13916309437117
76.01875603302987
77.29534343862927
76.1233792957136
76.19888487321684
76.16117798281823
76.31395811453982
76.3117115797845
76.62016820108593
76.63451899090175
76.32319557587182
76.13095373571082
76.26275116139392
76.44954140434858
76.22028048457679
76.0296400021817
76.24599904176495
76.0227744667835
76.0675640294141
76.44897151971043
76.04320798122451
76.08210657110631
76.55368219398699
76.13210266967863
