188.4005152229924
188.8786494996644
189.0460755391619
188.9179735284652
188.0360936139504
188.1362945897229
188.1756565614841
188.2199231287828
188.0866741341449
188.2258907823329
188.3164440304862
188.5171733490684
188.6502678947881
188.234269935937
188.3267480088992
188.2856073232175
188.140025450218
188.2133109847945
188.4471083212644
188.0120870338708
189.1321025842701
188.1023989274348
188.6219220518992
188.0146379692827
188.5468715852958
188.2390592167107
188.1798032195764
188.0174142277747
189.7174561004005
188.1787372038881
188.1210178273287
188.1443822130915
188.8186280040596
188.0011442322345
189.0640069572103
188.5190940993165
188.067360019462
190.3358524041197
188.5181362061939
188.0319837753989
188.2385866896165
188.8919540275469
188.0632979114483
188.1506724499112
188.2975883835979
188.0527449228544
188.2511926044859
188.0258259020468
188.567692236147
188.101920131533
188.2589169943814
188.4719196663862
188.5899222663768
188.2224382355013
188.3065752048774
188.4020417209653
188.3244593985073
188.0229052916416
188.2026903585325
188.0141892726467
188.0102215205704
189.0908970051881
188.0165681441586
188.2135484992743
188.5459753344639
188.084100883323
188.3575456091031
188.115460804754
188.2191135736
188.0654742112031
188.4663243508956
188.6809986086682
188.0968002604691
188.2865578600673
189.0874695093595
188.044329778579
188.1952731526492
188.1826975296385
188.0305255277779
188.0324512127787
188.356230151249
188.03070943591
188.0438411726906
188.1591668146288
188.4100345130073
188.3734884763361
188.1716645364321
188.0415500158216
188.4435623714474
188.1615183329036
188.0369877891823
188.1292778319096
188.541920983554
188.2976440180893
188.1174789076293
188.1637476287845
188.1894077790888
188.4722026181004
188.2311599404479
188.0615520630749
188.4078760237777
188.1096377892981
188.3571459844336
188.1618351595254
188.5016017869112
188.0074087044604
188.2683288595914
188.2126583981698
188.7764214107056
188.8769248302243
188.2989824245521
188.0254888764558
188.0127063164452
188.0664349297278
188.3151087311414
188.07884325451
188.3043784324726
188.7988194367147
189.137460358479
189.2633355859138
188.1086059393452
188.2305055578404
188.1055199605499
188.0643355149994
188.0979490726513
188.1174076706456
188.3327154869512
188.0439354558441
188.1948022043986
188.0570091698029
188.0813237231076
188.0777912981112
188.1667017961659
188.4861037583388
188.277312648921
188.2265357550719
188.1686677108323
188.4162599911372
188.4499242929822
188.1237004923277
188.0574503700331
188.5677618314111
188.13608598642
188.2495923189793
188.5921475402277
188.2721582164722
188.1046765479094
188.2319757016941
188.0766286278766
188.1435280404424
188.0919596467075
188.4438944232841
188.0823720743655
188.3622901052115
188.4882781008062
188.2474937845322
188.4309175170932
188.0020382920107
188.8580744984957
188.2596619433835
188.0030927740949
188.0138235281273
188.2898270787531
188.1829480026589
188.1900796374104
188.0063793088003
188.0758346276108
188.0308427073836
188.9341061862987
188.0332111821698
188.571056060043
188.1280964766589
188.6795281230754
188.3449868835295
188.4024423821324
188.5878189639794
188.098815123699
188.7481530516631
188.1488673505526
188.1290146156537
188.5066605157955
188.0406677827413
189.0300707026464
188.4067833172336
188.0267237789898
188.653666064017
188.890745458801
188.8069183463241
189.9237537038732
188.3398638906652
188.1632732981435
188.6056214282189
188.1595475086791
188.1661809816124
188.7430647279154
188.3844077327047
188.9485646003502
188.2550119284263
188.017954898259
188.1553473318235
188.2256258636061
188.3190389118179
188.2577879353539
188.181497784425
188.5275799853522
188.3290290494383
188.0560537992932
188.4874378956522
188.0768207910621
188.072962222007
188.2904358144013
188.0094501951993
188.6812139913785
188.8360226746204
188.5929277196945
188.0316750384364
188.0354163105984
188.0083485232979
188.0938019122089
188.1833817544545
188.5880581046667
188.1428997364469
188.0291943229296
188.0008502468573
188.1390587133074
188.1536710113677
188.4426791638408
188.4670448856677
188.0153607295063
188.3629211810863
188.2869585710653
188.2011123125443
188.083235493488
188.4690467962756
188.5205815553323
188.0043123761819
188.0352855966884
188.1496254871206
188.4920928254729
188.435607451096
188.1641147814422
188.0882546076626
188.8522078713723
188.0911046806146
188.0217865203502
188.0382253419119
188.2702811329285
189.021725911411
188.4141784192696
188.0252181639579
188.0151217588758
188.6140232829116
188.1053049433664
188.2749287692498
188.1466101030892
188.0075861527253
188.171972540968
188.0920319311687
188.3693965496582
189.377130067859
188.6072658994691
188.0151067874243
188.4718688650953
188.6386387628819
188.3105608970029
188.4820517412026
188.7717292998498
188.1888960914479
188.4725672702269
188.5183991325659
188.0154423687065
188.0955895504484
188.0073642596503
188.3834804426456
188.369487996041
188.8640813593705
188.0908652227575
188.4825581903702
188.2494427574255
188.2525491634319
188.0893516962069
188.5146261146085
188.3699676290849
188.0995861299754
188.0663954190666
188.2053406041481
188.1561764625762
188.0241738122782
188.1595252812315
188.2547096582788
188.0778936945982
188.7338968588124
188.9563598241215
188.3220680085934
188.1451854035725
188.9012666713311
188.2751116201658
189.1977508243517
188.211047507612
188.9209830235686
188.4034199720476
188.4619652114874
188.2422712984865
188.0473048345984
188.0155813055309
188.4523831389022
188.6711864208146
188.3634651397142
188.2069481401392
188.7359015347317
188.1892450248287
188.0782376750922
188.1118823888059
188.7809358371219
188.6312997067735
188.2255797305714
188.5280266169635
188.8394221904988
188.1192898141375
188.0660624399518
188.1374191974514
188.0046252445286
188.2828587915393
188.1195274702203
188.0930118690605
188.215604023837
188.0304763930261
188.1869783088023
188.3321015049401
188.1849213234923
188.9300125266204
188.02105775464
188.3030621028915
188.2646400166986
188.1891633844066
188.1816704608285
188.7593644186611
188.2515877000921
188.1243946036693
188.0269431043476
188.3198527945437
188.0481171835713
188.4577312766773
188.4590736819195
188.7283140148768
188.2463814075176
188.3587595252297
188.2763869272191
188.0593024751424
188.211864909698
188.0763125196435
188.1076304354247
188.1443722079184
188.0851924250739
188.0916707474096
188.1081246237273
188.7272178789319
188.0410609280934
188.2119080201857
188.3693443422029
188.1979200428419
189.3748528957141
188.2301456353296
188.1500171038281
188.0078336046977
188.0656465206142
188.2327599351437
188.0160956612059
188.2247494841715
188.6020860934048
188.0569319483641
188.0536419484437
188.0915267893444
188.2414389651128
189.9163905937988
188.1088770131402
188.0409086027381
188.2534378741886
188.2114188110784
188.2858435648033
188.0543728035786
188.0095678049055
188.2117328111432
188.397615769112
188.0163688339618
188.2670423341641
188.3311686097507
188.1076516178758
188.0777654189453
188.8901245696764
188.1727276405875
188.6133788041173
189.1080666733265
188.9282421331563
188.0074070109524
188.2216113949394
188.9295175875232
188.5294877400521
188.279758540954
188.1883107191627
188.1008372085463
188.5319634668308
188.5939874603419
188.237366080212
188.0699155537617
188.2800915933288
188.3405926502511
188.3690647128462
189.1240223016636
188.0974812304204
188.1282729345219
188.0035148299373
189.1135466816411
188.1732282159644
188.1062682968423
188.3963023475563
188.3848591614078
188.3096832696762
188.0514447968921
188.0392137554846
188.0740127065455
188.6110847674668
188.5362334493763
188.2039106440518
188.3883817257314
188.6623981242285
188.0812606642644
188.5979213028141
188.4754273524451
188.0762239023439
188.4364434195849
188.1286014958819
188.4301359497952
188.0473806026768
189.2012834965024
188.4296983307524
188.284340368765
188.115189942998
188.0425156415424
188.8770209844265
188.0366968423527
188.6886476603367
188.0544337470482
188.2160863645684
188.2261938336551
188.1030997477972
188.4984573572221
188.1038584892366
188.0985737074156
189.0207862240075
188.5598233886462
188.29161847411
188.2114940277357
188.6441699540547
188.3530257779717
188.2306638103254
188.2737801680237
188.1121286493194
188.3756557959513
189.5931207558835
188.4042450341608
189.4559393563647
188.1018124615321
188.2736468786039
188.0999705998996
188.3585552721968
188.4249599395733
188.1922505445217
188.140025176894
188.0713935147898
188.2365985573868
188.2969153795723
188.677371796794
188.7519686026227
188.0314456343554
188.4410207867145
188.1241573314287
188.0424466371685
188.4345922264488
188.3131377176466
188.0723487077478
188.1260422380181
188.1193269733625
188.123299997903
188.4594879063004
188.0309117406655
188.298717692718
188.0838120822539
188.3999377809131
188.1552675610255
188.5716189404579
188.0807653437687
188.175840373505
188.2514685795667
188.1579603176524
188.4727654521958
188.2916256522909
188.6578789460314
188.7465059362756
188.1269342333867
188.4679835028314
188.1526979276658
188.0296431722139
188.1227228146641
188.5665696331707
188.0307884382221
188.165996075856
188.0972910779871
189.1133761200301
188.2805199105531
188.0911638215083
188.0165737409541
188.3302533964838
189.0165330266568
188.0322670923943
188.4706760942315
188.1077234038145
188.5842328326765
188.0174726772341
188.6652558348544
188.0431120198198
189.1866554603041
189.1086400650602
188.0394040114913
188.1243320051177
188.1505661311275
188.119472632606
188.121857801915
188.6991774515602
188.0210398421971
188.0219281231496
188.0444752926608
188.4141616053074
188.3928222105448
188.5610171571872
188.0020724825077
188.1989291478052
189.1832685722446
188.8915988388215
188.0511756036575
188.0460163341012
188.0551999614912
188.0459880162173
188.1008227488173
188.9081412372595
189.2274596070542
188.5441439316269
189.8996244359723
188.2162192463767
188.2929234056237
188.0101573664807
188.1703549759856
188.8064333068974
189.1292627258515
188.9258505099576
188.0598608320769
188.0362923511601
188.3285477918971
188.4308035479076
188.4201260936937
188.1885517980562
188.0619316955284
188.1437536503883
188.18211657788
188.3049631636468
188.1468552512077
188.1199010245418
188.3600059638498
188.0278274851732
189.4812736090638
188.7152627228978
188.4769570860823
188.0185193995484
188.3292589846494
188.4664759250573
188.5463162003242
188.3881460092034
188.2323886392855
188.1505850102461
188.537132865564
188.2281601651255
188.6802698962264
188.1630206528422
190.256915492131
188.0596925903365
188.0291576251885
188.0949886661356
188.1236150292883
188.0412958974823
188.6207746413403
188.8070630855628
188.0740607016023
188.4020366671747
188.5486214183344
188.4694676084893
188.0024779730973
188.261003794647
188.169454039989
188.2185920285657
188.3817929073926
188.2542358925775
188.210540912107
188.9760311705818
188.1174853124513
188.2130457760984
188.0376662530631
188.4504596244482
188.6557414434444
188.9334921214389
188.1559252916507
188.0636062117627
188.1727281275239
188.2457184583546
188.9773420302199
188.2515899352292
188.25228094223
188.1966733430596
188.2870231802179
188.303041026104
188.0043792302001
188.5476826116316
188.0755131695086
188.336097470428
188.779342600917
188.9240674438838
188.4476358424456
188.124421491596
188.1461366536365
188.2804835555732
188.1732144001257
188.216415768596
188.0260022223045
188.2825814379557
188.1331486074048
188.1454592901303
188.3541040681719
188.0174344969852
188.4872733548627
188.6752333382119
188.4384067634846
188.0033461767997
188.1565334439185
188.2942375855553
190.0016465077444
188.0364024943554
188.8310114837403
188.0125983565755
188.2571365514949
188.833302169368
188.0145622128642
188.2031018722868
188.1950787262937
188.0207500458292
188.2309550179216
188.2996847258116
188.0480333756417
188.6886124798573
188.889950476505
188.1738346785433
188.984297437864
188.4988295401107
188.2339499692226
188.5687673244717
188.0522663155496
188.1204758309377
188.2266862596036
188.0687648029927
188.1915653503819
188.9394836962978
188.1748376348024
188.059345034729
188.4062027146321
188.0271433341274
188.1633655788893
188.5960676078314
188.0298937437125
188.1168296253625
188.2326491004478
188.0478721916092
188.3329212069271
188.177029529741
188.1446260181713
188.7694850949409
188.0424301316641
188.016013774483
188.5033129652015
188.2917110183652
188.7263982650341
188.2248078962067
188.7395200141084
189.1375260514513
188.0352642775231
188.3915887659061
189.4702428397713
188.5651090972802
188.5673709663379
188.2953052529365
188.1501776330848
188.1969070456421
188.2638276935515
188.3089298562666
188.179843431605
188.0418695344977
188.6720886984191
188.2332270283828
188.1724509123032
188.5863953132466
188.6158035120832
188.784746158977
188.1161564807003
188.0158379714657
188.2355322374854
188.0858055048007
188.3175866256469
188.1780305615184
188.6360489073809
188.1924053674414
188.4117264786663
188.0066059878778
188.5700766067312
188.9332935912113
188.5192047336588
188.4944998322208
188.0598835880366
188.0297200926463
188.2244057429066
188.2049354667667
188.6971252242039
188.1300243935046
188.0708899453442
188.0040068893298
188.5696074147133
188.0448811562891
188.0123524594474
188.4171246880064
189.2113604190996
188.090357400442
188.2123228728342
189.0322897902902
188.3639948677336
188.2797502635349
188.6526641599445
188.180941803284
188.1453061246509
188.3811426742375
188.0400480378642
189.9895958163753
188.2082221561442
188.7577393992389
188.0195785133231
188.00269495349
188.0940684628704
188.1720105754264
188.2464555888974
188.544475527289
188.0758307356116
188.2316864788407
188.3256347922327
188.0135786286626
188.3959616532919
188.0460798255645
188.3837838949549
188.4266075387825
188.5155397624869
188.0236935091402
188.0791957596813
188.6731697470483
188.7069661039782
188.1326665821492
188.6402823981964
188.0302693976037
188.0497451166658
188.4323651903491
188.0353846108009
188.0993233231005
188.5342409900493
189.4269897545462
188.0462817604055
188.487139157458
188.245962868786
188.0960097256723
188.9565098573722
188.117648228556
188.09293048814
188.4098571937944
188.3528008414506
188.0091640971681
188.4940574963797
188.0230212946044
188.1003375432661
188.209247847517
188.4937516211144
188.4890258352579
188.7566309371046
188.2257072238093
188.1311060567757
188.4321516493255
188.0848150205885
188.3254863375239
188.1526864301102
188.4794924522664
188.1565897653469
188.1106520050526
188.3596533830425
188.6497279454117
188.719204318566
188.4662369655224
188.0418712346967
188.1279061966018
188.2738992377464
188.15170962528
188.4169393268029
189.0779769159341
188.1101105320637
188.1803640896041
188.1473307177227
188.1638880833505
188.0014981613106
188.293253491478
188.5248314103311
188.2072324970419
188.1575043802398
188.2320453851507
188.0147648489034
188.2634522180715
188.2476960981831
188.2346901669259
188.0947110937689
189.1624623140048
188.096650351831
188.3757184023889
188.3078856689741
188.590242759825
188.0061073549123
188.0925576804789
188.7997940659596
188.0157567497529
188.637276236834
188.850630037943
189.4650945582834
188.1321754467444
188.1340368142354
188.1519802684997
188.2410122204824
188.3316321661866
188.6507775583887
188.4590086415899
188.3331199076258
188.6741889451803
188.2323270739563
188.2792640783515
188.061448335084
188.2461473354583
189.8675541183665
188.0541034303725
188.0995512591792
188.0213703626905
188.1305086739047
188.6926131255259
188.1984310825025
188.082245970192
188.4093707901875
188.1138343127111
188.1333459971407
188.3434585886315
188.4600784053245
188.063469721346
188.3146815474196
188.5026710068641
188.1331737532249
188.5246371636978
188.0416956723589
188.4012096288253
188.6384722552323
188.2155572329948
188.5338043911801
188.0718714477002
188.7521945286414
188.598685662936
188.3962300295552
188.2553271302386
188.2870172122881
188.212443580721
188.3870022685635
188.0141236750125
189.0864539660979
188.057034577006
189.2090310735171
188.019202459881
188.7175878151359
188.1313529868569
188.072237635184
188.1209481298604
188.0361782780179
188.0780173115924
188.2253934339369
188.7189071776277
188.2760872374151
188.1075586146112
190.1241102625712
188.405176356247
188.2493880342089
188.1868711067912
188.4048566490818
188.143149048828
188.3475375146578
188.209847571592
188.0386614621605
188.0037737054254
188.0392466306979
188.730472531653
188.2338237578369
188.0868673244293
188.0824677296916
188.6397354841545
188.1345154286096
188.2230453615762
188.9145175658986
188.0718260373275
188.2703473894769
188.548311276007
188.5157124725661
188.192287196934
188.8301537336958
188.4216085993694
189.1201701384287
188.0612725492342
188.0227518966968
188.0739307259877
188.6179271241343
188.174815180439
189.0164020450379
188.4359962930963
188.1483451687415
188.1461773004901
188.0155057789729
188.0301826695882
188.0568997747814
188.3808209304846
188.2261083042002
188.0067655137177
188.3722169049611
188.1551084637873
188.1736299749727
189.1755354413767
188.4454769907335
188.5428457492779
188.0755702309972
188.2225032100056
188.2093938787883
188.2100162184955
188.4226977175761
188.7240835974293
188.5342217918015
188.2104580143348
188.0798851168161
188.2484461481027
188.0778588390205
188.2738554114693
188.4774880702498
188.0031686887977
188.1253690721045
188.4416443424607
188.0488206282278
188.2071905858264
188.3317137740796
188.2496813731679
189.5034631537281
188.3656690308203
188.4174191097432
188.7800544610037
188.2987133216992
188.2951512615828
188.9748160538223
188.558719841167
188.1905915837744
188.1591823626745
188.7644175546311
188.0149721514096
188.1745753389676
188.316086542019
188.1133962252833
188.4811618291172
188.2361521386292
188.1750800102816
188.035244557052
188.1562779533654
188.2002534761869
188.1347762633622
188.264433344822
188.587079589824
189.039833177483
188.2479437183216
188.0193911890983
188.1021430249829
188.0229839873718
188.5650132866587
188.0194731712505
188.5384072217821
188.1437157245452
188.1906260139296
188.0311725807227
189.8646855341014
189.5847868536904
189.3292805637508
188.3118132199647
188.615362074502
188.0376803670493
188.0684615145599
188.139477993799
189.3235064314671
188.2534326465152
188.1136910619094
188.2668355133534
188.0849471665005
188.0881684936356
188.3607022550175
188.9668195505811
188.564489751645
188.5784458249143
188.2196692053726
189.6917342184865
188.2690603891671
188.0101581309953
188.2495826783859
188.0493221605341
188.1914181790527
189.0882089546015
188.5778844924192
188.1423676562383
188.0626751792213
188.139888058827
188.0821004427392
188.1598202526417
188.0118386082557
188.3496141791347
188.3752737885723
188.0806852906536
188.6060661443726
188.1048864353642
188.1127890572571
188.8226473398241
188.4579091255179
188.063085236922
188.1650082632797
188.0731615368677
188.0436808243363
188.2599422902683
188.1322771087691
188.1707407286716
188.1937030930031
188.1693954084571
188.0852739882192
188.4364111995943
188.3064145612676
188.5145914894779
188.03343732388
188.2578355211279
188.0184659021355
188.0028769551805
188.0161027402897
188.0606409974846
188.1257958974402
189.1543059677966
188.2067645373428
188.7659651530243
188.3336067650146
188.7666266569633
188.1934102753476
189.3511487404371
188.203715901061
188.3024348619745
188.1850482595047
188.628001138834
188.2237880524139
188.5111310299139
188.5159655221702
188.3885797547792
188.048237764439
188.6215823622545
188.0930186417474
188.0090343785821
189.2804406850083
188.0527731573568
188.1838795513642
188.5818443827827
188.0763435901983
188.2357002530421
188.2001147415977
188.5784296314723
188.1883796045727
188.1516462158172
188.5422174500014
188.5310897708937
188.0347484510349
188.423756478038
188.426622238041
188.1448805002843
188.3416228600344
188.0019064656284
188.4268001935286
188.168063526986
188.9868878969409
188.2601886468952
188.8834415515768
188.2137910079205
188.0562090535211
188.547499457431
188.1012708800183
188.0472878954104
188.0262269637925
188.0007319348867
188.0051051778193
188.7654671200993
188.1622089268668
188.043723786823
188.0162167454565
188.1096037721531
188.3395814020516
188.8710231758051
188.1781327474748
188.0312339608134
188.8576572698955
188.393442232359
188.4397683148937
188.3445517110798
188.3979202473953
189.6779492475455
188.3079207989904
188.6729926296409
188.2127857819454
188.1471984356919
188.1650616190433
188.620153860245
188.1413348717366
188.0570127314566
188.4147467847721
188.1363008541873
188.5927728024741
188.5259886245451
188.4668834572477
188.650442440503
188.7282186060744
188.3412752821031
189.0337482087432
188.1371375973103
188.4766282865264
188.1600283657006
188.017496201537
188.1785956010251
188.1266734706338
188.0893874204475
188.4530566809916
188.1214782001343
188.3529990022834
188.0570030028871
188.0070499726576
188.4111128637021
188.3112592059036
188.1523935616597
188.6164437170297
188.3812161766269
188.5280892833502
188.2158517297465
188.0579362052728
188.4020439675392
188.9852936215837
188.0613262844232
188.038391962717
188.0915678033588
188.1467770255821
188.0866913821542
188.1410708688033
188.0621947769206
188.6845090872522
188.3081488476612
188.0892633930351
188.1665585430665
188.0761709359068
188.0378223346702
188.1954731460644
188.1380646630486
188.150114462908
188.0973384746933
188.0855393576757
188.4896966830612
188.159844924323
188.0506792386777
188.2903488212284
188.0073973172074
188.1482032342211
188.7828101771985
188.322541084148
188.0713834130372
188.5333418839403
188.3708116279414
188.0084940986112
188.0505314820028
188.0309877656395
188.8879743417284
188.9647090218859
188.8110069184081
188.2899256128987
188.0437081130801
188.3714419822001
189.0961559553137
188.6049033798034
188.2942270908267
188.2731446329797
188.3296605529755
188.14026803863
188.2919482150295
188.8813231639885
188.3876688277282
188.4791891475193
188.4152508037691
188.0289078888163
188.2888864964607
188.3762009039197
188.0792960758442
188.487796080876
188.2986947068743
188.4106719206768
188.3988072908193
188.9246209796691
188.1422161287643
188.1504566399558
188.6421240080264
188.014296752638
188.3373727133201
188.2304737891031
188.1303453726568
188.1596978427114
188.2002597623701
188.7331373133693
188.4905082918333
188.0529104258332
188.8005481234409
188.4162199905386
188.0095508121244
188.7010391320339
188.0087470454355
188.216642122745
188.3955184215682
188.1971867137426
188.5103121276875
188.2098058075394
188.9414644620434
188.1295385123942
188.0314639791439
188.1177239294179
188.3877979715641
188.056473446281
188.1061747483628
188.0932626498411
188.1860311961405
188.2336141596931
188.0356994983905
188.373323368792
188.0744535793601
188.1996600135373
188.3924897806809
188.2494662687057
188.0936986121054
188.0787926481604
188.773251010426
189.1000646931774
188.1983324620828
188.2889502021031
188.0248310000644
188.0345987237868
189.0573846223203
188.1499662508822
188.2104885389289
188.0970457519089
188.1526880106016
188.0087324842158
188.5081331449265
188.3544627709959
188.0948635570098
188.3121409777232
188.1823241863201
188.0989081493046
188.1192702915959
188.054623244891
188.7794774554284
188.1464231846994
188.3278784150176
188.0656532225682
188.091434656609
188.571290304044
188.027279562157
188.2335667922257
188.2146453127475
188.5646674564597
188.2753471246909
188.0210173920435
188.057040257965
188.1786289829402
188.1977378817222
188.3236849568956
188.8105111679226
188.0245622110676
188.3409679344643
188.4221955783343
188.1301118664562
188.4762257812179
188.5152597644099
188.0136109660636
188.3935145514844
188.3940374690642
188.2716402555321
188.3465645410471
188.3138996656064
188.9493943940165
188.1410072817829
188.0531920114284
188.2298362082352
189.3074446545734
188.688637022522
188.4009042235488
188.0051496807055
188.757395202322
188.0204005905604
188.628679840654
188.8959805220412
188.143997073644
188.2541984140273
188.1776255894427
189.9839318017434
188.1275500016932
188.2710634547026
188.3864728504854
188.0005329137348
188.6479290026455
188.3112196942581
188.197603212294
188.4212095719014
188.3505533844589
188.311863519905
188.2165957666998
188.0818404510256
188.0175593538353
188.3411506181434
188.5485423638478
188.3590103232902
188.931727188356
188.0176837884451
188.414008488777
188.1758483935031
188.2603712781011
188.4168473066306
188.2869708590398
188.7202484325313
188.4419074072157
188.7942154928093
188.1929326896491
188.6736167563915
188.2300247300043
188.1793261796168
188.2511758462018
188.5538387552278
188.0093539202051
188.298852935036
188.0407127465099
188.321163612786
188.3999389665137
188.0668738844463
189.0652979065078
188.109581830477
188.1605690828489
188.7353255780977
188.2191673341801
188.0970290644058
188.0105867070001
188.3060214632442
189.0557144613975
188.3383845145173
188.6028062096724
188.1632639377045
188.0649529625564
188.0170260396786
188.2715756329925
188.387928555985
188.1265012499931
188.4796340016545
188.7618703489914
188.9512755855747
188.3211661734089
188.5891216889746
188.0812431422965
188.0538307111161
188.8806228059172
188.0410322817054
188.5978753904721
188.0046465037636
188.0106123118262
188.0535969242361
188.1659191836547
188.1992601676427
188.7230058960244
188.9312901605466
188.1850518686754
188.0918298167565
188.5452313489588
188.8955114299127
188.0805996599782
188.0416528713313
188.281834145312
188.1270736910135
188.2421865700902
188.3307789243946
188.3399571559411
188.4333069479167
188.2448766169675
188.1917967088562
188.6049189467597
188.2778395518385
188.482644745436
188.6979663701628
188.5854093632155
188.3785021925045
188.6162939932495
188.2309598154808
188.11870809932
188.0928186401017
188.0445955557321
188.0088384357948
188.3779583228913
188.1912150402815
188.3212313110023
188.001764020891
188.1128356261797
188.3162523552404
188.0894264749193
189.055431210937
188.0018192808699
188.0235883982179
188.4809494035065
188.0511801063642
188.1831051063033
188.2002611656117
188.287455028488
188.2729607096317
188.0079688267453
188.1039876240135
188.1991181893253
188.1268842859581
188.2271304374109
188.0726344758619
188.1114650036507
188.5734373386755
188.7153921403635
188.0402636084458
188.0760367977743
188.5780305035084
188.0521746932309
188.5379746885016
188.0083106335599
188.118320275191
188.0100286419276
188.0467512250766
188.9563972171851
188.8188027705339
188.3346519061606
188.7368378760375
188.129377659408
188.6852767060258
188.5667663262408
188.1774011227246
188.0788313410538
188.1724558861224
188.3482219554397
188.0867080078041
188.0082102460013
188.6162447843337
188.2568367374134
188.3995312288286
188.1952050907759
188.038881585489
188.4844956078111
188.0082466873391
188.0453529116883
188.2018919862128
188.675811164666
188.0110319657673
188.2841003200125
188.1034011039237
188.2622228214759
188.0564906624417
188.4106224546853
188.3008577862392
188.2862913900573
188.0911990336538
188.091230275194
188.7497093689895
188.1029969859763
188.0579420837344
188.4654017192601
188.0671171786002
188.231162301617
188.713386426947
188.8034814527422
188.2382235269774
188.1443748346524
188.7460784357279
188.4606317301362
188.0810277968195
188.1677309698079
188.2564842176033
188.4230336831084
188.3275958808494
188.6234473906177
188.9917078349587
188.5141835772523
188.0497053418663
188.0042144505202
188.0771495465948
188.4625672992075
188.2410931975773
188.0503217051091
188.25887239044
188.1627071693176
188.4402098422492
188.1397175749315
188.0171892595552
188.568054596871
188.3107640563053
188.0173413041041
188.1639178805824
188.3973601912124
188.4856021976075
188.1091349447197
188.5053410770119
188.9157814157071
188.3798066535033
188.0393820380064
188.1942531495773
188.2589217586408
189.3328986807761
188.9122222586292
188.0435984941987
188.3209195443072
188.4999179392401
188.5070795454242
188.0446698585999
188.6742125457141
188.3932957747523
188.3322738178533
188.1399926342585
188.1779092597542
188.8893376255216
188.0341837845579
188.2922457987067
188.1604153059589
188.2488516085596
188.6198190883555
188.3240867008743
188.1050169152129
188.474702548329
188.812212493673
188.2684811087345
188.1593021852866
188.1614105715461
188.1064484431367
188.0960682924923
188.0454503711573
188.2422915016266
188.9772956795029
188.0286172221047
189.5980461630643
188.3426602520297
188.0007184437983
188.1261194383041
188.1591912651096
188.2115172451327
188.0851087664263
188.0258050061355
188.5039659019325
188.2879113254265
188.6833893807623
188.4319417825933
188.5781356873603
188.1715731334023
188.2625576107101
188.4516036153142
188.1613446736399
188.6238637343291
188.4091412128727
188.0159101195435
188.1401972341565
188.4808559334747
188.3252782652102
188.0807464426809
188.3154116382914
188.2452696881275
188.4900787241824
188.3823365602751
188.1713898519254
188.1099865700291
188.6210275633733
188.1108186939667
188.3874188524886
188.6800922905495
188.2013635911474
188.0634072483772
188.1055087157077
188.1907417802806
189.0711351970464
188.024676313219
188.3255964704629
188.6739340533397
188.0067919409243
188.3841521539715
188.0745539216638
188.2517498443782
188.1753739496184
188.0074782864449
188.1522787747041
188.9078406706245
188.0974232757075
188.0058437908292
188.0826206883012
188.0421600975314
188.6064535497254
188.3357551185422
188.009383073214
188.0963429110377
188.0737749915298
188.5824063264468
188.030641064787
188.3313370543738
188.9731155389273
188.5221216022594
188.7539018007142
188.6740457871437
188.2942550451749
188.0200592408067
188.2358838400714
188.4038066605183
188.1487607157482
188.2511349753707
188.1593417413699
188.029333991636
188.1973093407368
188.1107769173076
188.0101191227816
188.0658337033921
188.2515016276395
188.3687530339533
188.4721294298028
188.1082533453574
188.101901186087
188.3353128969279
188.0298584138558
188.093689399461
188.4836522315319
189.2209123132867
189.1851705973928
188.026731623493
188.4885854637101
188.2529833987727
188.6231001718855
188.4616208025597
188.4711925496937
188.0689592256178
188.4750191545168
188.1611656466219
188.875478439636
188.30433761839
188.2027600012774
188.4245055204466
188.1693635873324
188.0527280070366
188.2595664318826
188.6425469713188
188.1057694400332
188.47025058983
188.3040032804551
188.4256236818948
188.0426662336184
188.161113041055
188.106656750869
188.0994717528582
188.1385791528293
188.3731284607274
188.0614154165555
188.2722876703937
188.6335183012395
188.2922450928476
188.4202839883177
188.0215123372592
188.0863159003381
188.1102729630402
188.2415194398897
188.6140079285381
188.0876467370696
188.064711296591
188.0838648664697
188.0809525908408
188.9418260639784
188.3242926437075
188.1320415111337
188.1979245339101
188.3607138190249
188.9515594273485
188.1588654497691
188.9889040572507
188.2946981190535
188.3151971282988
188.0142492477572
188.550741530646
189.3107452625531
188.4985367235418
188.3470595860668
188.4895025383512
188.0381241450218
188.2111915125552
188.0979370831035
188.1679991518223
188.1632779395584
188.2296588347842
188.0645307515191
188.1661605765898
188.1160469200647
188.6347092318008
188.1166777299035
188.7159916609829
188.2936697014368
188.1854453451217
188.1371160549365
189.5091741962927
189.3177770394605
188.2137452801967
188.9349370677324
188.1802917276962
188.0478406118675
188.4142532859615
188.545675757709
188.2652887165136
188.0184028718378
188.2209803325347
189.6581196826718
188.348241021348
188.0008659191533
188.2851805661265
188.3354391912542
188.1122163534278
188.5985364447742
188.1176611922299
189.5690979692261
188.1221698615165
188.1984509900085
188.0220465889257
188.2781192264098
188.0623397031144
189.2895909754872
188.6690313357224
188.2495443887672
188.5560902030175
188.4986691055253
189.1247722927417
188.0156585438647
188.0362509175037
188.7042087163018
189.0343179896621
188.5285233531907
188.4626945699781
188.1178612152673
188.0017994443938
188.0948532002097
188.5428960362782
188.3106985639635
188.2474091664374
188.535833304148
188.1583304197983
188.0159450001171
188.1685789967537
188.9841966391759
188.0155459892363
188.4404898089835
188.0573210227295
188.385674786356
188.370071723961
188.0748365733114
188.022393284014
188.8420848675698
188.399981098624
188.1753112834688
188.3140912603999
188.2616130585692
188.1732815952504
188.2812768192136
188.1598354256056
188.0609375285565
188.3619716792456
189.2423567428975
188.0831288986949
188.5444610792889
188.3417524986551
188.5156299765575
188.149965788138
188.1095274396083
188.177336190214
188.5459818890275
188.9856722326934
188.2209259927029
188.1457795478281
188.149340479735
188.1259061161219
188.3291132530439
188.5233183742401
188.2008652849672
188.1141065546259
188.2505136290401
188.1932845193848
188.4774130706867
188.0906159527693
188.2273157616957
188.1339825578246
188.0431078334409
188.1351471499534
188.1446416442403
188.1840069998067
188.570572315069
188.7436015180988
188.2639619653636
188.0004809811251
188.4871614194697
188.0547699250658
189.6134017144622
188.0806392475206
188.658387833125
188.2501413342282
188.0977475276884
188.1897166863205
188.1910445046975
188.1672540314068
188.3789632810085
189.0542475203756
188.1780925854317
188.0712974164212
188.0219884022776
188.2557580649654
188.7295132662469
188.3882244964322
188.7555805840651
188.3085382202715
188.0126831314918
188.0074532692491
188.308202760511
188.2635412455602
188.6116595784779
188.0098694246937
188.5195179340472
188.3381370112588
188.6842181214867
188.2986726262373
188.0248068180357
188.4899892833996
188.0421381737993
188.0696716632137
189.0797663086227
188.1487901737278
188.2736229437559
188.396448713275
188.0909636002584
188.5090578917085
188.9276402052852
188.7260141671981
188.4876811562096
188.7037387610613
188.1530235397796
188.7273882602166
189.5602002785513
189.1723967739463
188.2031451527928
189.06982757502
188.3421765924551
188.1950661976715
188.0435952581613
188.2886350533122
188.2888285594168
189.1784252535711
188.1165181836047
188.8108081923395
188.5051276526114
188.372431750704
188.5529876849604
188.1507460057504
188.1216808127241
188.092972392566
188.9878967164044
188.2479559669692
188.0574603935287
188.4133995479181
188.0077137244599
188.184451404803
188.0021055964304
188.1685470807769
188.2039511042256
188.1752411145971
188.0366424828756
188.7834408958663
188.054424765999
188.6858609663461
188.0417875202162
188.5747437161962
188.166737513323
188.5851844320755
188.084143424504
188.0937943889611
188.6494099987375
188.0625337410308
188.2707548306664
188.0078576865365
188.1955130169643
188.5334303596397
188.1624582705384
188.0759132375142
188.6367822977109
188.3064997834299
188.0282509088892
188.1860145247921
188.0435913642976
188.6472260646598
189.9409894979724
188.4349927033888
189.2660778648238
188.0079038917428
188.8570277383745
188.3977932856097
188.1076663941273
188.2099532327555
188.8956842424743
188.2733448274599
189.1043950488685
188.13432883146
188.7968045982695
188.2080720509252
188.2421519520815
188.7347678386544
188.1126652418448
188.2677468443716
188.0585122195675
188.0591110775689
188.0011494549432
188.7293545927157
188.2149545964964
188.2061359320548
188.1701057114532
188.3869942987177
188.0679032368173
188.0816836448087
188.0208204491847
188.0635339626374
188.0935992630073
188.3278584704286
188.2748601061755
188.0437013353676
188.1550898958355
188.0420886631073
188.2345183225958
188.2026391751564
188.286495450611
188.2245633883639
188.0869472889131
188.1785950165695
188.3492955307386
188.4544822365024
188.3999047287693
188.0415391426397
188.4826584596076
188.2157162455315
188.0535209093571
188.7012724907761
188.5621010375114
189.5001726984127
188.6850210181332
188.3620422822753
188.2754948753547
188.5589301313578
188.2887510018722
188.8441440250964
188.4895761870694
188.3001531527653
188.1168002837864
188.5980488188814
188.4593979615333
188.1293365199364
188.2493926898004
188.7576742288714
188.2733276763074
188.615787146242
188.0340637989272
189.5715433841997
189.0737422858826
188.1436915786713
188.0759659333788
