94.69468608685496
94.1674078841172
94.06500198355077
94.71295780596643
94.14770967026536
94.14095613053348
94.57011119196594
94.09253615036702
94.45826448416763
94.24066732834963
94.28137278543545
94.7844652578473
94.05102698253145
94.14003285652255
94.18617846418061
94.33434464207205
94.16888447246859
94.15178695656927
94.02010704295597
95.52007313910683
94.2992184964794
94.12778045034096
94.10273630343835
94.17854447137226
94.18958332970483
94.88581203561166
94.38239714327307
94.15862152407063
94.4042347421306
94.33059199678353
94.34389702932438
94.06573701865642
94.5983698126485
94.17865522297457
94.15707802739149
94.07721298379546
94.97411271093169
94.05466536071948
94.04641903230625
94.28551976937236
94.29079975337528
94.01120293215882
94.02341182973902
94.02588196776891
94.64749717844462
95.712182520704
94.11433034297018
94.09317175548162
94.43856104996101
94.26362502438451
94.40486639235662
94.0045376034028
94.11552919687722
94.37135501540445
94.29995407530399
94.019182249779
94.49586176483028
94.16412688591147
94.15062330316358
94.00454898775843
95.07040585169771
94.20807507268613
94.76261476318419
94.37659103013569
94.05063607165808
94.45121854524375
94.08785199745812
94.08557115645317
94.15523121680644
94.22693505181681
94.83855057719126
94.05730090492013
94.14933950728826
94.44040224285017
95.12225223443679
94.13549850113435
94.24185198408642
94.58185749496607
94.004078184972
94.04636184988725
94.36493373271948
95.22502810517145
94.42571769130767
94.25213466088984
94.18102913225948
94.25217943334995
94.04626096590452
94.1164467724023
94.15444399985223
94.21141270216347
94.21952518997125
94.21421013742969
94.12218021679426
94.4695234756083
94.9614950206086
94.39899945580702
94.39200540859625
95.00350022900912
94.40860764099124
94.0211584812537
94.12920137955962
94.14760763340463
94.21819670601843
94.1998353858935
94.37559359611356
94.63757253004192
94.18382410606709
94.50832702700943
94.07863769186777
94.01444859757792
94.1106933786002
94.31905944898502
94.3014764990998
94.67027976519789
94.12429332437702
94.8359898540645
94.04336588869383
94.41685167927653
94.49713625272625
94.13377537138533
94.33849491325635
94.61363655828494
94.49149743905735
94.58017579494019
94.04438267164919
94.55466275937995
94.03604554542972
94.86500582832325
94.02983527123011
94.32340526261545
94.6598186233996
94.07095552216774
94.18096253619251
94.88352050391097
94.3525970311949
94.44627186228536
94.02297366182522
95.2609586119366
94.20109393710935
94.14657923953632
94.21052457880063
95.1512969435652
94.3821312400915
94.39533355357474
94.47901422869178
94.1266210706729
94.0105756882681
94.13618374453306
94.1170862521713
94.03407060747004
94.24651561349945
94.91811473848894
94.27660896066037
95.0038977048555
94.12019818612292
94.29865694702346
94.72479756688145
94.00244130932954
95.8605204976797
94.32438764434582
94.20349659081454
94.09862383454984
94.24829894360462
94.07508108777972
94.0346175148697
94.17806486149347
94.37135437624623
94.3908243093418
94.2797088059982
95.02190302336265
94.23727364013855
94.1320133374556
94.07238166412712
94.20714626870542
94.3812048256453
94.49862792845803
94.59041308624228
94.13076141519501
94.11382186049376
94.46629632508032
95.14804146568807
94.11387042422528
94.02989832435864
94.36300372828977
94.05571390787244
94.1001031470416
94.24384524271115
94.22987900076316
94.17118503959995
94.93484125786546
94.30454447969046
94.39377742955898
94.31297199691973
94.21890701206387
94.1009806448754
94.04836798165415
94.00526876889916
94.02566601767634
94.2306342714192
94.92718630943592
94.2626202826934
94.49835998999885
94.52622864716304
94.13682573281216
94.36834220596326
94.25700432715529
94.1384011975092
94.06453659097005
94.0786331222555
94.22269388097118
94.10580123822129
94.92989590445723
94.05404615869104
94.53924313532362
94.05818598316604
94.02022087371752
94.14059016266675
94.20446611496529
94.18580541489997
94.03350081833875
95.19677173812966
94.03413716376572
94.57777433884688
96.01248948708289
94.69445435389858
94.13843308420667
94.6910172710199
94.16913711322229
94.01212356248088
94.58925552778736
94.6741281473219
94.66309795429424
94.17368625022313
94.06765725217947
94.12555808020542
94.1911592620208
94.36269546693401
94.05475254092377
94.06629072136744
94.59876783774094
94.34459229469142
94.14664132180688
94.23706421975112
94.14833208822917
94.13085545849302
94.3263224973249
94.83596918645678
94.42925231039676
94.96500276603001
94.02065750881333
94.02808292584106
94.04263977201585
94.68992300077377
94.06609061868876
95.1317738723755
94.39949114978415
94.65853760082452
94.77101473603012
94.55771613361584
94.580909766437
94.1886162012544
94.90507266458964
95.93383755523888
94.43205777154844
94.07216149129984
94.14996882873534
94.07520352336385
94.64571998370157
94.23357750022184
94.01672812547348
94.41862049145851
94.87994042926186
94.30826929420436
94.00482907132842
94.07639793081873
94.02559044979976
94.51958735374578
94.2905985446435
94.08480857895219
94.32537695871795
94.03780336723904
94.20221175161406
94.2689469110347
94.3668273256636
94.40253551286243
94.24320607063862
94.08803694183528
94.17553330044628
94.1026144481429
94.0076703002697
94.20937029168306
94.05382900883598
94.44327635936332
94.839549583143
94.02703140067611
94.28364924627282
94.47456201503807
95.59348295004438
94.11768122778894
94.6170001159404
94.86862662330552
94.1346640274169
94.62682717641901
95.12691182137831
94.13346039402332
94.13884795908427
94.31390307588048
94.07009023644554
94.01980324235448
94.17131671939227
94.04457254546973
94.40815856633971
96.01676099724104
94.62874496822029
94.28452273067371
94.35260111432676
94.37596264010249
94.62740790698558
94.44836944748126
94.05269032225858
94.25634440645557
94.48725108027553
94.13127115141536
94.23004687392836
94.03254777338809
94.19325302607331
94.08247773265778
94.64169143657253
94.07880754454789
94.3731373928885
94.2803216508709
94.27548757036084
94.11040674781859
94.18727459467627
94.20175031671364
94.15935102791569
94.93421186843423
94.30440391117122
94.65157264781053
94.03858399824357
94.97115834186597
94.13456970860526
94.04827070169766
94.03956557548516
94.49234625880376
94.18277425948483
94.2964667517369
94.03259006968153
94.32953417700391
94.0624674332377
94.43585151995583
94.724154070864
94.34513384510245
95.06059082711765
94.46684174422289
94.20059413709596
94.17475866032893
94.10515750282659
94.15462060158711
94.06335741340358
94.28516077875935
95.91607686961346
94.43143000874527
94.20025761942091
94.29468198934613
94.31201229533816
94.15771127745964
96.27745633920838
94.29985535282798
94.27332160515812
94.2878961713928
94.30464599569585
94.36153587387413
94.36845961035218
94.40916765707597
94.51398510039907
94.42365783885256
94.06411911731128
94.05223768567429
94.13766506090035
95.28129916469915
94.09060290538955
94.59103947371648
94.22729198837149
94.07602434852132
94.29569529539569
95.04254608206924
94.54275902030169
94.32754212558142
94.00138469725633
94.62812211242813
94.69592710276498
94.14612686918413
94.66693843982267
94.03420237783732
94.18381993042428
94.17260495952452
94.1866317722667
94.62643397460393
94.36261250492183
94.14983233504762
94.04529381709646
94.25473672859981
94.52725121928368
94.67392459894427
94.51981353938199
94.13467983754123
94.26722651753205
94.5153187645498
94.44716468490395
94.04987100026187
94.12536883287594
94.26135673222662
94.26603967439557
94.25176551829436
94.50793916562574
94.20463693434729
94.25102249090008
94.19619198723738
94.21555811786297
94.37756757282004
94.14574216050315
94.09471627732023
94.80735931077515
94.47081014170153
94.03146271249487
94.07997366557215
94.4099811064938
95.68653506397719
94.00016303572814
95.48714298612337
94.1093997793886
94.16201486767145
94.54480303245417
94.96296853395552
94.29420915581329
94.52193493482149
94.08616430654263
94.32407381112405
94.46183558386103
94.95351359216318
94.401988937572
94.83478649754828
94.17824154418581
94.078339053596
94.15304442969435
94.04002872411493
95.53044925411719
94.37612403531139
94.17244561032243
94.54646422992866
94.18716311692157
94.29680256924271
94.35980824804899
94.05897273117654
95.28883923067289
94.039496492686
94.35650272409036
94.00111888049288
94.07409278345736
94.18264257119674
94.20608282464062
94.0198422561283
94.01815036343253
94.83834677923231
94.17953096563367
94.0290326367115
94.38048955137441
94.00229807319765
95.57309887276033
95.4226952158711
94.17720344391435
94.00765147061483
94.0808618695057
94.16494162112829
94.2294640796065
94.09956718840392
94.04229448589562
94.06993803439195
95.65605289943457
94.26143078454493
94.01702258698435
95.78354952749498
94.27807909634849
94.31212115582785
94.02310993870915
94.1564821395455
94.14670398642122
94.08018046848068
94.00973874513568
94.49030840371414
94.3634727330933
94.1738465920424
94.09201736523944
94.01273508709244
94.4384549585676
94.98295314253912
94.17363985551924
94.43733205940981
94.67520585928253
94.6943579827928
94.77005238939986
94.22663287070678
94.11090963003961
94.1634377829521
94.03333985080893
95.08568378353758
94.09559985626876
94.10776533655175
94.01903179240873
94.25065331505208
94.3053285174304
94.05459481584549
94.26109618515179
94.12165315910646
94.56234859876983
94.15871551909301
94.12560386634232
94.05665994492418
94.12246892500723
94.20044902754205
94.21938220610166
94.32997445576312
94.12381078298309
94.72765475833978
94.82033997022606
94.32832089943304
94.16405394774776
95.5961122129204
94.51668484273598
94.30228031427002
94.05207525083695
94.00468684390492
94.0919545224423
94.02763448288394
94.20094997490895
94.1822978027713
94.11311369004225
94.4630075093753
94.0692430710993
94.37208722128989
94.10167811478398
94.19671522577721
94.87115809418586
94.61498848299578
94.11907944120416
94.32448510268632
95.12072252010528
94.40569948428968
94.14983877383641
94.24975876612733
94.53529345462377
94.0403865823161
94.14969406418084
94.02297729082574
94.27030140568687
94.58488618855709
94.13335202788932
94.1113628528764
94.0945391775477
94.04135548681995
94.06893479699549
94.1210111410006
94.29462287109057
94.235810779728
94.52922686954629
94.0911288083622
94.56436470694022
94.46737764400271
94.7805848092036
94.0914461217757
94.84239860804385
94.33017468488706
94.36963984044351
94.62162502276941
94.63081934440348
94.20504567120918
94.17729014196571
94.08704648860248
94.25776273528953
94.71494918140962
94.62439846829271
94.13761432766368
94.12248944209573
94.04303796881712
94.40481317741809
94.30692069539506
94.82719141881476
94.23463400606357
94.34697541588957
94.07427099624904
94.14380310573218
94.2720366646238
95.08761913162172
94.14014523418076
94.07301969875428
95.46213825974651
94.12244756889837
94.28142876027106
94.43420466920757
94.58763772065852
94.26565515053733
94.05271005074049
94.05770087560802
94.12512536545523
95.1069294622974
94.79976227818528
94.36066553928649
94.74217172640223
94.05357779848738
94.11700937921597
94.76733878284986
94.72633017035443
95.25580391438461
94.26021376216124
94.23455251800843
94.22131925476279
94.6388482292816
94.3785649849089
94.15518325254402
94.59403632173445
94.27372656736819
94.0722495556438
94.13164047944149
94.28595297225452
94.12125457509482
94.65708416236387
94.01654970162747
94.26211700069769
94.03012629345211
94.30584155300556
94.28997882561309
94.70645700044055
94.27023166666186
94.05001629024638
94.16124653755095
94.02369489514098
94.11163714749743
94.2757227224161
94.0832194535559
94.20005461906672
94.4414630575749
94.84770623433695
95.0672431151931
94.40993889355879
94.0160631185768
94.02840534393489
94.36153239691748
94.10899475350801
94.00337404736418
94.96341538049721
94.54054934499281
94.4596420210217
94.12598235051065
94.18612955117639
94.22098598643133
94.0148969557034
94.41129420264811
94.12466973281194
94.00669352514394
94.51519550235012
95.0038212752979
94.1343209668791
94.022548960057
94.06772203105378
94.19381285875214
94.52684814665314
94.61162672472909
94.18262026864026
94.0825590575343
94.2865288263046
94.03418052862115
94.11161240572946
94.4074879977123
94.05758130120608
94.40508850702209
94.71595116968123
94.86632782402901
94.4845449287907
94.08619904708708
94.41739677833267
94.37565406036913
94.06569023312741
94.20911473288115
94.4435176034895
94.06329381573225
94.34051610891598
94.65060839712089
94.4895366153877
94.17609331756654
94.10966123523052
94.12570623659298
94.09416953008864
94.0013062827277
94.20780217139715
94.24811413365974
94.70904829478039
94.10389613840897
94.01678619906404
94.059180721972
94.17770605345527
94.22993368163706
94.03951423161148
94.18444397437521
94.33977125273606
94.14553116236667
94.02125720057178
94.12333375148984
94.01812067632899
94.341426477208
94.29341076531423
94.3770959652997
94.23895513085517
94.48308132364541
94.06518682303188
94.44104959700574
94.15616765344944
94.39755423244794
94.05786610172183
94.75891245807861
95.00449976993013
94.38030764027665
94.89686452338566
94.6500632711834
94.16942514106759
94.05762791781925
94.51709785407023
94.71174155638727
94.07883383001848
94.06981108378575
94.39714781793612
94.06004521609518
94.03849190416452
94.11673373677999
94.41271996035039
94.26467537480343
94.29289001221602
94.03610496658408
94.12899402209477
95.01162805835816
94.32323287161964
94.6366728261107
94.19511344432792
94.89620595109976
94.02563935167657
94.21685106930768
94.76705575490305
94.11854509367991
94.26192507738112
94.32331559695423
94.10160789449033
94.16971129756861
94.18495511691006
94.27862351508544
94.28744370678913
94.40621595383719
94.7225408936491
95.04599701567854
94.49054793215045
94.16640478451428
94.15513046587967
94.61478677352754
94.05139307307779
94.71493192665626
94.21967951455719
94.38105770343334
94.50992807495633
94.42306162117286
94.12988594539759
94.3380271189785
94.07602528447934
94.00908971489514
94.32275027088681
94.03925682522672
94.56147071294855
94.35864321591298
94.08293856697162
94.82237011677293
94.09287476951063
94.14440355955837
94.10196744388954
94.275651254807
94.61649568613942
94.6382860506871
94.55403205321608
94.61674476284773
94.23037141647644
94.05015771463168
94.13255199489646
95.31039479745864
94.27714744904475
94.30429875759042
94.15321820180203
94.89269264840328
94.02136882174361
94.14916391651174
94.19237196036755
94.0230190036476
94.03012733784713
94.6275921972001
94.07274232730852
94.2971335203288
94.1399687549997
94.34638252506129
94.06667707634803
94.39697036722124
94.57042342482033
94.06453397935996
94.04676469278469
94.2806596779135
94.17741964335367
94.53898447134979
94.12642603006327
94.703365219923
94.04421909803429
94.06200096903865
94.22256475784755
94.13711290688143
94.07791413511724
94.14042095244434
94.42374131631581
94.42130611926339
94.70393455646621
94.30779096227234
95.26592731483451
94.10810161176732
94.87370525197944
94.096261764919
94.38257299173192
94.78824645968463
94.35213668657985
94.66408767583586
94.70456052722234
94.49998040214392
94.84320590230664
94.02218819749925
94.1372260512495
94.08906248098323
94.21060865402677
94.18479153566462
94.65503541350647
94.13043375053219
94.11290243561785
94.20143959845997
94.07034542542767
94.02976565167907
94.06086292092083
94.7777195036066
94.30620062137639
94.92697309057345
94.25116468493758
94.94875720784137
94.4499360110686
95.2433165124784
94.05255442660757
94.0103447563445
94.09090595617566
94.16702747695886
94.15751329387355
94.40840164809391
94.85117096968129
94.76633237649715
94.10828321500144
94.61703186985434
94.10197282849555
94.14560985560516
94.15655317757603
94.3004968249608
95.42502363280892
94.05289948906137
94.192940814786
94.22119909107951
94.27161444691916
94.27860578328148
94.52788916524419
95.32864455781133
94.20012159629268
94.23235211029143
94.16247670581154
94.26032417867826
94.39486846492188
94.74313016474662
94.00874966979359
94.01670040325064
94.40709334465865
95.20294251426625
94.22990745567411
94.14968023595566
94.59211081258124
94.55543593992348
95.30836388556283
94.08437289771427
95.18995435639002
94.10240856250225
94.34245095783653
94.01495907269116
94.41189861468108
94.33745098028287
94.11498640350166
94.02567419654198
94.36366470628082
94.19014993459002
94.59885675994089
94.30077445128657
94.29027997659121
94.07378849399849
94.16310746904904
94.08829847813006
94.20096093416599
94.18788172677588
95.01296417733481
94.15778930693331
94.21298527837426
94.38584707435781
94.21722995669228
94.0168994166438
94.10349315343656
94.26831853955369
94.52512078685335
94.16900274750036
94.00449703547284
94.53279010562744
94.06073859849901
94.32468153665657
94.32050685066996
94.38289759256
94.01142445767798
94.08876788448718
94.20133014459746
94.68994041975513
94.06527767743438
94.17042358361608
94.3289966072008
94.15924099545477
94.78004069249982
94.09233343865492
94.15441417301165
94.31394860044732
94.11821514704224
94.55626038763225
94.5038443554188
94.09077689843922
94.35910873252267
94.4750551606944
94.40902939065994
94.25577641534433
94.07016237281363
94.02811702046431
94.0178193160783
94.21316297611237
94.14991571244948
94.76115930140615
94.0927167408498
94.025542222917
94.40370768684231
94.69861295425238
94.11181929258711
94.02409127095653
94.47910591314431
94.09968097087784
94.03582831683535
94.11797629843304
94.19142708624376
94.0842386363937
94.06155625385759
94.02017144049843
94.12620652243295
94.05933513007102
94.25769892056341
94.20155303392917
94.19774677045142
94.80390488037054
94.1061589737795
94.67910758080939
94.99777285004272
94.84537518770736
94.95459489851325
94.29904968524555
94.05331642624229
94.50582207907799
94.60924861766527
94.62418982168786
94.14044101800565
94.31197099735903
94.03511821513067
94.49998062614728
94.03650469418456
94.11066736392031
94.11601225283309
94.66800720102552
94.17314447810956
94.24984478382385
94.52556542320404
94.21615326614891
94.03209019545405
94.13073042579202
94.73858178038256
94.22793240645456
94.18505259705728
94.3215764467737
94.0739771444358
94.08242157361147
94.16966552941513
94.34915734102691
94.0885330669453
94.34437900327508
94.14838900621325
94.24637399903382
94.46122368189553
94.18886831919836
94.93471254924668
94.22928508910894
94.35251466814555
94.26069085412014
94.07866517029944
94.86754840518847
94.10102692817428
94.86795470871755
94.04292029936155
94.21440447395103
94.79180952034481
94.13249921499596
94.00579593740873
94.75066578953923
94.21229114117578
94.19478127419787
94.16638741718768
94.37412541634932
94.51088463835251
94.7345586620039
94.11684297705595
94.03584472551603
94.1213392476813
94.19132312660538
94.35809607659029
94.60275667916383
94.45335935276742
94.52157942778905
94.45432384838448
94.02557846040348
94.65438684468405
94.52502014923552
94.90861518628094
94.40359671883482
95.14134639020476
95.45286464248343
94.23500066115146
94.0696284529429
94.01383909759575
94.14958017798746
94.47379126065312
94.4144959038435
94.12653442833296
94.1573376593881
94.15594606437139
94.32786136631245
94.08176904642256
94.3279551761667
94.30654907362229
94.11890301876478
94.47206635162624
94.31648124489146
94.111015125265
94.65928532313983
94.07972351436737
94.08362132722283
94.46489927557839
94.00409524920174
94.03854311206703
94.02595470706501
94.29254254314614
94.35874196704066
94.05716669742179
94.13638893046578
94.2911519100201
94.36126804940471
94.23244130401066
94.17580436251676
94.13456896028259
94.319874495036
94.42942113952549
94.79198128414913
94.27393072552033
94.14283556875812
95.55954652083523
94.586923747968
94.00474793047917
94.00132090427074
94.10418079179098
94.13887169312358
94.37689911142718
94.3655567953102
95.43247296635613
94.49859499366399
94.74089677426916
94.09299495247677
94.52801948075451
94.28973419863824
94.32769988085819
94.33510455910388
94.28313272315982
94.18105234344283
94.53929517098067
94.53958307035323
94.03422880339308
94.26759953347081
94.42688125472192
94.10670213814423
96.21115924760451
94.22467472637804
94.04772149585116
94.25671848829587
94.79511548675111
94.06679587310573
94.21960562339855
94.21292798570647
94.28230568040136
94.19341462216303
94.8882756759908
94.57796340834776
94.34682987558018
94.34181681251276
94.00914531536087
94.13113287417272
94.08260314319605
94.03658006534323
94.04238137981879
94.04092730069081
94.01904093115122
94.08523756003702
94.08594030684766
94.06194912471197
94.22167477783387
94.00118991224308
94.25182078345125
94.00204428275326
94.30746994928134
94.8675272006228
94.07106403975001
94.1659230198509
94.08167267541072
94.18151594576544
94.33879363780746
94.06630829342004
94.21510093355391
94.65465889796026
94.61260146817895
94.4815946938434
94.11076404770907
94.28386138790619
95.84394021209926
94.95032404819595
95.47023165006071
94.09486671270122
94.11266877002028
94.36821615135904
94.3062117490777
94.49550860298103
94.93189503659055
94.39403108387616
94.5007373771381
94.23556949956614
94.01137812592533
94.13868131447411
94.43055959015749
94.77645235633763
94.26994794265356
94.05850751160321
94.42858677793815
94.08717427113355
94.178906582395
94.13116446899026
94.37854048731882
94.0538827983093
94.05406596720924
94.88924349057454
94.00415445416208
94.5411551547176
94.03880099592459
94.07489873608276
94.21356152465643
94.19035348970876
94.12631998798624
94.09379359846518
94.56665225612953
94.3141312622847
94.06114406118542
94.11553352215006
94.06875047143757
94.78368996354074
94.00716435852802
94.31183787963171
94.03966346012663
94.07375286960219
94.16710550273089
94.0976906241885
94.25119135708735
94.74623150801868
94.74154131508088
94.01953057908202
94.47716991933093
94.30115436487273
94.16896523656382
94.03491529179247
94.23675317624802
94.2378214996146
94.3265947954494
94.4407568554463
94.1913502408981
94.71302440160437
94.33738071368805
94.31579079839159
94.08568283348582
94.05031408461586
94.02095529145464
94.01561201497132
94.19323425333933
94.20731970355408
94.06168204401105
94.34913933348517
94.13757963547785
94.08331088977013
94.1039078961945
94.0221964435972
94.0991998707379
94.13975569969641
94.23473544194748
94.02671104394597
94.41225242905676
94.56654239280452
94.38625350526647
94.4074289599334
94.13381737439815
94.92846338082511
94.02797322880886
94.19956324452062
94.07978674642142
94.39335012290388
94.06477121227239
94.0520149014015
95.04469223900968
94.38801404529084
94.03518910796517
94.10055889889658
94.37207996504813
94.06336417281562
94.13617798052694
94.43493277574228
95.48114721453192
94.00033686264395
94.56926643497351
94.23338007280194
94.12688996828676
94.29175284293575
94.0319444503844
94.16268456773132
94.29987632345929
94.5591543216256
94.30936294454877
94.2860792310844
94.59894409665672
94.72591677828801
95.0464093218929
94.11192743115217
94.02733221195385
94.32003421023269
94.29443599938786
94.17583157756161
94.5971273215786
95.33161352788247
94.55712201935538
94.08889096420481
94.29956775158581
94.05619760507193
94.28126961122288
94.11944833061489
94.31059921043997
94.46321928395551
94.04820919215172
94.23524290161853
94.11729139063141
94.15809252243015
94.06975874323484
94.08203256876433
94.30910804503301
94.1787080969652
94.42173043987297
94.19054209441137
94.16445531916416
94.05539017098096
94.31893860678247
94.38482081987705
95.45047795701223
94.26305700006763
94.3105314421631
94.9042238198048
94.66435150749193
94.16535751421577
94.72671728452211
94.51234527113328
94.23076904564488
94.22350447438568
94.25981029049511
94.06668144611422
94.37785275017575
94.04071179761456
94.22311591620249
95.0196300174826
94.598041697466
94.05911844336337
95.25217769764798
94.07612119982777
94.07683949042956
94.06691098287622
94.40065117704926
95.00552869680216
94.19660624868962
94.55107484409686
94.26742466741622
95.27218111653228
94.22888287607489
94.1767275623373
94.13448675242928
94.34591978708569
94.62718633313003
94.40134873940495
94.82609187546238
95.6257475221913
94.09509683261881
94.2256959869522
94.27885803911302
94.04052903533433
94.65381904299629
94.29280010439133
94.00030436192043
94.29019256227649
94.03659130150912
94.29378113985467
94.01109870216422
94.90609817714207
94.25637834455242
94.71616202522861
94.01177479541646
94.99751575750535
94.11372691281287
94.38513557411302
94.2675070359808
94.06692060028244
94.07411408137695
94.98078494876154
94.62435747007568
94.26097579623088
94.33040846137007
94.27313393893488
94.41596820811522
94.00297336120212
94.0950419611321
94.39385974885633
95.0336428644114
94.17883640298307
94.13300580298487
95.35245087401842
94.56281017170365
95.23521186723866
94.0129463216625
94.00239838099527
94.12196246374482
94.28738854037593
94.38228235360799
94.89333599628603
94.44670506723104
94.4132812421715
94.5406948028217
95.31618307353018
94.37271339575929
94.5768977340335
94.45959129614576
95.81104261170083
94.10480036963563
94.32993418728243
94.10781906544679
94.70207699208743
94.07899910860428
94.01435915596987
96.24605486900006
94.47210482741721
94.03142054071829
94.65970690882358
94.03604987781254
94.25242762505182
94.35982872554138
94.38827062755767
94.08976246711208
94.39454715765083
94.31943084859823
94.32262106729152
94.25414083009416
94.11320761416134
95.27799636936201
94.1756338750656
94.24620958826696
94.07860050120294
94.29319139779217
94.19548999373164
94.66653149152783
95.09213781492298
94.35203767882584
94.04099553422574
94.62454594654224
94.49470521260398
95.12084493247228
94.18759328441458
94.46843654630428
94.09754448014105
94.51547167792619
94.60410913437866
94.16592102483347
94.60086993757591
94.02420778812326
94.21914704483106
94.25682466901375
94.24233110122309
94.11517046436335
94.05682049586343
94.01494871447007
94.35826258396042
94.47317467843382
94.06439398494551
94.09770115257892
94.09056402800373
94.03300856873467
94.39838232734509
94.373452316049
94.87928813548594
94.03348213199145
94.26919584569286
94.23909651528714
94.06334996293984
94.29444565414985
94.4284100573036
94.32553957413509
94.19061428176944
94.95739952628682
94.0597743503049
94.13852782064433
94.08531336321863
94.09625051594922
94.2391474327488
94.39509950990589
94.52011066008853
94.29002584492683
94.0705349611965
94.45724734235255
94.11295412785101
94.37029036392575
94.15885137409921
94.28818488192401
94.26393692885412
94.49682135863621
94.09860060131014
94.16641074865915
94.00068409273202
94.24446697768165
94.37735203575126
94.00984557727818
94.00804803852203
94.26247768348004
94.17191837179003
94.43124526531491
94.03114736684476
94.20553327823053
94.02850650263073
94.09328115305779
94.0179456331223
94.09257627106085
94.24017454344803
94.02685450228459
95.05144085430486
94.10519042156702
94.45844519343801
94.15268928491061
94.22498889622841
94.52556930059758
94.50157260546182
94.64284785804348
94.07760726536524
94.15837771424435
94.78901110807263
94.75287781397284
94.19565128935244
95.88785306560682
94.92296435734441
94.03288696923242
94.21880980897393
94.19839587928071
94.05722297621537
94.61964871956054
94.00026730912806
94.23109967181483
94.3809795761649
94.43832394873537
94.25427330899238
94.1007409649739
94.1019283540308
94.31150609826989
94.15057734620389
94.3163949640466
94.35723228170582
94.3684827125782
94.39828687608153
94.13263258270474
94.29359110171275
94.18009363526268
94.0345862620981
94.09958700176529
94.007338920507
94.40116003032361
94.1623865921817
94.40431628850072
94.15402741314716
94.06466512046394
94.25935008650299
94.04427835618701
94.13715579223361
94.09321746857192
94.14512594032453
94.53526336304287
94.3839375858104
94.03282319274697
94.28877403327607
94.16030530772801
94.14490069843384
94.17896493113072
94.1125714840286
94.34231948976544
94.30207312680132
94.13557263188774
94.34384432793702
94.14362992393906
94.05647092792067
94.06856227287581
94.06171991874436
94.04061485617278
94.12354600042957
95.19348790582143
94.36635854499819
94.03994442069315
94.03492978535152
94.34009780317503
94.36915620295736
94.31030966765945
94.30877396103038
94.3396235785544
94.36731983341504
94.08218023117368
94.53287048548533
94.39444717860235
94.39982482479675
94.27191818681737
94.01358211263502
95.68269408851242
94.29262876824207
94.33688527495649
94.83962115483514
94.09522980879048
94.35823792984553
94.08077219421897
94.1646190167801
94.49967995689056
94.37052972735853
95.5852596578655
94.36025987590668
94.34511062347391
94.08328955206953
94.97863956972446
94.44356381320686
94.0573676281605
94.06039739216767
94.14177420715274
94.11974022681031
94.1317478013291
94.4756455765487
95.0949076014847
94.16727691129273
94.02127552497547
94.31736060199721
95.3025748347879
94.15782017094067
94.09243697806215
94.1047818614473
94.17291899948714
94.1331088290341
95.11849088883726
94.07126584662461
94.00133575338855
94.09729185119174
94.21399429869382
94.07889697074718
95.28479861220619
94.29877703916739
94.20671851276092
94.32570057808844
94.11298324979325
94.30699561627317
94.11666114532517
94.454034890285
94.30795740369955
94.45017012708469
94.0479565505087
94.16474823610261
95.23736577752197
94.04972834796821
94.16940027396647
94.018304877082
94.47610309789134
94.00853629977622
94.24963970157006
94.0243404621077
94.10069748403423
94.26275615439063
94.09411374772658
94.08383592866281
94.00832392012441
94.58336888189507
94.10104182853084
94.24941965770478
94.41524601149634
94.26429760280989
95.48754857140982
94.15650346303067
94.26193012775944
94.0788289003867
94.1940658659564
94.9463885966597
94.41939240832853
95.72133966044974
94.71564394391936
94.21861718370842
94.07398385813694
94.37770881831105
94.08103807096656
94.05652047005528
94.10503471587914
94.41339434465264
94.2246958624149
94.16044769013332
94.05569541017978
94.37105769539949
94.34263503645357
94.15965913530475
94.52224322452071
94.77967691162296
94.01131983215905
94.94549575889491
94.45773696921137
94.09263969930343
94.00402014182455
94.29208549504094
94.25377488778761
94.07642247214632
94.4155365859878
94.14514650169221
94.53228972421778
94.02012942027969
94.79776468804724
94.14729433516611
94.08675544443533
94.1773407798398
94.62792738911409
94.34559478483496
94.06545488543831
94.30888358070536
94.23907111913934
94.23784515337996
94.12755331265123
94.23736756616967
94.14986216650613
94.09316826739392
94.83256162705841
94.19906021978788
94.49580811392441
94.48560223777869
94.17000268553525
94.55546938214339
94.00701913373162
94.63059710732779
94.58330753817063
94.00148357344139
94.13235808372806
94.08212150242814
94.33881066040774
94.05864557673377
94.27642612898855
94.07439283156103
94.26744642171576
94.08281699649773
94.21296230382866
94.027163561516
94.25291192274508
94.98442848284725
94.04835067081903
94.2514319875328
94.02141642977242
94.105448428466
94.21743032963755
94.42239383721102
94.35682407720607
94.13430616197915
94.4833568926678
94.22372858396403
94.2419549644271
94.01688835236104
94.47539622132128
94.86031504737491
94.25947074007955
94.11510457264066
94.04166866318155
94.77689348948881
94.06766070479958
94.45689078627794
94.21071655951755
94.55077341018183
94.42312407265895
94.51608355347105
94.0976594110059
94.09041457758053
94.15395936943865
94.01172823917072
94.00094623923593
96.02784928410036
94.06397944345822
94.0074610842748
94.16695385839546
94.09943260049451
94.6135101989409
94.74990963011656
94.40328361226575
94.93094322598591
94.75031077222953
94.0053550289659
94.21792284597491
94.12804394907722
94.26629600493756
94.05223673259454
94.17974482194282
94.8590238137257
94.2867602081892
94.1200582017465
95.12017567774716
94.11978719628232
94.17379715176925
94.47207390784091
94.21608638887366
94.39989601821856
94.01047097357073
94.435141766913
94.00566979065471
94.38756994188422
94.7655250251674
94.17760336701437
94.00570640730746
94.33774960424098
94.65475830288904
94.34081292018038
94.33234366806288
94.49702791153427
94.13189859680217
94.04428334798166
94.25741069945188
94.19655689211272
94.21292908540418
94.45526671866956
94.01938672790193
94.08657301254223
94.17676050068015
94.74730295706202
94.46509768027826
94.07325856394287
94.10082707874281
94.29638218054704
94.03805889349714
94.05500970959547
94.0123064448398
94.04839466981159
94.22538749492846
94.0760777218255
94.00500942735505
94.07798322565081
94.69870131450668
94.04543870168945
94.29755952709567
94.1752348022629
94.01182414076018
94.22261141146383
94.00385708225217
94.21939047802158
94.35520703385485
94.36936718729868
94.18938806005684
96.18439134081036
94.63994294742196
94.2026095588261
94.03414444849719
94.0406241672339
94.24544066583121
94.11468699214468
94.08395983885775
94.14540188356739
94.02644181105934
94.21767985140407
94.44199143364065
95.16589438104883
94.26056102468903
94.05179436857796
94.07741487909644
94.86850899230213
94.10911778275555
94.64638475739392
94.73791894380707
94.8249873671328
94.21268185486886
94.22826367256697
94.03601821556735
94.57420033649186
94.51972112349462
94.58587435161559
94.69861374309588
94.79882571860972
94.21065761721637
94.15663733254542
94.08402241926854
94.29121948126607
94.35838555909777
94.24519046595387
94.47122185724504
94.03173688934142
94.30503672198058
94.03749821906054
94.16709214430863
94.05830565043638
94.3033892225451
94.25231643347834
94.12547374500262
94.34168101975595
94.19492680923845
94.45137759903317
94.28842316591704
94.29723053447756
94.71144332589287
95.30443885300909
94.27559006799463
94.84049323466077
94.1925323535543
94.15527992878677
94.38426528070238
94.08704597385243
94.07002185831213
94.81195044470226
94.15486143500814
94.21760681591755
94.20874301976708
94.080877367368
94.11567620250042
94.15050482769041
94.06815377606942
94.90140879592037
94.77731261069736
94.24731356986902
94.21783102022343
94.10427074893495
94.46551376710765
94.08835686487087
94.06109127427212
94.0971884252446
94.89937058802991
94.18958885664249
94.92834908133334
94.71177008637497
95.0097418847022
94.06489964309912
94.08993464209003
94.05638982145953
94.29007715223186
95.21936114487585
94.05586193214015
94.01088273337618
94.08346655980178
94.75914966949148
94.31878317680476
94.08327085624875
94.38715605191607
94.06421734121332
94.18453469134539
95.0961325390752
94.2016456225624
94.11672516331565
94.33178284647897
94.03554548327406
94.37772090548768
94.39070879329299
94.03261559868176
94.65487148601183
94.73477771831398
94.42908788328832
94.18592875978675
94.8014306174111
94.31531412797631
94.26243016430257
94.14011283414922
94.04326364453209
94.10891531172742
95.0670218566949
94.41280765408966
95.34813417484118
94.33214171291975
94.33901834117613
94.11347636174536
94.3388059286666
94.13214662948037
95.39127551371776
94.37490508870879
94.81234348416011
94.09446536585048
94.19299997242521
94.0648111045679
94.49220596444991
94.44485982767462
94.073496615575
94.56045173519738
94.7860210547214
94.03162342479217
94.54000639019446
94.07477376331259
94.34892740225155
94.71071349516455
94.06270859087856
94.11202225649828
94.05311241321601
94.43299143883563
94.00088317672223
94.26774891140661
94.04271487090875
94.0702800563152
94.66099124800347
94.4118789288594
94.17025256323015
94.41373184932011
94.37043255606562
94.23824824653909
94.13539450583248
94.14284813501044
94.01781214336805
94.01507499453737
94.0757333476756
94.09175486398681
94.26010872480612
94.19042031422293
94.10488744026486
94.36137032902771
94.19872790126175
94.18275176128247
94.35811073211512
94.05801649718353
94.0227398854969
94.37676552912646
94.4184257924716
94.40583424359482
94.08983559901893
94.30816559422571
94.04609638263932
94.40851059727217
94.17029455367022
94.08572848709453
94.19361076876973
94.4840243772504
94.28533585502934
94.72212574757476
94.27961630825396
94.1630952852621
94.02886727354267
94.16313356242223
95.06768803388816
94.17166602384637
94.16168090410058
94.6286371225755
94.13134957162018
94.77560032223225
95.13081637485689
94.07028588393989
94.12960372806262
94.16883540762315
94.08776371443626
94.08770656845691
94.12470207301764
94.29803395725355
94.32622951048634
94.45809729262707
94.27493207785922
94.0682861970637
