221.6755251889131
217.0174378206095
217.6676804294137
217.0186944155166
217.3996575218813
221.2296901220345
217.2996302566075
217.1107228530309
221.1298681299929
220.2680685530721
217.0326216569366
217.6781186758179
221.0989857207615
217.1729203372705
217.0522411239816
220.3692711553261
217.1899202951978
221.0814201916184
217.2578479072553
217.1750928953265
217.4924574918259
217.0607205195434
217.116218017922
217.5955327238181
217.1358140361099
233.6013697859251
217.148030221268
217.2297956448434
217.0494416145073
217.3414011247923
217.3476352072994
217.199066207286
217.2621063175579
223.0073158002322
222.076889943259
221.449978155334
222.4081536623428
217.2429725692671
217.3338123719169
223.4988108950829
217.4424656059963
217.0171107793012
217.0526814968183
217.1520151675776
221.0585153123239
217.1480071843431
217.5787680981849
221.0597514592667
217.1851706084402
217.7595220464326
217.0712279409242
217.0052796397924
217.0899414403431
217.0379456018569
222.0338764935673
217.1922554281536
217.0978377307759
217.1324722207747
217.8919595973249
221.4452887869741
217.179561330557
217.0943175941221
217.4414138967091
217.2078142281819
217.0316862657585
217.1889742538185
221.8620919316807
217.2874350539261
217.1320279176958
217.0920285930993
218.1948285950247
217.3843887215009
217.5614492073161
217.2300010231587
217.4427143621683
217.0455651982679
217.5982641466189
217.0070691232691
217.0530862106812
221.275108222348
217.5702182381047
217.0042208957942
217.0895644488856
221.0877051903944
217.0086171663619
217.6683849417479
217.6488240115829
217.5444450279063
218.0862069535829
217.0758590118014
217.088949698243
217.0483631043587
217.5353451360754
217.4388554140113
217.9180875869406
217.0499867731712
217.7834967241124
217.0336204090286
217.2866801742332
217.2232447279356
221.044136819325
220.68323851486
217.0165220295315
218.0426265772991
217.0341889334239
217.2301558035925
217.0708584377523
217.440689227015
217.0706564787106
222.6378466627525
217.3118010166357
217.5857156216039
217.0434448800924
221.2768528398718
217.0839306376031
221.2089278900079
217.1955512871708
217.8723480252815
218.084863746467
217.1127411532826
217.0243073191574
217.1717472835913
217.7541541112765
217.5660482826531
217.7738623705228
217.1320734162869
217.0139256967046
217.7939015872152
217.1155700060172
221.6784635695729
217.3536140747906
217.7244826807574
218.0117489411071
217.2713345649281
217.1397882336118
217.8748566763573
221.2709803460194
218.2715922260827
217.9112292951309
217.2565086356014
221.129558233883
217.0272569586864
217.8601884399366
221.0873400897057
217.1357085580893
219.1423772872641
219.2213666020457
217.1786945293522
217.4897801719185
217.1770377773239
217.3849191157674
217.663967463822
217.1443590722193
217.1095346214079
217.4111738608801
223.4910851985808
217.2828379383542
217.0493175536134
217.2856748889556
223.0039813081431
217.0261816916577
217.2140602421472
217.9218880319924
217.117853944847
217.7373848930749
217.5764925709471
217.1559585165894
217.1972421539036
220.1299798462961
217.3067137946642
217.1336506229677
217.5536793354948
218.4289774211357
221.2559708003293
217.3269872044279
217.224246903578
217.0356407908776
217.0847785638169
217.157792064428
223.0007420390735
221.3740618241624
217.7354728143216
217.3022901936331
217.1312353513447
220.1213038522408
217.4467206464538
217.6220696210615
218.159317366959
217.0924475972648
217.5294764430322
218.0172549605718
217.2867431138829
217.0913073031525
218.2717923030146
217.2973321383344
217.0869779545211
217.501999142601
217.1123279914327
217.3087639768772
217.1058396540495
218.0168611787056
222.6042687562236
217.0341760439792
222.097399898664
217.4477807612118
220.8806641804849
221.4439034158642
217.1491057907104
217.0861351823238
221.0121647084511
217.9091761564354
217.159692647536
217.1021264863837
217.6477388268251
217.8598144092149
217.532325091308
217.3863174855875
217.0559227061995
217.1805611984934
217.1831730248022
217.0518378172898
217.2644146286
217.0712696866389
217.8569055951528
217.2531617509727
217.0948841328843
217.0048845946707
217.3270410040944
217.0856414941765
221.8302727239791
217.234748041728
217.0092661374126
217.4435943476523
217.0542402900381
217.0001399658463
217.4568000738301
217.1034363446647
217.0793305457367
217.0983647729949
217.6646804325378
217.2532772864718
217.3204530530051
217.0534323689042
217.5015402349591
217.0358886129
217.2171331790732
217.1919261413857
230.3932717839319
217.1155466173708
217.3477686172926
217.7593827300828
218.3784158629359
218.8655069754446
221.0867581055113
217.420265452851
217.0956387827773
217.4831056877575
217.0937400780206
217.0996554849519
218.0108192186937
217.3610335358606
217.5261589059472
217.1873215003165
217.1348525427412
217.5674474334369
217.022835843645
217.1092386565782
217.0251535891297
217.531370191611
217.0493031173758
217.0970498118101
217.2613823642639
217.7583035836069
217.334747095205
217.8682823173118
217.0927534205152
217.4467144033781
218.0106955014757
221.0180135317703
217.1326741254777
217.26822402995
217.200736891965
217.0771693050539
219.1924586850332
217.0535448460701
217.4920425762699
221.2905920511073
222.658062738041
221.0361159731835
217.1014269743829
217.033548965823
217.8186129775281
217.0235393432833
218.679415563343
217.1028239136322
217.1770578206915
217.1029486763718
217.1648274398584
221.0565192591432
217.0922144295989
218.0363388269492
217.4709999989157
217.060336627383
217.8418100054827
217.5682723334568
217.2539087541499
221.653113879402
217.0316755701674
217.1406306567474
217.0830836979111
217.8104421765799
218.5222690068336
217.0991492044587
217.324500854335
218.1500379138413
217.206763357648
217.476466340976
217.0162850897917
217.4668159279633
217.121163274433
217.0324603385185
217.4235520299983
217.8158774169681
217.880834624898
217.3067085461348
218.8535848794887
217.4106215776933
222.1422317825511
221.2010337222272
217.4848100293289
217.2351906694505
217.2071996680457
217.0585241815616
221.0969644504907
222.1844841736489
217.0317192701262
218.1376922398012
217.3012619395692
217.0710262408673
217.4888046824886
217.0308924983959
220.2572178776767
217.082715528849
217.4757665501527
217.258193545761
217.1601496339657
217.0951858279836
217.1247879306121
217.4616103352883
217.5038825965854
218.6920386745505
221.3819405946749
217.107264796589
217.6539932709666
217.1598292367188
217.0390401940743
217.2332459244426
222.6324488387826
217.2367870294579
217.0038448521182
217.3739724587832
217.4583352215784
217.1726416656076
217.5118307271022
217.7345515646425
217.3144246423351
217.240747711525
218.4536669170843
217.0663435198471
221.1197418744828
217.1729301474365
223.0095299400706
218.3591905104142
217.0452798875752
221.1935444091799
221.4318634019734
217.4967839313047
217.4269843491315
218.268967884238
217.0596332332368
221.014542939321
217.1320852327244
217.4077437682191
217.1248500988505
217.0743121715025
217.4626309304956
217.0153859236421
221.262196507462
221.5179063858308
217.0457533632123
217.0033745261892
217.0975514787309
217.5210315882205
217.1658898691813
217.0147217452043
217.1216218475807
217.2508288906718
217.5884194960582
217.0334202541381
217.0416228694645
217.09474422721
217.0459500311491
221.0126226796247
217.1410918073997
217.1379401040434
221.2706722250572
217.2805473084677
220.2734113911379
233.3423852659053
217.3112017580944
218.0277569363044
217.2122509338522
217.3955465285926
217.4611617745565
217.0321566489854
217.3018875916439
217.2318429307872
217.3302828467151
217.0170544925896
217.3531108765503
217.6695056203279
217.5294543325585
221.0386050689376
217.4810157681868
219.7166623568988
217.0293799268671
218.0768408481294
218.4450690112465
221.3013585794035
221.3186320135131
217.0131361240012
217.37767305241
217.3765676461899
217.0936963939316
217.1110661801849
217.4476325495964
221.0114270463463
217.2462254986617
217.1140089122762
217.2229480532898
217.0504926609775
217.4842002224204
217.0260240923189
221.0041132254894
217.2151405521874
217.259998360191
217.1129030430772
217.0379906803244
217.9202639582529
217.1408348083903
217.5086241868285
217.2391880748085
217.3271458616212
217.0622571861609
221.5281908260468
217.3400214389066
217.5588258367882
217.0912669884327
217.418650507471
220.4331614391523
217.5689665629938
217.2456099604392
221.4433050630593
217.000715267613
217.3821286627009
217.6309949662396
217.3665898677146
217.2679711720697
217.0080093486552
217.2329178653708
217.0379249034819
217.1994968828988
217.6025084348657
217.1343359130545
217.3779376048469
217.9684733560471
224.0556355169148
217.5894043018627
217.0169917143671
221.1885388124429
217.1034997604721
217.2307291698348
222.2147001265866
217.1871884405611
218.1481095847379
217.0243271346768
217.0308213054202
220.1500063889094
218.0004273382578
217.9668886031731
217.1439163098762
217.0982652504384
217.0307880682041
217.0986021931174
217.3038710034021
217.5036635123901
217.3968404964492
217.189574417767
221.0600154156324
217.1032601145665
217.1005143867002
221.0810677995548
218.1642733507314
217.0872178046037
217.4288997254445
217.0137034180755
221.1779102455868
217.2117289001063
221.2214522430545
217.1973421934161
217.8577702347199
217.8840267715791
217.8492284322799
217.1181902410836
217.475226512344
221.0597406180223
217.0614711726927
217.3535759382434
217.2840289470826
221.2485441944799
217.0248814007668
217.0001348149084
217.0371286937555
217.3878831442012
221.0118126513426
217.871035100983
217.0713352010249
217.5564164108556
217.1189872656563
222.1768226288308
221.3929661954098
221.0424419712824
221.1362420618054
221.2633110533375
228.1089210624427
217.2790016055907
221.2271008679837
221.146523794566
217.382342811946
217.7148839267955
217.0500430830637
218.2246048178132
217.7950158086155
217.6040808429465
217.229841194351
217.0727999970698
217.3143765841818
221.6222769681584
217.0694839270534
221.1739370938008
217.1491326904101
221.3247782200864
217.0323168870027
217.3370429543179
223.0277520478426
217.1607783790281
217.492735867996
217.1461346900453
217.2273693084356
218.5188581635989
217.5066181995961
217.0058188067819
217.2440348160041
217.3845910245245
217.0791450389381
217.1529493705383
217.06724544511
220.0161835552608
219.3361965639101
217.3091683413108
217.0723394101717
223.3959097784013
217.4897023627116
217.4986404596386
217.0155842737872
217.3168720338871
217.1150696823198
221.0606611131669
217.0035600735761
217.1551413018979
217.159247502248
217.0275216066194
217.7266104789111
222.2356887712316
217.0572268078883
217.4536470328183
217.1631265872769
217.1088137283894
217.6336611373936
221.0332576538725
217.7396446673459
217.0226378072875
217.0734789113102
217.0761158613151
218.0261529050679
217.698917753066
217.9673677302008
217.6637672252414
217.146093161715
217.3777196354292
221.7791641108237
217.1591386130137
217.854360909681
218.0642979672106
221.5207968808609
218.0073409123694
217.5496982486497
218.3132388769198
217.1526418565493
217.1676424212968
217.623174508759
217.1152009676466
217.6456484487192
218.147726759316
217.2679357509595
217.0424838331602
217.7191569053192
217.172320466225
217.4395038792833
217.0198717667982
217.1387603092315
221.6513787957481
217.135315340806
223.3256644998469
217.3335735475316
217.201024504583
217.093485696832
221.0698748330754
217.0703532837618
217.1431996189841
221.1808107946775
217.7366148989331
217.0426150490699
217.1994537687787
217.1759870255268
217.1459099618956
217.5613374777365
217.535185974389
217.2516718493671
217.2041773451582
217.1937432661332
221.4395964105423
217.1335659922777
218.0522117617047
221.4454310966902
221.0821253598867
217.0414824007234
221.1928486095897
217.8229204860626
221.31998251379
217.2814117188523
217.0071086914859
217.4925349379995
217.1603270484668
219.4139980870164
217.3080145846129
217.559511739663
217.2482937222753
217.0739534587103
217.0140250772018
217.2290863086439
217.133155843615
217.8987875750296
217.631016186388
217.3656337347923
217.2387756527587
217.0297035819742
217.329339332208
217.002348500276
217.3198720140138
219.2180618496519
217.0492283367924
217.1798610631233
221.8107564951192
217.4088115636126
218.7777137268936
217.0774276590499
217.2528674555614
217.302762784486
217.2110829222585
219.0822527483195
217.6300470697047
217.0336594211866
217.3669566864536
217.2475123329397
217.0607966513672
217.0805638245733
218.0694463868002
217.2755829494689
217.026876611763
217.0760564827039
217.463319771999
217.2088090658596
217.0807321606484
217.7687826185687
218.0074942766599
217.3838974820602
221.2529230315203
217.027111981544
217.4519275836404
217.5029625047513
217.2599467912341
221.0468293743942
217.4695299381185
218.4130642399099
221.4810964797136
217.1608482410869
217.5677977615377
217.3004858585745
217.0374770684294
221.2105307415397
217.2092005435697
217.2621492665216
221.0710731888904
221.0054769468888
217.0636247168012
217.4023019280644
221.2935857750588
221.0011472221991
221.7909304913724
217.38927592538
217.071801750005
221.3900891776635
217.0838779907612
217.066089349016
218.0731311240072
217.3429786857977
217.1032500273883
217.173114132291
217.3922559447512
217.0435820548462
217.3560271301685
217.3167790291174
217.3087304952334
217.0790503425484
217.5038623135199
218.081485029826
221.5928638279548
217.2388479985806
217.0611081071052
217.4260384246335
217.1334132145115
220.2450361567623
217.4622617926123
217.0505992263069
217.4309719766821
217.4354909694516
217.1240514497869
217.1551822566528
217.1456189046301
221.1558484997872
217.042049423288
217.405777903375
217.1732175758162
217.1364961481917
217.4365786331186
217.0256844398452
217.1885953530984
217.074625961687
217.0885769302713
222.3854848979199
217.1615843677712
220.3740472893441
217.3436618109061
217.3820145009125
221.242514665985
217.6200461552726
217.0610703239589
217.6858516855926
217.0013493693018
217.3440358436946
217.0398051751414
217.0098944965001
217.0206821162422
217.0006171770686
217.0087343278162
217.2861225626835
217.1645300279365
217.4480794896392
217.0471935235761
221.30284173334
217.2944314952744
221.229745334535
221.2933425589064
217.01922570734
217.4464036993178
217.2733736208521
217.4218928791904
221.3954437415467
217.2517378966327
217.3375861534896
217.5040197147842
220.9374763734876
217.2673624110372
217.4024579628035
221.293480680992
217.3058375655045
217.1745201210007
221.0006578024243
217.7268350112958
217.7874942499261
217.0456784843933
217.4065987277722
218.0636352353827
217.6234921582458
217.4998063899662
217.1669861774437
221.1538118406839
217.089567113178
217.1400763581749
217.1668303625802
217.2230249496612
217.2025070773909
217.5515018342039
221.28486314003
217.2903657594794
217.1987087323256
217.0273680195866
220.3692935037592
217.0752880750695
217.291648949906
217.0039172669802
217.180719136208
217.7956292824902
217.0095500128753
217.3070384500674
222.2409777427036
217.0980594875196
221.5510013985444
217.1412398431399
221.4403582493025
217.0698798368312
217.3413913297448
218.4111007159278
217.3068866540717
217.473779899084
217.2687641017556
217.2186510074328
217.1239915999507
221.2133758430802
217.0325511955678
217.0367531036645
218.0189495135126
219.1342228739821
221.0867254354054
217.2582757256994
218.2437840365795
217.2218380629711
217.2260782138252
217.5065210947346
217.6629850156976
217.2528069717364
217.1392207563848
217.7518688845178
217.2368465534065
217.4909982120337
217.3074580221539
217.5837072811049
217.0223187999921
217.086496822856
217.455551376439
217.0178836415043
217.3512569509924
221.1043461899997
218.0629168559256
217.1280491856382
217.9834785394793
217.3427098827079
217.2722045158378
221.0181163397216
217.2083353563664
217.3661726925727
217.2640235354436
217.5562286293005
217.0242839038219
217.0860565032289
221.1754124255643
217.1377211372507
221.0302241491804
218.858535845266
217.3491039984962
217.7627893275306
217.2622391195081
221.95896682866
220.4150887381167
218.5167209888333
217.09093326696
217.0442949367844
217.0364367663557
217.9345056630862
217.4928072061539
217.3465365779537
217.2016263276641
217.0779688715174
217.3748288550946
217.0622554115984
217.1574970895537
221.1487465267573
217.1421706521753
217.4092893310548
221.0232345266486
217.0527720799473
217.0082030495877
217.061881676932
217.6020769140488
217.6427477217101
217.0748233553039
221.0892063403799
218.0796437578931
217.1437814077361
217.2972002004371
217.1505449753542
217.2781235477474
217.5747382497796
217.5078736250594
217.7743951786631
217.2002108100237
217.011422783421
217.0692403939296
217.1874500384813
221.1636119465145
217.0803514709938
217.8538525534132
217.5233823163943
221.0518806605106
217.4250695534871
217.0350745616809
217.1566044432587
217.0385676748462
219.2043436644189
217.4039580524072
217.3584164068364
217.1065881056508
217.0305646100947
217.0415578480921
218.2184150525806
217.4371634459876
221.1494944816866
217.3023509598875
217.0846316613982
217.0441659753741
222.469134897215
221.1512139545313
217.253937832072
217.5081070901784
217.2722715744305
217.1063106851047
217.2502176289804
217.3596320266313
217.225863524303
217.6631688910448
217.6762206740342
217.4269017596741
217.0950986585026
221.0182584660329
221.015187530796
217.145181500659
217.0456556488568
221.0004436633862
217.1769267330897
219.3254409194615
217.0458361728061
217.6309026728819
221.5499221925501
217.1294929766263
217.206894191812
217.3666871005072
217.4080775775507
217.3207789939021
217.0473132662864
217.1176126875856
221.0970798660688
217.0262023916704
217.4206531810491
217.0008587401607
220.48521467394
217.3991151056003
221.0265714507571
217.1622374238989
217.3800063125785
217.2981155504805
217.0988936845173
217.4652779948388
217.1183276859556
217.1922510520935
217.7345789558318
217.1876931757488
217.589215457629
217.7768327362168
217.2607566846079
217.2090710093752
217.0485477348057
217.2091258051601
217.177275255698
217.2106731133748
217.0388027315034
218.4567653422452
217.3730397117632
217.0715554084997
217.2342394220565
218.18726485844
217.3679906608423
217.0187857184284
221.0505861139291
217.3596370926983
217.2630284157842
218.0187121068061
223.8139384861221
218.3222799294433
217.0563620982722
217.5829445640008
217.0094412911884
217.3041226351993
217.9713391397798
218.4471669742549
217.059099776033
221.0864084576546
221.1110524488018
221.3188899679752
217.2258428050181
217.0668365689954
217.0881398696726
217.153896485014
217.0192473416603
217.4975020399449
217.0182408035685
218.0104215459721
217.0083238781567
221.1624597706661
217.097216081973
217.0529068477153
217.1589397958193
217.5009542362598
221.5592127642252
217.4397394536343
217.1445901830489
221.1856275453667
221.2980070078478
217.0476690202169
218.0778133904287
217.5311344002419
217.1515570512261
221.8623625508479
217.7749090056031
217.2319696109037
217.098967188812
217.6596108505375
217.0205109660396
221.4848759148407
220.1307659438391
217.361889760031
222.0273395317663
217.1938201348308
217.3582632796609
217.3369045505517
217.0028581898029
221.3202795006426
217.8257541685274
217.4770822510108
217.0555017822698
217.1092058923122
217.0566276956402
217.2026720609624
217.2561655404479
217.6362976167954
221.079635994739
217.359825164793
217.6989462507796
217.5161084775863
220.1972973157129
221.6957920699717
217.3245433319298
217.1237192668798
217.6600274282715
217.0064778605856
217.0641113397355
217.2800140653142
217.7350165329273
217.6792318943025
217.7451821546065
218.2469342927428
218.2404281126504
217.7520128883223
217.0532964954255
217.4830124811393
217.0807305596475
218.0556759164709
217.5139824080522
217.6321827675586
217.3445668802145
217.0388322872242
217.1324761994404
218.4509795548981
217.4471190134907
217.2755364419587
217.0219673929207
217.1274223196832
217.0518232147938
217.1146175547725
219.0204576191143
217.2479798256703
221.0663899655234
217.1513775087951
217.3541986432369
217.2812794640809
217.2472317283848
221.2324549994349
217.3950336370582
221.0085589647777
217.1299451448365
217.3037113235038
217.2866075149497
217.3536406387358
217.7531408683791
217.0113920326054
217.1579558069975
217.2664831908114
217.0659520027524
217.8383180437852
221.1840821144124
217.728698231565
217.4961115559622
221.0294018313399
217.684959037613
217.0446049765112
217.0203184973177
221.1851709414632
217.4566375643526
217.4079317389755
217.1594171493686
217.2037623214654
217.4015091256369
217.4513917329586
217.6232643058717
217.1305587204234
221.5018126154448
217.0112373784878
217.3027859570442
217.3260773975774
217.4925269599794
217.2186724288132
221.0412822968541
217.0884361006908
217.0274786571535
217.0640656904873
217.169514618404
217.1272790043095
217.3270987067328
217.175947301571
217.129751061405
217.2562083757619
221.0593446262838
217.1554067922116
217.256902588105
217.0691879307152
217.2184084749421
217.0464280082961
217.8671322425143
222.0668752506476
217.0719714259712
217.3693592204594
218.1937198297208
217.0739680405943
217.214080067878
217.1145514316864
217.2771089504633
221.1695929201892
217.2386875044347
217.2312913556164
217.4500421976965
221.0286960030409
217.9544739571835
217.0225603020639
217.4445915276488
217.0845382473362
224.2897937889862
217.6641698787351
221.0703425239823
217.2647270310836
221.2160259093269
221.1554479680775
217.0386470537904
217.1929678829692
217.3482176068052
217.1913696964004
217.0295165804309
217.1439680773069
217.9353969277529
217.0993558092512
222.0290233438162
217.1189765157107
217.336287992228
217.046142547847
221.869163778016
217.0420528210002
217.1910335478009
217.1729821131371
221.1746882153352
217.4894889753001
217.0906339133318
217.8274101944544
223.7313152616871
217.0939876925742
217.0230013279597
217.0743120952589
217.0872742923558
217.181555790002
217.3184692704452
218.2429704063128
217.9792596517072
221.1243515949906
217.3190179997281
217.6647358078095
217.0776198484025
217.6788661270971
217.0505856194671
217.7360652543749
217.0736617283795
222.0831046259073
217.321732956782
217.6130816154763
217.3857466461752
218.6138933939502
217.0140906345527
217.2158890587976
217.3567620854917
217.840402170569
217.2903614444927
217.1325287101211
217.0283231899349
217.2114378800884
220.0592352216875
218.1819099439646
217.2884549514118
217.101257238323
217.104029439747
217.2804814576393
217.4815434843799
221.1457543995669
217.0877657252617
221.0694983819887
217.1953640298646
217.7276763684531
217.1943559882022
217.0447569764437
217.6476589225001
220.3425977087481
221.0486039565153
217.3800480807919
217.6141721188303
217.1764699715042
221.5145564276426
217.1701759326654
217.7125821543691
217.2633819285913
217.5051365153126
217.3061551729022
217.0574060441745
217.0018516659884
221.032329694471
217.1583660676642
217.0223612057291
217.348534309118
217.0493456708688
217.5883082863822
217.1416905259034
217.0480081841623
217.1989578280945
217.3994277350833
217.0104069812884
217.0131685898715
223.6706424605147
217.2212177765167
217.2218929331885
217.2048265706608
217.5291022624641
217.1606923603116
221.8154106207198
217.0119335907987
221.2205774508191
217.5810137705175
217.5179730577766
217.3468549011324
221.0300756324521
217.2461180383837
217.0529894339606
217.7240921221502
217.3152518711289
217.1533714938644
221.1643800035139
218.1665616566569
217.1005312757543
217.0361937440058
217.7565942926437
217.1252675772282
217.1278725267123
221.0018915640696
217.4707806581182
217.0095962977795
217.773799497007
217.3263826328226
217.4883709319401
217.0755611552583
217.498900848579
218.0719239197786
221.3315697293012
217.111330570461
217.9839340630232
217.2563744644153
221.7854075684186
217.0147899882924
221.7447942600353
217.4127658093653
217.0621459814509
217.6927036340822
217.3603675270768
217.0547722014572
217.1093060281556
217.6252058452927
220.7346652971869
217.0826847311166
217.4987916356738
217.2677302251869
217.107133439133
217.1079641625186
217.0119983418581
217.040322829532
217.1423394457056
221.4065494801421
217.1740002756158
217.0426778755671
217.0339704010239
217.142630115818
221.2879133387645
217.8930327183974
217.0668688647351
217.0493879896858
217.6983529304998
217.1745854630211
217.5451513404432
223.2276931133119
221.7190095648963
217.3206019115075
221.5317167276923
217.256183184206
217.0212330505837
221.1445599285028
217.3551248232612
217.1379604356595
221.0235888537255
217.1029503260809
217.2771183837222
217.7521992923246
217.4714007140975
221.1007013140712
217.2482032649527
217.2172536918699
217.5566562754611
217.0262771325933
217.009755735155
217.1301768119753
217.568733536398
221.0816340084588
217.3275280881918
221.5087670659583
217.3970784080362
217.2655922742206
217.0693733916105
217.0510973929979
217.9448823394341
217.024236386888
217.2353161239853
222.620987476532
217.0498454160289
217.3249476465009
217.055960152447
217.2667456547943
217.1236881374866
218.0303578071145
217.089542912019
217.415217937641
217.0689916688849
217.0153630915153
217.0146269264241
217.0734741025808
221.1201081314136
217.2390599181954
217.1341028962246
217.6400296565143
221.1502814249784
221.4597253736746
221.0918056659571
221.5522656171476
217.0173023460922
218.070282670269
217.5552121337756
221.1237880508001
221.0492092402714
221.3207281322908
217.3136702154275
217.012639079049
220.1160538848545
217.176553381143
221.0390733975384
217.4485418811294
221.7036783100927
217.1052294430537
221.4275083843774
221.1720869503496
217.5198315043656
217.6108375999536
217.339749460916
217.8317093599299
217.0869585604006
217.4025608720793
221.0425876736269
217.275319799076
217.3256914010988
217.1104753121901
217.142424349463
222.5977103989668
217.0786007027444
221.138570408191
217.2149327157067
217.0138621365193
217.0470640268218
217.0774937946158
217.0045345360897
217.0337491467454
221.0721579277531
217.2743081733876
217.08646594104
217.6660572165499
217.448751745564
217.1158371062816
217.0584308706231
221.3937315823279
217.5296340653441
217.0188647113132
217.4427030320757
221.0307816746231
217.0360769755146
217.1848048168532
217.0224718261052
218.1364098240887
217.2205056015064
217.1272001647752
217.3600184312446
217.1338541159309
221.2154507829723
217.9923010784276
217.0813388288459
217.0209506368343
217.0053073077489
217.3357052330073
218.0252391897272
217.1229463880812
223.0538641960975
217.3261593101604
217.7045286745192
221.0973623883253
217.1399881933525
217.2332380938449
217.1899604260221
217.3795230154525
217.6915184393509
217.2540369164534
217.1355551094304
217.7309498590947
221.9770102195387
217.0371030838621
217.2090809185443
217.2342025664933
217.3023762172357
217.7490368204379
217.0046742492673
222.4233056120151
218.1144997890189
221.3160200765367
217.6546135546359
217.0556135591232
217.3455326738544
218.1441655382294
217.5320788265795
217.0658690201291
218.6723358855629
217.9986199404531
217.027052388963
218.1680044223956
217.4467622176119
217.7832664731397
217.5585193842574
217.0062303294218
217.108330613962
217.1066528565793
217.6409924429355
217.3091127377168
217.7475712573389
217.5134053540177
217.0656323863294
218.032420092786
217.3270860657122
218.6929838588616
217.1058586277613
217.07445896339
217.3259979689013
225.0574399355262
218.4439912876898
217.9545802053517
217.0542609532947
217.4312010530515
218.1014096458742
217.1659833876628
221.1268221977454
217.0528771637817
221.4665942660386
217.7205369959477
222.4571057146371
217.0377392704066
217.0238815177149
217.1954996101595
218.0575189781751
217.0424816550256
221.183002387922
221.1450101275069
221.0394398018074
218.0831814418114
217.3758285381424
221.0384545453798
218.2028760021929
218.0189657333756
221.5445059895403
217.0960736011376
217.3584699625146
217.5214234237066
221.0547651713933
217.1402672729514
217.1040055755722
218.1280812253896
217.7146595322437
218.0287030789666
217.0645964304782
217.6212995969295
217.0233926717129
217.0819276661244
220.3971205516287
217.9760753048295
217.4053115619478
221.2142865536071
217.2255637820178
217.50975649717
217.9317586364237
217.2944735355761
217.0575711305256
217.0752522925279
217.0973818760705
217.2816575929815
218.0470399074057
217.5108762262994
217.3555272054321
217.9560666820753
217.2427306985473
217.0445992779896
217.0725538552715
221.0088251916183
221.3786478712294
217.1477868729493
217.2514140873127
217.3120244544272
217.1250932140557
217.0633907280994
217.1825821092981
217.0312524047683
217.3266903040607
217.156376894895
217.0219835442562
217.1754032469118
217.2625158056041
217.4371460078423
217.1242686328811
217.5103528932193
217.3975729588958
217.0817006506256
218.357964243386
217.3249221780428
217.0381004662235
221.1271271561738
217.6774624195482
217.2920573299247
217.0208699005514
224.1019977495949
217.3029087288902
217.1786219831338
217.1729303004819
217.770127154033
217.0442307480336
221.115344490879
217.0795353796216
221.1735571968684
217.1001682020244
218.4157163289863
217.0254364274088
217.749532395347
217.7685195945969
217.8764000979508
217.1702744807151
217.014702217003
220.5255143060212
224.1445858762871
217.4018527430229
217.0749405920149
217.3671761566081
217.3518895804451
217.0291026086979
217.2811665705606
217.2626651508815
217.5333893990112
217.3386268829675
235.1483554477929
218.0126246065771
217.0365433302968
217.4104202026698
221.1077524766043
217.0200263136153
221.0154481592918
217.0126729248727
217.3017634827893
217.032111887066
217.4190623560694
217.22584167843
217.0509286550463
217.3420563768873
218.1925304499431
217.1936104120547
217.2569312900997
221.223854207833
217.0941641923003
221.0078847013256
217.1057606368937
217.3738118917932
217.8283438662048
217.1185744727328
222.3207888726208
221.2001889374722
217.0589605343347
217.040903033447
217.1225155061
217.4920470160771
217.4276031517892
217.2245154701826
217.2519215722803
217.1281549871628
221.6070019237857
217.1756820948021
221.7927769661771
217.0050623590101
217.6360036823292
217.4431681946521
217.1373582026299
217.0237642567685
217.3942782247643
217.0690543710124
217.0844505663201
217.2785582096593
223.3663458772743
217.120505523796
217.5309029438813
217.2699956141292
217.0958866905529
221.1293914483916
217.8036416625626
217.4254815663605
221.0005275034722
221.0120918445118
217.6129660549288
217.3387263616827
217.2044562600143
217.6774483404281
217.957813580142
217.3561239466174
217.4298894211005
217.3678206515956
217.0607062324806
217.3209299430865
217.8730216613606
217.3189441785757
217.3558186421698
217.1088123460681
217.2054347040201
217.0514180713054
217.1532171002397
217.3313311775074
217.1502700434246
217.1367864131602
217.072235083839
221.065601978407
217.7731633696557
217.0773033063182
217.1525660282115
217.1875552910236
220.3561665364065
217.2019865901675
217.0661237525371
217.1133038832979
217.8540474377909
217.013322001742
221.8574615155437
217.2653172717066
222.4695359743083
217.5265826823576
217.0813611424529
217.4800183439937
217.2060925677343
218.0835422534962
217.4734767211669
217.3949857562369
217.1318785307005
217.3760076937322
217.1373208659631
221.5550672569822
217.3599331094678
217.0920745806866
223.0747028697721
218.4890749711144
217.4098393836119
217.0328724602612
217.0394316585261
217.2297016423939
217.2073115574107
217.0541290220795
221.3741116524287
217.3731783418495
217.3966699435265
217.7866692043292
217.1408011636575
217.3188988357454
217.1196169188783
218.0234616646676
217.8877082030254
217.404748628782
221.3430234422969
217.0085756696458
217.1057406360304
217.0559123082883
217.0951569239363
217.011988667409
217.3062723214112
217.0364191241162
217.6582118312373
217.0405124461488
221.247880673642
221.1256168751158
221.389358949733
221.1787219519882
217.5060799091171
217.704954750482
217.0367459214731
217.0369175838401
217.0356848205742
217.0703360906002
217.09034133522
221.0089123658726
218.8730068501581
217.2088164880583
217.0267219226128
217.370006211846
217.0812777532444
217.3823191203923
217.5552440900209
222.6435184642297
217.5545733792706
217.2322018236714
217.1630572029881
217.4086529023627
217.3911960124211
217.9721076499102
217.4340690881665
217.2966468051614
217.1972766475272
221.2293708272806
236.0279646760893
217.1757677089012
221.0906435939088
223.1241601512268
217.3858191197945
217.4239711731735
217.144790414408
217.5913436003095
221.5271466319807
217.0116577553957
217.1934933967328
217.5046986939856
217.0837720440876
217.3523029285211
221.9394884824326
217.8600754932228
217.4078327243194
221.3482632065986
217.1323143460653
221.0922756976125
217.0177336208964
221.0121506861015
217.0007042291832
217.3320662533119
217.4529010388039
217.6977993956689
217.8523222175066
217.0224296102841
217.1065221871149
217.0033042014547
217.286712302933
217.4126245534063
217.1395788618756
217.058745224714
217.011501316796
221.1340408628092
217.25142082752
217.2083452385716
218.7326599889485
220.2997886343064
221.6481644964089
217.0043629147589
217.2303224046998
217.3648013143265
217.6014331354877
217.7593339157565
217.2808986926584
217.0015351595113
217.0249549633079
217.5700162086663
217.1328631066798
221.0057442057366
217.0034354312737
217.9858552175882
217.0441145005196
217.1620955610378
217.0989707359032
217.6667526861569
221.1763672951171
217.1917829760462
217.1015260506623
217.0379477366492
217.0774033159939
221.0697969481344
221.3360991480629
217.2425340492273
217.26487280252
217.3706960381687
217.4795141164871
217.0036342621641
217.2278627779596
217.2592387705657
217.5019623490871
217.4721988226615
217.2226038830787
217.0522082496898
217.5966582939669
217.3308607649863
217.7910594907907
217.486388655192
217.002935886394
217.2091644163834
218.4631778613334
217.4824260179781
217.1049166528263
217.1231480304459
217.120166758354
217.464878836473
217.0738148452781
217.2714410836177
218.6984474212611
217.0796336342566
217.0437386926044
221.1117048111046
221.3011233603324
218.0734831605108
217.298305323914
222.1645068673561
221.1813719341288
217.128996609761
217.5910315110034
236.1429226595256
217.2414154202268
221.2188594827526
217.5334509593435
221.2154659498385
217.7689647268862
218.0080729451676
217.427073462248
217.2374405692919
217.0383487808065
217.0025795900994
217.3114979319139
217.0230233845292
217.2906187620511
217.0287124740163
220.9755622904681
217.1517446330997
217.3397813282995
217.0097671530438
217.2401078024027
218.1450667130431
217.2125886348699
217.3446608832938
218.3853948981632
217.2959640822948
218.2086389658676
217.0236360489814
221.155806864042
217.0972391159085
218.0498259372276
217.7431127430072
217.2254688943191
217.1522598754885
217.2376278524324
217.1485260124238
217.2131048158788
217.0878499429234
217.5763701451431
217.9463587424335
217.1623463421264
217.5033243457925
217.4339419495612
221.1684268225765
217.3023794011901
217.0937752669946
217.5047075317518
217.0486813023834
221.0059233711094
217.2744870500264
221.1775071382238
221.0024328953798
217.1689609540098
217.0400974132468
217.5941606908512
217.0068395681421
217.1185109913922
217.135295581359
217.1901876089359
217.0171344414552
217.0351204720922
221.4744896102859
219.5748706744363
217.201623210796
217.1824042192935
221.347549438854
217.5746437679792
217.2558016523003
217.3012311899564
217.0316555215001
217.1044756844039
220.2541226486395
222.6148847838697
217.238287707602
222.0308438430615
217.0081386396265
217.5339234363801
217.5056712892959
220.1600722459265
217.0138951906291
220.4770904813532
219.0204577311296
217.1266386052794
217.195993826644
217.7793467581571
217.1472123877972
217.1743227906329
217.0314889919146
217.2415318294063
217.5017767878492
221.0113494888367
217.2077384758599
217.0633003234173
217.2517336116862
218.1089848248988
221.6905573268611
217.4591645727424
218.4669939849046
217.8169508997591
221.0784569612511
217.1174783058778
217.2282108980969
217.1398807980077
221.4910779148391
217.1137063002829
217.1985986529342
226.0316694531636
217.7496187673051
217.1852844198988
219.8130417091609
217.0102095082734
217.2729109395331
221.0141470770179
221.149801953574
217.0798187394852
217.7881064190763
217.0070358175039
217.3594088951847
220.3666753329327
