230.0885242450015
230.5041267015987
230.3601085807035
230.8955337060201
230.5929777282089
230.099062478164
230.1980776777618
230.2377991521278
230.611874274007
230.336650087451
230.0665199510656
230.2918034275632
230.3627156148695
230.3514735966931
230.287544086498
230.0926804281761
230.4849977035384
230.4597850612971
230.1296851622227
230.2661036813366
230.2901972634876
230.0662589484286
230.460458970575
230.3229857415096
230.1592252429143
230.8122600383586
230.5908191191224
230.1352661195597
230.0027810575577
230.0075520701193
231.1611916323492
230.2095633381227
230.4152567540548
230.0855954855623
230.1179615428666
230.0420886550184
230.5206403610681
230.2371705157248
230.0584374300179
230.3473785535606
230.2790871537177
230.0067013607143
230.1151875877826
230.1068361056447
230.0230241129906
230.3911465711317
230.2548572765108
230.0173898907635
230.2703457804537
230.1596328776592
230.3189495411967
230.4903874763919
230.2909957222357
232.0907999836725
230.0670398236674
230.0887781144811
230.0751577601687
230.1611866542598
230.1825831640171
230.0754814805319
230.5884784287561
230.0446701013766
230.8913839617079
230.1167104635854
230.2451784256257
230.2440911950298
230.1242109728137
230.233970902329
230.1785493009123
230.0937776424192
230.1026335508591
230.5111111286739
230.0911540544839
230.3364241407089
230.0047831992868
230.2599603442412
230.2784918237236
230.2040664301598
230.1788097090681
230.0645890881665
230.6856979901181
230.4783682383103
230.7667171872959
230.2322240368632
230.2771257481432
230.246118047397
230.302699071477
230.0576654524454
230.3262576653069
230.0841677442442
230.7962809202713
230.0569633970372
230.7711759678604
231.951302399698
230.4765280547857
230.0400520971632
230.0579076099228
230.8787592546566
230.1460454687286
230.5678191700829
230.2103088524266
230.9405804290227
230.0587474847453
230.0310644158558
230.0865157150838
230.0762712593293
230.2516894618583
230.501509413636
230.0483125773558
230.0820896672423
230.0910279791939
230.2145820977793
230.1430638505912
230.0948657215498
230.0590529507568
230.4419327258099
230.1625811023458
230.9230254194071
230.1971379362327
230.0536728914793
230.4582785975847
230.4768093907503
230.6275265626737
230.2644863346198
230.7003587590033
231.1572584317958
230.5458131388866
230.2767923349714
230.0421617985317
230.2834649577338
230.1133081559774
230.31240456431
230.1409436652519
230.5067599749524
230.5785262283894
230.212419051316
230.3148830521261
230.3574413489725
230.7744922602768
230.1901419183656
230.4324870916892
230.2221927751888
230.3519479629486
230.4691676251362
230.4378616414698
230.1039343804756
230.284214786241
230.1922730816571
230.1782684077469
230.2075496249008
230.0184622065856
230.3511331340465
230.1240524996944
230.9378073201529
230.0202171626101
230.2596853256919
230.3237016005539
230.1555887807001
230.3377401101163
230.2025011410714
230.3358644689201
230.1901584972502
230.4231748901779
230.1138701733681
230.3909602213229
230.7688839456916
230.6549556354668
230.1620126823236
230.0069752217899
230.0280611671759
230.2185810361597
230.2581560470316
230.6402642342467
231.6025254698552
230.5179631128485
230.6716640528193
230.5403577999848
230.0209002277751
230.3897628892426
230.2770483386309
230.0793195234141
230.2341646281138
230.1318464093413
230.0154850587996
231.2091164708891
230.6005794090152
231.5274840894707
230.4370538452866
230.1559910982562
230.2239195262943
230.4991680051477
231.0596216286093
230.0493137498753
230.8965454237245
230.433951637392
230.2826802216692
230.395091089456
230.750681121047
230.3292046527268
230.3123786812456
230.0874942821489
230.3851817367457
230.3473832171043
230.8742487216609
230.1187650620836
231.6679830405397
230.0294088839303
230.1015521283699
230.093461144731
230.1058556233995
230.9679648911626
230.4075942829499
230.3970626991587
230.620666039661
230.0888085335255
230.2163158463671
230.1700904516576
230.7079110280398
231.6633739887619
230.289920015193
230.1409224074869
230.0931112741481
230.0070711097268
230.8748242220827
230.0076780485486
230.3550227145515
230.0470931874189
230.6861119328837
230.620255155193
231.0390798646818
230.7838401066319
230.6343842082801
230.0476527944265
230.8795633936838
230.0163329757532
230.178747896413
231.6452920242034
230.6070174103
230.5025893180031
230.9785272838845
230.0943035631498
230.335406953741
230.7988196241686
230.8490757128437
230.1549667440542
230.344112899884
230.3580498361669
230.1104838879643
230.0053709326175
230.0417672920298
230.1970189514779
230.0948699394691
230.2679018814201
230.0409096111565
230.3314428920027
230.4345967638407
230.4651348129905
230.0699465234115
230.1309758522052
230.3191856986746
230.9395330810623
230.3415427078575
230.0227195798815
230.3986882345598
230.0625422491485
230.0634850254087
230.2049623867343
230.5905856587744
230.046636153075
230.9462560491557
230.5065717722718
230.1179169364102
230.2056994316192
230.0252681551341
230.3712505633004
230.0414082016398
230.1397709076098
230.0606160488179
230.8745554636804
230.0210533818139
230.2427509357128
230.1562941462377
230.3086684064205
230.3596187534953
231.6511612317677
230.4370816944244
230.0776211937182
230.2466586775931
230.151099052005
230.3098999044382
230.1778544120741
230.2693360777697
230.5229318785043
230.2669519208817
230.2921248364671
230.0964437650892
230.0665522271833
230.1409304278906
230.011872082803
230.0072681633474
231.1035778962933
230.1339270136766
231.0941766276449
230.0850041981124
230.2860808328448
230.0130001978099
230.188146659429
230.0741123289854
230.2789220108657
230.8412264689886
231.0269207934326
230.180282698913
230.0449137153769
231.1115073338624
230.026047100485
230.6061787510667
230.1793029774274
230.0216878596387
230.4382804254809
230.7479341334239
230.0278532468032
230.0060352494869
230.113792308443
230.0539095732831
230.0958204231655
230.5843268004661
230.4148941638838
230.5973729058624
230.1432023444039
230.0843870010787
230.2034974119019
230.1041582778035
230.5409337883599
230.1171919178111
230.5255407609168
230.0060419844155
230.261733896333
230.9644859527494
230.1245295441753
230.1222622883841
230.0577133137493
230.2715991316438
230.0212544178783
230.7626863692704
230.6527128128556
230.2734839812526
230.7908293705649
230.0830425948411
230.2294070666513
230.5246904657774
231.3374929962704
230.1002381339054
230.1055407819293
230.1482937889946
230.219380403819
230.0199877103261
230.0947447588402
230.036832475546
230.4669722144705
230.3170345484681
230.2712508938229
230.2096563693522
230.0090298380514
230.4548963113616
230.0463536438934
230.0655853370725
230.4405049247964
230.0646138936366
230.2453010101391
230.2036338496503
230.0664233175043
230.138608349069
230.2895283429481
230.7957197893412
230.3556766620294
230.0278102953421
230.1255571065204
230.1888884253709
230.0750280975526
230.3593012501779
230.2944641535021
230.1811222468946
231.140766651425
230.0215465831658
230.3532638281637
230.2070059758019
230.0840885174277
230.9750318065371
230.0612068966959
230.0471596518553
230.2126260580281
230.0829174665354
230.4709609238031
230.3666434486629
230.2265062327198
230.3591082068901
230.9723186218772
230.2535207291781
231.4126747105443
230.1222011566111
231.3543576355817
231.3093815675256
230.162844222189
230.0870201856068
230.2908762642597
230.2727378468991
230.1305360069246
230.1156062984515
230.3778390178412
230.2358607449831
230.1485046627147
230.7492218681746
230.622976501641
230.0374266108826
230.170791158374
230.3174962746777
230.4399115381968
230.0748892492215
230.2460041393368
230.1434919698691
230.033493067651
230.2163450676245
230.3701765233932
230.1298491340056
230.0274880343314
230.0951774878537
230.1058613087164
230.1167806673762
230.2654300558978
230.858869779082
230.2475381233447
230.6312033135753
230.3469904837832
230.3166828733621
231.8945481655653
230.8698182594706
230.1898079237332
230.0190842077468
230.0753218241083
230.5056034211509
230.3185533246621
230.0455168172422
230.5543051643682
230.0508462989342
230.3405583791666
230.8368099158149
230.1695450302199
230.0584478993272
230.2661950546579
230.0717575580931
230.5813892450004
230.0728536675279
230.1397107764425
230.1893961251942
230.7659884439256
230.3081896177776
230.082346972032
230.7033697645707
230.6568604259663
230.1059713522347
230.7507379179197
230.1442984660826
230.3233353053255
230.1596867751861
230.0473118196929
230.1372911959141
230.4925963259021
230.227434884148
230.112426044751
230.1421039545812
230.0040658528676
230.1762945494695
230.1154104143675
230.1969515271736
230.3325964360187
230.0682264607588
230.5563539509761
230.1146874962261
230.3688691848873
230.34879435377
231.0209929067126
230.0459474958718
230.0120923477033
230.0169078617199
230.3635007513031
230.134660437334
230.4166120023418
230.256852844643
230.296002929503
230.1865908489764
231.0469182394806
230.1531395375025
230.3355618847752
230.0724173702803
230.2331493332832
230.5390376310569
230.3312746890591
230.3303070482447
230.30057387116
230.0024903988671
230.5485835568379
230.4493220637514
230.0076600375347
230.2143532986707
230.3922164922923
230.0149170069344
230.4387299764165
230.1280334777004
231.1099508386524
230.0117820226717
230.0060915751028
230.7321584055599
230.2063130854813
230.3528558319009
230.6127468121411
230.0874194772782
230.1041781621565
230.3086629867618
230.5025585252069
230.1435493630244
230.3256451984651
230.3752982448733
230.1084990072681
230.14881101394
230.5714052089812
230.0415109453157
232.5774526458227
230.0890240808698
230.6462748381112
231.4450765629468
230.0625370018271
230.2640649489175
230.045262517087
230.1023147656114
230.5114217236703
230.7993592479386
230.5989138776359
230.2837171899606
230.2134391910638
230.1019631774899
230.6152161526711
230.5606991431724
230.0086763982569
230.4337821816293
230.2520388406236
230.9763315127252
230.2135059307959
230.1313556909408
230.7396093687347
230.9509542110297
230.0406733740232
230.1017668961291
230.3744774253713
230.3134626543474
230.2432736333012
230.3997445072742
230.3840033393087
230.1849048870436
230.2013385517755
230.1031376698867
230.3220162165632
230.388178129082
230.727425382172
230.4309390212647
230.4996031413149
230.127062637278
230.0061991298276
230.0924552315875
230.2428027286738
230.2355508383363
230.2731471926282
230.3761179137173
230.0843797682436
230.1181029495309
230.0511855640738
230.0817101297712
230.0102438852808
230.0298431415875
230.2649017492886
230.3439294576716
230.0465203404728
230.6324756325922
230.123862683886
230.4244694044332
230.0986266285657
230.3621255254456
230.2845792831237
230.0715273290483
230.0539695070117
230.0224838443952
230.4278905277145
230.2008265145964
230.5673241153158
230.1181776289207
230.2021638132017
230.3172098713914
230.1420929654093
230.2499777051783
230.619703005329
230.5479855813532
230.3164600041633
230.1547388463706
230.9813861450386
230.493802355186
230.2047295914684
230.1143782784375
230.4470557022302
230.0406281445081
230.3520604199166
230.6352980289615
230.0027337243391
230.1313618581804
230.1020853100646
230.5833035591847
230.0174106425271
230.7653338706947
230.3985478407486
230.4808875288165
230.0309504507135
231.3005523874944
230.2144504017825
230.431059633095
230.7454918949016
230.1330506957108
230.5482870384228
230.6844598364382
231.0596793613677
230.5790478721385
230.2232402951574
232.1119145232356
230.404769386112
230.3180329757938
230.1796595551339
230.0441174196514
230.279732466992
230.0765465124416
230.3166985392581
230.4673333630816
231.3438055848669
230.1034698046543
230.288614124252
230.1152235202435
230.0633609537046
230.246509484623
231.6091396570048
230.2764659361988
230.3062545600074
230.5543637917334
231.0142448639744
230.2457821137133
230.4920494618802
230.1566627798269
230.2173052118901
230.7826193346178
230.1357523447065
230.3255294342049
230.0095969625928
230.0968334122354
230.0807862806467
230.0520073433422
230.0634913146424
230.1877368202517
230.4176204094628
230.1231703941543
230.8189374432995
230.0646571488384
230.1181690348887
230.0818531976826
230.0305570034851
230.1769152095048
230.5480408552966
230.0607865577268
230.3378932533585
230.2589384677498
230.566733220433
230.0318815524335
230.4983910187085
230.1384369714686
230.061452859456
230.8029780894281
232.0339542503885
230.0210593482821
230.1359671654864
231.4224030813695
230.0592244864208
230.5215848094594
231.3697641462497
230.1767326288659
230.2575733259982
230.6299434404995
230.0783540232664
230.0905824033078
230.2257310380369
230.0202760997227
230.143585729285
230.3723067424977
230.2452828979843
230.3177357452236
230.3776229599432
230.1018533150688
230.0302390314897
230.3679072270851
230.2833629995577
230.0106717487592
230.2879216698321
230.4765696865563
230.3402246709382
230.1795329877845
230.0367628199989
231.6305378922247
230.5054272562988
230.1116840519493
230.5923512412064
230.1510636889721
231.029534352737
230.0323117587253
230.3267350415069
230.7159192002586
230.0008727124838
230.4475667361666
230.0880564241251
230.030271632887
230.7215412296243
230.5405155483673
230.2194513391451
230.2612802346002
230.0605159042692
230.0540773624086
230.0791635026807
230.48593627445
230.1058164699176
230.3816350222536
230.2665841276905
230.1077721683174
230.6014823491872
230.7241297949482
230.1275982524298
230.3899704296517
230.0435592043259
230.0133684134176
230.0188657348617
230.1826381479767
230.0163630589509
230.0646659960765
230.9368097350276
230.3019096574228
230.3987311075994
230.8328866764506
231.7039875480444
230.6854678392163
230.1923125172428
230.6052945953905
230.2199299949988
230.3997685562156
231.0682064590297
230.08017538494
230.2895709758969
230.0266822669482
230.1537062371658
230.2829149213471
230.1894208080399
230.0580750810922
231.0542986535126
230.297492564126
230.2299596704511
230.4026859922595
230.3731861161948
230.8868809905567
230.5411263895351
230.1666327668764
230.596484846698
230.2020036969117
230.0335560708769
232.0301416019589
230.3031287902913
230.4766243436031
230.0221490105152
230.2994102992125
230.2409143813503
230.0463400346705
231.4757203128431
230.1460546559169
230.017452035688
230.1830067809846
230.1788751642808
230.1154236350692
230.0699812577199
230.2007884094546
230.5853858387881
230.1521630466003
231.1605714275619
230.4824327885757
230.0857411670802
230.2994894720487
230.1389841793348
230.0559794288846
230.0850868112963
230.3342781274635
230.2482837439885
230.2000312448055
230.5638477796439
230.0860606257546
230.0372434672685
230.4289881149293
230.8547982968298
230.304853949271
230.6732565395895
230.2057287275371
230.3061901763722
230.2194284383555
230.4257180299607
231.9660343318424
230.4125013744475
230.0730430044831
230.0443489191453
230.0879131951273
230.4866422560841
230.0072203749026
230.0688817250452
230.7188116354813
230.2744073763903
230.3850621030282
230.2686313174508
230.2695362734753
231.3432492193384
230.0182227382814
230.4269091257821
230.3866781039595
230.07594574303
230.0426310278538
230.083086749298
230.9792671985078
230.3429005955562
230.6907316387313
230.2386685668696
230.0637464898334
230.3271960396862
230.1343440868771
230.1901413712202
230.0028415493321
230.0942619245207
230.1171900904573
230.0147102485531
230.1264553126636
231.6412825274708
230.0399080220514
230.2055068303587
231.2607486183503
230.1251865292625
231.2274074866912
230.3844962581977
230.1410356260493
230.1274754760623
230.5655888618137
230.2606360273399
230.1314346928566
230.521718989685
230.5341001471312
230.2814879088975
230.0945529361313
230.152835160902
230.1302604792046
230.9069605992482
230.1097218999543
230.139330025176
230.2295256572064
230.3266044373396
230.1131277015304
230.2681018253221
230.185573169426
230.1834166121145
230.0482045810982
230.561809090688
230.2616458470712
231.0351572846675
230.3950270416184
230.4143116867124
230.0389575833478
230.9005385962662
230.5412943609932
230.9824928405343
230.0586879695184
230.0495083812388
230.1435977298484
230.1617362862253
230.1251706512917
230.0894773609665
230.3346594034045
230.1734914741939
230.0346020673344
230.4493747163259
230.042054719388
230.1595503477591
230.4487665263692
230.132816715675
230.2281478243369
230.2931898296814
230.0015074650572
230.2534322957544
230.5785075006249
230.2953841898963
230.1446971678085
230.0613252699446
230.5504310713683
230.2219849060073
230.251895643262
231.0172679316344
230.4527268523804
230.4422536857911
230.1084599560757
230.8414121915271
230.2321616836302
230.2544788783222
230.0366884238722
230.4479685020075
230.2193079023918
230.2737155710676
230.0937313953242
230.5143078010816
230.4882316236851
230.2332806774246
230.3060908000075
230.162116913852
230.0232226676625
230.041570958699
230.0734531464748
230.4942876432998
231.0170557045609
230.2077646982177
230.2092718301056
230.6044383347785
230.9723990228137
230.1833699274345
230.3383429460121
230.5013675341711
230.1903247239808
230.3397014480837
230.1765668436969
230.7965787142853
230.0859977716461
230.7178175091217
230.0442344229461
230.0659765628323
230.2435300951579
230.0593785799972
230.0856218396075
230.279926058706
230.3016722321387
230.0056969717774
230.8000666393835
230.2616139246988
230.5443250505198
230.1634380636872
230.1765513234984
230.7661513873423
230.2809460643283
230.041014155915
230.2757299532297
230.7238426955755
230.235061530914
230.6349396199846
230.7851506585129
230.3744700261303
230.0599387030909
230.1155692194219
230.3114415471041
230.3316926214953
230.5683493329872
230.0937526753583
230.0721777062609
230.2426371421374
230.4126223823421
230.0738256055989
230.4128173365756
230.2107717706403
230.8145890799122
230.9617603016719
230.5016160497084
230.1272099585537
231.2142759870583
230.1400343883205
230.3167150926132
230.0331676118328
230.2473877688463
230.014103695956
230.115976555836
230.0618456094705
230.8403615044064
230.0648084589117
230.2203838406228
230.1230428554277
230.3858937114477
230.4045224001805
230.2254049670684
230.4145989811122
230.7729463552022
230.436804659031
230.4579333450248
230.528637283619
230.0226820997042
230.289132923861
231.1394427059205
230.2074232950188
230.1973966585206
230.3374672686393
230.2823968048758
230.115293191527
230.3661959228975
230.0142508382114
230.049675682814
230.0534923933961
230.009377636509
230.1261024119498
230.6191572271659
230.067647333551
231.8198927336445
230.3401517826165
230.4646816892333
230.2417858084355
230.1388727241346
230.0903044361429
230.0064683183563
230.0464799237097
230.3281137598424
230.31169057237
230.6145342133802
230.0621621892524
230.0793054343537
230.1316077494983
230.9286155255188
230.0675718292067
230.422384543247
230.0409665967351
230.1245503125672
230.3445277521793
230.2919825908756
230.0594548524306
230.2569713218514
231.1696908667037
230.0891346349289
230.0894232555937
231.1001773005644
230.3046263161121
230.3373546654749
230.0458743124625
230.0750735771011
230.5067321818804
230.2801555776167
230.487678903489
230.4030385706154
231.0734751852776
230.6363387643123
230.233139143323
230.0492162655336
230.0742601373337
230.5622083602372
230.2296713064622
230.8852833070004
230.1854608238651
230.1758867725328
231.2252468166972
230.1798567669985
230.7839401987964
230.5958838856872
230.1672297206
230.3511586619503
230.0275868165675
230.0033107728842
230.4181983123555
230.0105294304659
230.0288545618123
230.1759513736568
230.0195703111528
230.4395664516097
230.1126143693374
230.1137811207475
230.1432671147026
230.0406768440957
230.1406589721992
230.0614584622052
230.0905060699692
230.4969442365875
230.3245351815539
230.1290118146568
230.5992737771403
230.0438827936891
230.2941534323649
230.4157519706321
230.0646259263536
230.1122059065223
230.0004066281721
230.0907291587249
230.1783378262504
230.0168753008144
230.0564632549103
230.0196466589531
230.3326852966255
230.09403022053
230.3015386491469
230.9004405616066
230.3570835425773
230.0351328824339
230.4372770434152
230.9829011697674
230.1078450159497
230.8106160089004
230.3550024295798
230.6179355638743
230.5720323323817
230.2068578751827
230.6633014790815
230.1294679647982
230.3739344962548
230.2148322396366
230.3911553186988
230.696264732773
230.2991782627965
230.5142183294743
230.0658102536727
230.6931769630466
230.2745657022046
230.0402130469181
230.506953792425
230.1810039559567
230.2045451822733
230.0123676281906
230.6278237038877
230.3513458356901
230.2306600527463
230.167130891341
230.1347432781849
230.1329703728701
230.053803172196
230.4798194770837
230.6641132541431
230.2966623680988
231.4876033365287
230.0148017478645
230.003029547971
230.0817726572588
230.5760292259316
230.0840941976725
230.161789666802
230.015406259783
230.8733493154027
230.1500298315252
230.5338865580039
230.5728585129492
230.3351055349951
230.4148120929062
230.4020827382539
230.3104216700392
231.0821046972578
230.076340596935
230.3323957500178
230.165398882436
230.0827125808732
230.2499514633859
230.1648010773347
230.2031263105746
230.185154870287
230.1978730194902
230.7595085571383
230.3272497402887
230.248131410196
230.2810639862441
230.508018987107
230.0974467595641
230.071945994545
230.7736453136916
230.6325349683689
230.0111492976376
230.1049407892069
230.0779631292065
230.1113866406663
230.0896984230351
230.5272027682127
230.1818904187282
230.5875512021754
230.1942521037481
230.739324399566
230.7271957791145
230.1630556171175
230.4607084907843
230.2037094016353
230.3841921871897
230.2887958756573
230.3021353161838
230.2501017014898
230.1144794733583
230.0153154040177
230.3267141638194
231.0181505991262
230.4056629597125
231.413788858396
230.7737814706377
230.1066976558165
230.0122352189291
230.8960882415382
230.2641015533757
230.6448711132468
230.3047466116219
230.1371213031974
230.1691030413486
230.100398066368
230.688925969878
230.3574101392072
230.0398951316742
230.4132988915676
230.0579329369176
230.5524477884402
230.1895700230485
230.0098833964804
231.2962489068354
230.1046503810106
230.0392665982367
231.7639412119554
230.1135864967019
230.2769930654373
230.7633779692608
230.417698434355
230.0032229459084
230.3644330011738
230.151642389112
230.1299555223494
230.0195796567731
230.1989910581006
231.0035581044503
230.2259569621661
230.7074293825543
230.2241038417472
230.3569161799153
230.325302574715
230.6700618832981
230.805733741655
230.6280679703832
230.2642765889752
230.1047806931799
231.2927096301537
230.0329022309055
230.4853827718296
230.1332558879585
230.2972050148368
230.2559314564159
230.3045919228979
230.0014745715419
230.2490834441419
230.2688452902995
230.2125892024509
230.2414100199739
230.8905923523191
230.5270309952053
230.0272675761859
230.1833447367033
230.074578805586
230.1710219053218
230.2946391596316
230.1946717256261
230.1280041917037
230.8763588515889
230.5951413372873
231.1800187319534
230.3347038015773
230.2131833172024
230.0274204635869
230.0020207528203
230.150996254291
230.5823192552634
230.3447460866971
230.1197455196148
231.3257578416407
230.1769935103794
230.0873458131819
230.7180172726667
230.263650430932
230.6237809888898
230.5165623395715
230.0677454704964
230.2633310609287
230.2846453510613
230.0759136527083
230.3950761204476
230.6587808003987
230.2286957275728
230.8477468076595
230.0037414775013
230.2592491600094
230.080600431073
230.0946139829537
232.2048074917174
230.3631418848048
231.0568691642256
230.0143386142542
230.3603059273925
230.7562755575027
230.2726486525374
230.2550071923162
230.3324116879833
230.2484434085267
230.6462760679889
230.3759921359387
230.3877591910007
230.0156847994471
230.4370165477539
230.5305688218445
230.7865639022878
230.8000393275975
230.2905304715193
230.0926118004699
230.0991404018689
230.2439172216755
230.0168057374623
230.4447430513609
230.0896763754819
230.4122929910457
230.4583275501355
230.1196110492552
230.2600595113584
230.5672135813548
230.2579705644469
230.2204927378115
230.2190226237097
230.2778115376153
230.1226905905863
230.4236193981453
230.0049339583994
230.108202477576
230.1475819418477
230.0203748238183
231.3499604656095
230.1185901326949
230.5114083583027
230.2437755839294
230.36466635506
230.0280412618203
230.0820013241082
230.4122005161407
230.0401487228154
230.2479065958402
230.0276052640511
230.6638063760317
230.03094814057
230.1689514902096
230.0980955886752
230.0003478554027
230.112353893952
230.3203765249555
230.024678424226
230.1084747047118
230.672522191124
230.0049482326486
230.2929893274413
230.1096594355986
230.0135733268283
230.5557751413947
230.2582139249623
230.0173392020696
230.2236036517851
230.5874874435476
230.6499111929241
230.0752123789658
230.0087097186814
230.155327890963
231.2757330568252
230.5022368057356
230.0924834541591
230.0039940976569
230.1705866923341
230.0697558935236
230.7313938880328
230.3525400960516
230.3384918331929
230.258601131681
230.0666934574189
230.2429129483468
230.0273269705112
230.202353431487
230.0853443091519
230.0143188800631
230.3567913236569
231.11875086009
230.7782041223973
230.1375448843075
230.2747701320302
230.4196179674607
230.1390154128626
230.1936114914995
230.8107528347517
230.1136706568253
230.5645936978036
230.8186333941635
230.2368685294447
230.0888436760654
230.1015001888374
230.0381743478447
230.0731210670906
230.1012002749494
230.026434655919
230.3962573031249
230.7067152753218
230.0155583556083
230.0804668569857
230.0701207815326
230.2906685891854
230.059940930575
230.7297338726414
230.0181996222627
230.1090047795848
230.77864407259
230.0331631012477
230.7720554635724
231.428222286295
230.1259446120591
231.8108611750117
230.1089907522451
230.5256778529596
231.6024445906957
231.1843169862723
230.0543137467257
230.3824065894388
230.1779592004252
230.7929245613934
230.1436348248007
230.2588976774871
230.0384505345589
230.0801398217665
230.3649997396354
230.2615143898977
230.2836600349204
230.6128406747258
230.3707859579915
230.0537905843404
230.9307032859195
230.1447480630965
230.0787018644733
230.0624773632848
230.0432887841465
230.1854022257478
230.0722573761787
230.0345292339769
230.0809491976277
230.0012072284755
230.4084255227189
230.0099109808317
230.3824702864103
230.4946898013979
230.3461420055772
230.2493804089221
230.2554405744685
230.3443483983356
230.538405485437
230.3807316962977
230.1251520497314
231.0497929488963
230.0879082103461
230.3958106996409
230.3061287292326
230.2146519429349
230.0012356247572
230.195253412789
230.0368178695246
230.1196260092803
230.1787400884904
230.4914825881155
230.0319238624559
230.0437648873411
230.211017202603
230.0700845846077
230.543461708241
230.007537299896
230.2470794393149
230.3931901020971
230.2891871034751
230.3849176327131
230.0764500024365
230.4329174159465
230.3466386966667
230.0916601320493
230.2640446220502
230.1935580809514
231.4649150205219
230.2866688506534
230.0897730464061
230.0928527534955
230.0165658211908
230.0237176887764
230.0469189597492
230.5121008100214
232.0969040921853
230.3963860002429
230.0282228802601
230.42081714944
230.5045467149994
230.698621490721
230.3278995475969
230.3892352864314
230.107229315135
230.9749313706484
230.1313571886578
230.5259593642629
230.5440687525519
230.53200766206
230.1978653473865
230.7078546247334
230.6216636032442
230.7048466070847
230.0789676335726
230.746453232269
230.0270983727213
230.0484825089787
230.1493336455376
230.2447011346906
230.1036471479939
230.155636058454
230.2453752269002
230.1136837708121
230.3134316211263
230.0661190345815
230.0438815667393
230.0126336328871
230.5205132080442
231.0115466550594
230.1841233595756
230.9494888589651
230.2922888456646
230.0103954678833
230.0327426459195
230.6160171179765
230.2847834588137
230.0736533047009
230.6042767362769
230.068838085195
230.3530313283451
230.1983975986664
230.513992304999
230.2966373190549
230.2746907118352
230.0531522777208
230.5747250748824
230.2397877912258
230.5107161251402
230.5342835408733
230.4902730448779
230.2010652118436
230.1587332903694
230.2158098877641
230.8907917647332
230.0470714077582
230.1472090466539
230.0497009484701
230.1417973881498
230.2718625185229
230.2402808418128
230.0210359857808
230.1309985042711
230.1758208804158
230.5913963281684
231.3926496137621
230.4238385210288
230.0875136035001
230.3802604002228
230.0042599890691
230.4270735947617
230.7438126196111
230.0474414289456
230.2617607929222
230.2526852137075
230.6067313335676
230.3566887081404
230.288323113861
230.5948783609064
230.389407214004
230.0627553611372
230.2597158411433
230.3763953703696
230.5376720366353
230.0947034421188
230.7095786395504
230.9764493988364
230.2698470745459
230.156343983321
230.092774558441
230.4137123159858
230.609941551134
230.4124542799353
230.2702036022828
230.3680124116565
230.1772574355984
230.3501668649327
230.1292275053047
230.0004274636537
230.1287813984413
230.2732530676896
230.0704965539223
230.4352131452754
230.2370774952406
230.4891457119172
230.5746293281197
230.6566827055142
230.1627435866572
230.171085456857
230.1956037023647
230.4862425277896
230.1408606646522
230.0326977179712
230.0718725581221
230.8721501277548
230.2724989830424
230.3216532860085
230.2369793115237
231.0164169219213
230.1534231333496
230.4459811341444
230.2780748155707
230.0184746808939
230.1297636729148
230.1602906947957
230.0295626043377
230.1734566873326
230.5383054484879
230.3388936601957
230.3842854158444
231.0227174479146
230.0680473358308
230.036215409992
231.5005355275067
230.9034413540408
230.0762084096156
230.26383811657
230.4334697196935
230.1265176364331
230.270738686991
230.2272125686041
230.3069394610211
230.3896269278451
230.1457488050363
230.059159717642
231.1515209792152
230.4778912052588
230.6659893803089
230.0932186877194
231.0381095729082
230.6179817649962
230.4292996062919
230.3971876134084
230.3236765903639
230.0471006485006
230.0393217796118
230.3219469951379
230.8976469381813
230.8437014163811
230.6336152300484
230.1009018474794
230.0964029838656
230.0411309922683
230.3137729908448
230.1514976906763
230.5273815165469
230.2381298721556
230.4895585868265
230.4585526988707
230.0278777199704
231.0099546589952
230.2587245570494
230.6759489664174
230.1253023724971
230.2968348554305
230.049342440809
230.4010284451284
230.0198802660472
230.0181790227176
230.2870230666305
230.3368090902172
230.2300784301043
230.2428704367513
230.6282648467719
230.0294040340382
230.2838355549125
230.0984599996626
230.5535435833408
230.1126604194695
230.2558793486848
230.1333794421522
230.3696079689771
230.0114191034263
230.1631782772469
230.0356942524111
230.54282923891
230.2558914135779
230.3281568961109
230.3019541932232
230.0724551871097
230.8358963013642
230.0084996084705
230.1348778847141
230.2612890324285
230.3823717256374
230.0459339556297
230.0848199496678
230.0151361097412
230.2436123906833
230.2056181006881
230.0504500844865
230.3952832816262
230.2783867169651
230.1506151151052
230.951280149181
230.1524097878112
231.588996928435
230.0190452433519
230.0651484029475
230.216094861341
230.017134524572
230.0966680618969
230.2787129716625
230.1415292939412
230.4525494774942
230.0526587437245
230.0748070887815
230.2199305935587
230.4773951209934
230.6113225733234
230.1807551927609
230.0565521456914
230.0655861331222
230.0257159360544
230.6811829408691
230.313296861221
230.5934858702309
230.103216475111
230.490063361216
230.3361884611103
230.3689670648194
230.0601151857415
230.0883794529907
230.3199010142924
230.0174034424898
230.6384246535058
230.0146636410711
230.2485105641696
230.1791064929688
230.2002866369847
230.6609586318522
230.1136623796508
230.1857565622881
230.5399522358041
230.1420333176132
230.3366224228224
230.2832374872456
230.0668134545466
230.3498514265767
230.0928384874211
230.7359824447056
230.3563960519039
230.3031713080507
230.2363299946642
231.8000921654831
230.410281053107
230.1126406722293
231.1103840073842
230.1223023503634
230.1148406990271
230.4923795674522
230.4783736782022
230.1250882074761
230.2129453349155
230.3041891214704
230.1512864931972
230.1043619852273
230.0607297095484
230.090242622898
231.5429089919292
230.2080827323917
231.4826046345114
230.0765322133473
230.004023885525
230.6005033157549
230.8592618526334
230.0783156056255
230.1608636735086
230.4056220854989
230.0447275731496
230.0058956956276
230.6208052178309
230.8061041607264
230.5310072313536
230.3982694375232
230.2163016551857
230.2894237100373
230.0434944608113
230.3633611707108
230.1172169824338
230.059238048863
230.0047904842206
230.0382149523275
230.1607543698565
230.0711636870508
230.3047453703316
230.450925639839
230.7848569818347
230.0792652854524
230.6003134553599
230.8183073669852
230.0085391909036
231.0394915923744
230.023559807168
230.0568534323082
230.3358247847864
230.0520001081875
230.2218585468137
230.0914465718249
230.0668491831657
231.3172363867872
230.0077405557856
230.3869638256103
230.1064008634748
231.000725217113
230.1347090828616
230.0557068275419
230.0264060387389
230.0208291204689
230.1119482515058
230.0203416374698
230.4533373080157
230.4311547586838
230.1699228393732
230.558226056601
230.0221771186983
230.1741371631876
230.6397744328435
230.2985181384946
230.1243394544147
231.055001598073
230.342196998988
230.2920891339583
231.9307995816158
230.9506975789036
230.0305992839696
230.1866415794125
230.0252703679727
230.2577069521663
230.3858617616228
230.4169913322026
230.3678698880525
230.3862913098974
230.6667167778061
230.3286885778562
230.5764081752255
230.1498596519854
230.1065667684084
230.031357306731
231.3018039563928
230.511630064621
230.0324092046988
230.3709500462923
230.1360655158487
230.0893077480232
230.3145580261719
230.9900685469425
230.0033963439633
230.1428563972004
230.1980545686546
230.1024839170532
230.0417466547755
230.2235259387174
230.0489544094266
230.359773761645
230.7380724818158
230.3409665579791
230.4407614291348
230.2321083998054
230.4635764048712
230.0467400357294
230.1615605088276
230.8403843962219
230.0611569217091
230.8650822048854
230.2223234547482
230.5144369946924
230.7451099685752
230.106567987742
230.2778106380293
230.0166351255902
231.883282826766
230.5777206185649
230.3468410931064
230.2994479145291
230.0783255980396
230.2886123225957
230.2301971817998
230.3912891882421
230.4433702908206
231.6949639210723
230.0927407892503
230.5111403023271
230.0909500606074
230.0523477056281
230.3341505893121
230.0722432674776
230.0342787711498
230.1737472059789
230.0457715946862
230.3135130897785
230.2751504552913
230.552933353666
230.409755605772
230.0899122574554
230.4076328876565
231.169124636415
230.1418345791519
230.2179042619378
230.0126693675941
230.097703400053
230.3543852964989
230.7003459597579
230.2603223680448
230.2006690163093
230.1960534640561
230.2364637651776
230.1782636008608
230.5058483029618
230.0616130853367
230.0250133183819
230.1304847820462
230.4148775981451
230.680975731545
230.4526151010037
230.0150778423237
230.0786619594207
230.1545474569816
230.2018998670129
230.2151018079531
230.1134776860286
230.2193786489181
230.1321315551286
230.4212419840889
230.1103799215796
230.5873751155353
230.3341538179684
230.9240806228078
230.2123554688461
230.4747271108251
230.0074382283474
230.13276185217
230.6698562194528
230.4023882013055
230.0505988969331
230.4601512724535
230.6662396587652
230.0475542836121
231.3576194457632
231.0715328556829
230.5897216673831
230.2458553541379
230.2115780026302
230.2713915920031
230.8992390646098
230.0975310715251
230.0900890144622
230.1976991343949
230.2509876475472
230.3127604132013
230.0347782133116
230.2275858420283
230.12348205536
231.4538266473002
230.3608997258619
230.191466731341
230.7444605025335
230.4160184027284
230.3521129089696
230.0169640686536
230.6913703282635
230.0217038269344
230.4095345220771
230.1247557138006
230.4912152987729
230.1858308060774
230.1015858630054
230.0208241623029
230.8823409239487
230.7250051056291
231.145428408121
230.0199258533186
230.3847265222653
230.2332841201032
230.3460604461573
230.0294881715856
230.1661065033359
230.6823810425464
230.0047944586761
230.1599070908053
230.0814708783881
230.0228376271025
232.7256475600267
230.0163258932919
230.0533036495883
230.7495564317205
230.0475621677189
