112.2394347055919
112.3092986730983
110.0603025048294
113.0619412817477
105.2144811362586
109.4172613890973
107.8804258648695
110.4426715870079
110.2742510730577
106.3788646136821
120.1942369486569
107.0296613663271
111.765850781294
104.4064537917223
117.3752469319934
124.1276462674752
112.0874047242716
130.1684254590083
130.2691661589288
104.191006439225
108.4857579755813
114.0509426726843
113.1540718080076
109.3497337129643
113.5571368881088
109.2189948807215
109.0249288318442
118.0126487970734
113.4744511997583
122.7313658108506
111.2010960329963
108.511551752388
109.9929055885626
106.0556504130245
117.2957992659804
112.0194641655617
109.1259096723475
113.7641367972085
105.3031326181864
106.0801160241171
108.1944871138654
109.5962526697997
110.2550292448979
121.1581519397358
106.3820175535335
111.1303165188755
114.3174702998555
119.6707064658395
108.3635110360494
107.528390363323
112.0217940740972
114.3398051564628
119.2372975877021
109.146000571794
124.4834705037899
115.025692862875
104.4610258631489
113.2266809480046
106.3386870341514
114.2367205411056
115.2234208703746
113.1759685207606
108.0642441422853
107.9091165356844
107.4214140383519
108.5718119104267
110.9012898377225
113.4609989684169
118.3370158208174
120.2331357921205
110.5200955304162
105.1141047508623
112.6674305771856
108.0065768437886
113.5254476309074
105.0876737762402
107.1673236715547
110.1503952381929
115.2267116956362
109.0446942040393
120.0535531416299
111.0713022692183
115.0207966132263
113.670676203946
109.3026004854358
105.027941529075
119.1178911762242
117.0181098159615
112.3286840533723
109.1050615301733
113.2635427833653
113.0390519337493
113.1109943245386
105.0060410646126
107.0292361339335
115.2486880069275
108.0284298547498
106.0581989115301
107.3659574058116
114.2291295866941
119.0108228001004
110.2035269528606
107.0973258143494
115.1492345920005
110.2922764324644
109.4056154737913
108.115124674678
118.1295698007849
106.0384890528241
113.197265341127
116.1140330732868
113.0214124900257
114.3245752138178
105.2275186007713
109.283681554866
125.6166628230461
105.0589202095108
109.1143373648509
115.0297425635527
115.3512411822852
110.2301900159319
110.0505479099608
108.8919250492307
112.566481081
114.0090124418563
113.0589071687608
114.6983765904124
113.1101623694116
113.0639319573713
111.0253509834548
120.129521381725
110.062311774475
108.0657845155019
112.0629969645687
117.1736120660014
109.0525711349117
112.3792259320726
114.8303663895176
114.2556765741549
114.8307929558101
118.4092192126301
117.076383118538
110.0817295518592
105.638710628139
107.1881924612958
128.0756515944251
108.0700474216135
105.1991375297228
116.0540236894015
112.1039113370053
106.2818206785734
112.0496770091653
119.1688537513577
111.6648267682727
120.22093908303
105.536583122179
113.338465475824
112.0231990583183
111.474575464509
122.0070921778426
124.010577740022
111.3469436639921
118.0373729050285
114.1023535052762
111.0862391539329
121.0465844890268
119.6919867697568
105.1373527082964
130.0516242549076
117.2051764800715
111.198676426667
122.1660717396575
127.0403938139173
116.6011078087524
116.2990855666327
113.3830407046104
120.1303457293552
109.0246256900643
113.3155852773146
122.1126202684919
108.1538000981436
106.9873834528427
112.0214155143471
121.1922377094045
111.3592015972096
114.1849683024432
107.3920703028683
122.0943197339478
113.1629977162479
112.1217334473823
105.2639383627839
112.0635089079774
106.0968604790532
107.3105478509924
107.4934668787593
112.0463382384168
112.2186097127876
120.301043353887
106.1722578613794
110.4584630072146
106.289110212975
115.0547210926524
114.5662039436984
117.1508839391259
110.4307109245413
109.0888841366537
110.2663369332861
115.4759389523845
118.1237439851258
108.0205466846461
108.1424043117804
109.1759453984407
106.3183562000295
109.1452489223263
114.1204271215731
108.0143069231356
112.3944884534139
117.0310660853903
127.0985841029899
115.5040592187843
111.4721207010641
118.1359412416926
110.0652653496281
108.2352305824451
115.0023578101476
112.7039578308214
105.2090625660221
113.3379034444144
118.005296776688
115.7209985978871
105.1309090648284
111.0529299581908
108.3784220618102
105.222331615357
119.4830834750152
118.2077807986356
113.1758340056798
109.2217597682799
111.6898530249926
104.368299467681
118.2436164594563
108.5890362156369
113.6467877983328
110.0423055037065
110.4650749671949
117.4922126884919
116.3974652716907
118.422061005654
114.3537525660851
113.5254659838429
106.244974221531
106.4242631569514
115.0337684470049
110.0529481503786
115.0912827679506
113.2844038944596
108.1102989190047
109.1034355299018
120.1744309204008
111.4348338273227
121.2311769521201
109.0659352285869
111.7007229027165
122.1112276865794
115.5187758295617
113.1358675921854
105.8585797620217
118.0222426920883
116.2011502578035
107.3860998098433
117.4662402721245
111.0467447491158
117.0893697854702
114.1663601249707
115.0059651619348
134.5627425966466
111.4619311712829
107.6187719169217
110.0455762908194
106.0672435679005
111.7972611982861
113.6203879396362
109.135975145245
118.1131678122152
114.3908022008969
115.6225554631667
105.0647870860297
105.0556978578436
109.9168910870656
115.0587517255693
113.026159147225
107.0220788289612
109.0462359533056
111.137081465714
106.774442890437
116.0483806991852
113.1167147890396
109.0675553258129
107.9903389829595
108.3536967626779
114.5021167659144
120.3172406465586
116.3540213363464
110.8597967005216
107.2826342070948
114.5552340297053
121.0567091373767
110.5520410368766
125.147612284911
111.1347069441943
118.2048025125178
113.4617679209193
114.5660483708296
105.20726757932
110.041314299603
108.2177538456142
115.2285345288178
110.0553270114438
107.1952460984367
112.0356787765756
116.2847036672593
124.1311990995135
111.3286779795697
107.2700813187037
105.2387136046829
116.1782527113732
111.0192530548107
105.090574535241
108.0934624855398
117.2557419814544
115.0102425028765
108.2597025560689
119.9290500671242
111.4603833033739
111.1269529642053
110.0446179773511
111.2246781122078
111.2538500044441
109.6120459130202
108.2757346576164
108.5355377113541
112.1520632580405
105.7381412228744
105.1671043731654
123.4163006112566
118.6029389381441
113.1781073488017
108.5429009242746
126.1339334101697
112.3179642813769
109.0066361608211
106.0319720105212
104.8579885058906
108.3862500888031
110.1203607567347
105.4521518052463
116.3309210147019
116.252307436865
111.6024726289291
107.6245795508301
110.6188831201709
111.7376719167338
117.2716135635181
106.1413578100444
107.60359363706
105.7750996729485
113.2350904237614
118.3977905051868
127.7707785219948
116.414412622539
114.0002965930385
116.4116032585494
112.1211750803537
109.2041481383427
111.1838580887668
111.0706235835921
105.1376508925716
117.0880897413071
131.0208382885847
106.0945012513727
113.6766690319644
107.1675595816405
109.1882757380862
106.8641153908823
109.1230717934816
120.6984174630845
112.2007354340932
112.7114846378587
111.4859479950156
129.4952457322696
111.1540937020127
117.1302295583273
112.3961750542605
106.308841164814
113.0394820629884
116.5672519055115
113.0706878156599
107.1805735598497
106.7243233111786
108.320123545361
108.0664758472967
112.3362111447358
123.4361970775
119.0846531838795
118.063405251254
116.9193787838603
116.5133783769886
107.0258569787772
113.1746791411981
111.2035923264337
106.1676271725786
119.6009612072775
115.4174240604499
109.1876940965977
111.2899188122648
108.2299206342874
107.2263736799617
114.4303292013164
116.3753920357836
113.1288239004197
109.2149751058764
112.3678107031039
118.6542520918507
111.0110403288926
110.0898135139184
119.2725846876959
108.0685236224549
127.1086441307824
116.2600947477362
115.532448660095
119.4333542500156
108.0967182602655
124.0417805885393
114.0291586912083
111.0348339437906
109.2914831988545
109.0604672992193
117.013723438053
111.0937379570465
110.7228326314385
118.0991587827455
116.8943249955491
109.0817927703774
111.0893633429076
110.989828162952
114.0100255341606
119.5476644907738
115.5214148873257
111.8979047363645
106.1561321353251
108.1468636744825
112.4460647389501
117.4747969676229
104.3823924395797
105.8782377513849
105.3191440894494
112.8586938012813
112.4638038186153
113.3894576120742
107.4016497126589
113.3183372703385
109.3307007217981
109.1477562471909
118.6205806323955
106.758686344481
106.470151841623
114.4437725638794
120.1451008802573
109.2406757362211
127.0145350253828
113.2652755490261
114.2906302415859
112.8412665689541
116.258631877431
107.0494453525622
108.1042742428828
108.3687361289816
111.023515506809
126.5194460930529
117.0872461859599
106.1721775439292
113.4229152894131
110.0200957226549
114.5499659613603
112.0349856426151
117.5512123065993
116.5760402656412
112.571732588567
109.0212887270572
116.6006889393639
116.7765982142449
115.0013715223812
119.0093077962332
105.1620517842514
113.1780405935693
109.5613966813747
109.0822587621262
110.0922195103743
108.247480107129
117.1564157041715
111.114307509294
108.1770326954065
107.1347978882207
107.1531824842377
111.0367292493325
112.4560350021726
111.0776894248839
114.4555561352496
115.6188744554834
111.3129024260278
117.2011577315542
114.4179023384879
113.1309503312282
115.3076338173438
109.0277971283509
105.0860342842639
118.0730369015628
111.3644921164854
117.0701034327852
107.0036442104027
107.310441269681
109.4919538133755
114.3516052861207
117.1098859815362
104.191925344833
109.9950465864342
122.2552777787087
113.4837134725734
111.0613455959927
115.2055538470045
105.263250969362
111.4595988649373
117.2061871065822
109.1534320094631
112.5343996980707
107.0608385962412
105.3579255334712
112.6578351975695
104.6051802457459
112.0091978021015
111.0579561700651
114.122663787503
107.305796254234
105.2142626532885
120.2437384466672
110.5768632494339
113.1397980321986
120.841990831446
113.0040338680846
111.5549429085932
114.2285093436693
120.2894783705201
117.7499775461865
111.2090438361078
113.3937724508598
113.2848514913221
118.2479728302344
115.338683646088
119.2619377476735
123.2721536721294
108.1784859087985
109.0653125528448
108.1865914988905
112.0770676659171
110.0668310694957
106.9379921689679
113.0239659398397
124.5595079367151
116.0807458564708
112.3661718379372
112.1213524645174
124.0233216621923
107.3623707818871
106.0101165769399
113.7605657040009
115.028483821498
124.1476858560545
113.0453838118482
115.9242479614328
110.1274057516127
109.3849515497711
116.1067109372677
111.2552212364935
118.1169120613559
122.5054860554423
107.9994795242653
111.1430234821808
120.3332101683791
110.3760898384845
107.3986848303515
113.3337384406517
108.5183501621278
112.4240284387181
116.4223894874778
113.5746148803115
113.1320925601853
109.1848818975024
113.1654677598897
109.4173333818581
114.1192749937349
108.9071426295683
110.2800658190715
113.9244920932254
107.0349486333402
110.0229331650936
109.4914098075594
108.1398576444667
112.3883004390232
110.1372254747692
109.3996806834354
113.4668879833222
110.189176155358
116.0426693600839
112.3319211221965
130.6170574703078
113.4360341186823
120.6339468554552
118.063673402639
111.0170245793959
120.1577570608471
125.7307752739408
111.1266545568
121.0211185964679
114.2663655676715
109.1321844987899
108.4243915436635
119.0046723797678
114.0287259267745
124.0338623480441
118.0673146099463
110.2498423351646
122.2760422422703
131.2666198326713
108.7197274427839
110.1626178733902
115.0739267899157
109.5606373595384
123.0182477363204
108.3820243156412
110.0636655867048
112.0088634059301
115.1316316011564
109.0083116376365
111.3986785702671
105.1531360080851
113.0234731132768
108.0248104592867
114.4597095241421
112.4021712010812
115.1844078280923
121.3795168566134
111.6988943868605
107.0819373522903
124.4800500556588
113.2160108177837
111.716571388639
120.5238017133054
111.0955834989499
107.2442367552044
108.0402218903116
109.1041912088719
120.2086571936655
128.3793502323655
119.4621334655502
108.2565227008809
118.9615244941999
109.2312525839384
107.3418248554704
106.1123340898231
105.5875341869256
108.0080128393491
121.0738736826872
117.7833600793553
114.0048303694652
104.5813344500597
114.9510414928928
122.0387697500446
120.3281064687595
113.9443590342023
105.9440237448879
113.4202721953796
122.2669365664748
118.2455694449767
110.1042535777356
107.0670612416542
129.3315555924459
123.0850319347075
108.1455347540612
106.1936214016637
108.0429838499075
114.3565758859132
110.1169027747876
107.386356970441
121.2872420925141
110.0445524323886
111.4755203107504
112.3379408896482
117.3826181635257
105.1892343513437
107.057973500647
129.051178730664
113.1286901463113
112.1302397956594
108.2248202817238
108.1602519744088
118.4465552063715
121.0114309548566
111.2367140469838
110.4242961404362
113.0831653029318
108.6869646369897
120.6968457175003
111.9738964475976
113.0172448300107
111.4260661312689
115.0284089674422
106.4493776265413
112.0067073038744
107.1958314862993
110.0994507598975
112.4900031456559
115.884584896704
107.0311747003324
108.2814277240101
115.2406246475217
123.2595929464904
112.21435774553
108.3267089190906
114.1616336282249
113.1295069593279
107.16553153338
110.0448527914064
131.7622093582699
121.2341849707121
108.0491294332899
110.474665076874
113.1887044622469
113.4699805836346
108.1752297587752
110.6795738039318
106.1600934374017
127.4607631432574
116.1742769245516
106.1725843676503
122.0270787984458
113.2848204307056
114.0441737892181
113.9910699634728
115.1580584171939
112.1142613247269
109.4490669964969
119.9715367950869
112.1140961851855
113.0977775113718
118.4136402157526
120.24812079189
114.2264573434099
108.8500298847875
116.1868692862487
112.084815458937
114.0802450126863
120.3017891495669
106.296219326694
111.4267776175919
112.9539643336933
109.0712117976151
123.0059795801689
108.0843023852327
127.0046479633241
105.2794431524318
111.1288567453928
110.549280885402
108.455599555984
116.2108804485949
111.1668463097368
111.0583386994396
111.2001678281609
120.2238183085141
113.3975557191751
129.1368626448022
122.0482460948934
107.0398053552189
105.3647937520195
115.0549811104762
111.6291605523088
122.1486200312819
114.7357379053868
106.0584367110149
110.2319222235774
116.065977756846
109.5934999038731
122.4723434514305
114.3486878858479
116.9794896566873
117.1055852820815
114.5012948442061
109.1506623615203
122.2507668806125
111.5956112329751
113.097559277673
124.9144418452326
112.1003605516869
114.0088642425475
106.8368992604117
130.2537551168861
112.1682453428017
115.2519786535718
117.3876812354154
113.5269819843153
106.834178654276
120.0870714965063
111.0630443110321
116.6300732774105
122.4601074616967
112.0847844318169
115.5165991384346
118.1303589979467
112.3403258702266
108.4515726056054
113.0354861404159
110.9201190551433
120.0402653730268
105.0413691006184
117.5417429610961
104.7267157263729
121.6904300127393
105.561171816512
119.2715987867492
111.0994167651273
110.490847370283
106.2550970840056
113.2556873603014
120.2018953672675
112.049690750001
105.2725925536309
108.2258146665817
110.4223980087896
117.0832999472576
113.054998655017
119.0380634463256
112.1751391511584
114.3326727104242
112.0725754246366
117.3243722123117
106.3343264218877
122.3563864738804
111.0222421139054
109.0412377053136
108.1940021397423
107.2617059825177
108.363156291946
118.1513958655484
112.1224627853504
112.3181977661329
113.4145900742586
123.083312625542
105.2932389941243
110.1472460460767
109.4853551785283
111.0680107259638
108.0799699068042
112.3042170140688
107.5043442442266
111.1058154962383
110.2152175534924
114.7455442958769
112.3930290704082
111.2161999424459
122.5235723806042
115.3678212609464
113.0200426568914
115.4454454917647
108.2412083279182
118.0789932101962
111.0384404113998
118.1574318570517
116.029692279264
108.309175949535
108.4522015047751
115.9584608257746
111.1155984262235
114.3007644757831
119.3747749211685
108.025732918521
115.3620395580208
114.00694360129
117.0133006588953
108.3864112806061
126.0608655828762
108.2211831976072
111.1157420917189
116.3076392373264
120.2814078798731
122.6228156932504
117.1467872225139
118.2124493798647
111.0668012387682
118.0562087584977
106.676023772856
114.652677922385
122.6590013441995
105.0070749063538
111.2884571479347
114.0954593561371
114.2464283971146
114.2621329076614
117.5340068096515
112.1900309010429
113.3555986035718
106.083650284797
108.2526498013036
117.1724496095846
116.2714796696776
114.3083414267663
116.570704078907
106.069962001392
117.8415445952959
127.2563953676691
117.354966435512
109.1796750710821
108.6232728950855
107.1245330684077
117.5663868972476
104.9305763310608
114.9049596060031
110.3325698829
123.4517614074549
118.0838298005175
116.0177393077606
111.5017691967945
110.3891096249268
110.0968514600694
115.3914257455932
111.0942590048334
110.1194026992996
109.2288376534918
104.4171233727609
115.0375801158993
115.5168629103342
125.2672408659367
117.2053823216242
120.3797377623093
110.3233830442807
113.3424615195303
116.0403613148507
111.4952503034374
107.6413668630909
116.192399298859
105.9322938652318
109.290691559713
109.2388680163285
112.2007993960973
116.8183366070546
105.5876845388226
115.0627372490776
116.9810396357237
113.0791746239253
110.0677827541029
115.5092635576429
107.0829589124819
109.8358552093676
104.096879181954
123.1290493498218
111.8583766703409
108.176858688669
107.3265723018539
114.2979777906756
107.8835374938195
111.3165752118198
118.9685618121022
111.1304148387905
109.4080263954306
108.3320622248492
121.7359102345437
110.6122903945221
127.2640176110174
118.0270780988827
105.2132910326298
111.248947102611
110.0302219517538
114.9742943607024
114.4848315187171
123.1795765624552
107.0976755559775
124.0027107523574
110.0978093866429
105.3737506235598
106.0712782387826
111.064032617587
113.2213078467052
132.0322288786003
109.2025981756518
125.3617785822145
111.1737730941226
111.0642688886941
111.0727227514604
106.8582758957278
109.0596982867115
112.2241787654541
106.0779308465697
112.3092311946911
116.0805478539191
127.1882349426926
125.5966412371804
105.4446538163209
116.214713296649
114.2169134160734
112.1431732700126
108.6786173020724
109.1697293691534
105.0949780556341
118.0148873172567
104.8742613491342
108.0042116562057
109.5985121301356
119.4768355961199
104.9376213706195
113.1222401920882
108.8411934530424
118.2768526652578
107.6553839655242
107.1837883748618
113.6330457741699
104.7637914013937
109.0753455667348
109.0324559204015
112.0778913678146
106.5145848046584
107.1744443115245
108.7916430495507
111.1328537340746
112.3834293930374
110.0226295250509
105.1580342995679
109.4268274040373
109.0246848318031
117.0598951922098
110.221495070113
115.7266829161997
109.2924527044557
105.0060788635399
106.3872389453193
118.027596294447
115.0974870728447
107.082792719212
115.1287015791181
125.3680516802312
117.1677623737771
108.2988873467634
111.0378381305972
110.2747339145835
108.0388988009262
113.2364329233559
108.6595026826921
123.2189860291891
109.1217824907038
111.341997177657
106.2722576962592
110.0931855609943
110.1616437697443
116.3585390995998
106.229996676422
118.0408827256379
105.5672661728249
113.3793515679853
124.381350972125
126.1934533820775
107.7374516178764
110.1914356512124
109.5141758818321
110.1725186255971
120.0138082765113
106.0899256668085
107.0737361652511
107.4157630600504
111.0747506186813
110.3504277918343
127.1931806362766
116.6547901115166
109.1370396103464
107.2361333291875
117.6931964198623
114.9659996097992
109.0123922051482
116.2233411839108
113.9574371901493
116.4313132051856
114.0287200162895
130.1093129639169
112.1346355473388
132.1088884077539
107.0995428698781
118.6563827458665
115.0387701505148
111.2279975470508
107.8248028548655
122.119212750116
109.1454603252224
116.0486049353985
108.0427746622865
111.2684280898858
111.4671780385966
108.0954240891833
109.4537352484663
108.2676212291475
107.607215895124
110.6456918001651
124.0084316393452
105.2378563674628
117.3180431256985
110.3500190496267
115.165453423842
115.5134076819235
119.3614580923231
113.6303908544827
107.1148745943598
125.0963357049302
104.2392591069708
110.3277096467357
108.5178641100788
113.3013249968128
110.0492847262311
108.4702465751903
112.2705201132614
112.1798268467039
106.4428094672994
124.007989610971
111.0083368426873
107.2296686096628
113.2709836663491
120.3284339435556
120.0514948513791
121.4460274159481
112.5549749601487
106.1260157597681
105.0617964454013
116.0162698878599
107.0145155746016
122.6275896922136
119.361479890813
114.1217714328501
111.0213621863653
107.6108408640914
111.3444696274091
112.2598132964053
107.1963957764281
119.3885811706451
120.1710232127349
108.0164259489475
121.1800082034402
110.3973082733498
110.0570105131981
112.294221375052
105.3347727938822
112.9861785573908
121.0098966629221
107.2107128599557
117.2036785591992
113.4703818050058
106.453534737806
109.0665190117387
109.6015445858184
114.2360956315564
116.25039749844
114.0657081738956
111.048378234866
107.0136086475084
107.1414467986
105.3183703994801
114.5246742712079
125.189407230276
119.1235670293122
110.3007155072532
120.567077766195
110.0296722250444
109.1751735715206
114.2643074465468
116.0494206016305
109.5685676039759
116.0830983222269
110.25059720659
109.3379436983949
118.1007544287824
123.7263697900249
127.105682934969
110.1221635951101
122.4625678171436
111.0835102549026
115.8415621273108
123.1065981476827
115.1069367817435
109.0245013794934
110.4133689548433
109.2361221633147
109.0881783208689
117.0896237262093
109.6092238184385
114.8017024250596
106.7120281281295
116.3174273161105
107.3894249939432
113.3800505753499
108.3237175501632
117.0408258859416
109.1206457438141
111.352719566113
121.0381222494376
117.407863599904
113.2630411397672
111.1172063109296
108.1558850930412
111.0801377482574
120.1880544120157
107.2201584446271
115.1270229090502
116.1400958627822
106.1861728170939
119.1888322858309
116.1226440773963
109.1270826198257
109.0239062415545
113.1856532443731
112.2325084278207
132.322461501799
116.1052954795342
115.0718723798329
105.0531772676187
123.0416544267274
107.1930806364545
111.0199551198391
111.1824295275126
115.0087230846583
105.2493355294951
109.2995018192086
117.1276548456993
115.9867192924182
107.0105263930068
106.4731417475097
113.0546541726194
131.0695232577526
112.0143070375743
104.2120806581615
113.5584980082536
106.9849028979253
112.3304052443712
110.2560040269096
105.1071046451066
110.1039676509549
105.4966258841499
114.1542211428357
107.0628267380953
104.0514370418509
109.1485984592206
113.6753001778504
109.9153560347536
110.4818118678548
108.0206278584116
116.0913280579439
109.0313662677879
112.4906984179188
108.2785615122852
113.2751378232365
106.1833160425086
113.3773951763022
107.5973505528527
109.4169220414978
109.2117150678842
107.3130949889119
106.0413758147856
113.2517591487314
116.0114428195
105.0992364942481
104.6096993924968
115.7686474222095
109.0798651829386
113.8269251563937
110.1515233381537
125.0238991044424
110.3916501195068
112.1008813701786
116.4572899877382
111.1797897644798
107.107321048156
108.9521007898887
125.1518409799641
112.2280869242469
107.0652606208711
113.5700504812161
113.1919141611911
114.599449275896
108.1191223694659
110.5521193166989
121.6886149117258
108.0162738945192
111.3869836420528
113.158420578948
117.5266291837947
113.2266749704298
107.7208675411411
111.0095673064228
118.9731102037652
121.281466290299
115.2313813767761
117.2196632143902
119.1149912529042
109.0111548997633
113.3865717945346
105.1440087649009
118.1887653192411
110.2524117058032
111.2838857677687
107.5844605831987
107.4584557904361
106.7979752805045
120.1429646297646
112.0509313001371
113.0420863464896
108.7350881689162
107.1483223089225
105.0171534557066
107.0765800577835
116.287255641384
106.2783372600232
119.5297208373586
121.5676499958365
117.0075560790763
111.0213629911681
124.2111896858065
108.1909644156391
113.0628466399182
106.5535815971281
109.2244046067851
121.1874846214813
110.4915205492345
122.5601140006192
113.1598539352055
114.0495696561459
108.1051782471094
111.5179047813859
108.1830229933394
118.0493828131909
110.070713053293
123.1089635013672
117.313902296296
113.30886486348
116.1006694425054
109.3222843581078
105.2124316483555
111.2341314384376
114.1286436709643
107.1127258532343
112.0623889423407
106.9522391753857
113.4587621887821
109.122732784121
119.3548997949574
111.4982889465915
123.0934307401075
109.0877489260447
105.3195054822536
119.2104092728786
112.3281759772297
107.4387799158799
109.0417850691636
108.6839523480209
111.041451069576
104.0371389641138
105.1628007734633
114.7084563955821
118.4110309657879
109.6646156747221
121.812699878785
113.1454338740268
118.2631121170563
113.0518892033264
111.525360189833
128.2471221192148
112.5391571054195
115.0715641344917
111.6234034108037
108.8069930764351
112.1044816895424
113.1687783791305
110.7796535383964
110.5887351511473
112.2353961106305
114.8576994221654
109.0956651800503
108.0787718691994
114.7853922666262
111.0644224181349
111.7243504606413
115.2765956827473
111.3260769883115
119.7117027789808
111.1105267629503
110.443926978183
114.2148684998699
116.10708525967
114.3081652925579
113.2313965702781
109.1752982400321
119.0239831063485
113.05340493885
117.2413980599635
106.4977866149644
113.4813127582577
112.0941368270676
105.794255426712
112.3081015902998
111.5735625756799
115.1748998034039
112.0289005378201
115.7394016252113
110.9924404178154
112.2708634154889
114.0353500197491
119.0838767649822
111.6128235709706
115.1379318942564
104.7546847411391
104.1779066604807
117.516179303296
105.5459482506729
115.1616579581991
110.1711155810347
118.0926829715198
109.2808024143343
107.5029100032364
111.0297996504113
120.0492915965722
105.189592798696
117.0689817437275
104.5288262302566
115.0722886809132
116.0204869237728
110.0619188911043
111.7011430745031
119.5256175595249
116.0988586702884
105.1864546861243
107.3772347063984
112.1156068351312
108.2542747378062
108.0350688499942
116.2551210610285
124.8411715828886
114.1791322293358
127.7364860836685
105.110950010101
110.2328832835325
112.0638037765057
109.2450529341533
109.2503153273827
122.7790879768968
105.2547555002315
109.0466151930449
107.7874436760267
112.2010987422571
107.0158448267647
128.4224368193668
117.3952081562478
109.0572985112301
113.1207997576158
107.3565763146184
112.0792477334059
109.2279102387276
113.1491891594474
117.0262982860534
126.0875369894441
114.6276623725613
106.7143127516489
104.4635340796831
113.1962580685359
113.0379252586095
106.0459757721311
118.4721642625772
117.1083531378441
110.1492804902322
113.212586918162
109.1522292102681
108.0359107903107
133.2306056755172
119.0812255423829
115.6840991449476
113.0342862973827
113.4236663179059
116.0198768576164
114.5281404675042
106.0999539952114
125.8726363680603
113.6764568039683
115.3920744137838
112.1565993217136
113.345557740874
128.3548884645535
109.9902778056541
127.0686292453189
108.2479162365022
119.1296332097752
110.127246781612
112.140314525916
112.2650159001601
108.1125038567932
122.1704338629944
114.3495297650821
111.2956132644736
109.0392473565488
117.1691894154718
130.214167597475
109.0336601862875
113.2251236028138
105.5102710274395
110.8088732880003
116.8441189264553
106.6693779996476
109.3410858914444
113.5957240330552
127.4076150658292
118.0185557068533
111.9247673982991
112.6264774664698
113.1908709841966
109.0692953589903
105.1393686241782
113.2311153919491
114.3879344858864
111.310920154147
121.4375703133466
106.1330165696573
109.2200432394877
129.0741695883662
126.2828519655423
109.0620028911129
108.1120094913096
112.1304825732495
117.3368378486699
110.3983515179971
133.7845223796741
108.3967052261446
113.1586796922483
118.379134479861
113.6187735735222
110.3595804380681
110.2081542807125
112.3343421134718
110.0720966387624
119.4968788217752
110.0540065693729
107.1173936582287
116.3541737030085
111.2521180290823
114.100344630154
116.4259666688557
113.0063417733963
117.5977566585914
109.0295929475029
112.248266607252
115.5035406194404
117.0735431129273
106.118574673679
111.7199400073881
109.9226712955491
105.0669125971376
113.2760132744722
106.7421948603871
111.0548174170727
116.0561752574798
111.015271475526
110.4998201567872
112.1061159839687
118.9820832462687
116.4481855985495
113.2746485947665
108.2801384623989
109.0576783232222
107.2130472342021
106.0346702427946
114.12986818149
113.1821516114483
120.5540251354769
113.1844557747595
106.4232763959372
109.1956108802173
115.1476240180181
114.039358458306
110.4370178995255
115.0764670115855
109.4050529526081
112.0289260996519
110.5290986448357
111.4900348242207
104.4826213987468
124.120156263811
115.6435209113289
117.2428198995545
105.8477449425589
124.0462317022769
118.8077107686242
110.1777502093565
113.339757859288
113.3177236680964
113.0653114889449
116.0365156298183
119.1633918657858
111.8941613877585
109.2318850767225
111.1474724176275
123.0387504762199
109.1603560626726
119.9313773958526
114.4093107984906
118.5763637506107
110.0464522482
107.2721118412618
105.7227450012098
111.2079058596177
112.1033994936755
107.3414153699145
119.1344315118434
111.8507009035427
107.1486009191878
113.3290306574703
107.370481547228
119.3535904375655
127.0404541618311
111.1890605669722
113.5603715934802
109.0527555115632
115.2304895193445
112.0902842732693
117.4926206150517
112.2106864426053
116.1024082188014
105.0562769282713
114.0395231633151
111.6462637331093
114.4887831887594
107.2455563760469
109.1834840572526
114.6329599369663
110.4221319329714
112.0721112479418
104.1598837757124
112.2570939404614
105.0343077914822
104.525441362229
118.5502298625335
112.1988926021848
110.2520052192449
108.07396210732
109.0717225466684
111.3079342183018
110.0948218207318
110.0562735609177
110.1602005196786
111.0015748256687
111.0369103187865
114.4046555614937
133.5697428795503
105.0993563713741
113.0160153825689
114.2692579076955
109.5988197373359
108.9157151003262
106.0555132794222
128.0264779905336
118.7345316356432
114.0633215252373
110.2445411727561
105.0700848575311
104.9447873821861
112.1618230288891
113.0771708382799
121.1753458633812
124.601691977581
113.0225620919812
112.130432670855
121.0509631258427
112.165214112784
108.6147242432259
108.0662113872907
108.3975720405362
108.5764699737826
111.2224444120355
110.1021100319666
106.0937656157685
118.5249673132975
110.1053159669145
113.9036801530706
111.4362915892081
115.3214336601173
120.2277264256852
122.8547329413326
106.1669693587434
108.5208589094725
114.0979892811638
118.1928952242941
107.1261505800316
109.5456275249505
110.7331571999892
113.0209189270821
129.5727668188184
107.1183227583343
110.8285759647602
112.0748467085776
116.3774138181455
109.721820080218
105.5282816190826
109.1225475183376
121.5347815201561
108.3201027813832
105.19537099957
123.8831693779948
123.0625084099995
108.1352999564001
120.0219288905856
108.9505490662533
108.0319396755408
108.630381830117
120.6088028634444
113.0869951845273
119.3290859480813
108.4507548833777
110.093811723413
111.7464037173971
109.0384146952909
107.2135520708129
114.3329433905526
113.6119194567685
108.0228483682062
127.2052236930452
107.3842223002955
116.0986861902865
111.1936731099617
110.4989251756558
128.0814754806094
106.0855256267828
109.174629766856
106.1649405000297
111.0839923451275
112.4794871261832
117.2111848358438
104.3437287165407
118.0040180917826
113.143913271324
107.3594118200864
117.3391936116978
130.3811557184174
109.614304964098
106.2793324449896
128.0729782246901
107.5484382882226
105.1608866079564
125.168528583514
111.1879516186051
109.0060258994882
108.1432860787036
118.2672600146304
110.1016902091665
113.1928568647641
121.2197118574759
119.1632918864705
113.2855595774882
112.1834655357065
109.1327073223944
114.1420654170761
110.2789348358515
110.739929021042
110.0875345346121
119.0459701385486
116.1502033543553
109.2708069853824
118.3840449084246
121.0465899569169
109.3935311380422
116.035408909884
112.103630841593
106.0657965099692
108.1582393337428
120.0767705569798
109.0584875402509
105.7256392570009
109.3155521104089
108.1774696930071
106.2788598530329
113.7123691924381
112.2400381123191
107.6166624335744
109.614928174443
127.1991228657882
116.5797868714047
116.0509905205112
118.0779114321635
119.3451790273062
120.4667647640597
117.624166829024
105.6739606600995
127.2959906117103
124.0017888555213
111.3353591169771
112.3816202370147
112.0430023888855
113.3946427958438
109.0545544020716
109.6463691481942
131.1446314460368
106.4031557110338
111.293958035244
123.1430384644756
115.9310338500401
133.0029258574778
108.0404633728049
106.155508180395
112.3027169180261
114.1356885339622
106.3571259378846
111.0697217555653
109.2809908929466
108.3781168978466
111.2768704771742
126.9772657052183
109.5011746244542
108.0053374117876
111.2146721092218
106.4565652811651
109.595225971271
119.0720342359988
111.1126594553373
114.0007308900242
106.0445903786192
108.0294592938993
116.054487160902
108.1718110685402
108.3054046860514
119.1994229394953
114.3381848511399
110.1013630556178
107.308376751691
107.6053521666746
127.0259340142134
111.3288234670217
107.1292396179594
123.158337437967
113.856997378559
111.6040130357235
113.0697603620062
107.4998447772556
109.0071093173412
113.5269418356517
117.0330719863119
108.0445209197421
118.0315760616608
116.5177762804077
110.2214896154788
115.1154850298178
113.4636584503086
115.0263322849794
110.6367211979711
106.1236111809813
124.2110638335113
106.8204816269651
120.0655020462815
110.3506713030716
113.1917657714213
115.3769515909659
122.3709300988456
109.5301500978207
109.42116236547
110.3019714279277
114.3925367026165
107.1347362049668
111.4706435322814
105.0110000220467
111.0683230872531
110.977924106117
104.3712037235394
129.8336613363602
112.0825301368387
110.2128169864586
117.8432740098286
115.423416825724
110.1584438584905
129.3676274917957
107.5702815371079
109.5380323449569
115.091690590808
108.203338804406
108.0260768255165
114.0789184918935
104.6069232158979
108.6855148156952
111.1279868389927
105.2465749032792
114.0308348504233
104.027415253325
115.6400630184048
108.1093353422641
124.3695861334296
106.4612051956497
107.1016057088188
116.312923238436
114.0046066264146
106.7754539101363
115.0246468382082
118.0042029970276
122.1679329002875
109.5400005236532
108.1070516991984
129.6103043932621
108.0549067833535
109.3586706932243
111.1428325872678
126.2327885513923
104.5207699400739
113.2478626248538
113.4907074834038
130.1068615332162
114.5809765683754
115.6708215841719
116.5453106575349
114.0550764301704
112.5949485867516
114.1303087828971
112.0816535105286
111.093684151401
115.1655968488686
109.861780497144
106.215018674631
111.1235285397998
107.3059575581257
122.0190918124058
110.2382396026587
112.1371563594868
110.170201719882
107.1283422197156
111.0836035613506
108.9097157849693
113.0465743940485
111.1635021107703
115.8239353549188
110.5254417256867
109.3997730253291
113.0031721120894
109.2220548785289
108.1514899403242
123.1945750267721
111.0507949772199
108.0508274698283
117.4440251662258
117.3580614589633
118.1237278165788
105.0363373018636
112.1708951068968
114.0563286053812
127.1044040590898
110.172570987583
114.4740922339248
111.7734865279152
116.1777339516609
119.0045240143664
121.1820925090132
115.0053876672529
112.1771166050795
113.2082967950942
113.1633998593464
111.1207806234876
112.3338873691058
115.1842339742987
109.1946960889294
117.6741131995032
116.2663087416729
114.068844465762
107.4268189667952
110.5274071258626
115.1584095111715
110.3569676848288
109.3229347150679
117.0810068667075
110.1216632174394
115.2135951615395
113.1238631905633
109.1505519704495
113.2934677237778
114.4583809196101
106.1285197484971
117.0933969577237
118.4762718965047
109.1149159123063
113.2859573883369
109.3387501958196
112.5827984469822
105.0030067465416
111.0601195519615
109.0692035831371
119.0504057756725
