33.1196603617331
34.26402580213563
33.96404969045929
33.66644218694841
33.50545444414604
33.09642928668067
33.10351329050287
33.092681723451
33.16009834477141
33.12249804329564
34.07631995859801
33.18354674409589
33.06820482835036
33.61077771405203
33.26642264163265
33.16359325650921
33.08427808126629
34.74814186312881
33.10484067868786
33.29635125864742
33.92706376222662
33.39222491537536
33.40888010898196
33.16145343215018
33.13313976437654
33.45401483956068
33.4387720457307
33.22557478540412
33.33084945971827
33.65125639687233
33.628505981403
34.12932188031179
33.35840376174421
33.61128830886625
33.04918257487974
34.52836251410907
33.56373176856845
33.58790364080569
33.08291361109338
33.40144747962598
33.23593325243165
33.46603351259852
33.61229772274456
33.40259125515421
33.94506557294724
33.4187642764347
33.37430072809233
33.6168427279389
33.12305874814709
33.19147963452478
33.60329426847753
33.96376486968411
33.12963279082708
33.44306529551555
33.39739146333393
33.18138104945626
33.5196401382197
34.24994508701242
33.34943277141305
33.1113914598027
33.36069277205218
33.80418008476076
34.01326775390423
33.63288270653634
33.67665795211059
33.16788695858926
33.95304468580438
34.14064273309317
33.55519019008588
33.26442534401593
33.13795160968286
33.76156410949743
33.10896874981821
33.40794436244635
33.30875033586064
33.17142795710964
33.31014791613728
33.32334507659504
33.15303739719378
34.18723686933289
33.17408260247782
33.06664544916745
33.64950807371411
33.3703021933441
33.25472607937517
34.11032931805271
33.0971222934209
33.65529805608012
34.03055255916217
33.42625970263531
33.75314004498848
34.04538435482129
33.67835033533261
33.83156723940682
33.53744067074156
33.35803645620601
33.31029191687255
34.27613787116502
33.51459802162901
33.22799713365009
33.14921859165259
33.04472538403525
33.54967177623531
33.5282177125402
33.81028128457749
34.30557822285459
33.31487440638658
34.83115879251919
34.51117221875317
33.27021848233186
33.34541959699024
34.89762484480259
33.37980099206652
33.32583547765994
33.55425391825189
33.48699808317276
33.28745179285965
33.06690484635406
34.13652086450044
33.51086457147285
33.26468799905634
33.52005082118224
33.29654414974922
33.16998063334223
33.31615633780095
33.65202607179316
33.53321699274818
33.34343127847102
33.80328992857663
33.21073827268501
33.27951639463897
33.022230519242
33.78769296407062
33.50851519339981
33.54198602175085
33.93774887972313
33.58126955342684
33.42843825255791
33.25508801487135
33.40712175210307
33.38856374045327
33.26493218317414
33.20584513319007
33.21034522560271
33.89648617182978
33.02644187933328
33.43922671532665
33.95438361031754
33.02773566010296
33.46328031430421
33.58005707615245
34.31019559344952
33.35835962090119
33.36027019683989
33.43009079827708
33.08797478329898
33.49762887035009
33.40504568474997
33.5195832863339
33.75649769181289
33.18343208605609
33.22167968329604
34.02689889861279
33.56259890860407
33.11122439142737
33.46193721808745
33.93182412857274
33.29034639748709
33.61445777904996
33.08159969157203
33.32753977607567
33.71447783053844
33.1551008379098
33.53125570958957
33.83029255041441
33.35030247006097
33.36525724842857
33.40169665073897
33.09702414570603
33.37844376996632
34.1465688691301
33.36876367898473
33.68106681013096
33.39973284741691
33.10445912812296
33.33756711916832
33.23818303349399
33.74393172709222
33.70306105745333
33.66524815413953
33.45326550780081
33.29814112224414
33.12852426104987
33.26865144930715
33.5549777047075
34.04697059791663
33.66084328294414
33.36075824248995
33.66746609075176
33.74155540583222
33.1290663793908
33.02345980346765
33.15975635994205
33.40597219936117
34.52374976202938
34.78492498250126
33.60735316792771
33.64858238430939
33.63313117241052
33.63147917069465
33.57482223980625
33.59162810585065
33.38081463820451
33.81135742267053
33.55328156410751
33.74525110777951
33.37941333291579
34.01279054719455
34.30942214496958
34.00604649761694
33.48662250256454
33.94330552223729
33.22940410381818
33.15368885526232
33.34993712225203
34.26651654710513
33.2946235564117
33.5830706400921
34.28966044029104
33.84155961010425
33.50759122509066
33.47671007631652
33.06753459846127
33.64205137896445
33.16281606984119
33.54410527109649
34.16455280917246
33.32292511275537
33.20961998595531
35.17515788974352
33.23244420388329
33.20082312874991
33.16540385494489
33.40267140382116
33.46351251443313
33.54400009726677
33.39580029943866
33.3019469597309
33.33170278213207
33.07717884551911
33.3190867714574
33.14002822093453
33.72727687283751
33.13529448731047
33.11999835244833
33.50280835425104
33.66262884564016
33.53453572607823
33.71471672007568
33.63739197314181
33.35520796030802
33.17084672380636
33.44988991389263
33.33173131168368
34.36567936526036
33.34034231105654
33.80106944399016
33.88149066240853
33.68112663049823
33.90158723992732
33.8404495858987
33.34425242429516
33.14563238770824
33.01353078436394
33.20980241989135
34.76526348777208
33.48824060585419
33.04393931540343
33.12009162039211
34.30235041652328
33.41373758610513
33.14388585933929
33.90145331293796
33.20734520677896
33.29091811906827
33.21346898890305
33.54195922407943
33.52723639656135
33.54009303760607
33.62703602332154
33.59881582442124
33.34326674307292
33.66019242234913
33.93562647993107
33.48105699260038
33.68086587061224
33.34805881448592
33.49053909305044
33.53272923579882
33.19871338050813
33.31920445461107
33.22147557488493
34.0585678820206
33.20639498389107
33.16425054295795
33.63396280649825
34.14704086837021
33.55812834303547
33.37148194535644
33.50107760601374
33.24202231877608
33.42944782299948
33.33049936766238
33.21651596543802
33.25967091037004
33.28003362605877
33.15819979372031
34.05870477492478
33.060661260216
33.07765633015336
33.15643848980017
33.17638913327401
33.25453516676905
33.34525492527027
33.7357053516832
34.65999509583546
33.46973517981659
33.55688498468785
33.83592366873723
33.9545394812234
33.26955721183971
33.3248196115918
33.54847938827398
33.73954649703219
33.84536845113456
33.64028598405646
33.31771768905828
33.7991270918702
33.45432468679459
33.22494171136838
33.28434841468381
33.17015983518517
33.27317844773309
33.23353507836944
33.76303918551387
33.076610193047
33.85256285351394
34.20000097320332
33.59597892035755
33.75464833537807
33.16740283809715
33.18663031445275
33.65277789517592
33.79611275747014
33.44912706944795
33.57997858087791
33.235120727972
33.43250932022297
33.9120150881987
33.15376965138844
33.22049731695772
33.80680972527787
33.16302843687703
33.05176671033896
34.30479695482708
33.95715576887994
33.16813466537982
33.06508620768635
33.62175913689857
33.32340877994596
33.22613831188812
33.63529458988841
34.22062788545942
33.48212181070429
33.54914373279528
33.90059185253101
34.14982149773535
33.58440348429398
33.78057645219274
33.11673139925934
33.19621092197887
33.54446182371794
33.50398089084569
33.81116254814403
33.41183459470565
33.86007754445973
33.03735942693207
33.46947995938149
33.84627283566803
33.36171740953859
33.08414116844507
33.70360530705577
33.21310420299289
33.33805327762033
33.56009466724741
34.24026524934744
33.5048939595928
33.54633325134148
33.09585099954757
33.72254154588239
33.183244614679
33.33059944901097
33.10910407532487
33.8573233154963
34.30469509472322
34.0004405801377
33.63123574551652
33.73257612159463
33.13235373493556
33.65667252735824
33.31163951717892
33.18726256965027
33.84786163827371
33.24974777092844
33.0849008013241
34.02896792270835
33.27822754854729
33.17968112006444
33.25002959425053
35.17998582033608
33.208385923431
33.92931544861176
33.2160709599633
33.39691688012268
33.53838216442179
33.16939799610098
33.6474322424038
33.49897727968951
33.29274982250832
33.85004095814893
34.74181171655408
33.38375460053508
33.51096316529127
33.35499974041836
33.71054503590606
33.34784597038951
34.15733338345927
33.1018534093601
33.47417342338974
33.96630478238479
33.30781112584714
33.18326615222227
33.45833920032875
34.13189737967495
34.09409353280558
33.13961586235033
33.18238396170094
33.07371037849895
33.28705775691104
33.22455994624895
33.5540209268076
33.39520276586569
33.25298767930192
33.853670798506
33.34568564393246
33.46048081257985
34.27506115956897
33.69082457638009
33.86568029531019
33.62982539854907
33.06407414180771
33.16039279077477
33.01853929342781
33.24246143797471
33.58367664380233
33.30895658719878
33.52478818220476
33.13182825677855
33.09374620926666
33.28116110883236
33.16292841009017
33.5554259134533
33.33820359529162
33.08015947696072
33.02060534804802
33.49904627299789
34.06283030376388
33.54829296644352
33.27110226551481
33.48837932272749
33.52076591402487
33.08812337237237
33.35288555961222
33.1368248314926
33.15254368529824
33.25340677553252
33.94067860286612
33.55680219544959
33.77338668294225
34.49624802116355
33.27540933793413
33.2679199533293
33.20688852088689
33.90249310205323
33.25366880597836
33.9243922163794
33.31394729284435
33.38653599316165
33.29665342189661
33.64376086311127
33.36466440130643
33.1607238823736
34.15990181012965
33.65872369030065
33.39635241968098
33.61688611330996
33.48149241337173
33.91714645742442
33.37871967460606
33.55573088373236
33.95503051184949
33.64205838364896
33.60072846378543
33.29341128620393
33.17521780637984
33.52878629375991
33.33751263944075
33.41190770990862
33.43578939847261
33.45588225314128
34.09817413960325
33.3521727563769
33.86948189903176
34.58095827574617
33.32055532286137
33.83403695625129
33.12482781712183
34.06905288277774
33.39572296801724
33.4363782797737
33.63777849111057
33.25939934785757
34.06726689303798
33.57121867347935
33.3850076495768
34.39718743111924
33.13623622623659
33.6281444981862
33.59995690021391
33.46586529387581
33.99197427097121
33.11514744928423
33.45235042385708
33.06842611632894
33.15024950471206
33.62099921703916
33.43798405549521
34.19994679152427
33.26372378047395
33.22399850177233
33.43346153073349
34.42902331626364
33.11568049084971
33.32121728628841
34.00663834322221
34.10722638370191
33.16341073849923
34.04722228062139
33.22669207427758
34.22684936381819
34.01747609227763
33.49582556750326
33.13094795873992
33.80133272076393
33.91369973167806
33.35082454976649
33.47407047337503
33.07930000221333
33.51941174188402
33.54046919304528
33.62062279018402
33.38899775960233
33.81359430763575
33.72308114243523
33.62406073897091
33.62193093293867
34.59250550530432
33.29131602567877
33.62244714495046
33.25708746413489
33.20288140326682
33.579663714216
33.28256838978874
33.40795886486662
33.71660885849172
33.46590618111355
33.70682140834184
33.29711383431259
34.88224570409542
33.69338600179535
33.38146813325437
33.46097984424289
33.45561656107168
33.33554801910363
33.52759461749105
33.47870350952736
34.41864736173818
33.96575438108989
33.5142662726551
34.19636978484035
33.79194653272632
33.03480735415526
33.3976443317067
33.05333770546447
33.08752018847925
33.40957565691077
33.30622428497119
34.35740850738475
33.87608189137979
33.49703489809975
33.76676963532108
33.17986857332566
33.9136058657658
33.94913270869174
33.69791790618073
34.44667639429125
33.52808468261984
33.90097065182668
34.0084747657146
33.37540860468645
33.99082977768154
33.79859745374635
34.05892552412951
33.20110038092819
33.20361555493494
33.66901588182707
33.52487286488704
33.40757641109111
33.37371136562898
33.4432519420564
33.15853776371585
34.01913457238139
33.42828199822852
33.37753815184178
33.03440327940157
33.50306649599955
33.56337010430289
33.26816740755896
34.25925095250444
33.44613594418163
33.47563755251842
33.63249377679971
33.10546270137889
33.19950002639614
34.05126425329582
33.90333614619725
33.76783350998878
33.34022615472203
33.64675955910958
33.23588189656171
33.48449031449007
33.94897030976512
33.52579056900735
33.8274996874444
33.26318749938183
33.18875721023329
34.00249433782685
33.13834294210356
34.07226096573255
33.74553113433671
34.11854393844506
33.25599527032363
33.69391624846845
33.43196078046142
33.19862789226577
33.39991450534139
33.70527404190078
33.13848092837199
33.93442290990063
34.29042284231226
33.79209593930918
33.65698160708794
33.57651565759939
33.25638256197666
33.29706559490245
34.05223702004176
35.0054316673945
33.46816430634109
33.93888434631902
35.12244203373564
33.71592036563755
34.22110769081348
33.41146951580927
34.170972105814
33.29697435373112
33.64316992714195
33.42869066186758
33.09386538193153
33.23249655518696
33.13132863743638
33.31551544732873
33.62615820792245
33.46658627471108
33.17261117082351
33.50204665968065
33.77930073398665
33.69832429907262
33.78146061965881
34.67200001522617
33.45319000817833
34.49695173783766
34.37824118278521
33.27768896350513
33.45501584180116
33.44315674341119
33.30649716393552
33.58555914420457
33.27011475468679
33.37316781034411
33.67670585998175
33.07335265205511
33.3680456115882
33.10714141097826
33.11909154921887
33.61554939026718
33.22482983649176
33.47998587931729
33.18161841468355
33.98190384233118
33.38722592971356
33.66081822430958
33.67423966773533
33.24808694014315
33.38829308513407
33.17576717027732
34.23485821917326
33.81563956012881
34.02230610761142
33.1340116042017
33.11596464429729
33.31942582648968
33.69690792173106
33.65201939712912
33.30947733355757
33.22605410515458
33.09168118185904
33.55777109189206
34.26821102124815
33.30631116105265
33.6471474856054
33.71251888197462
33.15104047681712
33.13675100110677
34.13560436003928
33.24398773603301
33.20844937791528
34.1498377601556
33.07248855835114
33.38521716650533
33.09242932175251
34.06423007040368
33.11130871117462
33.05959941191119
33.21547909885695
33.71936671298294
33.29235644909809
33.11115421989783
33.91347000016906
33.28147787609224
33.20877935880524
33.28474017089187
33.69461903431456
33.77936087788201
33.53091009120374
33.22486711711667
33.26754574794042
33.38362971540081
33.0632556407414
33.16567174177018
33.49786811624567
33.65978269538421
34.23312155669803
33.41644279057132
33.34908416284906
33.19358882239336
33.10561199905208
33.47461486249805
33.4472215712102
33.12551725221608
33.45434407779852
33.91259030654899
33.47619824429435
33.32722403947741
33.24700322654504
33.33521069016989
33.45941022655522
33.22851919935395
33.29362614253063
33.62324839814701
33.70230881955445
33.62902417709995
33.22008868441791
33.4743245092744
33.65043583934052
33.29061511721716
33.60602020969823
33.20650800296821
33.24754502385077
34.21323108981943
33.58601352707247
33.78799369636894
33.41946358321211
33.5951567726314
33.8097293525101
34.56370647664767
33.41518863915954
33.10678412696652
33.26903349556019
33.17822010828096
33.15523021038824
33.08528901908745
33.2660408665616
34.3893518779613
33.36538637981356
33.16049883129857
33.39675382636322
33.36448304223117
33.62443328798926
34.41261911745786
33.27142759835814
33.22739767321107
34.07299472529879
33.7507425722394
33.40564965478886
33.30531244435107
33.32010152796565
34.21078016518645
34.07679371357532
33.10671450059185
33.141526427013
33.08322807369162
33.20936802053533
33.5526436888328
33.41538452755741
33.55028780519082
33.31712270318778
33.42133801423507
33.40130228464746
33.59892023646717
33.2320041457731
33.11917327969658
33.37922027823246
33.15434687743786
33.19051072216522
33.78580580521042
33.96608690161444
33.17100067406914
33.214918079822
33.46954556192934
34.28925893750646
33.14015443882306
33.63795962599388
33.1989227159147
33.01122426429264
33.75062191899585
34.07588232296649
33.45003884967942
33.45928066861055
33.83376751470339
34.19178717226825
33.53473623636023
34.76694415365132
33.5201828519554
33.25765295271712
33.33785512006202
33.37030582129334
33.05441669390704
33.21637384926988
33.40958957541881
33.2367099496109
33.43058476485621
33.08107443865389
33.7095524030127
35.37394643741184
33.52189831422105
33.11808194843181
33.27075090866443
33.1272623838606
33.56566879283885
33.45553837629259
33.53175167616187
33.32011770785527
33.25668618596464
33.3166037060059
34.36196105633437
33.57101925179282
33.75494639058434
34.07539717645154
33.45908947553605
33.30546698099028
33.22793484970666
33.21195804259479
33.39522656968083
33.49762477501264
33.22072987645706
34.26007415347497
34.38055715532855
33.18360236837995
34.16973647585298
33.36238612246718
33.62912823832082
33.33932402532744
33.56138500366754
33.28323493304966
33.86289666327824
33.49096859330767
33.3188686946522
33.49568494211566
33.4186858616502
33.58543876804394
33.42501218311166
33.14966577596996
33.68866856579526
33.12298567201881
33.57454772864724
33.51704522084158
33.73686408368745
33.54540604770568
33.33483584622722
33.36632762879066
33.07307953275544
33.88646554463536
33.4986565548635
33.2288047978181
34.17243173594333
33.05430113148287
33.08108495668956
34.1118293736735
33.59668311525819
33.59945487628914
34.05781239782978
33.34191534454966
33.09713429193932
33.13651515398486
33.76113019053993
33.21610258534511
33.76430283491947
33.80145457286193
33.15781018101796
33.26705569061372
33.3571510097429
33.32843587750925
33.04029642475705
33.20068362645225
33.4217735894502
33.19988259302676
33.23051849486367
33.18643433358209
33.41046577782954
33.50511250731185
33.31989759923106
34.83509805705179
33.37023207024549
33.05500171873636
33.60142432880821
33.48684374228131
33.86088191365638
33.32552219340234
33.22602913219041
33.63136320761429
34.33073234617598
33.31259010459402
33.33214205987042
33.95913882259831
33.24962990435442
33.19904926794295
33.62046347311528
33.24171747032839
33.22709092739663
33.45353394787623
33.26879265363476
33.54251501891168
33.30560391224727
33.17720161914803
33.13197608179972
33.19207079106042
33.08831149027319
34.01901933416055
33.6495952439035
33.36124851804462
34.24374398797507
34.12475764181731
33.32234605346844
34.63182024291452
33.33616726172517
33.18566467042732
33.90548178370409
33.65335349176187
33.52000607840888
33.70079014960147
34.19315215966332
33.69204419510356
33.64710866744526
33.61881125800163
33.40109510130645
33.16122162495795
33.79286218165252
33.97956819956671
33.30555131991816
35.21709460821211
33.84596053179138
33.86446845281571
33.44918086565827
33.14723351899035
33.01689007320055
33.49678931610417
34.58718306017772
33.29326088186033
33.63029794386652
34.15471884126187
33.80192997883857
33.89767459753808
33.57120193177608
33.41769889292783
33.19891797104168
34.1106175116772
33.85646301988044
33.64875427856206
33.90555713760668
33.64846177011247
33.61778101212677
33.15808125309873
33.55344907133891
33.54202769639195
33.56384787211898
33.45715725996278
34.23623535547341
33.3233109964798
33.47362719116286
33.17222812794677
33.22863638788119
33.23999474589662
33.85764554466484
33.22256414017171
33.44037790576495
33.7206096066583
33.46636373156112
33.14984117180674
33.39259395786463
33.42655773139514
34.12440638119696
33.12908732316743
33.98296621039951
33.72555222084452
33.18479712885194
33.08913696100951
33.31983424859189
33.16898232630299
33.56475073426223
33.38179737230222
33.07617448382459
33.34686303983808
33.23046635085124
33.54127893452303
33.34476711877369
33.27388380269053
33.59619363185201
33.73818222652481
33.46239964544313
33.67101200582383
33.17927221106542
33.31668851595486
33.67596172878734
33.59317529268162
33.27963695357886
33.54530645528957
33.27062486876176
33.18584572998619
33.87925254384751
33.18531751982456
34.02637667587934
33.03067746735331
33.63505995755307
33.90848147960381
33.59173535706492
33.71284291720205
33.11017450254352
33.28995257789962
33.50208518494452
33.56206116221071
33.1869969866101
33.42588686377987
34.15473186469813
33.60297233044265
33.39843779240538
33.62272216816043
33.34808192518268
33.36756544054478
33.03056546862747
33.58678164680978
33.15044813138559
33.28710516170019
33.29221525961405
33.39475723973575
33.34821936492549
33.23212554460144
33.64689890181783
33.78019902447812
33.18720305992831
33.71851191962764
33.62380763753784
33.45375044123853
33.48254935964145
33.15056231771474
34.05236990931473
33.10277452716424
33.59645983198281
33.36390850548511
33.12596039592603
33.33405100604639
33.53261866629251
33.79255240668154
33.95266406477469
33.38462398175774
33.48116273245126
33.50856485717161
33.35947326773443
33.07076553414113
33.32972299916426
33.3785264730228
33.39809695593259
33.58528374729903
33.11919570871418
33.68577731140788
33.46622334181733
33.28228310744754
33.7978167930379
33.72279822870346
33.12136006207341
33.76241699608412
33.10932781382079
33.63047831775013
33.21079829527891
33.8187655562703
33.66117980841997
33.17515697376466
33.3826647544525
33.81047780694959
33.43968502614433
33.40119910955957
33.3259525589004
33.59174310683117
33.43057739284287
33.15061299009552
34.55088504320086
33.84809201663775
33.13885132775084
33.55180182983131
33.18071286212286
33.14394971154277
33.57103573900372
33.33448987244468
33.60251487489045
33.15565796833673
33.09930289684952
33.34303826300744
33.48475227470088
33.26280508148658
33.4501039568521
33.13918808945996
33.67179987922682
33.29499024365369
33.30989983580291
33.14654049958548
33.72764433382488
33.17852965759037
33.24044576935355
33.61707110709114
33.0482116682751
33.22840990099522
33.01269035619285
33.63755974801791
34.07209420950733
33.31779311019181
33.02819184129709
33.59240056857716
33.41709759788383
33.44100152703019
33.91253128284239
33.76416242788419
33.1885585093657
33.75756237832795
33.84378416062035
33.82673754558642
33.22499655190678
33.17402303951819
33.43573332881103
33.19537008346818
33.32812792139673
33.30071753253629
33.08000256474548
33.46780115781248
33.39917631253775
33.31519978120234
33.27689104723759
33.36537506732617
33.79520411315113
33.38941001484953
33.49342317742524
33.49291524732227
33.87179595549006
33.1019460606497
33.29497572551492
34.06120955760308
33.80231194628747
33.75031970623049
33.81937950671012
33.65449224768145
33.41784402291324
33.28772641163794
33.68353656645988
33.64834955559225
33.53302233541889
33.1100900298398
34.43793640545956
33.23609059786566
34.36055223510574
33.08471480822643
33.78755232064334
33.48161759332195
34.12026824979556
34.59129645613146
33.21916487248127
33.08765263624853
33.22806789001915
33.20823753737349
33.69492379151503
33.28562904935131
33.67763493807454
33.50023272525077
33.15126048963658
33.60146251731091
34.25149435596305
33.28235865561691
33.06082670572094
33.1490405811565
33.13792874049154
33.74159992019151
33.12216450917946
33.89778550137696
33.5105449418644
33.08516274190846
33.03434504165892
33.13109842536547
33.66713660993458
33.50581996177055
33.48088404735253
33.61865543846896
33.13815612815208
33.53609439062741
33.16945737284175
33.64493491434211
33.40716072003114
33.28476789217409
33.5458257005325
33.05864482918039
33.38913122081929
33.99324753281687
33.8743746744016
33.49920556151635
33.48418609800682
33.07096031183846
33.46627883003558
33.42129935301206
33.42683157290549
33.4301626593018
33.81097599554435
33.54670754827637
33.87427697847613
33.46400451621133
34.39573781630858
33.05068515271631
33.10017168254831
33.25967973183334
33.1599061598217
33.33150940370847
33.22524313394893
33.36322039691688
33.23162244676853
33.37734129704246
33.07955145252811
33.13112968452798
34.03169571250972
33.76841527442049
33.68878285156578
33.15185040585533
33.52152978128144
33.80907904380874
33.77385552155997
33.2149416009141
33.17106798456393
33.96900673722637
33.14158596970861
33.18912543967917
33.75254496923974
33.80140862985972
33.06867490222433
33.59195020359384
33.20073565067566
33.55061171720559
33.27745110742411
33.30313012856146
33.63819641186392
33.4318490052877
33.67335856341598
33.04396835026181
33.33186310543924
33.6729967965938
33.31477182427932
33.16600552054183
34.31736858440686
33.18439097663042
33.21491296740689
33.28747689925036
33.31875018957658
33.18671952973569
33.53797450213374
33.40168264666177
33.42309833798463
33.4081404283432
33.13011100357338
33.90813660604748
33.7405587503686
33.75731850069285
33.31713381047735
33.32306837746966
33.96914087763106
33.01729701342077
33.64743084192614
33.85710048083216
33.18286784054183
33.01309577599391
33.46450181481971
33.14252360588226
33.11318790828493
33.56191974976085
33.45770061884711
33.43075971518295
33.10403692859404
33.53868935355143
33.61011529265291
33.56017140688351
33.82006888217785
33.17592507426151
34.53061429310469
33.18270069504688
33.62764505198667
33.62234511220493
33.91666297083388
33.88959760447037
34.69614703161183
34.22851921939657
33.30478729268085
34.31906870245277
33.21607406838139
33.18463363000648
33.57671748396766
33.23663691142684
33.78596370542158
33.3901133241139
34.8327664477174
33.94462382110105
33.66631755659692
33.75520506453487
33.08920422967852
34.1197937224345
33.50268551028566
34.0059307432327
33.37372763607998
33.37404068285399
33.4959555461622
33.48168282826115
33.63159526559155
33.51667438669809
33.14315803338014
33.70395990617657
34.15596129580705
33.80160962567933
33.71076597795728
33.27079320334845
33.01752659620104
33.98299659827184
33.32219552857998
33.35648272039436
33.41984179857494
33.34831422367655
33.57064546150934
33.16856668426432
33.69495826816453
33.44942262240932
33.18311323950901
33.58136752696411
33.47185784076451
33.23908260862933
33.21751447215281
33.46083171899956
33.82625754959023
33.67135227604822
34.06563680585627
33.60482093047727
33.49770986188089
33.83704232179737
33.51011716612896
33.1505979550446
34.04691343983936
33.20930747725857
33.99927388110333
33.64556752401073
33.3270766411599
33.43647949338065
33.61393693201665
34.16748996972472
34.04977739428697
33.19565772115003
33.70728429199963
34.1135424384011
33.68944387809614
34.178188329794
33.91765826477007
33.3528389730475
34.03446350007837
33.70649879155441
33.3069892619795
34.22070855421672
33.39544425764613
33.62014247973642
33.36021311526638
33.43610401118382
33.39831697149855
33.89026568641294
33.75339659298795
33.2158915344062
33.81315699852227
33.69219396415539
33.56152598192129
33.2273524723396
33.39239681384185
34.53794349068898
33.34696039086166
33.625882650119
33.43556629133148
33.53477136722458
33.46726457748667
33.10806064698694
33.6503656186614
33.80134709889418
33.45701043659739
33.50338809599084
33.66625977396571
33.10074112890263
33.13333905899339
33.20609931549475
33.89456622549325
33.52995098952262
33.23133998102171
33.58732429686632
33.30808564519842
33.21829968474906
34.68859106493311
34.25768597455588
33.39772743087391
33.53852595124087
33.16176126145569
33.10623264805853
33.28211271865012
33.38065452882726
34.26737217716848
33.19532272117181
33.04406155718197
33.619129895247
34.78706584845396
33.26143107806046
33.47458403291705
33.51539620376366
33.53184003993174
34.05243359200426
33.12904443146678
33.40998455571459
34.25055342750604
33.63118228388521
33.34565773779443
33.14839414970907
33.42850965996969
33.63345378862614
33.20551856569238
33.3877660878099
33.25364109877111
34.5995405960149
33.62645735503685
33.9224540408663
33.02415955243315
33.50210621788985
33.26137358337253
33.18049240250796
33.21946296475373
33.74681292905439
33.28323153210225
33.72114611103667
33.18027440375297
33.41775511757523
33.20948126997961
34.06611229031126
33.33331610501749
33.39104164458085
34.36567618569106
33.93845729756777
33.29251335378301
33.48109180390666
33.29617499907985
33.58448353167287
33.37556668838621
33.42446511616833
33.98944954303307
33.54756102414613
33.88718665367082
33.75965668483605
33.1716629746703
33.36573255905529
33.07819220757904
34.65307725990586
33.42354101269481
33.58148925901227
33.26877630266993
33.15445000106604
33.17804121497658
33.60274604420415
33.37858170692762
34.02355199582275
33.00701861091355
34.20145881920907
33.68703702919412
33.11659093954429
33.36806388344971
34.08725678583255
33.20714760257546
33.17398989150188
33.31547091480137
33.37874281526665
33.11988236707901
33.5135289545674
34.01998812042367
33.2304022306944
34.41773679167301
33.89062590158792
33.41063208949896
33.69996621507781
34.0310736595287
33.32760968428175
33.32890528529869
33.65689177089484
33.25519753579584
33.60248716951353
33.11872401924835
33.08639466315926
33.1993332434775
33.56296307288994
33.08994216008815
33.93633051901482
33.8429590667858
34.5702015092596
33.98880198330739
33.14824260675579
33.81171580859422
33.23090779640655
33.17256580310185
33.12342932254213
33.55126821866035
33.22288442041054
33.18409821940921
33.62269886357144
33.62651628037302
33.20892551455184
33.38455575432403
33.73661372309612
34.13723585753389
33.15501468619392
33.70153386832062
34.6593854563018
33.52257093498063
33.30260765742195
33.24317337812275
33.37245901681302
33.74413867846583
33.01410293088632
33.84501395097787
33.31503178281365
33.25199753511608
33.23910535635364
33.72497107128272
33.79647879311491
33.52143465922789
33.38407748719201
33.93485228120166
33.47601194654133
33.45243405361116
33.25176995452543
34.15772882678002
33.77521805359241
33.60220442672982
33.53000942517507
34.6442807852905
33.60460003031702
33.09326572751256
33.3440339425248
34.1698995387903
33.064492170093
33.79878843742988
33.05529112569392
33.09935958762541
33.52821556680592
33.60156830848525
33.54938796117872
34.58301851488102
33.97283314596919
33.92563372742249
33.40334329546944
33.78441047507994
33.07683379352439
33.38462672045508
33.35516252126674
33.03465004638793
33.32017156773225
33.1148207804347
33.13408529538849
33.06941582718127
33.49529936823547
34.11245570849412
33.51461037075761
34.14855224768193
33.7609495400477
33.20338456448756
33.56725477248105
33.4535278352495
33.61727224612819
33.95020309200435
33.78852230153855
33.5547009916845
33.23892988559933
33.09566390397526
33.96402213873721
33.34987328977714
33.56899077617542
34.16514356472262
33.26216218248936
33.08601020614371
33.2018335065039
33.10708004868996
33.3759254898837
33.29175603723169
33.46841011299968
33.22949925260546
34.57862254984015
33.60703427891413
33.35047478283902
33.24287005949742
33.49338844015924
33.69267433697186
33.30336515855196
33.23524718349849
33.02944841425319
33.53784907955632
33.16500809562724
33.4624697457802
33.18464029729784
33.36619448335994
33.42371547452581
33.81222051384929
33.17225505982663
33.58969943003814
33.38122117184926
33.02606258447084
33.83626367952569
33.35424358799845
33.38487284381947
33.04408662994769
33.11563637758842
34.15087376424431
33.50821533753903
33.3498663550881
33.87019922699401
33.13726429225417
33.82266674617515
33.75910610742529
33.50589950946984
34.3174820803777
33.13519585269904
33.10123444027626
33.35397812206204
33.1150565275911
33.96051479821485
34.10708142267183
34.78519958051574
33.5980368087733
33.23670513219696
33.27825614434556
33.06079091645838
33.50194466983601
33.54149432704667
33.64938235170469
33.35679367865916
33.26325061664281
33.65448565619286
33.17968183207747
33.25151253705162
33.95855596443572
33.16179486363362
33.10195556021686
33.49277169438248
33.67779820580078
33.1945368034072
33.14471596648069
33.58107087138898
33.52876397054307
33.70621768313913
33.8929031595489
33.34117902173726
33.26752579555563
33.1093890453604
33.93634812042816
33.09163109987752
33.08401302006069
33.68362703340668
33.75904065791767
33.5826227786666
33.19757231191725
33.46790814338525
33.3641964113676
33.734481527676
33.73439292083193
34.8031754426752
33.2382949162248
33.9210210478421
33.30651491028966
33.24320921065815
33.09952796733319
33.11770217941852
33.92884145199997
33.38720561100409
33.09178254984032
33.78830136380152
33.23521954439126
34.10244337434212
33.05902279397988
33.32556806780901
33.29685298367883
33.56687242551694
33.11913102724615
33.32797915756706
33.0937789193744
33.62185162803133
33.21800942122861
33.43022592575264
33.1868666989943
33.35730748039855
33.29610517622205
33.30499071601091
33.14380081052685
33.31745730654563
33.42159167385115
33.31564171417271
33.32382304468146
33.06387364495517
34.23806907754392
33.37512118840702
33.73397818806628
33.71473953442215
33.60833545316222
33.18118454752511
33.26817688847875
34.11290183277274
33.27143817295639
33.24700073285104
33.18071807520126
33.69188047249216
33.15152887701962
33.04609699397366
33.61818883811415
33.17873391213956
33.51073782024923
33.34560172737933
33.08398908247287
33.21103482215298
33.54806128443764
33.29625001300771
33.54273568773416
33.5979179426405
33.02507787289455
33.58993034761736
33.48007482668112
33.61761003928128
33.54597765957593
33.68914725558084
33.58772729316808
33.99848551754175
33.66359328859713
33.42950730156725
33.50011618006539
33.26449426139093
33.49330267248061
33.13245327781401
33.41121792350928
33.95842658763284
33.50104308623603
33.26950564954333
33.61391987980256
33.11956982229185
33.08537191681618
33.38104530356279
33.13900031480248
33.07799631785889
33.30754074479147
33.46331527786069
33.06286367150182
33.56478461109835
33.40872499327337
33.71372119588145
33.97954331967539
33.1662120574169
33.10956580482298
33.29080442872634
33.50137173487504
33.19500182260543
33.09354088915865
33.15161162212056
33.50700403574566
33.47955859027988
33.73110567335999
33.42536576572081
33.40928310973961
34.70833708992978
33.29552570350201
33.30575403681515
33.29518073145203
33.09801674549691
33.54033667181159
33.33109427871632
33.35964615135743
34.07562158001753
33.39717796577661
33.36436832820058
33.318975436408
33.36971601695352
34.18922216529219
33.2725359185896
33.57501308551227
33.89785803452218
33.37434638975605
33.44465653193129
33.46988152888478
33.16946201299388
33.38245186934756
33.12827523833249
33.8729758467907
33.91556190775493
34.91079230605369
33.38192423909458
33.86128267400024
34.11931771754803
33.13626445725316
33.23624482352997
34.13732255093419
34.05898883158976
33.65996473452412
33.19674190384359
33.59956395100899
33.590514000267
33.47154625158397
34.22149048092606
33.45033665894066
33.65169071507577
33.34906510157496
33.1285070942396
33.97461045063299
34.28287050976128
33.61503974077631
33.15006077769458
33.16214041254238
33.3025588534389
33.74813960110865
34.61013984956382
33.93371410866394
33.06223916821987
33.87147545111542
33.7048517101297
33.25167352912614
33.39595620878295
33.61561307931553
33.97648033861283
33.03204314777377
33.35397103174727
33.31225022763283
33.08827702111473
33.20348792597706
33.74005525988357
34.37484833157082
33.56135226190884
33.63865217065685
34.60763691400072
33.23060257208697
33.25725706667137
33.41226999009891
33.89630679304485
33.93530346945265
33.93892475982917
33.13843315014186
33.19478207115353
33.46669310494884
33.79357474755138
33.63199144301223
33.71496736278851
34.24715717612795
33.15221258464661
33.07180760024465
33.85632604517778
34.06664294069235
33.05915809719905
33.34950370263013
33.35844299656537
33.25837351379636
34.27791173141546
33.62684811112364
34.6004345883284
33.22339146868661
33.18663019666766
33.33905548494288
33.24658286807126
33.14120280603301
34.62532146158108
33.28522219824682
33.58130753485491
33.66820833994139
33.43531743006805
33.81577874871391
33.63120751230223
33.39866550393478
33.37402852389497
33.39265820343469
33.73246439918434
33.17329447563197
33.1935333041509
33.09010315208041
33.86252054680242
33.17248502522695
33.77547919215188
33.75002127198825
33.59416497765607
33.0608264696538
33.19400517563002
33.15799198308213
33.44064693020946
33.16190554728336
33.88269548110977
33.1390749267404
33.24875968266901
33.09793080224268
33.91626979459865
33.36725700843928
33.35715655016968
34.08117608351017
33.21112001933066
33.7084672155338
33.26932239228039
33.23979486419543
33.61478299222918
33.2640043171056
33.33701775287766
34.00309762502058
33.25099777214828
33.07523062443104
33.63656337443926
33.09861290379928
33.32732492624228
33.67586551445187
33.22148201907015
33.11839156930353
33.12733474812654
33.81255522389299
33.4806271301377
33.14131727913195
33.90956887897043
33.18251403792896
33.70313416457723
33.49616814034048
33.65542407447267
33.43087930503732
33.30401928801908
33.43913013797016
33.48372294959625
33.61261616569163
34.03712341835917
33.08444265355399
33.62924914494861
34.46949231968644
33.57432004440463
33.04838315455973
33.17119699030345
33.55744658690027
33.34979168035623
33.59960770033285
