211.3863102980006
211.3899126731048
211.3028023080905
211.4116558419765
211.8099362733053
211.3103261803194
211.2716406433099
211.3422234606647
211.0640012023336
211.4836258002
211.4984395717928
211.138359226365
211.0589911089678
211.0020632358106
211.4687589967428
211.5971578630311
211.1639469849192
211.0851630049015
211.3491562496491
211.0643622659654
211.0023021122697
211.3839906343796
211.000394641661
211.1015132184174
211.3850253709359
211.6260286759342
211.1011741119966
211.0146328598639
211.3443234176862
211.2839637604942
211.6972008838509
211.1369239822718
211.7330524542965
211.4495570910889
211.4326325814514
211.5378890697286
211.35158178948
211.1424672689236
211.0800715484019
211.0132462742176
211.4323654005594
212.0187137273219
211.0038271053984
211.0794873918616
211.0119479910769
211.6032586773121
211.0446030844824
211.2516929973563
211.0703550499765
211.1436060211254
211.0737016745125
211.0495170828567
211.0278991769389
211.350288122232
211.1296867190202
211.2580364389654
211.1316376953788
211.1233684576815
211.0427576970914
211.734841131691
211.0082566190769
211.0371596561381
211.3072592259822
211.7610288689481
211.5125546742653
211.5025127750962
211.0891531639706
211.208838756471
211.2280591025429
211.5752557264957
211.4073075878415
211.0253353020725
211.5437014648267
212.0277094533626
211.0114189688805
211.4257811540847
211.2990062931069
211.0477338866385
211.215907488738
211.9117035936344
211.0230075942609
211.3464411976416
211.1982787372767
211.5193732026282
211.2504569704471
211.4024067580683
211.3685047597679
211.6644892728056
212.1714589815263
211.1624959195921
211.1164949477844
211.4457690521728
211.0251272279865
211.561558629255
211.0549196201986
211.3819589291285
211.0128549988626
211.4145889402975
211.6924200733373
211.0837561138503
211.7805806808495
211.2883618205808
211.0482736059612
211.6128036096929
211.2142735471011
211.0182555378975
211.848449919101
211.2258667282244
211.7323508071729
211.3980944948251
211.2580968139492
211.2978711551357
212.299338063829
211.2628183595477
211.4599049958626
211.1073663771452
211.1585636261173
211.3962697708274
211.2368733490271
211.2042856142762
211.3498159331015
211.3289621377631
211.5018499805422
211.5665354891954
211.1490476832649
211.0587424520216
211.7314936272923
211.2484562874952
211.7868858576318
211.2350650491007
211.3920102922963
211.1144030508991
211.2016727494365
211.0158799937387
211.2157839014049
211.0059843902593
211.3138929240061
211.0625913728305
211.2318701874158
211.0020136758436
211.2423193164746
211.0026097631724
211.0495406678558
211.2619264178657
211.2770001467254
211.2758317063834
211.164591533098
211.6269295486906
211.1205374960858
211.0869920559601
211.03467687023
211.370821958884
211.0230698964852
212.3519858698109
211.1061013022959
211.3981034899246
211.4003498043361
211.4650206089389
211.1602191928671
211.1448712295522
211.2271251967942
211.1831321855359
211.1355410930993
211.2099800650725
211.9286299604554
211.4560586790145
212.1340961499211
211.2139246991799
212.0341266465185
211.1123909560562
211.0197293067532
211.3104418969666
211.3498914414466
211.9641119924491
211.0945696970587
211.4283709176946
211.2550922759407
211.5376032982496
211.1380908385834
211.1983974581089
211.0185363392739
211.0207816944702
211.6010308751183
211.1532741104386
211.5962386106601
211.4114115421811
211.0508304747246
211.0756428952027
211.1604631985005
211.5320760112439
211.3649666938603
211.1364180813434
211.3190176530883
211.2030338734093
211.17520075261
211.1005434655273
211.2274741762129
211.3271280233958
211.1920202627632
211.6818308221155
211.2957247624645
211.5877811095503
211.4004213559765
211.0597611744442
211.1838563181581
211.5839260456846
211.0631125609613
211.3678043131431
211.2608949133362
211.0664312140604
211.7795943935311
211.4850813026208
211.2904860049879
211.2204167156123
211.9591533785791
211.3175098080626
211.2179463907562
211.3230017499302
211.1354757854141
211.5179714669619
211.9989063473449
211.0096813516282
211.8502336713144
211.0385442817509
211.1274891450667
211.2792350010657
211.1906410887147
211.5766800377675
211.4000848358231
211.2745882444884
211.0244047853425
211.0344599340484
211.462216938875
211.565596361989
211.3916022955168
211.2526181232409
211.1257457227141
211.6652682783143
211.0676543954979
211.4184815407721
211.1223167419533
211.0829256238642
211.1661381479578
211.262615104609
212.2818025880584
211.064617188099
211.1783158983745
211.9822060062199
211.5849337482348
211.0148359560291
211.1517562987848
212.3781477516449
211.8739764637441
211.3234989879937
211.4939823661361
211.1430246268735
211.4143020585965
211.5158795440095
211.1418280051967
211.1417291983206
211.1929621342057
211.1425624846409
211.4773318789651
211.0936785566537
211.0744420952005
211.2599917122241
211.0973836021153
211.1905134825154
211.0944528318054
211.1005209225355
211.4578616360733
212.1026724060889
211.5180413779014
211.1133026905403
211.1458873457704
211.1639473143334
211.2595935343665
211.3090499335421
211.6860602389887
211.1121458904572
211.3800373515423
211.328955660134
211.3461750009669
211.7332799791961
211.1476542272839
211.1283697737252
211.0811329248504
211.0137659515908
212.3199599320039
211.3847826998153
211.5199179669669
211.2330174022318
211.1010838621729
211.787868114224
211.1287529173171
211.0524510119944
211.0786876453342
213.7410124507451
211.7504737531468
211.5243629791541
211.4203648500771
211.5595786368891
211.0759879631652
211.2716483522505
211.0400673343029
211.2571950830425
213.2889042797347
211.2309695613492
211.6814382269478
211.1825905762874
211.216151748083
211.3053565959694
211.0136218417305
211.4462622195913
211.2050632446628
211.3801626140937
212.4024927547243
211.0919967042339
211.044624237332
211.0358542568855
212.5607216276592
211.1781388594576
211.1209970494847
211.9397419143129
211.0596940290785
211.394629665767
211.4084368482382
211.5409245025637
211.6128215565967
211.4081477447686
211.0464637943459
211.0136949387879
211.3081264076988
211.5329826412461
211.4297090186119
211.0919014023151
211.3365261000137
211.0670978033469
211.3144162823816
212.8056135741086
211.0499019754609
211.2149707516889
211.9001847732025
211.5592674508382
211.1832129137933
211.7171620252735
211.9115885533381
211.2895882148686
211.3548029530338
211.0782681920234
211.2135891319388
211.6729405240416
211.2945501349527
211.3360359075458
211.0021003187949
211.3135436292854
211.2350003035659
211.575191817256
211.1782569407383
211.5194982388004
211.1324162121314
211.3757690320233
211.4080933495229
212.0290326266674
211.1211777359714
211.151914763027
211.1210748007474
211.0277951365233
211.9824807786672
211.4831185943863
211.0500658049513
211.4665799102266
211.1559741446965
211.0387159160427
211.0662738483592
211.4024926754982
211.2514258674551
211.4318510237104
211.4358990519215
211.7152691595614
211.4144040460388
211.5823041846294
211.3161553492975
211.189115088003
211.2669460615338
211.7999384510135
211.178256346106
211.5808328566485
211.4718746718571
211.0646372430879
211.3271232434318
211.0509512045311
211.1381906178368
211.1087288453455
211.0001395850354
211.281521957729
211.2848223904972
211.081452091237
211.2205150095058
211.1119455070094
211.2812599468585
211.1137202376399
211.0677735233303
211.3193886461715
211.0947186515775
211.0782631648974
211.3121912658525
211.6696966076776
211.0107952233218
211.375156506524
211.314592001977
211.1850312438711
211.2251239983417
212.0914800701951
211.0090076058605
211.3635008599671
211.5702891134346
211.0436841115775
211.1003389079983
211.082674695419
211.3491055664626
211.3771922906116
211.267022178495
211.4873938865423
212.5340509479276
211.3217171045429
211.6301810894105
211.0343298201066
211.0241112282225
212.0623765871649
211.8685606592789
211.1207840728454
211.4253579643126
211.3103297146804
211.1651319848264
211.0136752923886
211.1561742298348
211.47689757818
211.5690956276267
211.4629414948423
211.2249327436294
211.2371412508019
211.002144093983
211.1929980048461
211.2466800862438
211.1508703012859
211.0855996378638
211.1619672681809
211.3113834304711
211.4651037054043
211.150619881121
211.0718000815786
211.0843749385902
211.848205934906
211.0159611431918
211.4208516131478
212.3444595131875
211.1446034658049
211.1885887999487
211.0925749915597
211.1938291397701
211.4975181628291
211.3220403460946
211.2564223874354
211.0087668136077
211.0307048465424
211.5303723150742
211.5069869135664
211.7367012072206
211.2635640009859
211.1163196040325
211.2444436677496
211.1382325125464
211.6740838172414
211.5002821230354
211.1053893916856
211.8189979788307
211.6259156208313
211.0808767064804
211.0096277778567
211.1843748076151
211.0428644424375
211.2951810273912
211.2876478772828
211.3470854010835
211.556388359364
211.2426974213257
211.7596255549797
211.2427419105877
211.2351557834479
211.4241478775319
211.0079448279137
211.0878766568607
211.1133853927755
211.2399767850559
211.3741318739368
211.4459764954674
211.0446497410491
211.679615885522
211.1867682146632
211.3094699254623
211.7612665110642
211.2808163791752
211.1373818825638
212.0038005146367
212.4786524352981
212.324373493163
211.1336907748127
211.1723044142431
212.3040645218894
211.2997326605783
211.25598466339
211.1618981408927
211.0862310123318
211.2530046726705
211.2627375427487
211.3529711614769
211.0024461358378
211.1477424359347
211.0757382900808
211.3727995803226
211.6103541202571
211.1227863127092
211.1109410644562
211.4172872116173
211.3915192392992
211.1209847774873
211.5164640970619
211.0408311816438
211.1440919764624
211.8203992784627
212.1936285683987
211.0176518470808
211.8267516030134
211.3562306017282
211.0117002968072
211.9099354333355
211.8886431850216
211.1209347633448
211.0413079980529
211.4016471175031
211.4142132568346
212.0880187594669
211.2076693653762
211.2870739829952
211.1207807450263
211.0284679819258
211.1391559008328
211.3102564175296
211.1690250809401
211.1526313750692
211.8292602088756
211.0858523541067
211.3187444381662
211.1339248378816
211.0713693620256
211.0025296652351
211.4987137703102
211.7476376174049
211.4708234291205
211.1597261878663
211.0188749348377
211.4810437487959
211.3950857275727
211.8045200068786
211.6399811757779
211.338816855476
211.1812621003062
211.4624178878873
211.0088664375798
211.304988079985
211.0645575118848
211.50191929043
211.3098055057711
211.1091546105658
211.6603256898956
211.2987359883202
211.1535415910959
211.1056362848379
211.4340217128394
211.1106631444751
211.7328325773234
211.021301035396
211.1181185666382
211.8315976996716
211.0218781729394
211.0001506778687
211.4584064046319
211.2493871623435
211.1793451214439
211.2428736790267
211.1916838929867
211.0294163291317
211.147041542947
211.2109905448663
211.6148424836682
211.5425306670979
211.2327947955721
211.2286181222938
211.049999475627
211.0108543035906
211.6305102247241
211.6715400498128
211.1029992029614
211.0113082305992
211.7119592351912
211.1858227650482
211.145046228162
212.0691269959181
211.3034305859165
211.3517269082978
211.3915852113067
211.0697943229872
211.0734543758375
211.5641972822137
211.442056983398
211.0384821418914
211.1544577418545
211.4797107867364
211.0570014931285
211.1244476940647
211.1666846606152
211.146656748463
211.0223419024582
211.5031019231823
211.5082935892235
212.2109849275783
211.2207320194524
211.01561778095
211.5468115879235
211.2659075292864
211.5956971632357
211.3009430860566
211.1727912097587
211.2041136011235
211.0336629025465
211.2671512168328
211.4739711811075
211.3332335238293
211.0034098776945
211.2220057355717
211.5554355479277
211.1179745619375
211.7729633126172
211.260828955605
211.0653331353829
211.7108289906364
211.9526971041593
211.0403948329525
211.0213573281475
211.8550116342832
211.1534326463038
211.1642236360434
211.1452758442825
211.3266857141971
211.3088737247209
212.7033826605067
211.0223777854014
212.4284968395489
211.0999816401828
211.5816934127393
211.1995159266937
212.1085206959651
211.3176097168368
211.1265340235409
211.0555836378168
211.072910607169
211.3023506524953
211.0968125667543
211.7404753857495
211.2082930310306
211.5145518106452
211.3536608616098
211.9739297155138
211.1984816450646
211.2816603076928
211.316972886223
211.0828050038494
211.1683617181317
211.878173521939
211.2903217471691
211.8777942216938
211.138821875532
211.0273566948511
212.3634005166013
211.0518841238733
211.6569368459472
211.5154024466873
211.2375527339499
211.0786782904602
211.2439034609792
211.4923323426586
211.0178564110581
211.2294326078417
211.2949508427459
211.0209498250456
211.0830018200689
211.1900901637122
211.6481337354199
211.9266521375742
211.3033883444492
211.0626289280784
211.5940644491832
211.3489185985021
211.1131860905558
211.0671248491915
211.0225657481747
211.1621244715336
211.5962053363716
211.183620293429
211.4173200377386
211.0281712923855
211.3378853118997
211.3207982972231
211.1933713884126
211.0125385853711
211.169710910379
211.1298019016473
211.3720318181672
211.0525296664972
211.0062726414882
211.3150325608802
211.6819057590349
211.2362391290757
211.18335793289
211.2825471651854
211.1033765836026
212.1613419700633
211.3884793474145
211.1126338298836
211.1694537834809
211.1413971040255
211.1334357003449
211.9711903481648
211.0734666224992
211.4193580189881
211.0110590512677
211.0753362906074
211.6500110662686
211.0465597552976
211.0062547423227
211.0980879116686
211.9443016908903
211.6045875418349
211.2866718205691
211.0766583119084
211.0246569321806
211.6312911690765
211.9917844983171
211.4215740656904
211.2889050908489
211.1321955011821
211.7111876586999
211.1457103959725
211.2732417677195
211.379460999015
211.0886962249257
211.0920619007773
211.1706834745093
213.0975470884056
211.2046933891441
211.3508492431603
211.0907964982565
211.3420180857209
211.6829800642628
211.0457871983131
211.2049386574242
211.2342496630802
211.0325359223926
211.0681560027798
211.3104693466699
211.2323434468797
211.1748881093901
211.0861279485588
212.3036672164514
211.3079943118673
211.0177947501592
211.4450243694166
211.1390412650991
211.2393671775057
211.2532283938883
211.0190025057517
211.4549905563568
211.3236409271163
211.9615221071653
211.1726198587025
212.1341100264709
211.011921318702
211.112066928982
211.0395901029432
211.0039031372378
211.588346480912
211.0188593805204
211.1157068739761
211.0137379106135
211.037422583684
211.0170151473745
211.1680793042203
211.0730257361532
211.3856264281523
211.0824759378935
211.0615560892903
211.1820001782685
211.1960836930758
211.5247397697906
211.0838603425642
211.5920720502257
211.8467456486543
211.1304513070121
211.3297278801603
211.2564473415854
211.1638569227902
211.6552002925611
211.7755878313077
211.0605504814908
211.1851943811535
211.6729153370223
211.4267849897096
211.0985939113535
212.8586321463197
212.4739024843592
211.0046916821153
211.0667470684639
211.4459851777789
212.055284289822
211.0781719670384
211.0767088499028
211.5260786073984
211.1290887773933
211.0519749227427
211.7675586895307
211.2612308424115
212.8543111906973
211.2619305579977
211.1381890506433
211.2903051685855
211.1361447198035
211.8924801016649
211.6754385603081
211.2009270826335
211.3136893590962
211.0080362466146
211.0511886989499
211.0356205168886
211.2673254614873
211.0865208690674
211.2704419577159
211.1572048545258
211.1264569001819
211.6733595858308
211.0358820635881
211.1940805375486
212.2833029490135
211.0655451159786
211.0353114321047
211.0981753602147
211.070598939385
211.0308403132998
211.234057556983
211.9783357509807
211.0712300798354
211.7258127231557
211.4828565574597
211.3016363851605
211.0830728809168
211.4878384477073
211.1790945556187
211.176440703193
211.3429643060969
211.2460760324384
211.2037131736215
211.4599019126999
211.2929467800994
211.0463124398866
211.1203422898735
211.0047107852083
211.0328668882396
211.0895693575822
212.4058452999229
211.5394958009195
211.4182784128357
211.0055513280376
211.0798678249419
211.040275151583
211.0765981017536
211.129149291251
211.0845202352382
211.1117190729377
211.3667154516747
211.4343085253741
211.3427847901007
211.0490306172269
211.55506411889
211.0235853179579
211.0392703228121
211.3310127863643
211.3499258772873
211.1138884441621
211.3078527113167
211.6874998528115
211.0081323121607
211.3576644282641
211.0330121675482
211.2291686807833
211.2442852322679
211.3952519683884
211.180771805724
211.0262430414579
211.0677981066039
211.2336949762584
211.2052459472016
211.2364658523914
211.2295907045415
211.1706632532368
211.1985441012729
211.1854797340065
211.639905221625
211.5749714478421
211.2376482055581
211.0422062429639
211.046426147557
211.1636679821681
211.2493952466336
211.1469858445544
211.0747095023606
211.2340787498761
211.6179838698942
211.1381929556449
211.2703508530738
211.1500938258895
211.183679969708
211.0359517183271
211.1190371464588
211.249157415793
212.5477439819977
211.0299239864142
211.203705691228
212.2308287095122
211.3090538846477
211.5835324226917
211.1054512328841
211.085869488343
211.2140151633065
211.066197314987
211.2979332921395
211.0062666923158
211.776267311904
211.0774399121762
211.1639978731683
211.0196948193076
211.0019687727867
211.1438194606314
211.3067172424315
211.0409737781704
211.5247590653923
211.0618608118057
211.0976735105733
211.1200751702565
211.0300010381044
211.2765097437059
211.0256022764482
211.054210460567
211.506900668492
211.0350278219317
211.1544737935622
211.2274830641611
211.0102431674447
211.1047470467617
211.1212553929973
211.1397999909626
211.0899489173275
211.1234483780949
211.045074843919
212.2402649647406
211.0644535746736
211.0504704483682
211.3266770415179
211.3556846124636
211.0736857411638
211.6272541550216
211.3605335547217
211.2388509130063
211.6913764278482
211.3130378939327
211.1062961933471
211.645391830312
211.014052408311
211.2171367769353
211.0565288881467
212.6232532963394
211.5518692140109
211.1875974297988
211.7192391405426
211.2466255630111
211.2727269189986
211.4184848439998
211.5208562337162
211.4082017134194
211.5570781778551
211.0670404086785
211.1892790612989
212.0407132409406
213.3300310776614
212.3184800118318
211.1927930298078
211.0254649161078
211.695322865896
211.3150266873346
211.0386082919972
211.31568836888
211.1943031178524
211.3790462066362
211.0378377531576
211.012068993963
211.4052755555167
211.3203795311214
211.2315327804027
211.1866900977223
211.2013798789529
211.0090219484181
211.373197623881
211.3951687185933
211.5667282978957
211.256980332063
211.9614170812779
211.4137608263567
211.3629370176417
211.0946467948994
212.433153565494
211.0419269030157
211.1215504328461
211.99066947165
211.1703856786125
211.3710688271425
211.4332280273345
211.1556845329051
211.0513757416464
211.1633990756874
211.0942280463467
211.4195580627414
211.355675614301
211.0145222676526
211.0683756643755
211.1134139294288
211.2845128497853
211.5643292244641
211.1353639368646
211.2497514512225
211.1821267466231
212.0400363700363
211.7283236651878
211.1197963610402
211.05960809394
211.1343623787072
211.2298923872677
211.1703091999646
211.1533154737064
211.236529727854
211.1283021594121
211.1748619449741
211.1496583776349
212.274032059074
211.0363566372175
211.1040394616201
211.6240839315176
211.4513810641047
211.1822401971449
211.2234591079424
211.1137411818826
211.0439628250979
211.0770236336573
211.324632607621
211.6056640301843
211.6661608859956
211.6749289922051
211.1204297272371
211.2361539800733
211.5130851175785
211.1470437363479
211.0594173562125
211.3057560232148
211.1499294365874
211.3567560240976
211.6234729192942
211.1937885227248
211.4411776053216
211.0304548497045
211.1179010177016
211.3548621093396
211.1533662262428
211.1852457281281
211.1490944658927
211.021955747616
211.1999774314018
211.0402256152232
211.3117107931966
211.3620676802212
212.5829743381664
211.241022386389
211.7584570108509
211.3985171201562
211.1430041075205
211.1034692641308
211.5295258798079
211.1162604300881
211.3667680208968
211.5907669850863
211.1603625749743
211.1494250913709
212.0568666496973
211.0476569938238
211.423529781093
211.625060474364
211.0494606651672
211.3682029611519
211.0629523608914
211.1303317393949
211.1465756445918
212.5859761852313
211.087518389603
211.2282930247408
211.4061104289445
211.0870833506223
211.6263406630915
211.1223099197934
211.0413201674705
211.2394783600654
211.4382451222482
211.0428096641506
211.7992240758268
211.0181439542892
211.0754482396429
211.7219952619624
211.2415677382143
211.1279387348238
211.3718853077913
211.3460650062129
211.0646490973708
211.2356272562923
212.0039631355739
211.4186767564627
211.430160239795
211.5148116493783
212.3727192636149
211.0175582520387
212.0950141620787
211.9138106148137
212.1302010286431
211.4473226979763
211.0706556261041
211.4596338414327
211.1016668603812
211.3377444517777
211.001769788462
211.0260959090471
211.1273430020796
211.0780833318093
211.2409879428794
211.8442899237539
211.8828872596396
211.0550692855257
211.3536325641213
211.4814432206877
211.0449712377641
211.0226027708656
211.2963727591456
211.1921715238589
211.264300076045
211.3566405801652
211.5593403690089
212.5674478163976
211.0567262908611
211.2074775511299
211.3582768730095
211.1220951922863
211.4148907064669
211.2352511963809
211.0545220122346
211.1860209388791
211.2083111897897
211.911744210398
211.0689493058349
211.0888852433888
211.1805511448833
211.2806901508775
211.0588517643549
211.1740690171765
211.1209660483289
211.4580322651828
211.7528538564085
211.2583532532722
211.0720680745169
211.4504689418376
211.2310702399775
211.5168143640197
211.4616934453343
211.1115944108707
211.3492753938101
211.535721332086
211.6876367191449
211.0495865283649
211.2666281922851
211.0274908336224
211.3251418240069
211.0086115050312
211.6902049584728
211.1963301906866
211.1250067720949
211.6065682531104
211.5966735352194
211.1109349711892
211.4362666557644
211.7263491699924
211.1291743914134
211.0742709239253
211.2078068429423
211.1815311671604
211.6001830001429
211.9456185533041
211.1116891388888
211.0147583503945
212.2600218273455
211.1566756880998
211.0891797996171
211.0764635159188
211.113223159226
211.0976249506724
211.2008171937936
212.3878264021469
211.0869949097763
211.1415434952874
211.1566905714661
211.0086670766053
211.2063692043722
211.659180048098
211.6280424973362
211.3146643007753
211.0404232311995
211.3569970028334
211.0626362974212
211.1018347371652
211.0221430877467
211.0953911176462
211.3061256890006
211.0652890221632
211.2527379795845
211.094234109598
211.608051606188
211.0399889110568
211.1638621664658
211.2612728572814
211.9751100914262
211.2492181915607
212.4025883807616
211.324505134656
211.4876398400054
211.759863963173
211.2755314449548
211.0111458654613
211.0052697917718
211.1787047120711
211.2264600230503
211.5241345862204
211.0690283226322
211.3724168752591
211.2670081643351
211.3260504320288
212.1948962711396
211.0695608200722
211.0653662339632
211.0924466558994
211.3836895496945
211.5546915425924
212.5687472587818
211.6291758279192
211.7113392340707
211.3886135378777
211.4855347251984
211.1954835388281
211.2656775510098
211.4051274686747
211.2214609419503
211.0916686069835
212.1565713356456
211.0841215468655
211.2385505363418
211.0120808248178
212.9463389351407
211.0104431852077
211.0382330741283
211.2202211996851
211.4299736387589
211.4968943580886
211.4491023131528
211.0373345520014
211.60238016632
211.1392751871904
211.7085622087404
211.3151930775126
211.7503618882562
211.2323480362867
211.9245312928835
211.601793949999
211.0444818921036
211.5926737786367
211.138144154901
211.1944922325666
211.5110425669181
211.3402984603514
212.2529796059184
211.530445254912
211.2012259948917
211.9240331601212
211.0523885816453
211.0828824441492
211.1507514125917
211.1608193871829
211.3092571453126
211.2600611083883
211.4836402204556
211.2910316337061
211.1560964706028
211.0754100381914
211.2512915373433
211.9126382329886
211.0779358954773
211.1694483686453
211.4306069349132
211.6168610533905
211.1344977766097
211.5882964742803
211.5646950459705
211.151703089
211.0139938047237
211.7249110072933
211.2140269186181
211.9402305504456
211.6947407972928
211.0036674790021
211.3160212526435
211.4347178725483
211.0241249523992
211.1016119991716
211.0771870833638
211.1566680397116
211.5058137925035
211.0023911977599
212.1982751412749
211.319344102208
211.2088364884557
211.2020437457474
211.0622110498032
211.077935079288
211.2020332376759
211.1222019214507
211.0923382161321
211.8666486389534
211.5834990454053
211.5450759570154
211.1694535936723
211.0704303208567
211.5316429238861
211.5063979563178
211.0678755916426
211.8026727395864
211.0249807597018
211.4666144155701
212.0150344576271
211.1583268600389
212.9083807395635
212.2941753659718
211.0665657847194
211.0982778863827
211.4307588065516
211.3493551651285
211.152419068478
211.1752917761068
211.3838679924371
211.0339901244222
211.5489362370678
211.2776860336481
211.0141222599147
211.2730437044628
211.4365299031396
211.2031666591986
211.0325708249207
211.1151715586137
211.0222278368017
211.6372322474981
212.6373188287488
211.2884567990423
211.1294461836269
211.0369405902102
211.0630228935532
211.00538843264
211.4177185911041
211.0041274600368
211.5270768391927
211.3223137437762
211.6575083688077
211.0136349587634
211.382560296909
211.6027800396585
211.3809573511396
211.1626767512954
211.2560147401767
211.3538317049649
211.067714292565
211.0288451717997
211.0900534606156
211.0650443993239
211.1150871627514
211.1738935404786
211.7285413470173
211.0386944388861
211.9320823233648
211.0916362044512
211.3282537193
211.7194346962003
211.3834140687162
211.7166472745185
212.1937248972498
211.8686496594163
211.6406760102684
211.447685190199
212.1350258877239
211.0425770449247
211.198331407607
211.0296048216223
211.0206097685349
211.1106023744011
211.0800776690251
211.4356280027336
211.5175904801754
211.0297602516252
211.7587661955852
211.4931199894992
211.0439475621199
211.0393062873999
211.2074834583064
211.7049105955197
211.0813995739849
211.3867357427403
211.1531515319643
211.7199390867394
211.1749911744271
211.4083190506848
211.1577016480604
211.1108976853855
211.2309095752511
211.3530331887187
211.5665111451502
211.0320132884102
211.4173358042784
211.2388237054767
211.4482380495389
211.6451488001636
211.0573896413365
211.4648210835117
211.3930182252007
211.1980351046935
211.092259508637
211.26364077976
211.2530110809657
212.0402279383402
211.0568009378615
211.2754549890361
211.2265051211233
211.1299176998495
211.6827449959893
211.3638310623818
211.0770527529248
211.2173066305326
211.1016201405612
211.703452476117
211.9645528017616
211.1741927365306
212.1346568757823
211.1289552794337
211.278511280008
211.4244331075203
211.7241945845949
211.4764675485782
211.0217343615761
211.0055283752782
211.172814020509
211.0748873644536
211.4196567529717
211.6470724369956
213.5576049679188
211.2525903795588
211.1437553706523
211.0532758860494
211.0841701264008
211.2402042549547
211.0061952790166
211.0282300878725
211.724145941952
211.8430515155402
211.0278756028458
211.1022681507907
211.0801384652019
211.137985161727
212.0046923866344
211.1967779679891
211.5504609642081
211.1573156513125
211.4255901762093
211.0843237632975
211.5743441838209
211.0979502921996
211.2127401648513
211.1548532267576
211.4478576440425
211.2864388394474
211.4245738960874
211.2221293510095
211.3940811876554
211.1917585479075
211.8646966411484
211.3437251518645
211.0502114120888
211.1960139243793
211.9687565517861
211.3443307613286
211.4274933427129
211.6889680051231
211.1317293791948
211.2097309650478
211.0655889887608
211.6304770029801
211.03085623973
211.2490880520233
211.0577455261895
211.0309146996235
211.0118249493221
211.2533396747172
211.2837116481405
211.6079341424826
211.5029039775025
211.1257237062003
211.0277548308377
211.0388987740031
211.2088916562586
211.1066630095245
211.1687094077484
211.8639541046422
211.2423862587661
211.4204438186234
211.0044988038316
211.0014328629174
211.2764158407081
211.1191830405423
211.0756560564586
211.2374367848383
211.6181114869187
211.3930572630387
211.5077871572105
211.3976017587784
212.2679461413801
211.157904844336
211.1272602547991
211.3879557956531
211.699126338595
211.1517990238983
211.1581113111947
211.0060399940932
211.3697343453235
211.0861908743503
211.0059070720918
211.054758569022
211.0815670460151
211.1651039107685
211.1059985822958
211.0236706039254
211.6717361176925
211.2385403482367
211.2329429075951
211.0326328303559
211.0009108191935
211.3118659841537
211.0691630642406
211.4287835045006
211.2053026111539
211.2644019499078
211.2084552620794
211.3271990791204
211.8975979653596
211.1310736271763
211.2205977308382
211.1535686230755
211.0829774478193
211.1790043620066
211.0087325276313
211.0037333067477
211.4286500812956
211.9057565646434
211.0623017573433
211.3068375614186
211.5116959487672
211.0166228689005
212.1756328909509
211.296123756121
211.5661221133071
211.1660034563949
211.1770472437235
211.8546629674625
211.7061462439579
211.5982462990054
211.1953160461259
211.5783833524879
211.1376324452293
211.1347409919385
211.0094354137455
211.6174394053096
211.1012666021981
211.1453878149079
211.5645802351399
212.2381191695408
211.0835923586814
211.4234570642229
211.646768391575
212.1005002222668
211.3510034128264
213.0394551793529
211.1509197084977
211.4656864472249
211.0707594383882
211.0100105604881
211.1384990905319
211.1044216651173
211.028379447279
211.2644229274032
211.1926565379953
211.9843997335015
211.1332517161783
211.2884140804571
211.3664733972792
211.2378568781682
211.0514727769753
211.1426984757643
211.0053706323459
211.4489114639005
212.6365106210334
211.3257497891607
211.4257112850418
211.0442604048102
211.0387935873114
211.5242500659161
211.1971156882258
211.084415752063
211.0599121855171
211.261137346576
211.3415593594598
211.2252459895421
213.1495595717911
211.1946013199668
212.2982071407974
211.8581992516318
211.0450023565325
211.1275577486014
211.6065016922597
211.3343881655021
211.5308771633032
211.125220555464
211.2341981550834
211.3361468827604
211.3744400768097
211.3685766178608
211.3835674893796
211.2873980620642
211.0097430413064
211.1274939255893
211.643568332425
211.0505356932523
211.661991134428
211.3060298421971
211.138999908441
211.2999118712162
211.0970940323785
211.0969081914405
211.3720322996854
211.1878951398912
211.1379195941059
211.0030476599577
211.0739303732338
211.2063079809786
211.4378623187414
211.1712782939373
211.2935757421143
211.0102032318352
211.0898226585924
211.0305519364994
211.1633078584657
211.6024833042958
211.0909585450181
211.1409551457899
211.4542088205734
211.7136322657025
211.2152851873404
211.0869313831927
212.2501896878917
211.0707359970593
211.0846163930676
211.2416685979842
211.1913743728014
211.2808537188635
211.9752608316581
211.0064142681088
211.2623316851495
211.4651290789567
211.1224773497448
211.4930524548189
211.2128930663205
211.7173280740242
211.1231062366307
211.0315129767748
211.1433268850967
211.0653430352453
211.0006142679206
211.2441975053007
211.158866475524
211.2358130915202
211.5711546606214
211.6451643381188
211.3162511792525
211.0281006504316
211.4659640587803
211.3745155900939
211.0349486661402
211.1529309419493
211.2026360093275
211.1609513310443
211.0193384991975
211.3884348042007
211.1140561010329
211.2013220039847
211.0312401920408
211.3170178782889
211.0221330601277
211.347505331907
211.1786676396978
211.6119920393361
211.2377115453695
211.5774088020085
212.2032147004672
211.8404200292199
211.5574398559155
211.0433863496025
211.0108724634205
211.7204812001709
211.081259224116
211.4502037255649
211.0104901690875
212.3835179245637
211.1067982587284
211.3127534002581
211.0312921147945
211.030332865253
211.2770490914471
211.3325943167319
211.1097305431336
212.010247464326
211.4159603134163
212.6862128184699
212.2865831979089
211.1744903553184
211.2194719639774
211.4285645093084
211.4018881851282
211.2303555946623
211.1711041832212
211.7861747306812
211.0994530108825
211.086105422741
211.1381939116582
211.070571207667
211.7314724904884
211.0708460520512
211.253307661107
211.0684353771795
211.1212747463223
211.852499173029
211.7693866227104
211.1386836838757
211.018020751034
211.5395517599849
211.220609664056
211.4402777531728
211.0540216765178
211.2403367863469
211.4451630215329
211.0423990893484
211.357132606151
211.1915084852405
211.1827792041926
211.1362563773843
211.2617020832135
211.1520073777396
211.2185905131663
211.1850545587264
211.4822787407372
211.3369444263313
211.5092186662611
211.2569213285267
211.2040384482261
211.0943143118718
211.0737147169501
211.2062545202913
211.059941097851
211.4525060730078
211.2624857079423
211.0946141886365
211.2806706581562
211.1165498443843
211.1904205729573
211.2762266860788
211.7891361132797
211.084353277674
211.5166986606721
211.2790500795092
211.1609054271617
211.2452024818721
211.0707238492031
211.4122989801612
211.2414403006108
211.0697814270119
211.2565445003407
211.4947871536124
211.0887952244714
211.5951362777185
211.1983959123834
211.0561152910924
211.3078195836118
211.8277957001909
211.2361677765717
211.429989089764
211.1823211368967
211.2132441060825
211.1443500270775
211.0798958816947
211.4619557899554
212.1245982870758
211.1700968401409
211.304688348391
211.1246485987595
211.1749439063858
211.3488493687325
211.1837408127997
211.1650943017418
211.0470294001762
211.7327389863697
211.5176588162349
211.0197955561792
211.1506316965993
211.3280061153253
211.420200271842
211.4833189069748
211.059945933345
211.0416717071805
211.8657505063141
211.3704563286377
211.1573715406706
211.037766749997
211.2263840582117
211.0797070424491
211.3086766721887
211.7338076387746
211.2199955959412
211.3146410952085
211.4375990030585
211.2792342518482
211.2355718261917
211.4727852066696
211.0214886221436
211.4728072007979
211.0280591150864
211.667687907373
211.1308492442412
211.1537162890443
213.2064259332805
211.0328198777903
211.1292913792396
211.0475286949945
211.6101873439401
211.6678441963878
211.6681746175975
211.7756481938877
211.3276365066976
211.8373857235248
211.5909701667985
211.0570760484966
211.0287770288767
211.4328689559578
211.3751817579727
211.1452852196726
211.0062548747059
211.2606759288111
211.3910697608384
211.4447256860521
211.782306638479
211.7714622933709
211.0309118470612
211.9288064191665
211.9962664380885
211.8421572715935
211.10240482633
211.8491629982299
212.4902696474572
211.0865691458386
211.0453407652858
211.4176442100927
211.1792619163559
211.7781995838459
211.5935143453424
211.352233300738
211.2315500387296
211.1526166171413
211.1052109042666
211.3377937966479
211.5142853850296
211.1045449293768
211.1431440165431
211.0491350795405
211.1089032896739
211.1081437492113
211.3242359628468
211.293560210278
212.0870139620309
211.45805523079
211.496021356113
211.2070290000625
211.1617073426262
211.2087503630744
212.0131157059118
211.5970669388385
211.011003670702
211.1829845671927
211.0177519957867
211.2600873757301
211.1109755633661
211.2024657867817
211.1948427628466
211.209915816711
211.2334592709433
211.0068812874724
211.10701227977
211.107618494263
211.4716125984575
211.5539011730506
211.1238325221217
211.076436914082
211.1319367540855
211.323093744709
211.0118056409462
211.3724651058884
211.3863857329201
211.2316762924393
211.5854126553996
211.6425796618564
211.210706073401
211.0775236882764
211.000684291075
211.2794901115589
211.0301449729434
211.3299152287149
211.0515182954834
211.4224741237862
211.0751088185016
211.6617836228519
211.195798736495
211.4231080913504
211.1461480693632
211.2679116535571
211.1019981373156
211.0925586613129
211.2302936469763
211.641036753206
211.0403878464173
211.6586404571031
211.0247437459606
211.3526874592734
211.0198458420858
211.2477115294137
211.3061998989824
211.4461459219905
211.0902704075839
212.2103144507792
211.2019389956576
211.3960031648203
211.4766577671947
211.0647286861871
211.0141828366192
211.0987484363708
211.3075933165055
211.1701624741713
211.0020628839836
211.1052140362804
211.8185912520503
