66.1611900401798
66.0598993347285
66.00720793669248
66.43601337532651
66.02848304556493
66.09689135636837
66.1199575403732
66.60114888089215
66.04159186706772
66.46814193140622
66.49920504408709
66.06446358188435
66.34368875787194
66.13148273143139
66.15437972925713
66.42762860010069
66.19338662964577
66.2522464441398
66.10535308937473
66.62698879845827
66.73271887703484
66.1969195487074
66.03489260794095
66.02619173883123
66.04096396367905
66.44742084885416
66.27356344706547
66.07572848589821
67.25619233386001
66.92159244597687
66.47808269654215
66.12634989738326
67.19412288415975
66.31610733477008
66.29970881115904
66.80403936028075
66.5933101593042
66.50293247827966
66.03180841477538
67.27323816848285
66.01550659550422
66.8913533988826
66.29132270161641
66.12995886578784
66.6834628342482
66.34423576873237
66.10447756646863
66.07533068547265
66.45905218203676
66.34390761615096
66.52551361459415
66.54421065309668
68.12559426195745
66.02213377721797
66.01499430824923
67.35579383528751
66.2127508834047
66.05436375240275
66.8190754941586
66.46080702249472
66.02631829126264
66.25312786033797
66.56212375299715
66.08537878024984
66.48798412347101
66.14747597110018
66.47837579576662
66.10136404569937
66.02839066183014
66.8463442647388
66.05547810988824
66.32284744006964
66.2813572829078
66.10484762849256
66.69003876037289
66.20593921485798
66.37410922984193
66.03669842087196
66.0567018389751
66.36518805399577
66.06589342810517
66.84670263428123
66.43639281032956
66.12136542946931
66.24961986670814
66.498979581429
66.3195201275825
66.07341303367151
66.01600429922394
66.79118176674444
66.02885111023419
67.03557719362382
66.29856687971957
66.17632958264636
66.15780478710641
66.02241299512873
66.20071076893892
66.0633835267025
66.19815407003101
66.09829990204615
66.10140350493681
66.27003692567108
66.08720300062649
66.3780121621295
66.07310062660875
66.402384593847
66.089489219256
66.04021410702052
66.4760064526915
66.45010338423864
66.1278743321012
66.39859599870559
66.03337040061857
66.8262229540586
67.03309039136354
66.11260254986577
66.00425695335164
66.04315074935441
66.00612357568956
66.11691809210171
66.21623823273868
66.13742126977436
66.72437530791687
67.44015377379786
66.09862059464
66.14402824177174
66.13387351300777
66.02920863763624
66.1616062974515
66.56601137222557
66.24763195044657
66.42810676084689
66.68752122826218
66.1066080231207
66.11536675244486
66.07056958973068
66.13306524892177
66.78910705438338
66.3498225162622
66.39730222722865
66.38221848540225
67.01704775491463
66.04857781199202
66.73918462064158
66.4711373066349
66.05683407174266
66.25077338218824
66.34090997671068
66.21902159015993
66.6845434488281
66.52407276052347
66.57892768080885
66.28237963532435
66.22841340924272
66.74706195209822
66.03143661250715
66.11895229890978
66.61356032834345
66.04472057965327
66.12450951447863
66.13372847219968
66.36984465281488
66.06352257703692
66.19262169155773
66.78790114180322
66.66041094159833
66.34627062268096
66.32702456982078
66.37418181787878
66.01776957744549
66.0185919832806
66.0544226677993
66.12566994772446
66.11023104103894
66.37820679192183
66.64107894634891
66.14058295477591
66.4219237607134
66.23075022182002
67.21995245096745
66.69548894648833
66.2811470865892
66.15375902911342
66.38177347638333
66.22416965994745
66.29647263931534
66.32793844657232
66.07970313098296
66.1343455415377
66.09970941645582
66.47028181340886
66.88389385964417
66.24458937298026
66.18975779524814
66.37960631527474
66.30791152032059
68.16800431973341
67.36555759846684
66.5140682216462
66.13450295740098
66.76962215294783
66.34531273929471
66.0928383703851
66.14034628680827
66.10581004868011
66.2358315025535
66.21863173976516
66.85936967798838
66.81396484965015
66.53703440228104
66.05703658940001
66.33306288227676
66.30945491537024
66.8485455184393
66.3318449693459
66.21357127622016
66.06162581707933
66.4103542317731
66.80993640919942
66.04918273752229
66.2107815816104
66.1590544914622
66.80858564833468
66.20187220168398
66.01053526880409
66.26478180768166
66.09306208046314
66.4894603971655
66.14813154201761
67.95892219718971
66.19846455212569
66.26369171631812
66.49518401102333
66.14128970813205
66.8837917605885
66.17643852745205
66.09281651377661
66.3915148701402
66.26080028017364
66.0481294895375
66.31182092117608
66.01941186301603
66.00334648861329
66.61600814698842
66.1722896283708
66.02578496494426
66.25474630808435
67.32188315522548
66.35179712648178
66.21135812198456
66.08439758992832
66.66659390773957
66.13358182873971
66.34940811898564
67.33330219803673
66.3185460902075
67.78297156835933
66.1144951289908
67.34771215244156
66.73097051998099
66.08464622550314
67.26621029273834
66.05981253265156
66.15840728422073
66.44221415276505
66.07382088703073
66.12881182350581
66.52143687834258
66.26974340250686
66.01775683332943
66.32350072706714
67.88766583974507
67.09540828552379
66.17196933074936
66.59380331128047
67.87323956089463
66.11146117062411
66.70758445881224
66.59692857227552
66.0689582574238
66.44427692212312
66.22429692805711
66.61893099260783
66.15966349960249
66.16383646682297
66.03379173711939
66.98121108595666
66.48481897429984
66.03432290071115
66.06408537781392
66.13880520803797
66.39242200317658
66.36634558449738
66.14771910124814
66.91449659601241
66.05194280174825
66.04891700211189
66.0695751726726
66.06984942253085
66.08219425736411
67.00336152130568
66.12222498399574
66.95304190637381
66.43348109639417
66.0983375317005
66.07395247010018
66.23882945339642
66.67219384979268
66.08696871668319
66.1160240093723
66.09014811971862
66.45696398585888
66.61442132410288
66.4272826313668
66.0743636534436
66.04676396621612
66.38406634905937
66.32978047741405
66.07649467788431
66.29878933730893
66.00006191002713
66.42569781914216
66.00564819617527
66.19916823538863
66.17736410923719
66.09038728484191
66.4018178751246
66.23712142984981
66.6162961305684
66.23634513332662
66.02531918420021
67.46582951934263
66.01532123539243
66.4511349692549
66.23293822605687
66.0906553883087
66.44187419484751
66.79262107216229
66.05653593058925
66.66947377017368
67.18449836157967
66.54506882957048
66.2476889430397
66.26078836064755
66.48164438138046
66.42951057591718
66.31620368039188
66.22673279751228
66.96731264829255
66.56644640921233
66.0733381260388
66.26831753887356
66.04595086377745
66.37449245781643
66.23251381168085
66.39800649114424
66.84976341485992
66.11659613862685
66.1861334584088
66.44019778124725
66.48447815774264
66.05943467239598
66.66674291221898
66.00361808391801
66.44769762877361
66.03241585389684
66.17608308181556
66.18414290703303
66.18168240611756
66.91139345378481
67.26183733010754
66.06042532849717
66.93029837464414
66.32111993258471
66.00852670820967
66.50736451020825
66.0014225010905
66.0546941534407
66.55264361100551
66.10456052960839
66.52641226726956
66.04415553597232
66.58156363756659
66.3146548433368
66.05223736982357
66.18916474091317
66.10510606760336
66.07188296087908
66.9010709686777
66.10514419971497
66.8327187072457
66.12782296288293
66.02770923647708
66.08392005382719
66.10110536908944
66.68926729222514
66.23294291699152
66.26717436732896
66.82074665253289
66.93694114541573
67.05405702573074
66.13890551909445
66.2021773587233
66.3053399373835
66.58332022965843
66.39161418996893
66.02276763767861
66.10563057613712
66.72348969252312
66.09489759080385
66.27504788310357
66.12831602992686
66.52855366795615
68.06742937303764
66.71601533536703
66.64913797596328
66.76961410872515
66.1254869908482
66.04485736133508
66.05822870654306
66.20023572263027
67.48209162935251
66.672495441228
66.02198239619021
66.24339098225319
66.29429772181891
66.11103192438644
66.28048595449208
66.02195515283037
66.53827637314274
66.00822995655862
66.1241964077064
66.07767994819453
66.03824317401057
67.19376784351265
66.18788697038421
66.2261819336873
66.33850186451279
66.01841789151561
66.12393636447624
66.22120702598785
66.09812241372276
66.05495050056258
66.12847317517073
67.27961303546496
66.6892413400891
66.22182341607531
66.62584197832638
66.14131468791027
66.0596782871843
66.01664774879889
66.37771257295562
66.34094189507893
66.59827255058565
66.60306796084019
66.02317143758269
66.01556623682997
66.40745918764053
66.01098733970392
66.16548163357
66.47563133246473
66.78496865881449
66.15716041035103
66.4008813081958
67.93624770630355
66.00340924014971
66.23071346973536
66.07155434605855
66.1406706251004
66.36847064229121
66.38765864302412
66.00065136378355
66.34442208783798
66.47238124436598
66.62933110860314
66.87322695274106
66.3690745975212
66.31102920771465
66.0504297675488
66.69368258448655
66.09283214201338
66.35991149798103
66.97177542152997
67.79379576684877
66.03370438691532
66.16481008525547
66.75496056125625
66.19998065291433
66.31690093178275
67.16401911989371
66.07171321491602
66.45863008698821
66.01314104912072
66.59086558731074
66.38612226715311
66.54112602963941
66.19344714363719
66.01141026482554
66.25587794181838
66.0297242093257
66.18004441024165
66.65753075967578
66.02729955032649
66.73340215808908
66.27036937109028
66.18518821171523
66.49111416616834
66.29782250934518
66.37451824748756
66.06292865678708
66.70128892199232
66.10857853364271
67.51800882775878
66.54663055955251
66.20843655563459
66.00777740151068
66.24550029317136
66.12871638237145
66.37386670559503
66.21604307980316
66.03810323644329
66.05454171827243
66.29321971843557
66.39292042374183
66.06264707583556
66.1925768561055
66.20149735346764
67.13874204836578
66.32499907104199
66.18295838161016
66.38577704924128
66.08768938023529
67.4095439143194
66.21037571183554
66.3251955569154
66.45549567847436
66.01205520869549
66.13126618037775
66.53657844507708
66.20825380983172
66.06344947940015
66.22011073415342
66.1060050314989
66.54481376703015
66.45054617577371
66.26570917808391
66.08268288778326
66.06921125715485
66.50781690678497
66.17399036544059
66.13445976664545
66.40785439246456
66.28970279528085
66.17382073892391
66.32896196065762
66.34006358331722
66.0980053081618
66.30814101887772
66.38683541940874
66.22647007207897
66.17690762904745
66.35297437733435
67.903399515888
68.02587030684438
66.22167492703483
66.46677968808392
66.16234705418586
66.23369314086592
67.19144111175613
66.23832139947226
66.29473425463154
67.00405936991808
66.74710608770069
66.47160823984284
66.0054430538653
66.45630504836517
66.07759557226429
66.03360104108604
66.06549974074774
66.33216239504084
66.3844005185577
66.09141782773486
66.07799324382064
66.27858992711558
66.42769246256795
66.42716757808437
66.0639429730276
66.73295447881497
66.58033261246533
66.3106008827414
66.82092683912217
66.42247139717482
66.00858857594179
66.13040619688586
66.92569443613668
66.91269151678486
67.03960301111775
66.01099196729476
66.09001142748879
66.38794039617457
66.09485343293339
66.1606496528338
66.47861227666353
66.65617134122009
67.59330806075197
67.34991780215125
66.66047329922037
66.21679744661843
66.05394824110893
66.13238833468681
66.20946463179294
66.00587084518574
66.00615728823762
66.04466274233418
66.00314699831335
66.17844872022812
66.49915150405579
66.688770683822
66.02095712980349
66.39499353812093
66.1291876234221
67.67396963988622
66.17348194968363
66.039138398084
66.3265158066258
66.12988414510575
66.15080443353999
66.76021338505994
66.66783027052767
66.12434635313407
66.62278584589978
66.25859254809703
67.12383399016383
66.30458790080706
67.17248802794056
66.84667429409329
66.18253666123624
66.86605538423387
66.05799607283758
66.12668833990969
66.28601268914397
67.21666371210843
66.1933783380466
66.26056697637613
66.19313283578126
66.15774123115106
66.27647559635298
66.5260772179423
66.403545618468
66.20779255508313
66.4163319636768
66.04857859202252
66.21054912548634
66.05549092451348
66.14455649884123
66.72342305708656
66.75020499107767
66.45330565639426
66.47422673889571
66.34515602205465
66.13091523314803
66.45340320442403
66.05865114261228
66.4958006138758
66.11659881251555
66.1277036093331
66.37950629985622
66.05822786045972
66.74851094526241
66.12785044382235
66.05806535957352
66.0951110216478
66.78841122510786
66.41169569245626
66.004225811603
66.41763859497246
66.0603444745847
66.17023940350207
66.04040384895545
66.95952741373176
66.47543792611759
66.45209244587798
66.22281866000269
66.1996281441613
66.22470908350219
66.34420566664895
66.74126895927635
66.85953007371508
66.48122353701325
67.27517603407856
66.42454528680331
66.65726348067241
66.71274548400781
66.017211037246
66.8637389831326
66.08993107310509
66.04295065896322
66.00053091232088
66.01170611958348
66.23929004975412
66.46534069787805
66.11695018085896
66.77913399442444
66.36356873697103
66.06919784204341
66.1798824830611
66.03198813953337
66.18295291390015
66.11386199148275
66.12835762901432
66.17158908286203
66.14037279894235
66.02302098018313
66.19657000470431
66.26674280790708
66.13642957756568
66.00249217255052
66.30686257904577
66.66112325697874
66.64820726437813
66.63196781391221
66.79740786048167
68.60652002390047
66.13940768513223
66.54563406365689
66.2751494068885
66.20508463111767
66.07286554028013
66.15085238928933
66.05117203673458
66.18242489403951
66.08994727590972
66.53800674428739
67.43589987745332
66.03055305587728
66.03466711521705
66.04988308748347
66.42591320566738
66.4277162455639
66.24673392749457
66.73920309427746
66.20900985764357
66.2555590454491
67.1176535399109
66.02139719236125
66.12717515169498
66.20771541755468
66.14207381985608
66.21611377174453
66.84194726162762
66.36859804653062
66.21321091983846
66.00533379563893
66.08747319940511
66.07089513149957
66.000272573603
66.06375270104172
66.19441926224154
66.07109365429092
66.0423064484629
66.19156383179994
66.12929387290379
66.10235144271533
66.22754573646974
66.05793346645396
67.4931778497937
66.71506453685234
66.22235024857983
66.01848371743283
66.24917059067566
67.02386319453066
66.12396644141658
66.33568814509194
66.32362768871621
66.0271428329814
66.6264244797377
66.2288902744647
66.22009711429381
66.40270443283282
66.00865370964961
67.14946850622717
66.22389689291654
66.39430077324143
66.04904047211042
66.24587539487983
66.38297719520844
66.71550418736959
66.30832842415442
66.21032516626695
66.04553239828472
66.16178965994361
66.52161457393535
66.36931235436778
66.09905674480183
67.18247731590144
66.09196626733052
66.58349290387949
66.02791561121633
66.12007459831895
66.72500021667818
66.31936160566788
66.3734830087574
66.22772218501076
66.1587227605895
66.38607687793068
66.07180058857536
66.53590996723902
66.23114737311566
66.03584436016834
66.55411747138622
66.08312002369242
66.7287961534408
66.1317544312937
66.29653920944602
66.45497546523299
66.44164271798756
66.31114573164473
66.29405157339947
66.08529733160884
66.29792981727478
66.11911399314837
66.0931182459454
66.5474080968698
66.46590198038346
66.05338330117563
66.31776822066931
66.39864849165043
66.42894122697699
66.0883403802305
66.23009358479437
66.39086976758682
66.10964368995612
66.56905039095702
66.79684477280199
66.21544651922999
66.86069279711027
66.14431272142804
66.56601897283088
66.54249726919463
67.32464398388716
66.01627974609707
66.35669951205101
66.10153193858322
66.62849766733444
66.03562968299677
66.05526710714634
66.05880177864627
66.08019691242886
66.70485021255334
66.00042131228089
66.43349835401322
66.11235062993029
66.40954828703781
66.10002498443224
66.00721101249003
66.53738576047812
66.18980826292001
66.3307128883209
66.74905553027996
66.14435900585032
66.0794712261756
66.23045040459519
66.87323529913068
66.48774331331228
66.4503902789088
66.37780327788647
66.38002206757729
66.22860193529304
66.09404660756965
66.62362790856866
66.21040561517351
66.37982452822263
66.46539112377168
66.09256065779711
66.0646455168121
66.416041717484
66.25770335229706
66.51102155153406
66.21065490232152
67.04494163062148
66.8419117990049
66.2720209619828
66.13505161976188
66.0082136522841
66.08539623372657
66.12887686340778
66.02963753934027
66.298226659126
67.24395591518606
66.68088455370001
66.45202426145438
66.23683322001447
66.2081814493234
66.0765149008689
66.42776593212919
66.26095480225062
66.37364609981745
67.77596209357648
66.2772493344018
66.6080091088446
66.37719960821748
66.10164177206181
66.2074457559531
66.5325120593911
66.22345828052481
67.05945214099417
66.23618314070738
66.02959681352871
66.38302564444342
66.47524606459122
66.00780049530574
66.64230726532689
66.37246122966633
66.53256143168235
66.03304454158308
66.05847792091552
66.23945092807124
66.01729886831279
66.81308159285177
66.13479427980022
66.03038585021653
66.96374330223962
66.19000472075439
66.03011467802386
66.15470090225189
67.51024579239858
66.00899209554298
66.22984733727856
66.17677293960723
66.0706348378057
66.03367153421497
66.08521230481037
66.22524491032335
66.33439129589983
67.95964091065404
66.82987166721729
66.11376810547881
66.85940102556486
66.11753125144743
67.9854264563096
66.1386156143474
66.2505137057884
66.51599850982855
66.08139553713
66.26159583211191
66.18478272301051
66.5537783012438
66.43054310799778
66.54481719062419
66.62630405678786
66.40711015419615
66.24636858141446
66.59063131300827
66.34086189993897
67.55506640158963
66.04547094167107
66.75329765910769
66.04042447829292
66.56981079829305
66.13893068574403
66.5276532489358
67.50530869833871
66.33114090721425
66.2100806131296
66.10871172947532
66.55650877526922
66.29544142891979
66.14251131683709
66.04367116909845
66.44023277928737
66.08363603750256
66.18478107482679
66.55687502788629
66.46469736983974
66.31390082228621
66.026517083201
66.4817933545788
66.301202627875
66.7514300039854
66.19097745984634
66.51775674810956
66.19157249141978
66.56507908842141
67.99300017294456
66.29001910248356
66.12455746813148
66.01949001573712
67.09041072299682
66.64971134475807
66.0728047897956
66.13035821795239
66.05416765095421
66.69934494493454
66.01336154469382
66.06212358290738
66.33444575959903
66.67000697454961
66.32877493779512
66.44708203291042
66.58168393065792
66.42388360091839
66.54502115981448
66.61610829556405
67.16335045580259
66.74419913281135
66.4047051135159
66.15953189851166
66.21885351043144
66.17488922202554
66.85058640170362
66.08575734865505
66.13153175705503
66.20860879775988
66.49285563964938
66.81330857881932
66.48277060115845
66.72188279192359
67.07609512382638
66.01147546485113
66.03541363237605
67.15559390115776
66.34096270164507
66.97800027437196
66.66071852811673
66.14382950313083
66.33543615029735
66.27509176250035
66.11108690690357
66.11632392638055
66.01752281658575
66.23997705842038
66.17131793536288
66.21066735752875
66.10102622038471
66.1449449066156
66.0248386817345
66.2103328513444
66.83846304169877
66.21743664792298
66.29828402760265
66.19136584353487
66.49525734998687
66.2460587437071
66.0612032993037
66.6624553197689
66.15301677280594
66.12560976748514
66.92274796563593
66.34442742562398
66.38348709864088
66.18008906177532
66.53788698135294
66.10054839374008
67.19360543535255
66.20100575359004
66.89164550674305
66.65961767162088
66.00707876483352
66.0288945318095
66.49684392462676
66.50863212115777
66.40304115391706
66.19103405367461
66.07333131517943
66.66070857895146
66.04979808395159
66.30356156655202
66.43346614231689
66.05470393663602
66.02832837225249
66.05178554531872
66.93814596041484
66.00576794841794
66.06979033690865
66.44351453444558
67.46803588648982
66.27258293409031
66.12120102454561
66.44652034280276
66.49832860848775
66.67828143757842
66.0228930861639
66.14266977550747
66.81312438331337
66.79933075344603
67.36770015811105
67.62441732019792
66.10787002412552
66.38639349880535
66.52199934552802
66.06367467221135
66.22932156145714
66.48154226839736
66.00220719160215
66.18137195150474
66.04494394667016
66.16767580180502
66.22482359154881
66.2420401773052
66.57947603035565
66.68045745512755
66.02425450067247
66.23560688705297
66.56579753338451
66.18327281200122
66.09661743014455
66.26612957167633
66.29792002854171
67.41876772546112
66.43131914055937
66.15942346602779
66.3089016006322
66.05797954937324
66.0392360100678
66.05611299599927
66.60170934877294
66.56280732955014
66.46727809991219
66.0840327664398
66.25196761095008
66.961393823852
66.22330205926036
66.50620740709371
66.47410663706705
67.68420615931473
66.32832293470159
66.38296338204415
66.12278415801221
66.42553783956397
66.15175024207542
66.39527942760809
66.1227480130528
66.676631141523
66.5775312045314
66.2225012837438
66.27094598978674
66.91160981966026
66.43923471271698
66.0674674682344
66.34722290791854
66.18490383202554
66.32819927563291
66.33425071819904
66.02707346526144
66.0329725933342
66.2250465839692
66.37508154687109
66.09715669731455
66.5684933286845
66.36444933267929
66.27274716094479
66.35619041851498
67.02756873697646
66.64365544433898
66.50938283502889
66.47174048341608
66.51849279343631
66.19451143728541
66.26706348326952
66.17821346840014
66.08382053344484
66.60692416501234
66.24260491479372
66.42229471780949
66.83436756869159
66.03786979975717
66.15261603343905
67.32035179743609
66.10623688012518
66.29864406092287
66.51238442523696
66.20786791877612
66.20747724867084
66.5087461551003
66.73197731598565
66.50231095114833
66.13904001725395
66.09711644163788
66.63394344388153
66.07429253184694
66.26300381675978
66.26867531841658
66.14845423786397
66.53945863337243
66.07045008901834
66.31592213982343
66.41140087237874
66.32958782920383
67.37727961825391
67.35924241828728
66.14062771506444
66.11105698206555
66.17821330022579
66.15830908965106
66.19610677279896
66.88968026090583
66.25610704067965
66.15077262323041
66.51529580447225
66.13035190208485
66.25735214387088
66.83995347975856
66.06130956126923
66.53093491184353
67.01107649619912
66.3757085259807
66.08279535462111
66.30399166496895
66.07936058849513
66.17368984558394
66.35390194872993
66.4005458269135
66.83811834236474
66.40119495170359
67.32235897523296
66.0951446663769
67.37207078130618
66.45091853068587
66.20319039150053
66.20801395841185
66.46169915628386
66.26296713885218
66.22119561791884
66.02036460793491
66.23530924703293
66.24807826078771
66.51826478878236
66.3049057785648
66.13562006255012
66.8776480871457
66.1690979574063
66.02730787373125
66.57893586209852
66.73026583003346
66.36398273439943
66.40474148765327
66.0092970389554
66.40173973918911
67.0869604773253
66.24976073146176
66.59660857005332
66.14175851948735
66.00897432265403
66.87915331730306
66.68262788077796
66.3683361712042
66.61377506340325
66.11508204782685
66.05432444245034
66.74634539020312
66.17292523394
66.2975819911852
66.20466433806538
66.20051172360516
66.04470945848682
66.40181173412762
67.05710223982433
66.16244077298374
66.05285253942635
67.11430188868412
66.29503456091395
66.81194618248468
67.43765280261047
66.42398523144085
66.0441127208872
66.19619467081544
66.52075648747348
66.33511831773151
66.46883543497216
66.13440004266509
66.69998299902058
66.10426819303652
66.0967154772169
66.71264147986957
66.27778761019518
66.25197466262544
66.49953660652625
66.32114767815712
66.03029082173586
66.4652122361318
67.2597586013116
66.11892388170563
66.11269280632263
66.37655450219043
66.01962324297386
66.1818177836831
66.8571372499755
67.10230332237252
66.07382298787533
66.03398191792373
66.40721874436727
66.27405833799143
66.22904718224484
66.15007317661514
66.07676821364055
66.15394756079439
66.78065833373913
66.29182260547962
66.15490558772919
66.13538078560516
66.90450435705452
66.40285420614669
66.23330167221123
66.0344531479967
66.96537651836643
66.58964547745448
66.01593632929226
66.1889739145459
66.41710850601748
66.01576348065252
66.44486496787243
66.45886058327116
66.00041963453234
66.44355919279742
66.48426731314764
66.25866448994886
66.16668520114749
66.55038262591373
66.02538356017584
66.58926459888825
66.14081669338451
66.08849246553817
66.40464579797016
66.20725780931677
66.4635695120837
66.05112701690915
66.32910458752858
66.18282010029645
66.21423210819027
66.15604761088436
66.31300010180152
66.3512849202895
66.77482464036026
66.4695798910826
66.61050881993786
66.90319464300804
66.7369938238401
66.89702135991223
66.04483648125976
66.53162749100582
66.19916205301882
66.43127132679636
66.11821592056435
66.29129039280299
66.6386821542191
66.09320931913162
66.32584621965938
66.29338104353945
66.27666573687964
66.35113431019911
66.19745947015116
66.82155733808645
66.186873114315
66.53087353425857
66.3433383446207
66.00418384567658
66.21489579228316
66.29636479086166
66.24222382741594
67.6971235464176
66.18249154811583
66.06457162395436
66.4480141351731
66.24052872147396
66.00354573160851
66.56465239180987
66.05205535157309
66.06942555714755
66.34384555976324
66.1004732620385
66.36793141722319
66.90130658660239
66.32101429637916
67.1200540822003
66.03439661409962
66.47184032524882
66.80328604980475
66.33429989408178
66.33339247911063
66.31471197673145
66.23317552885685
66.07053510774337
66.34673034895661
66.10736789426795
66.04180071815202
66.25211829642134
66.10932941468819
66.3779721070443
66.38403584539309
66.11764381965759
66.25076358136143
66.35303942046663
66.04075561966481
66.08243045887397
66.27020721640731
66.41458619986068
66.33277014134023
66.33324348578229
66.22098549044634
66.11137231499288
66.21878739124635
66.38815335836306
66.87408365131789
66.28268919710683
66.22513388917379
66.19852941660774
66.18872947308469
66.10121038048072
66.25133814876212
66.01055121551455
66.06353300003353
66.21710185249688
66.27000041447779
66.25304635060746
66.1758399312452
66.21683722587845
66.59870661464794
66.1614668305943
66.72922322235199
66.28370292263608
66.03449479163116
66.10603555192895
66.14895908401107
66.02123913205678
67.02287202194479
66.02070818610888
66.2990074586103
66.210835521904
66.6143317282719
66.20259466673818
66.23740507167135
66.56519187189784
66.32797933324464
66.06587151228477
66.25272135309258
66.0372805268136
66.0204726613297
66.30428467434521
66.43196728041319
66.14098747000135
66.38209471351892
66.37079419814418
66.0315740528781
66.10206264260034
66.42127652706843
66.08637226955709
66.53284620660585
66.03493626045926
66.32720501306663
66.20911289554495
66.03271568137659
66.30676557467035
66.31378908833504
66.38313023010456
67.3507319917874
66.51169966470866
66.2406491039975
66.6233336847213
66.32780627772078
66.09561821476204
66.2641857832954
66.23285020164046
66.10879738370097
66.00237455840936
66.3270719066044
66.24664536316618
66.51979281794152
66.01861352017085
66.19777904026776
67.02831955042991
66.68895912566357
66.2159185398931
66.14256379857105
66.40187200895244
66.34512411751919
67.24247812750684
66.62540487380929
66.14278849977701
66.08041892453915
66.27323826329048
66.33913733330817
66.5811023306088
66.69850477698584
66.38464003864044
66.3809900142618
67.43949243519486
66.0672161090847
66.1183957232948
66.25887067488469
66.2327718657677
66.17662358815666
66.35403512553668
66.14563135888682
66.00369307485238
66.44108092013067
66.09511472711587
66.37999254761593
66.0947746614561
66.32123605260414
66.07561737580203
66.73773276280967
66.15491317451169
66.08866833446372
66.02633650172162
66.23040087296154
66.53914931104954
66.37235365998193
66.42168110012602
66.09725539762563
66.22465904585661
66.3939695501061
66.7195532713994
66.08373596672098
66.13502500453761
66.75272191462577
66.36772517788292
66.38452145858109
66.14749974258072
66.47509380679769
66.19734535357159
66.04371357728635
66.03617221401583
66.33388909483315
66.02153648866108
66.11099728510547
66.1076796704509
67.1127784789345
66.00415559218231
66.10030265366335
66.27744007216548
66.26503993281206
66.07807260051736
66.36048055421625
66.18878493840717
66.76066952662816
66.32414292191983
66.10299498665717
66.14039227134344
66.3082688199809
66.00300838341695
66.15293845501472
66.11532043242998
66.62562809742509
66.27736191761116
66.09068790769334
66.46824664691415
66.6145805724482
66.24319127439446
66.13158800880234
66.14410655741555
66.74623903124647
66.59896095384808
66.3339824458881
66.36983371499265
66.00344767634417
66.20597351023221
66.11895529452003
66.42396914850332
66.01908181263659
66.21082779482244
66.84306363219453
67.37296207349213
67.03263472374722
66.06751704658777
66.06239539882749
66.07003200314321
66.45817941969929
66.53441117224588
66.05850327173965
66.65933541611507
66.08714581053238
66.51901373905892
66.19798949995952
66.09456724782066
66.25394025819737
67.20741414098053
66.17335134638844
66.46218297412851
66.04959959617437
67.45587715853891
66.6733563913357
66.08438039585563
66.04939653625351
66.26434873752858
66.44299724675743
66.23916284614067
66.4615775879199
66.17268206084708
66.05886332087809
66.1251110148317
66.22259966820823
66.04751474367072
66.11602911293468
66.79126692604736
66.10770610781256
66.1062537678579
66.76636795983868
66.20131042569467
66.31271795678512
66.55120578321517
66.15082703435102
66.49181517874074
66.37767627134602
66.04990217771217
66.25677488744746
66.63751259717168
66.38487881902294
66.3255990198738
66.27137157825864
66.31557878208457
66.44459563264755
66.05827348597907
66.60188684090676
66.76051607599615
66.0813780984551
66.3321404408735
66.78083716679855
66.93067972902831
66.17949933334043
66.1229511837759
66.07808581337295
66.32397849890752
66.92191413747223
66.04117164916062
66.34527866158281
66.52901839781411
66.40672801161023
67.00741891245502
66.06522715187486
66.03745545782584
66.105337289024
66.15266859805817
66.27923536507453
66.1686703016866
66.0703641526031
66.66001658906681
66.11131316258
66.16166452591618
66.49091373014497
66.2266155109683
66.48315567210199
66.07125680446362
67.31139472597772
66.60789177552121
66.09046395242426
66.07427014460123
66.34426922715228
66.32715907677334
66.85763736100782
66.00426194311949
66.0992220535381
66.93278902195655
66.03600277976143
66.07947522060365
66.08751041443622
67.2175771396009
66.37628791249752
66.26479759285877
66.05700593402031
66.09672633703755
66.43540433025497
66.81273822130312
66.54695555700728
66.58910577494731
66.17547883973076
66.43741302354634
66.58397227578016
66.0518709959493
67.19749059903053
66.10899348587431
66.07745198140167
66.14894886299736
66.14862075567024
66.3688629772788
66.7278762639898
66.00693913265883
66.06428501863824
66.17716231396393
66.20014010390423
66.10296403420848
66.82743491554832
66.41520819454561
66.10955883414654
66.10299084216562
66.09778946561049
66.03180723517791
66.45549218454866
66.57253109400389
66.25798725266783
66.01203147011866
66.05714875275135
66.78494686689353
66.18113093299482
66.2469173030011
66.00308394196473
67.09399275451817
66.02060930102563
66.15379321296044
67.65241110895435
66.64637704134715
66.14032022164032
66.15809050374939
66.36346520395907
66.57895649656093
66.00111877967366
67.32479002370877
66.09618789254866
66.39159796552968
66.12260720670605
66.54596250393588
66.66245546516153
66.14042104494325
66.09172191837051
66.08233819784583
66.2837509912451
66.0846523816937
66.4953622171942
66.05276486712867
66.04569106268603
66.30981679766579
66.01812593089697
66.68357422354697
66.48137902275586
66.26862429500657
66.03902703405475
66.23084529479904
66.27079702304398
66.0136896666246
66.49505483283434
66.11036022120228
66.01587347781764
66.08362723704721
66.01430546654352
66.59588723458798
66.02695969592271
66.10151062668523
66.97448219471615
66.28806931467183
66.67318099554538
66.26672711194058
66.00564026689547
66.2059996300925
66.4606149619049
66.08464443017864
66.42015816037198
66.42617520005979
66.33227586923329
66.28106899481249
66.03825554114945
66.42543411532893
66.04044000126481
66.64652970366132
66.20163407143102
66.30221169958514
66.64081123426696
66.40374012887513
66.07623571824654
66.07110142102165
66.12191931208359
66.0339719864571
66.46187614389608
66.05973502554541
66.39265690312956
66.25258299039201
66.48100626764682
66.39022583735343
66.43148223087492
66.04885682021477
66.27556444821572
66.92533793100135
66.27010514039576
66.25851107002781
66.40651178939642
66.36603720187541
66.3230497225597
66.45840846242059
66.1898605374079
66.22735263518317
66.49963524579499
66.10841228155188
66.37082886054417
66.55300865536259
66.85623154272173
66.03000715499331
66.98812430363316
66.49990743647817
66.44343728233106
66.18061489590715
66.76692403689742
66.0926793588066
66.46242051548022
66.36171689833851
66.10229596886265
66.23780910214623
66.09446797504252
66.75107224099669
66.61101270169992
66.49741702882872
66.2145352103892
66.13984609966823
66.14002344056266
66.00621438312577
66.79942427099914
66.83656466846337
66.80661018070214
66.17399677970208
66.58710978626749
66.15295902872909
66.28685716082126
66.57320260286933
66.03837528035761
66.51020526659228
66.66555723237408
66.32491772411413
66.25360882402107
66.66491812720493
66.22057929382734
66.14005784244098
66.12069223680808
66.29528236723486
66.02560319273923
66.24138092048715
66.09423153399446
66.0679507569585
66.00607012702669
66.04901045496007
66.18577672540515
66.35639042748262
66.22660599599546
67.1182797909841
66.0423548888065
66.28369716847487
66.27652512386823
66.24190618661687
66.43473298204376
66.07368992102816
66.46744633663718
66.18298414123954
66.0331873797158
66.18306542413684
66.39321178058303
66.218898743477
66.48321370507242
67.27443332572844
66.29818411903086
66.18021066303102
67.18463685388184
66.76874779504924
66.25449907898668
66.14933657393031
66.86838096016827
66.41541438185924
66.3011219044638
67.1491140055549
66.16355182295908
66.15093600470892
66.0349716327046
66.4846958306674
66.31105545585383
66.56927594590604
66.25793517961266
66.79673158925965
66.19568933704913
66.34753990845091
66.05901188195234
66.46783174538457
67.13705479591192
66.23913060519656
66.26165068365229
66.28472269163696
67.05394973662176
66.34229730029985
67.1380089560391
66.02906528665531
66.76320007268998
66.35866444985328
66.77733903315466
66.10439533211239
66.22868097757485
66.24355690558185
66.06619711615538
66.36780539373282
66.04078733980653
66.2022740885656
66.1322212188055
66.02660359370341
67.1600713384649
66.39328518764434
66.31060226726729
66.55740501154429
66.12953119441563
66.8593134875439
66.25186424748101
66.19122709453114
66.01327925609804
66.00129799256224
66.15483215889877
66.05067811902464
66.1975713015741
66.33384293809755
66.4354130383924
66.21191385829093
66.13978085031115
66.05595371514956
66.48578896889526
66.42422629594283
66.09461155927332
66.5882800847946
66.85696298772008
66.1735552348014
66.15899923267261
66.00955584876222
67.22023005800303
66.20208403512416
66.21439752606186
67.73011636605764
66.16744297161517
66.02115764579233
66.04616334608602
66.85759311313497
66.67605783316763
66.29968649907217
66.52777683355217
66.24646766640605
66.51932313774407
66.39469988251184
66.1972405567866
66.0543483323443
66.05124700443538
66.27397260662626
67.01710373916674
66.1703614376844
66.16095645387402
66.82159480560227
66.34969533133471
66.11325964356872
66.53509737284313
66.27907571648265
66.01726864892798
66.89466990041065
66.50927916147586
66.0670046292933
66.14085485445706
66.48996981636806
66.01791598635742
66.8108701005649
66.07518425751239
66.40863903881588
66.00501088331626
66.02013466085843
66.34232339125393
66.16510838880387
67.0805064825114
66.2133235146107
66.01632861013528
66.26060845388521
66.04115712956512
66.45815716459813
66.24432480057307
66.37743744016434
66.23592674707733
66.15945366543089
66.1807355291093
66.12062129087387
66.37233168437919
66.23212838374492
66.38300206902268
66.32065664267594
66.53997019402901
66.33078696115756
67.56260713170711
66.12106279772506
66.56726022553688
66.28976904138966
66.25366709869186
66.50671702051632
66.19785245573112
66.53591016337595
67.43628142210204
66.48644429373068
66.26539739979441
66.45605731443241
67.12850366747558
66.28341345197127
66.48890080095671
66.46064651824595
66.8990262564245
66.03006471093842
66.05094444985532
66.8041919391575
66.07840069158442
66.19868253744906
66.001142960684
67.37782911995649
66.00432582100153
66.2041848027787
66.59947174415595
66.17844500701658
66.23733542594562
