42.08622564467482
42.49129033391591
42.37016410166203
42.60653119835904
42.33548526850915
42.00495757991349
42.32750818014438
42.62923784427159
42.19930721651887
42.50426249656206
42.38239869519712
42.72517509219264
42.00127832146825
43.17576529181811
42.1768032583997
42.36484022141476
42.16456897211563
42.81067802691452
43.11191729518659
43.33438116056671
42.14331742801416
42.11202710851801
42.04025763965905
42.06363656714993
42.10617010351995
42.54239064458984
42.01335870822301
42.00096962179747
42.43126181060305
42.34233296246949
42.20014533235194
42.1374516130234
42.32808437082058
42.28896312635834
42.27598798424541
42.51352441571731
42.02955803366754
42.07849111801493
42.19531755758089
42.31047553756137
42.57419565837127
42.05854759397267
42.09958190792948
42.29784328971393
42.84859796189581
42.11820062567843
42.15532334907713
42.33670017709706
42.10703964624888
42.01168160181238
42.4801944835358
42.00977438986592
42.49410546015254
42.72825138891078
42.002418402308
42.10580319733545
42.23751444037879
42.19715755477079
42.15303320322097
42.41390844631003
42.07698453740969
42.44863581262848
42.6438922961939
42.15878974143295
42.56337011600461
42.70078893943257
42.02606568376276
42.16592863836301
42.10642804775066
42.2464969881415
42.15795814847635
42.34266483935256
42.67647446460136
42.1349836474584
42.73321656934857
42.36341284963013
42.67962728400507
42.35161207513032
42.55012864342696
43.5109391126749
42.05140217819812
42.29425243443695
43.01591862182502
42.14310702521536
42.56942890973328
42.30086611440915
42.19706240894017
42.25207035660145
42.29167046604744
42.54065487057381
42.84453822281306
42.16588521249971
42.82070128772652
42.02942617616561
42.79205662902832
42.02796797713084
42.29902496059027
42.5323648812523
42.01370991558826
42.05721375909435
43.20972850153481
42.69804905907012
42.15385334453657
42.50283876650374
42.18257099812109
42.18007883256586
42.15009998790036
42.9087477369082
42.47635110014088
42.98669540834535
42.0570516951605
42.10533227868276
42.6665604056226
42.21090580590999
42.51373192862371
42.09608908623997
42.87962472124988
42.09295676520612
42.27746594323129
43.40298155197691
42.24840669918775
42.18293379647463
42.45837265237297
42.13934972484905
42.06902865404073
42.30756741015634
42.24209170839809
42.00906229230869
42.52286020131516
42.20187212117548
42.02097112457126
42.1885446570446
42.08471796522389
42.1976469423384
42.21441501900883
42.2598853584114
42.07371407952068
42.02840357514777
42.35915196736065
42.20191221254446
42.15054996715256
42.02534309808304
42.42187151081319
42.43277920845014
42.7817598296898
42.81156635743028
42.17359437439063
42.23159221669292
42.08002487032785
42.22941718828753
42.2610633268397
42.45170847847499
42.06609916000357
42.34207488498111
42.73055377055623
42.5562890032498
42.14757798165049
42.25929370297069
42.07907510878399
42.26466572340829
42.02625728465709
42.28149388257548
42.46514909788343
42.22155737452331
42.17527581013676
42.21850406706775
43.07253934382408
42.16797796467623
42.1714623408592
42.14337771581258
42.03649640554634
42.03656039653221
42.33515238605936
42.2124338889432
42.59708319230855
42.39630133698937
42.56208664135761
42.11770852610735
42.66851580586385
42.0355678518738
42.23453788849783
42.48377868790817
42.38576222557041
42.00574520171451
42.77565996061679
42.5029252142688
42.2410428934628
42.06257340280909
42.27628635005735
42.08710045896447
42.45224218047954
42.30199836724324
42.50682680764133
42.02957983921904
42.01155873647684
42.1556533945059
42.11971934082743
42.31879284069795
42.09312360590265
43.13376356505596
42.49064160996815
42.22345847785035
42.1262241349539
42.32646653826523
42.10395139841208
42.16176195358609
43.42517093584878
42.05553726153087
42.29740326020332
42.08904873814975
42.40862007977724
42.84565769363849
42.63765237260431
42.10356418929462
42.43740792441061
42.03210033603375
42.11065378675558
42.04391279601668
42.46437769693523
42.13350253199422
42.08838598469674
42.07740890045061
42.01952242841165
43.15584839827288
42.71618619839334
42.05532848824133
42.22228482719542
42.38827361472087
42.61877204984959
42.36450661018
42.56936326262488
42.60994046313845
42.21788277850305
42.82790717824518
42.43238029967984
42.6109494000832
42.14638161862855
42.29241410467085
42.04309205245358
42.00837113293677
42.39293501614563
42.11140411251144
42.09123564186996
42.28136799209541
42.06924424966333
42.45791978238319
42.75202097543975
42.08592067569518
42.175074016982
43.3381566137752
42.21785415793843
42.07766652705479
42.09848195999243
42.09238881150259
43.12457613697627
42.45341809076298
42.33681571522156
43.38738263379923
42.72110679533267
42.83472503458577
42.05219144360263
42.18483001240405
42.16762347051527
42.20328686386925
42.34471398997047
42.12195674643232
42.01176325192395
42.76757802427193
42.31109814403257
42.58053486073471
42.34657680811355
42.24125010216337
42.51124621908389
42.08733314465245
42.97546947151706
42.69202648325043
42.35885956181988
42.3437651638662
42.62463233511177
42.17197122053775
42.46842696935086
42.73114320450074
42.16274416913981
43.13718090415544
42.09163189054224
42.0493599174649
42.39602748581674
42.00175892028148
42.12129126418474
42.13478311115732
42.16177930683806
42.03464589401765
42.2339006918057
42.95954425170999
43.4562998308722
42.24912588809179
42.16152715568337
42.34065828135197
42.31430413143087
42.5457474269999
42.25063955295167
42.02860799863873
42.410280605789
42.1088092502122
42.13170051120794
42.33985079409339
42.05750667147345
42.03923163954006
43.35232358840137
42.13160361229752
42.55413869675499
42.39072230644091
42.37173595106524
42.54555264264698
42.08664061941836
42.43050623532546
42.82446297189879
42.64981380178411
42.0336865106885
43.4403438982844
42.01710828067896
42.51604103676606
42.03108648456858
42.56036297989846
42.00705110892782
42.3179074985979
42.32840672073379
42.28659537240054
42.21061344225625
42.0729516624227
42.02662118555014
42.3048771776446
42.45719965324156
42.07402897954842
42.39603417884062
42.88302467283719
42.00778464466215
42.80357051270061
42.56053545365989
42.05685482855964
42.3188804331071
42.0117110652466
42.04732510685453
42.32408903097517
44.0942320651861
42.78615723145555
42.24252173482193
42.02741436337337
42.026476481504
42.31389421670264
42.28053232394959
42.13684671625179
42.24389359172859
42.27697906924029
42.27695283372937
42.17077262497067
43.65490093747253
42.80744969355316
42.08765049840193
42.09249118748024
42.43363266210773
42.12243001060562
42.1933054184726
42.17544061716495
42.03480153154219
42.03123913493494
43.30138012701191
42.55587874020426
42.44933486762163
42.15455224069144
42.00712842249758
42.08345107742118
42.16105636455074
42.14653872202516
42.37277599400352
42.08441787956431
42.03644347187389
42.05607990832526
42.18823431861171
42.45696285638791
42.44906999742447
42.14802148958556
42.03615117409481
42.59050803491858
42.24466255179935
42.11765823450095
42.23976744728468
42.22926197316588
42.04363871192852
42.43263063416393
42.33541918416081
42.05575424850393
42.04866901178977
42.08519376420297
43.02752438262423
42.5621363356701
42.29262741171125
42.35269498897703
42.88159680952872
42.02065734461394
42.06889891223185
42.7290307437974
42.15913707417661
42.03096362794217
42.37116028892228
42.18577332270472
42.17369728973766
42.13914120537293
42.22101392420112
42.51773613345541
42.01894194527841
42.21155192784863
42.12781022691082
42.3284057114855
42.26779473792404
42.46810911534174
42.14540124806829
42.10629947267375
42.22072315616737
43.01845189313013
42.16417558567814
42.95879584508559
42.31745876437876
42.00576689802129
42.36895799045811
42.03902680154753
44.5471272353258
42.70140209087104
42.27992160330038
42.03959974369034
42.15739389302716
42.51568760277485
42.05132197006628
42.47491839781939
42.0580774606145
42.83641645523118
42.92694550144473
42.73055671556205
42.08018413978417
42.06733627465474
42.05795763645072
42.06522931103107
42.28606741806421
42.00462076807204
42.00063704317092
42.48943496404309
42.42902712277284
42.9108299004693
42.24586564385865
42.23823387418059
42.03983996405637
42.17615398820543
42.25452881335892
42.09197987233299
42.2595337282773
42.14719772992134
42.1105862058158
42.46259608531401
42.10261276728836
42.07015625194629
42.47312101766542
42.07613951123509
42.08615615971544
42.33168621128632
42.01833174659408
42.97135396843127
42.89765735733283
42.38635381307553
42.08074750049274
42.33473526699488
42.25245622230322
42.41064580546074
42.50366556901066
42.14504229357409
42.49990398685757
42.07345733909484
42.03318362172683
42.56668958793549
42.0459957857048
42.01663194163078
42.01705787590399
42.29042558545539
42.39137805194784
42.47320872067269
42.04295038365178
42.09028023170502
42.03075683995
42.68412552253924
42.02310101551651
42.41711278804708
42.00176127272395
42.1134261763517
42.27907348479294
43.27343965020478
42.5017707804029
42.87273520001967
42.46343140455571
42.69814398171496
42.24876638752916
42.24623393063204
42.50385961186735
42.41749267840042
42.29134880522008
42.32628579886725
42.17161347079747
42.08465514971776
42.59185379867766
42.74535530303527
43.28892875846322
42.2006905310361
42.52408292126707
42.14773726293486
42.42526173349265
42.08845375257052
42.18471115816264
42.2212646175666
42.3396669943976
42.16318220499252
42.35759583605614
42.17170701321334
42.89451862456974
42.39509522883456
42.67589606174424
42.00749323448329
42.53422924072457
42.24735360654341
43.3336337909787
42.32530138830897
42.61715438165713
43.60290476355748
42.74861744459724
42.31240800666554
42.22846917533286
42.77772806630266
42.32678617148505
42.09760264930815
42.38783644583696
42.04442741122466
42.04347133003446
42.05577837532396
42.03627233812714
42.04253867529998
42.11831197408888
42.00897443966509
42.44705184972279
42.4021495348311
42.36382896675208
42.50844425457081
43.19398491080361
42.45348065291174
42.00129921079171
42.64723449200341
42.22754731778478
42.01257727574311
42.00750486807884
42.19651556684617
42.19071711198713
42.38928467967638
42.12915938830924
42.49989583657058
42.11815965919209
42.14802223064832
42.08936974012013
42.04320664929133
42.18948363719747
42.47910412486211
42.28256476380197
42.18993020865828
42.13197003340294
42.04403107445405
42.13339813020944
42.08995310237852
42.18697992372133
42.44345215789199
42.28842063451111
42.10368228916338
42.14386437256926
42.94091860141072
42.25428612338678
42.18756105122603
42.77735032650956
42.07928909691299
42.42523788309074
42.49069750197386
42.16507803648454
42.82794503387791
42.04485049739137
42.54997463005382
42.26470236135941
42.18207118750728
42.75286526692918
42.51931970283454
42.05874344205436
42.0349289184781
42.02730333090793
42.22808448177809
42.45200936952577
42.10890913868233
42.04273272343184
42.00248940955296
42.34708156758345
42.15310144090143
42.0786158434159
42.02802562956576
42.46907602565622
42.31420960094336
42.25041783034552
42.71241329714543
42.34604265481131
42.50846550571423
42.37876469324313
42.45760562441825
42.02344868701022
42.38899756551661
42.31039581241019
42.68029154694987
42.18039922435104
42.08350069915362
42.49742718882314
42.15915443935807
42.40793434966792
42.01968082718652
42.10517292669857
42.82132992726164
42.73574659944662
42.0066088555225
42.08875356458976
42.27296889967779
42.1847239568767
42.25996291971174
42.23662830500556
42.14478769694193
42.10911078092764
42.78870861458989
42.48320020261121
42.33227689583537
42.74818444286437
42.02755019352315
42.05788937376246
42.03967599452261
42.35846111078993
42.06829676299901
42.05845142465095
42.13729456602119
42.33318436439762
42.21506292182899
42.45281866852491
42.37617400176771
42.59427734699983
42.09565225578134
42.13862841862808
42.03364538483256
42.20096295276479
42.50857242854705
42.20776881694715
42.35333100865971
42.05525045461524
42.25385232904793
42.20498829922577
42.42390512422524
42.89836636937056
42.53661759619627
42.24491676526817
42.4200363446198
42.18411830583658
42.4333381543967
42.28891427867807
42.18227269981174
43.54050541391715
42.21215321161315
42.00131127064616
42.03264754033716
42.57894341244894
42.21759402345502
42.19973658891229
42.1342104648947
42.0566768398112
42.62306693445611
42.00861342408222
42.21356257557846
42.23281967662599
42.53166340066095
42.0570174310771
42.29178227720978
42.01750570749197
42.18832229413825
42.11329873643547
42.05318708453868
42.08514725490902
42.4718398606154
42.41294084676466
42.06398328444685
42.24000438457139
42.1227675958879
42.08305499954904
42.65860875004215
42.97580427541137
42.15677648896486
42.49712930668365
42.36499163760604
42.01789612615549
42.31117229136395
42.12736283191951
43.29429470147911
42.16959629395006
42.4292569945038
42.60359533376207
42.06775206500163
42.29246631274975
42.30269320829836
42.12432100567995
42.05011412323098
42.33317774828446
42.3193549257601
42.02812229902366
42.14155523165277
42.52535591685086
42.2356265440518
42.10273193205158
42.87905486205155
42.72225454701566
42.45650266164242
42.08762575591105
42.14282746136841
42.49949821085477
43.7157475250938
42.48479177407791
42.06709498027788
42.5190890027862
42.13764298203578
42.72714945808183
42.03418070490262
42.17884804171178
44.28672800699182
42.13987590460432
42.44385732868967
42.15014689265981
42.0249276534582
42.11626687670767
42.15106906317656
42.45633324079068
42.04106646520975
42.48411694575805
42.14747002464798
42.62263522402766
42.60286694878346
42.08227156091589
42.18827053794794
42.83659450695762
42.04012306339705
42.06202400634211
43.2493729420144
42.01884406304789
42.17468515670531
42.23426181559378
42.32675292150201
42.22623788919854
42.04872842102012
42.14498070075557
42.30217054572449
42.28799424041895
42.451985450324
42.00322784527589
42.32787289746534
42.11791449538028
42.17532899970583
42.06913139182622
42.90368109667777
43.09167700798311
42.01457660161782
43.19632028368746
43.49136950991191
42.37225741992687
42.3099235453527
42.16558275876218
43.09550113995741
42.60992385514824
42.04295426684457
42.23312536753765
42.18460661160825
42.02127065780725
42.07710027252491
42.02766380363364
42.62092931506488
42.18298880562448
42.07436871109216
42.14127375714236
42.07718352537314
42.03070209841621
42.69682063902846
42.14158486512084
42.01381800864869
42.39906919816178
42.29282678988773
42.23805026284569
42.2522611202418
42.22228843093919
42.85226708208013
42.36718435811056
42.1838846219572
42.22049537898548
42.36898884672652
42.15417224901185
42.43436876519375
42.02233492092949
42.27313168971291
42.32014375355853
42.07961452333753
42.22815481146541
42.77366726162123
42.13812468214394
42.34631764195304
42.28949085400654
42.39736744077038
42.22203370486314
42.03714632739511
42.30775861852899
42.007522863993
42.01164563981823
42.15995875117034
42.38988867187702
42.96748818353381
42.96462371002959
42.0379945841338
42.74793913290215
42.40005885997661
42.2317086376901
42.21756424845753
42.24874668345675
42.38203633525485
42.71661917474263
42.53144520226247
42.29446411719525
42.05648297993107
42.53734845334344
42.46148300469253
42.08271732131361
42.5343138219627
42.53180053939504
42.40691457628643
43.17058239100103
42.02229558667717
42.70985893535507
42.1734627656015
43.2560734621271
42.12853284004753
42.2216285265469
42.38105211270133
42.00630928906848
42.08198440199324
42.09513277020486
42.03025869118564
42.51329288158695
42.70697866468221
42.04164540642296
42.05462124800184
43.07630062882895
42.32411271065057
42.5938823392213
42.02903218986963
42.08040739961354
42.38266536469376
42.09104312304908
42.13462035153967
42.03559550555869
42.209628131419
42.00030086188109
43.5565640698542
42.39087122261051
42.12858407711202
42.21756644147432
42.19285670375782
42.01563699621521
42.10607754246409
42.14260666080835
42.35937137089806
42.18637382327206
43.1568131332169
42.37501307501112
43.68286829012912
42.70065739600975
42.0628531608683
42.33370850837383
42.2887747888584
43.06649436845321
42.79427231633493
42.97713487257021
42.15431555548327
42.16385251638288
42.08535245912218
42.13893467236905
42.27802204338154
42.17951050355067
42.06220036398078
42.25353965206575
42.4560946706895
42.19441811291448
42.66330962932869
42.39167711101484
42.47333289564793
42.60797965358708
42.32651156746619
42.60979803005309
42.20984124121325
42.33314999396431
42.12572990370344
42.40801854773379
42.37732085279423
42.2477324758891
42.00826152914043
42.03511629482691
42.47206944795217
42.66028652605323
42.10497430939483
42.36666667940731
42.60160300009098
42.51738288418716
42.02891242080583
42.25500457491783
42.02855779022861
42.05364423091263
42.07827699277041
42.12321907434053
42.04473980604956
42.53629585647482
42.12096854357796
42.28992138899661
42.07391032636674
42.87793512341672
42.79760792206567
42.08032515825428
42.03596202433911
42.17793939272918
42.15041458532403
42.28139879547497
42.61281168065418
42.95890700026446
42.29905025270945
42.38317340469619
42.3159950010612
42.11801720093423
42.13851401259133
42.36885840359787
42.14013303446424
42.13142874861857
42.25548773001778
42.55680027231342
42.10068143238399
42.17810607756785
42.45008743025717
42.65220451878996
42.79407097662553
42.14182453228492
42.91426568690148
42.08001678255433
42.35369170833993
42.04723526005748
42.3256989412441
42.06517648128188
42.17349703657266
42.55470079101232
42.42280163377302
42.19942250650812
42.01200571189035
42.92085617692416
42.00521775938603
42.53556414918449
42.054999817286
42.14504559935362
42.8683279291693
42.1176099071872
42.14320807984999
43.22195188120605
42.23737278688265
42.04836098333849
42.09720121000545
42.13648057571136
42.68538410517549
42.16040135608478
42.02968752065736
42.15007595798053
42.4897400364576
42.70844503960392
42.64389486226224
42.48552011354047
42.92244871396615
42.06741765174102
42.42716582865715
42.22442737545064
42.5558930175275
42.15299136575558
42.14181011238942
42.69155112024912
42.07384654966904
42.46180030444539
42.13990073892966
42.06805229300216
42.0381452562976
42.21299310463689
42.15596228730211
42.01439232244396
42.17036605917725
42.10838491602973
42.27560156400703
42.10208587880653
42.29285890689882
43.20396937515338
42.97664096453391
42.30735430348402
42.03354741575142
42.21096501512644
42.16280575386052
42.06979165310558
42.69796335910812
42.00269969530252
42.56734282999658
42.34653103274637
42.03225767425074
42.26589381299351
42.31500456469322
42.46806591775498
42.33893172863891
42.41050061173831
42.24887118971078
42.57487964155169
42.02990443186243
42.34926356948503
42.21578720106677
42.00070598479637
42.29327136265871
42.18457006948058
42.31035803594247
43.28411231333374
42.06362471682431
42.05753456799921
42.13676076108045
42.29895192333719
42.3565819922017
42.36449457183117
42.02202287555753
42.78265462269589
42.40335938711712
42.30125814108901
42.01613539530177
42.14394135129652
42.52560405056663
42.33422146839354
42.00442413694277
42.18925671450661
42.01510302428862
42.54804807156046
42.38307187254929
42.00469103249316
42.0560689441568
42.53286898799713
42.05058393381285
42.29467366615226
42.10348842594607
42.9326983747933
42.48073745940301
42.65379474781972
42.27421163339567
42.13042853157982
42.20771440699857
42.12024687272391
42.72513757380691
42.25190390155701
42.11064454531637
42.22179960714458
42.08109897117085
42.14805593114739
42.06290835564634
42.46040602504207
42.32312169669497
42.26026411158288
42.25849342901512
42.07135701901307
42.13250741755902
42.81081715583815
42.35997507664894
42.19899648812267
42.51844070327878
42.2828989210567
42.99164913270275
42.24812192330102
42.30629303810962
42.12613338543485
42.52266037024403
42.21624016818306
42.22562496014805
42.3586301319113
42.51185860412064
42.21289794545055
43.00347409907673
42.268190157243
42.04602963417622
42.17537849271054
42.25397360801172
42.48631870691855
43.76539797760471
42.44074299460743
42.27950552573932
42.17342890928364
42.16817695998139
43.1260606677163
42.0138753104434
42.38010051058877
42.3790423871704
42.0684663544605
42.09257717360094
42.1641011787781
42.09469858050353
42.07515616529389
42.27849957241558
42.04059177580051
42.8446074455693
42.18079123900075
42.45620162113274
42.05100061811549
42.12825605019943
43.07014387307893
43.50070280669032
42.19013137679473
42.10737887642666
43.26761060480011
43.46459784287887
42.27763291762872
42.15011961357099
42.15662204835387
42.6833474822235
42.01043181193685
42.15493924489893
42.00494347441376
42.2142992925517
42.75421274542997
42.78596673875774
42.2198663538374
42.28213310621641
42.00719310385956
42.20642092339294
42.02990065898453
42.01555047737309
42.52479417633997
42.03845460630846
42.24167219319048
42.0352383153846
42.41730919267462
42.09684055729154
42.40139102793038
42.16643919003423
42.35043240126926
42.64237399944916
42.02346943799594
42.6861581847492
42.10723451479309
42.63935178053352
42.34634858146782
42.50045861562695
42.83824476453449
42.23579313111293
42.21024285667306
42.29725075284505
42.09414776687507
42.10755149722281
42.11011418989684
42.01104548356065
42.38333918141618
43.47931392517548
42.14769118655524
42.70741790262625
42.06680874890314
42.21869128674586
42.40487480215054
42.03056688296028
42.34176773244543
42.06489917819453
42.2567847783773
42.60793613946498
43.52260170857475
42.39485395731816
42.60562600557999
43.09981598751539
42.4219558815947
42.03517023955653
42.0854148741161
42.02124505828098
42.23674063245934
42.07594931365603
42.00750389030872
42.75484368749267
42.42634616338594
42.63948422519817
42.01410199184765
42.22745822887185
42.55500387774866
42.73575953026955
42.32466769068095
42.04732335280366
42.7750637137415
43.04859478292806
42.29925644197146
42.92626409399349
42.10689246344251
42.09034065212906
42.44181021036753
42.0626295907589
42.02469266672835
42.28478418150767
42.03686391535533
42.08495977967619
42.03315499454116
42.19895081748423
42.21720414616787
42.05047913556124
42.9550883744373
42.11310064930453
42.15202325958484
42.2626013022828
42.243180621345
43.14002031776921
42.20100440186653
42.12954689662688
42.06376217559169
42.05656053076693
42.42662215440092
42.22796105219641
42.34066000806736
42.31490934681786
42.25669533990795
42.6381099343791
42.62954996254173
42.41356554825055
42.04608023228131
42.26502381967843
42.07125456703906
42.24198150120031
42.13106357845612
42.52141829149113
42.59555961898746
42.56005577323115
42.58508859283085
43.16462295865497
42.4030075410863
42.9583093810784
42.32026318644344
42.26458068369453
43.01613958580472
43.07029391867817
42.05572014599796
42.04887347194207
42.41300982689698
42.15320817771322
42.24045638780845
42.1767514610223
43.26580432390482
42.56627698679097
42.31991281255647
42.62874102270187
42.02284365785387
42.28909134131277
42.02034271431332
42.28974707036951
42.07050125235524
42.04226673602511
42.29595102950528
42.16528698519211
42.08315460826562
42.03572307288495
42.45047036468132
43.06843684254831
42.28242138453862
42.80465221852654
43.60014147972611
42.27312940660187
42.46844663977794
42.03542051239484
42.74339711147077
42.50617760403178
42.04184852432592
42.50402097812453
42.04752445737155
42.13926222698854
42.95923180790042
42.09541333365951
43.01008152016828
42.06429443666168
42.02486737587593
42.12917604211007
42.07967292485461
42.02948511591561
43.44612503371368
42.49936584264075
42.03333638416408
42.40847456713054
42.10214171082711
42.48718169843944
42.14948542917789
42.43265531602934
42.81155191790409
42.27460742792445
42.5907114377957
42.22571177797568
42.15918663812261
42.0546274186852
42.02981658137851
42.07967485264593
42.49717666062909
42.19101746129419
42.66127580426902
42.43226183818328
42.00117708617704
42.49723786635627
42.71089939002166
42.01953032747446
42.11862136354262
42.24987250946984
42.11949881507802
42.29690306950671
42.83882034619428
42.52140032786524
42.02572118922785
43.00946378522227
42.3513151022808
42.08991705660016
42.46940929171103
42.25742322618053
42.0811938263218
42.05326435351886
42.10587902791436
42.01623435645845
42.02930896728688
42.3039807994184
42.29133322294465
42.06905253412774
42.11717493127377
42.89814444912263
42.22447887833427
42.33872547092864
42.54594645107318
42.50046027767114
42.38129505114551
42.14831784828453
42.50323662134637
42.21583632152304
42.2479133172478
42.52973318454696
42.70918337957187
42.27120344427945
42.10026675643934
42.68381685435523
43.22091787180976
42.89230619612134
42.26944460110703
42.1078006618622
42.45849950816369
42.82731967525527
42.8937933806683
42.02718446679027
42.16287025698874
42.20313099352752
42.1445320163813
42.06178219383366
42.26736701989407
43.38463004360698
42.06345713996618
42.0782339051091
42.08935689969123
42.61393262168211
42.28439107345999
42.91498378506131
42.17666703076248
42.11615061417382
42.15045400911052
42.79237632659436
42.19710631576729
42.36176385447309
42.21372971778479
42.36380215971148
42.36877937572882
42.19701859921798
42.24571535288185
42.24716570887725
42.87084013652366
42.13247430784646
42.56121001603418
42.08583917934185
42.19528243539596
42.23722059950971
42.74062906318668
42.53853657037813
42.26709444073387
42.23651199454414
42.19268578348422
42.03796829073881
42.08646520752597
42.00426206562454
42.20622884071303
42.37217767136033
42.10351494761773
42.02537348442396
42.2519780518764
42.12876298091363
42.0844204807258
42.06338746106484
42.0018236565341
42.07527648482052
42.31558358367118
42.40332842658725
42.16964748343508
42.4003492242962
42.3624468004198
42.21097410013004
42.06460573650281
42.41503580851398
42.26535479476247
42.59981442390933
42.12521335511829
42.34769449470618
42.12709980817704
42.13603213685239
42.33990352720119
42.04358917481339
42.64090255452647
42.32711880950826
42.43024263480533
44.02367304831829
42.04861203726564
42.35116265837583
42.11802991476562
42.30329325564322
42.16193029646854
42.52804445802716
42.14240945767732
42.16644169422153
42.17543720223732
42.12664011162354
42.3139102468334
42.04970499414937
42.05224441924123
43.0342920957916
42.07246236782701
42.05391191339901
42.11414783602978
42.30783386807488
42.34404582857843
42.23095400251169
42.16689180869026
42.67763489517041
42.31142143972867
42.37132346112289
42.58948265960605
42.11619052566074
43.47500273744271
42.12138015724771
42.11094328925602
43.41962866271352
42.15423021087589
42.4211864856487
42.21852137227307
42.20352034632868
42.81236735869282
42.26237470130931
42.54868497590412
42.11321611416209
42.41272212211233
42.70821181232163
42.1823338081027
42.07826380033009
42.13760848199234
42.16459672838813
42.0863157409606
42.1409877808395
42.13387997869372
42.17346358327291
42.06541473490735
42.66183184541664
42.75874348808964
42.9899103485792
42.1447534969737
42.88892445526868
42.19060069879209
42.1987660100267
42.61998440705644
42.45286893666781
42.0395179925687
42.02173515143161
42.06882192602452
42.30812792623914
42.13815160108339
42.43829691982724
42.10086632626548
42.02459246661121
42.30738060158879
42.12894964568654
42.15621491218182
42.28449609532851
43.06367748108902
42.52645597362402
42.26533266541754
42.51756589964735
42.35213360349486
42.01828729624773
42.26561997758023
42.22361713335854
42.62516743797898
42.07873300751211
42.20890100441426
42.36499435806767
42.0868057135037
42.21588333126073
42.10139802664314
42.16593557940762
42.58145222096466
42.04783731666703
42.08604262938567
43.19072183124219
42.99352665758089
42.3900488717543
42.37097994140503
42.20375695706174
42.07660553300289
42.45443673155765
42.17701159246347
42.27673086755912
42.03846617112461
42.00480769764189
42.9666648978478
42.73520555245456
42.02215578670942
42.07930939566145
43.02334776178385
42.72801328370586
42.00067952315081
42.25561327832634
42.8399085172607
42.27786954240862
42.05251261382084
42.44813409647853
42.24468037815402
42.28677036966606
42.08250581831096
42.21765637410982
42.32416273419173
42.01568518578802
42.9124604473586
42.02167699773827
42.17591832917584
42.05253577471665
42.43632518980982
43.16768627798049
42.60138425625832
42.13679145446732
42.38272715210429
42.38612383687875
42.07529573564584
42.10767046521116
42.3526473904353
42.15081983326228
42.133643676907
42.151960516888
42.16955089705103
42.21935375268004
42.01495208321896
42.03559238786055
42.07817884227512
42.4064965643465
42.82353195836287
42.69949408772449
42.09751259179161
42.66924853027063
42.00998505715041
42.17466378529139
42.74990849169718
42.21366005610748
42.17539391248711
42.01366563986817
43.16015794013541
42.21944489569691
42.24539765380995
42.40963012434528
42.6548086737139
42.0736535670467
42.133007435194
42.05007441672543
42.66933585744872
42.10189902059378
42.36199351080085
42.22368138087096
42.21610865410814
42.04967426911766
42.51638248684536
42.36959274476712
42.27515870856863
42.19797558220825
42.24844261922358
42.15059198685539
42.51144030848027
42.14870940351043
42.05554256679699
42.10189602011978
42.35881691901279
42.24779891516145
43.80558886093899
42.16071386390392
42.04390016743027
42.27489290866089
42.10251702742881
42.35909097591124
42.2843383955004
42.91813046259703
42.20762497611847
42.21789805456284
42.49265755288068
42.14748610844257
42.30637970904348
42.5874344954568
42.16371438031689
42.1196257954985
42.41990757959951
43.06208081842968
42.72059065346669
42.29736204952724
42.44961797864692
42.18807968340594
42.39018613432557
42.4923992687915
42.35879466150123
42.12429129313775
42.29113821302956
42.36719433573253
42.0728181526534
42.68377219201504
42.35734554026852
42.09022031181149
42.23546171527205
42.4746194037219
42.14676804186856
42.51243092026201
42.13979944153673
42.43352543463062
42.40347818295774
43.09701873347695
42.40794764474664
42.31504834972596
42.25864530175924
42.12760742529081
42.06690643144187
42.12756926265194
42.32206797156923
42.5343192326141
42.76512919439045
42.42403864294643
42.02069149084978
42.2787883276569
42.2533287396041
42.25436244170309
42.45599037291083
42.21999226235362
42.32884297636868
42.23327857986871
42.11386357300265
42.71946646402898
42.00688806910933
42.15265191765612
42.74433150253149
42.17060446794527
42.24421345708294
42.08465368443035
42.32545230807035
42.45272630280442
42.811438292498
42.67257445805819
42.2258726916783
43.00789828339064
42.08271076232037
42.39226290123103
42.14331150691429
42.26278555991014
42.20705181637005
43.38054986928115
42.31497184015836
42.02412336231132
42.67577906746493
42.14387232911718
42.30869952925857
42.78381785374781
42.21088243288911
42.51191589212623
42.27990772098127
42.7454493232083
42.1852177601415
42.04377681299222
42.54713925612794
42.18676286702239
42.07856427028997
42.14855869317694
42.82202831769887
42.05262010783606
42.00846988103876
42.89705119421821
42.16221374655098
42.77411420321058
42.12246097246871
42.35932977490172
42.16979592767048
42.36132228521389
42.26547598521208
42.04939499095025
42.6506675526113
42.02554115847318
42.19027617422329
42.1146276576608
42.01935095565729
42.0465920238009
42.03345661904734
42.30340417619576
42.11500421602973
42.18099689769799
42.70085669274045
42.67066247362548
42.15612942002291
42.45367807454201
42.70194990034278
42.53990295004862
42.06300519352697
42.39663129967521
42.02618065531496
42.02431869583815
42.4630617687336
42.28130152026484
42.09170641028468
42.06888048472882
42.25359820038058
42.38763348407936
42.00058984069976
42.29638640078954
43.81540095580808
42.27534761592958
42.13120654854558
42.18755990592422
42.52667568516103
42.39253892567174
42.17223145157182
43.20982715672169
42.60379276203449
42.02706422138488
42.88702337309653
42.07506827244841
42.51770385749295
42.21999873320244
42.15698183602952
42.70206794301818
42.40622475040734
42.52018136865862
42.69164021905804
42.15505548526608
42.94152322674316
42.05103978589959
42.43822048714402
42.15254433959225
42.05896519484675
42.02911163994583
42.09148419880098
42.62392371011435
42.44529096082796
42.01900168257175
42.80434011175951
42.25729580740144
42.02026007857557
42.6331459271056
42.08910868241134
42.14336540811277
42.42562862325389
42.22579625738621
42.26677053775366
42.41381280950617
42.04703891323815
42.21055846841794
42.31981863627934
42.00530631501103
44.25808282578713
42.36794597802833
42.49466242868426
42.10501139259582
42.45732869779813
42.09390215458487
42.18877625042519
42.08110765601507
42.05030758021305
42.03730356895044
42.05795268375691
42.01803624817279
42.14324001251099
42.36856565836225
42.07569329721264
43.15174029407918
42.23561061898117
42.0398933897815
42.6653399956064
42.17172468035616
42.01145236937305
42.72234617624528
42.0982014180662
42.32121825067228
42.18035282125394
42.23565465743708
42.98870241958094
42.05941741232935
42.44650863267435
42.15331705791063
42.41795402577543
42.29989290650841
42.26032240105331
42.26640581868625
42.4706309349175
42.42224289917564
42.57223010544526
43.05344398922335
42.00371153971552
42.66321696475657
42.6497938773615
42.61190000685888
42.90090413660814
43.06144269958981
42.0079574143866
42.17237063630952
42.04288620711123
42.44168565200133
42.27692442948747
43.24883691305424
42.77064414680721
42.15997413220867
42.02418936919495
42.4404689995409
42.06091036958693
42.33899503040723
42.65886550030284
42.15035096923404
42.24998343080746
42.10659646691353
42.24468874283416
42.23534717879422
42.16229293011833
42.44544384051766
42.11809232895542
42.43101530327785
42.11004088849629
42.09408626621694
42.37112449848011
42.71313518888247
42.63838115298456
42.0819210134517
42.01829833880571
42.45694030834316
42.32867620396117
42.28658959208408
42.19085097970103
42.43161471699985
42.06491360132597
42.10081740175805
42.34444862538582
42.29463956544996
42.0358039830397
42.5435146172892
42.43218834985716
42.08764362218792
42.12180043910215
42.01641199819401
42.11584000646204
42.16055747309584
42.04783076255286
42.24759836397299
42.60677261627541
42.12244880392002
42.20864881893984
42.70568928024713
42.13213615661265
42.48126020139892
42.11016167221834
42.01605878392803
42.01595000635085
42.37840543103641
42.84598713552586
42.18416477338069
42.34536957038244
43.12298096418233
42.80246992867519
42.21445285849933
42.0212396614867
42.19185421938175
42.52960997169301
42.78549156944685
42.0034481260199
42.84968787491766
42.40755197201276
42.78087978570971
42.02171885245936
42.08510932146768
42.03306959553206
42.29613953479738
42.14259320094988
42.38920757102147
42.0679555742463
42.3886578297372
42.0544529936208
42.02232291773883
44.15173148638229
42.21308333989407
42.25306807252511
42.04287779387117
42.17630341111506
42.06646256415041
43.20990488954969
42.59162037502274
42.07663249699153
42.03291925806283
42.31669771760519
42.13527519283608
42.33745752541444
42.12004479863865
43.10179523723422
42.72248572456716
42.01243358399172
42.27385240985881
42.27753287258136
42.50166649078208
42.69344120678537
42.0416669298134
42.63650263267687
42.08098776300158
42.00279286280538
42.23980431885796
42.07496824719272
42.67519636432226
42.11555227041318
42.20024006962417
42.83392361127801
42.80403118239066
43.54843057471761
42.27486812619909
42.53620227049898
42.12284623475163
42.06618934796155
42.18279060524706
42.47695176099801
42.34432767591328
42.14159050202268
42.16476955492352
42.06651587025743
42.02221140896025
42.0282691393021
42.42800930269279
42.1608833632601
42.22018774890213
42.41580429656196
42.87440963080565
42.00177908692326
42.09850714362826
42.23074505450413
42.19451959005862
42.08781006891833
42.47382714292824
42.01305797375166
43.0538218081786
42.55752711801617
42.19781401301032
42.44863171551747
42.79207778813923
42.12968795257974
42.31257234853857
42.86294741334536
42.59234024269069
42.4487252353367
42.05154432851027
42.89208446767244
42.5032721906855
43.04041594287945
42.40643182082019
42.56380847988777
42.32508059606415
42.40042404947557
42.06476086004758
42.24907081812778
42.19725150249436
42.6477083821487
42.10010456854719
42.44144775951022
42.07632367601618
42.15822885516809
42.09653856125399
42.35506826778004
42.12459197269956
42.7209765933551
42.5809687822251
42.13405314225823
42.70832717161085
42.11970150457678
42.10539723267679
42.26373153180018
