70.50446222481158
70.33485488656642
70.08304127769178
70.86911036960777
70.15357652820298
70.90027742866997
70.01452066344866
70.13129192957744
70.0143128535593
70.00850460791276
70.28327340640915
70.06363774049608
70.0364867408179
70.08423303382651
70.8786149408841
70.41372316381607
70.02551551004233
70.25075470637563
70.01688465358576
70.16492423630737
70.08189527865427
70.12886098995507
70.64878842629761
70.02576695494638
70.1465839201851
70.51517134631736
70.12610017273668
70.67080051920472
71.13434789271885
71.25416584934146
70.08685250283216
70.2166321916259
70.08417991527415
70.64730834682659
70.27514005962992
70.07248849832276
70.12359332675179
70.04408001321801
70.31293483581213
70.42743296720919
70.01597066523435
70.1742751165435
70.15078039464478
70.02297587779128
70.19984176252333
70.04758849516067
70.23651186236071
70.37585604880773
70.04267958615117
70.44699924082892
70.70379574389484
70.03446417441155
70.04320467916733
70.7898128781112
70.06237290883645
70.25621494236714
70.17106013858555
70.38737144570547
70.19037164808869
70.48096430738805
70.04795522420788
70.1835935626389
70.2208458217482
70.07167646055133
70.01639943000282
70.14598582646335
70.8520639211746
70.55650382035682
70.08725287502087
70.05432332837616
70.04169882638658
70.49045205367696
70.22315760469007
70.48613801112607
70.10990767119482
70.20718725026536
70.44887513861562
70.6822517223764
70.59509759972981
70.05163125341325
70.07771319325546
71.41791882373536
70.0165335989866
70.14734429718982
70.57516893546087
70.09982791966519
70.2834220056168
70.12650069781603
70.19562026190137
70.50941061553118
70.85292301688389
70.00582216623032
71.18223113020659
70.22107558925781
70.79782163508956
70.05305952763442
70.04400809050267
70.11347428398801
70.96277570387039
70.19954135725997
70.62391037918216
70.11159233840128
70.01922130481157
70.01989376448532
70.05452467054113
70.1274531564253
70.25344853415136
70.12008964666953
70.04556028097865
70.109766364909
70.1620856154303
70.53144322428442
70.00028955626102
70.70964424581916
70.23534948208035
70.22745575124847
70.45268499255131
70.24909881763428
70.29937212091075
70.5221958152484
71.82206426795562
70.11079130971783
71.87287184486719
70.02175117134868
70.51043067345759
70.10656355979212
70.1276619422912
70.0870545720324
70.02112060022176
70.1952395594464
70.9336672936692
70.16175829064281
70.2015644121009
70.08054498270441
70.0828646764782
70.11482840609034
70.17733365845183
70.07149872307055
70.97574039890385
70.94217144873535
70.08350694130712
70.35594942937773
70.40668674048773
70.11423501280446
70.56937651262284
70.14013586784009
70.93001312501157
70.78714424540115
70.25358754954233
70.11545928343892
70.12410541591738
70.09111976345478
70.27728254561394
70.37248669935894
70.04436417506057
71.43789702564965
70.8616949743025
70.18519566274394
70.17635002144671
70.271842826755
70.10463158490236
70.12753714543021
70.5578600643824
70.31079325530806
70.62873869547167
70.08018455474156
70.61980468659615
70.05073288305026
70.76566934314533
70.04277250889831
70.35932760795843
70.13244966449544
70.9826858555551
70.23449735016135
70.24443521334864
70.28901746249059
70.39400742947643
70.81577977188432
70.11634835569266
70.53694560970162
70.665514299925
70.26750726584741
70.1293645688144
70.05882821833585
70.05261622000833
70.03761756910353
70.51327589821737
70.11354577598081
70.53405668317546
70.04073669272921
70.0399590005363
70.34821332268609
70.47970272115688
70.11170141546137
70.16963597116808
70.10647920540248
70.1231729904986
70.05110814001364
70.0236506979769
70.10901838533522
70.13324659757907
70.06300324505705
70.1934626977974
70.13615775691449
70.42725503783024
70.35440327835042
70.47427839808454
70.18923660543298
70.31332290153816
70.06035096331104
70.13051593432826
70.83892094874744
70.06914889489151
70.728680783859
70.30553579031597
70.10301007844026
70.20984849249425
70.06689000597164
70.03301478569264
70.15503815501673
70.29833095060984
70.44970858768981
70.6823504725541
70.3403760106565
70.90184076306835
70.31398902005277
70.19410757485691
70.76946915881975
70.61651082549119
70.02411779586012
70.1810449880053
70.37393674783473
71.56972283508841
70.00452148002941
70.22472861604473
71.7894184217337
70.70176714199877
70.3382369152981
70.997822958725
70.39553929960009
70.02594092811105
70.46886187450141
70.34227253558842
70.00364124529756
70.33898169894903
70.58986806379524
70.72026143016232
70.20725829520013
70.52050999416531
70.54505461858912
70.10837685199853
70.03877276351625
70.52983029478402
70.13604007872702
70.85046327753747
70.38958641442768
70.20387827884414
70.04203154477898
70.01185846236727
70.83031874695534
70.0345149795776
70.32471026004163
70.3034394908435
71.20113883652851
70.09245994603525
71.33274177579771
70.23512386137719
70.16079471841805
70.27230293424634
70.05482513582918
70.10024227467098
70.05914559114026
70.12741020325777
70.19575970760518
70.11766761221848
71.20139809428737
70.0103472819247
70.12038294871685
70.30560707562141
70.52602739992949
70.17378893836239
70.09093226981274
70.41722775758019
70.31964357071281
70.04843093165528
70.51954845835726
70.10317271604356
70.09612954619762
70.41997148654328
70.00774564528582
70.32884390760995
70.21639038724267
70.68306095074384
70.65072890931822
70.56748941893258
70.12021875907612
70.10515652643679
70.42209642818933
70.60119752556353
70.03219377835853
70.27000593859898
70.19985166497682
70.0433643675351
70.32795488317979
70.70865469823858
70.05413991013067
70.03465789336926
70.31651167355886
70.15454566076376
70.66546504619625
70.39324084711832
70.11920762612644
70.08573591994887
70.39141580914574
70.00991339160511
70.7205171062624
70.1358912869504
70.35113446272294
70.17398817083506
70.05436775127811
70.405931709112
70.33725498392113
70.36994092928498
70.10880615593629
70.04232451033363
70.1048583930985
70.33740403021622
70.04436404098769
70.08616367949313
70.40873392425041
70.16676564200645
70.26338516508923
70.17635351417368
70.08543034245673
70.1831756186694
70.26211916258225
70.17235605214219
70.00761112513332
70.2976816517004
70.20507325532054
70.05304602163314
70.07254157431446
70.16017572455019
70.2737267028189
70.57362204498365
70.20872565224008
70.08527018696466
70.11006465207257
70.20092290119953
70.28656172952866
70.00825204328412
70.62392327543836
70.08704781789748
70.43565581041842
70.077467927427
70.04936638357297
70.61824425250447
70.09610696219667
70.0130703799191
70.16151683405442
70.17654201162176
70.72630459614889
70.0639991857997
70.18936969658122
70.66821783695703
70.83517135743668
70.06913049431607
70.08864630228638
70.38592187118297
70.48874213237791
70.00980120225745
70.13541979190063
70.00988145605974
70.3470357893575
70.77650951926235
70.05426823260615
70.63891699386
70.13979932240963
70.67561050581405
70.12286615768296
70.15563957075078
71.74198865481608
70.09301561674222
70.58201027231962
70.08113352388982
71.25562117827208
70.112328704874
71.49481543436791
70.2262671265495
70.17649470288471
70.2495794813496
70.04511930285707
70.452207367067
70.33312299158675
70.6530548892924
70.20512502197808
70.42506377899961
70.098021274539
70.57084094468814
70.31602964354197
71.19525878810612
70.62019914205572
70.00094445727177
70.32708061654414
70.11991119877158
70.4572449531374
70.03545098276574
70.47741599556821
70.15594172194311
70.21824882782361
70.05547202977867
70.52133299712189
70.13571070340309
70.14646308650373
70.62337882719314
70.60257786801213
70.41899358134573
70.58965568678721
70.68385297748628
70.03494342991837
70.6562873378082
70.84958800194511
70.0503169249004
70.14350339461113
70.1592282826931
70.17124958789992
70.44967583874472
70.41774097776774
70.3537036659105
70.71484385538402
70.23623269614625
70.1810155321318
70.03833135957034
70.23839889156666
70.69149274589675
70.14455915268908
70.02184513910525
70.16513891378591
70.33813415975371
70.78066535293188
70.66804510854934
71.11212898239071
70.90011756409169
70.77443160660764
70.39629846581222
70.00571888618657
70.05525503183203
70.04658661950893
70.44039322306524
70.5585543521705
70.90152267824388
70.04671351042958
71.03672295299188
70.08762987343967
70.27300457738396
70.05457644228478
70.56180870943145
70.46688900913047
71.05261308398191
71.05791704536935
70.05725260682397
70.31022413937339
70.63538435874277
70.62381691800738
70.48392306177624
70.04949543859384
70.11072096977446
70.49020733652473
70.30337215381216
70.09199063839733
70.33006076540835
70.12060327117163
70.15018168684287
70.22874421367234
70.79192532218383
70.31737559722865
70.66717610052571
70.05887895023425
70.28135992797972
70.28428610285971
70.138395597701
70.48088419191916
70.19148346152224
70.04907157519283
71.2681328451533
70.81250177954377
70.43313839266564
70.30440787429237
70.08900485718617
70.06977445968423
70.09289506030034
70.02944433429957
70.0497639759983
70.77795741800615
70.19057668167048
70.48826974793732
70.23001529837691
70.26241953714006
70.386504593751
70.7767990837293
70.75409490474301
70.08061056816074
70.38486936736055
70.06859840704206
70.3565956167665
70.1170022451432
70.30013956788962
70.09973694158977
70.53340615444402
70.23453883633405
70.24778938156334
70.43350376161366
70.78874501037679
70.23675057188093
70.34951192320527
70.1207058388094
70.31133758514154
70.06105035358904
70.30469489205365
70.30749540559945
70.19072706474233
70.22309159208979
70.33550516604721
70.56343979638854
70.23176519397501
70.07467173147624
70.4513523260123
70.33900487318067
70.03786627557318
71.02087567435245
70.35849170888166
70.52845160567001
70.17898087246965
70.08235908420455
70.03744116226679
70.02192134550822
70.6443140002857
70.68978419586857
70.34166094668284
70.37413921767917
70.25861726302156
70.17153605124422
70.1084791929262
70.22812589429074
70.88184150348931
70.19358843933553
70.02900280869869
70.01178345764899
70.0069304857992
70.69873206612613
70.31440075761996
70.46063743299112
70.52822945775375
70.30137811837791
70.00715054555266
70.01350561191724
70.74525976254984
70.4867299058164
70.68231393464549
70.51352861938564
70.17772425478438
70.33856530765935
70.30820888504617
70.31695831488403
70.10615787082041
70.10797153931861
70.04547555239704
70.13341566023315
70.47619042010443
70.69336464764496
70.4423659051172
70.77847672663763
71.23934531429775
70.12066084309507
70.74839487435568
70.59219916546355
70.29798518452786
70.0971168114243
70.03539751983358
70.00591374375492
70.00816657003895
70.43176727109713
70.56486400368092
70.96675513138014
70.35958530918508
70.49973268740456
71.01226132974995
70.21043847677116
70.25982345601508
70.54732699569489
70.096884798415
70.31134756528422
70.23396388067563
70.16410605943476
70.04134049168252
70.21425105050986
71.16801948989553
70.66913971450168
70.01833800173179
70.9652913263471
70.12873657404576
71.21231874336891
70.10922852883213
70.32243531164555
70.52520941324406
70.52074614679103
70.04382289006102
70.22846056505833
70.0385358673536
70.1873076331685
70.05035821082296
71.05798992714114
70.16682922877257
70.43545698741787
70.28624810994773
70.06506388387953
70.61337372032682
70.36070855512197
70.14245817423809
70.6772119891216
70.50929369060563
70.44002151576363
70.66825196125767
70.59068760743017
70.33239905745083
70.04233077447225
70.6160861509394
70.4670098538625
70.95388131371315
70.26733460691256
71.00128365662398
70.0110461359074
70.04182126156181
70.43089057411476
70.24757281309898
70.06403230177715
70.26866504177356
70.03626440808239
70.18132857481365
70.06849136303815
70.07186231803318
70.33813254784711
70.05142871161065
70.05187628833308
70.25242222630897
70.3791829298289
70.24916810960988
70.03410741501963
71.0550298225959
70.02529513260255
70.40108797073381
70.56163585678678
70.2905183238576
70.79222503121649
70.22362430880352
70.05887527113563
70.09049448157594
70.19057699530549
71.67667406181936
70.58362810615398
70.03378535131151
70.82279564379034
70.7738316373557
70.09165724481925
70.11614099111488
70.2680306947598
70.36012423618081
70.28279423909704
70.20831235307774
70.08821434530861
70.34491456359055
70.19896962614752
70.07643803204688
70.34752059182702
70.1416006682951
70.0997907747938
70.00772398735224
70.69760684098542
70.06568202099417
70.88754352688981
70.31322226789095
70.12136735132835
70.4789393721459
70.05679584078548
70.80940181198146
70.00048381952958
70.36053360798837
70.19060848830067
71.01957234177706
70.03386945160534
70.2246294714312
70.74809442897582
70.00016053585536
70.15154700455247
70.08716103808293
70.38228837171168
70.26302219845658
70.7948402631034
70.23817708396709
70.74809339552236
70.02162174517686
70.11493337999146
70.38160138818563
70.3076943569246
70.44223672428122
70.83220518351506
70.22328915565559
70.02973801294254
70.22916099217149
70.08748463000165
70.37893044424939
70.48178620248248
70.0594017397329
70.05156695451686
70.16976518090728
70.05483593465807
70.26917710325871
70.01070550807754
70.43642089051272
70.35740339527774
70.03156103633027
70.26913178195365
70.14347329355763
70.48067628708438
70.15868205294704
70.15007712796528
70.33031748011693
70.00295702465279
70.75461009504475
70.17159129044036
70.05819808792944
70.1624099667132
70.09703059046814
70.46912092089453
70.39367307994267
70.13172218117221
70.42897492011163
70.15747035135826
70.07386551565348
70.09075022135606
70.0300875899288
70.00705182026925
70.03276473111157
70.278584668715
70.31160230396905
70.05683798434696
70.29267231508742
70.0496232396321
70.47111893732149
70.05102367864744
70.54883265357786
70.17242693289667
70.812478452989
70.00174017249684
71.08107439480915
70.45474626143998
70.00979368730609
71.53807961585251
70.43202018255278
70.4533006100096
70.40005797522676
70.06247091121202
70.02777920932472
70.38182869515289
70.13229063634907
70.20967437502912
70.20279077277412
71.14300347698565
70.05335568699786
70.24190557290935
70.73559634832377
70.23953016102648
70.17478010499222
70.81537765919418
70.77420118326506
70.21146027219221
70.266646813603
70.38530566651319
70.03893905549862
70.58070153688061
70.48091758960297
70.40635845020597
70.18277862020688
70.45201714064744
71.35619154609157
70.10476122400706
70.00040299431677
70.16991014227554
70.77600763700852
70.34640659439528
70.30008265784889
70.25359567719153
70.16284430823002
70.28073777360842
70.73518354584944
70.1421514080508
70.05472494454207
70.88333397628541
70.419898846869
70.66971620214878
70.12136776193316
70.00060480440166
70.12340075464164
71.35549055991174
70.07364996738474
70.82032423477395
70.33431966498335
70.03308640759136
70.30998824568411
70.00372898587777
70.80056253735349
70.40504951499311
70.41676720347853
70.12775911400041
70.3051572202651
70.89289665418958
70.26416151918451
70.44379680770882
70.5271660469693
70.01920574805087
70.6863867075725
70.23577060731493
70.25408616877137
70.73671567555382
70.04119450944512
70.41956951825374
70.32376665794004
70.13776336410312
70.71092142401808
70.12466986750256
70.2768851432202
70.83545170697847
70.28020006492376
70.20048870017841
70.08954263304943
70.07957417407773
70.4654823434251
70.43827660082094
70.8197498329849
70.32941128598395
70.00009763051753
70.09218830710104
70.34558830263447
70.9328049346218
70.01163298134043
70.12631951356846
70.58455057911904
70.01801942411804
70.17973448513534
70.6604852994005
70.03726848226292
70.0376844494798
70.77484057954726
70.15995942249025
70.94372011666408
70.07930580203436
70.30404402129565
70.20619077421064
70.11933429371739
70.32959043408232
70.06737612715156
70.45243060034002
70.47932181030467
70.08276386323341
70.12223073056288
70.00520540607
70.12694994687725
70.84937639673451
70.15075102450527
70.49854172849277
70.10629470659286
70.12714341288999
71.9632809264032
70.29425067316105
70.05430362151039
71.33527403223096
71.16525065567342
70.20917490607326
70.82029452187534
70.165504966466
70.60935117950638
70.0076907934237
70.315114935167
70.13433529362622
70.12168886758178
70.8603083341357
70.25203805574031
70.30911937462848
71.16784885838445
70.137286233693
70.19954548864445
70.11364116238954
70.23941039710597
70.0604525948067
70.59280568048264
70.219458778171
70.08144290993535
70.31176983476936
70.41526988471887
70.8695830156113
70.0998295942887
70.11724752698301
70.15292012122052
70.64189837558547
70.06580958887726
70.40127149947826
70.08897488246522
70.37994818431443
71.61773047294895
70.11702275168298
70.3359566856279
70.51568612574208
70.06193201372288
70.49228834764428
70.32154079877111
70.4740191109721
70.01180778229538
70.33361383805284
70.20187637163147
70.56027167898246
70.63977769586711
70.17327089304956
70.11991142683294
70.08104474996819
70.03280115837681
71.18367263658396
70.06301427892586
70.73641745879124
70.07558930467773
70.06775324349495
70.70557822521003
70.25927125417847
70.27298991428297
70.30072808161663
70.40993938882109
70.08979670512295
70.13080481130129
70.11100879142313
70.79861277653444
70.40795871024459
70.15765055857794
70.2444502925725
70.06949409152149
70.00891019512942
70.07633790280526
70.97448988197638
70.00934562954575
70.18356779213619
70.79208951576666
70.91946123967216
71.04147465903063
70.29219956061
70.08707462967755
70.06278013160237
70.16231395866933
72.22768832982646
70.15539473691604
70.00361990337086
70.23328660096954
70.00079688295766
70.02029312453936
70.52737986325414
70.25939931827033
70.38792774495468
70.74987973671611
71.89522943342176
70.15597812701988
70.10834340352082
70.1357832139803
70.05904480414539
70.07661189835993
70.22883630739132
70.01365676651717
70.57960518024736
70.05596887639648
70.12574055829641
70.79550458571163
70.70671517070687
70.19256547185441
70.1071388144052
70.02427327984783
70.43864508544142
70.6336094025297
70.2775399866178
70.00419149111882
70.24517091982852
70.01778825269362
70.48577184413936
70.40469065583665
70.5872668539497
70.33803760734126
70.30977631282025
70.77351903525762
70.35988676615179
70.28488848437249
70.30097688458277
70.72117127462165
70.11373344483707
70.34321453102135
70.28664235477243
70.654676348688
70.2993143759904
70.47727455931285
70.15504270581887
70.13734676764633
71.42969939320638
70.25743654886732
70.31337636382476
70.01503791442305
70.04469108278766
70.53079314035732
70.43650170178815
70.98940234571943
70.66050817785107
70.54730110134514
70.28147738833322
70.11088450392548
70.13950291022256
72.07342186970281
70.12729213401157
70.59779095302218
70.17201554589008
70.05582893766234
70.00868706802493
70.36791756230807
71.05310762111378
70.06430362629774
70.23994857076443
70.34954077190308
71.17396603071568
70.41959276660245
70.03120194610557
70.86988381890427
70.02205812762661
70.68809656008625
70.04474264838773
70.43567681875022
70.26991865111167
70.29887020530813
70.04824917457701
70.01180808702735
70.23196748134949
70.06525543432369
70.33950563533267
70.07143841807051
71.30957501883482
70.15631033070129
70.68886103562367
70.14444376366508
70.27389533155471
70.38249874491184
70.00975933496993
70.16186564509884
70.8951437490041
70.66861457320094
70.38595548880384
70.2448138885122
70.50994783930396
70.12085515610862
70.10642263367441
70.13914156113125
70.2868847590998
70.17996752880077
70.0030719678662
70.5936577699471
70.17488220964411
70.18349182455044
70.6835506197687
70.00248788988411
70.33903172180169
70.21471180890379
70.32641174911734
70.47738788516001
70.81509965814816
70.39372565574598
70.26917055248099
70.30410349677602
70.09745339699967
70.15841960104387
70.28052862216724
70.3571092573423
70.35164671223144
70.50332462436864
70.48376867340343
70.01813824906215
70.11245624638362
70.05601813269736
70.2137062188615
70.30950998782201
70.00629448602128
70.1781170877522
70.08432886126472
70.70530341055475
71.01035692833324
70.89409656864952
70.00480014695046
70.08953533006373
70.11181823424047
70.19001563026643
70.12380380455349
70.39148323413025
70.92534523063816
70.05137948635539
70.67581029961914
70.27769037469399
70.22731687425885
70.18366927446452
70.05293741223055
70.22812528492277
70.00246138992956
70.44174976671498
70.0911937222844
70.64693204997663
70.16246102286402
70.03428380653381
70.3284535477031
70.45414695425463
70.25864954780205
70.21426966541887
70.34774398604402
70.03500074272593
70.76558534041357
70.59148538872624
70.30674658522268
70.21092580829435
70.19404717862695
70.05555991341892
70.0064585586806
70.22736629227923
70.2675770306798
70.05068756173483
70.32204949034535
71.16896957190569
70.14527546200225
70.7921005601249
70.54590270409895
70.18682816916319
70.46490242294976
70.33425678894059
70.1805230066841
70.21583461371667
70.16222600660102
70.0167419950034
70.25588283668685
70.11549995715887
70.04024388787332
71.31031803447603
70.26107103785519
70.43079642208812
70.23818400189342
70.5200701097817
70.4417933514851
70.31918313141914
70.0311173179616
70.22281731934072
70.48949746782053
71.42581476958753
70.0552954445583
70.24861201972534
70.59892147680218
70.0139461080594
70.22789225890241
70.22369365568812
70.33033945905801
70.23214456693555
70.05758741266901
70.57626772732887
70.16779838796327
70.16499656637548
70.01349089600468
70.11354624671442
70.27437829568204
70.09828123837966
70.372413109144
70.06625771325118
70.37405107345484
70.11077786569798
70.62703476211517
70.57803555155084
70.3367141141336
70.64077215439285
70.03914986431325
70.66152696835309
70.04496005397796
70.00305903341842
70.31936679980484
70.54051911406798
70.08721087500611
70.21866672146966
70.2271541845183
70.77597560111883
70.37724978881022
70.03312314828302
70.35856707684519
70.32394195702165
70.1348649780754
70.23802988687265
70.46188787403098
70.38807996447056
70.68282124965593
70.3011190204303
70.90237392641689
70.45320752608825
70.22588152319523
70.17514501320129
70.05686124779938
70.41593913044794
71.86716569493528
70.59746591136508
70.3029012034463
70.28172778616215
70.58885978725155
70.35712365408637
70.07645986244043
70.51895796100254
70.24387556360506
70.09889488969216
70.3963934056583
70.08723612492486
70.29681060930754
70.01164778040244
70.26860435626091
70.50435036899312
70.12053104774971
70.19918262033944
70.1627122548937
70.03397480811255
70.54874523112207
70.07921283602904
70.5539907059375
70.07856359256282
71.1031945898145
70.59005770620549
70.31059156262666
70.00649390224466
70.09096492920625
71.51042240586403
70.025071212285
70.11112673709074
70.12215146068849
70.91601558166505
70.3172348143296
70.01480920306778
70.02486436763756
70.06467783516142
70.10327222496133
70.19360110520293
70.3349457229371
70.16436133924495
70.12036072207938
70.70630698526075
70.43290507743744
70.22712401959585
70.66767029306472
71.40296847057205
70.03775857357053
70.12298796174107
70.02096463935669
70.26533760737058
70.43919145383593
70.14936939618349
70.00828096161003
70.50626080665108
71.04497234351656
70.24790453029169
70.25354545691582
70.36345581504858
72.2969341054198
70.83539187537541
70.58530795307483
70.21710035817955
70.11072479679565
70.44640067492236
70.1152392612488
70.27160541762001
70.19615324874978
70.28586590400373
70.00257015336238
70.71931162124137
70.08843197590137
70.27818242500487
70.32271121385416
70.34093287026228
70.03244140962818
70.14465687121144
70.48523298090731
70.24010524552656
70.30385046032465
70.59435490269624
70.01344620702758
70.3977301377427
70.8641738433456
70.24627376458301
70.78553200688256
70.77025525449295
70.4496134182876
70.04050449450321
70.40940126767183
70.1134706190149
70.38512554798109
70.1497096735894
70.0445035136204
70.1063999596859
70.02107858252337
70.25539339467913
71.23618339341044
70.79451542598423
70.51280905940816
70.11031830672839
70.06270623637519
70.57073492268009
70.01499800397389
70.32759899464584
70.05260566827704
70.747200017349
70.18007914979985
70.26480004005018
70.03373403741072
70.19513294726721
70.24151998789314
70.1928244653223
70.36759757997719
70.12015173046345
70.01761415201261
70.14070083327402
70.26829953224535
70.17023850780375
70.18559719922771
70.04336631166518
70.21803533408395
70.80592815963976
70.03657117495501
70.40947098856313
70.18717209886758
70.26692841468765
70.01378451463371
70.04118649166554
70.4235801001159
71.03646451824774
70.23495604468029
70.16213954100856
70.17729362059718
70.01460242516696
70.23791778831777
70.05735813041966
70.00551435539779
70.05333214506511
70.81111695588584
70.07396344903829
70.1469347552312
70.12104118219762
70.18884926066407
70.58144372727199
70.20435633610327
70.29368786833832
70.22021563795069
70.35520602397888
70.04319875175403
70.09987365675023
70.01556360107728
71.05127768917457
70.25181351314488
70.3949641262647
70.0715822560792
70.29934877752724
70.10974920752805
70.04355184211164
71.40128437968232
71.47674903903666
70.03882197434706
70.09812772826119
70.63855060252581
70.04075601584067
70.70350157203634
71.41426722451084
70.03411526371832
70.29796738030812
70.258252270081
70.01577091511245
70.10323631071076
70.19569998899584
70.57979024152506
70.71642313986166
70.29786209000399
70.25818039615766
70.64948690011882
70.82066214304679
70.09731485393849
70.07051534203553
70.67588279287433
70.810352620889
70.72175956855511
70.14409228174114
70.49585835730909
70.02238834978165
70.68387486257396
70.16925325848842
70.17409505025552
70.1368287620321
70.02346654896083
70.0718846028989
70.38118033141106
70.05997413753614
70.12703614521736
70.74344015392488
70.08689497410741
70.18102537191895
70.41326359232293
70.23235511105263
70.06056885268146
70.48106395111726
71.25791543660945
70.20602513969554
70.04963567512334
70.86085360507731
70.14970829212714
70.32632137615913
70.28072912028803
70.22786186948876
70.03172093741448
70.09410228129641
70.1832306363132
70.6947400426177
70.42638281111468
70.11443639826061
70.04834456267317
70.35872575910358
70.00290430167966
70.09072368852125
70.25754429911103
70.03429061846057
70.02861112609078
70.18852651497272
70.62167128314586
70.18699059953842
70.25864959216771
70.02512588317262
70.4273160826074
70.06897848341603
70.71189653467917
70.14759803410304
70.25802997097209
70.01766005111965
70.06739504331759
70.14764859121568
70.03209645910634
70.06785456350934
70.15600157301914
70.02971757608125
70.43921380191787
70.7100063040307
70.51859470092823
70.1223474862444
70.70421555306984
70.04976480469615
70.1133725914789
70.78593434790024
70.14673547159876
70.14351731025744
70.22919669168158
70.38704578079039
70.02436745233953
70.16782003312942
70.160881589042
70.16579563761196
70.6269488819739
70.40985230318681
70.17152448731389
70.04112041503623
71.2582888914177
70.9560692655513
70.34070697341788
70.4731670325172
70.38797875181807
70.75403086755891
70.19747556916543
70.14308633682626
70.31383694389594
70.19626253916401
70.1928823598486
71.21516498070064
70.15599599709054
70.13493089034095
70.02070213160354
70.04755905365286
71.00099800812525
70.64756761750553
70.29937150580903
70.050708166903
70.13097156238372
70.07641246767349
70.24094101416262
71.40553024775475
70.06686601146792
70.1174230720132
70.04977462058238
70.26929498252571
70.29701012415632
70.73594348309288
70.69883074481352
70.53216173887837
70.14829787285292
70.23137295048241
70.97116974432586
70.26324027161733
70.0416074067746
70.48211884779008
70.18720060569422
70.28341697118664
70.19669964431588
70.0733777616871
70.79812982823503
70.22391084967698
70.36071933012569
70.22226915522556
70.34108794682402
70.10299958323911
70.16386276446718
70.02768949815218
70.52429912491861
70.79785644478444
70.5266140686612
70.3700325096511
70.11126638391876
70.67483317321917
70.19305462156416
70.37441750820886
70.03873447723203
70.53585905183637
70.3325114270177
70.44199382965608
70.90753008500417
70.07315734689632
70.51993153835541
70.91442429005286
70.0527884879817
71.37555727609936
70.32419820485464
70.74785240883155
70.62422372463544
70.74923849028615
70.51113761939641
71.02587658943207
70.74467350051611
70.85066228124641
70.0049775644349
70.58776022708415
70.62695200363949
71.2935463577776
70.74283361329655
70.2533428741422
70.0926926667434
70.8553527699797
70.21130733974621
70.1723196124488
70.16384679615479
70.23467906119332
70.1120374811738
70.27195809863109
70.82859016648035
70.1754068324118
70.43986044016111
70.07649425919433
70.46657094842372
70.00533115066959
70.00824912898842
70.0906370971714
70.38719054543199
70.77166614536306
70.07925657619371
70.73496761847716
70.36760079541813
70.25415506160174
70.03679902629331
70.0008429809001
71.01430606552961
70.2780006776049
70.26308983501139
70.38024943639988
70.16540277127655
70.18408029163496
70.29296555373261
70.13706112516627
70.78876868663143
70.59379260522358
71.24283825557741
70.37895828300465
70.00714012956746
70.12634807059679
70.10296608357396
70.69093229300688
70.07074320915135
70.16589443013807
70.63450054841512
70.0042257516957
71.16839929909773
70.77539096838498
70.31160011950496
70.68661783491011
70.05030144853347
70.12168668091503
70.487945332306
70.46952441906491
70.21625996448282
70.06451479809849
70.06640723058575
70.19721043683134
70.3695444864371
70.19349769839184
70.39657611212624
70.60223310409494
71.313059815879
70.34815700353116
70.34225621982017
70.71322139589581
70.17050317557467
70.40209569854923
70.23847414729848
70.04997491420806
70.14749521717476
70.22029671106162
70.82260566067593
70.27365373468831
70.52502819181149
70.22672109375812
70.2643181797758
70.48176540558568
70.33928982537726
70.17616597136958
70.2945912972467
70.27389349896266
70.29788041906458
70.17181921281127
70.23456924479643
70.4427134925211
70.4168958299571
70.34294774137109
70.25075411476675
70.11422117606313
70.00847793883706
70.39318519497321
70.21786163999009
70.13992451238136
70.31763682384523
70.71147403491685
70.12326468225646
70.03079644029792
70.07562135958723
70.89729700121292
70.43483315779424
70.31282209787659
70.34841930453999
70.32951742654484
70.44584992471202
70.48206337770307
70.20480070294452
70.3820170293342
70.08690041431854
70.30833283364197
70.45271039657521
70.40689332011624
70.02565194710321
70.36839307716946
70.62725434053422
70.79197238914956
70.98657512911102
70.02348290353744
70.2978288430265
70.36590417159454
70.01380339876475
70.10969489909918
70.02734934123113
70.10026384103398
70.04267661326877
70.58659751287922
70.36774603729253
70.73466838868961
70.54175306953549
70.19371723853769
70.2953256965528
70.46048903911483
70.50642772672406
70.05223687298792
70.43196577336874
70.0856606249346
70.01848570744752
70.13494077222735
70.27496540953169
70.16043273772041
70.85007957700157
71.26185067963482
70.09157044394045
70.01642017081048
71.14565394913461
70.06956756879808
70.21157046776763
70.90553412970264
70.10899861075045
71.15084542628425
70.44088410494513
70.1424189376555
70.4890189888524
70.3953031411369
70.13329359469965
70.17307737394134
70.19291026279456
70.18979407722021
70.3275049373707
70.25353167541827
70.71821590637884
70.77730666947681
70.4589676715233
70.03922876166307
70.04323655768124
70.46639636673332
70.6234720882221
70.2423122237301
70.43216454742306
70.09137978573817
70.02117663669648
70.03576595940511
70.08667519692969
70.07085375656173
70.30366035969267
70.03962044208765
70.01635949367142
70.17677580475464
70.22597198550524
70.11777388037909
70.02006869761011
70.25954402751852
70.66182671748328
70.1176693523326
70.72178271146872
71.13379767350983
70.1441501683615
70.1822294571774
70.21460116212137
70.23771625623492
70.32894670133952
70.04784006070429
70.6487953860238
70.0793438550341
70.12055058103587
70.13787149657888
70.00450377855468
70.00360477436683
70.86912137266758
70.8317214419533
70.14474075558687
70.15886323458999
70.11008267012244
70.06721543876691
70.0716011001025
70.1996563020735
70.06657200609219
70.13408483971403
70.00370048558496
70.3710425748934
70.12566572427639
70.07500703722549
70.57699945365061
70.37601291013797
70.11712839033183
70.05870281187542
70.12682107526335
70.16267813714504
70.08895529244569
70.13321764220211
70.64428031651097
70.41592832875371
70.047003225106
70.03320983553002
70.51777204740094
70.03639930423057
70.26591281654427
70.0203112161439
70.0424829318032
70.73190048804955
70.06347943179237
70.05714198985785
70.43655106421198
71.1671231739557
71.91991434110214
70.48433649571936
70.37334551802287
70.04305533848247
70.33820470763229
70.31675814589146
70.36875833227765
70.64718868095648
70.5276000510667
70.49879259915654
70.11228838800335
70.34225486522027
70.06021372626176
70.07887818983723
70.45407123200282
70.03500068614116
70.54319962507226
70.01180895789187
70.71452296116681
70.10927341260175
70.34365339963455
70.89133580533615
70.10610066632938
70.81984746437251
70.00932999606843
70.31099587666789
70.10366341057819
70.31698071163892
70.20722999918283
70.47640377786833
70.15184012853902
70.48219355123163
70.31020498589457
70.18733136441169
70.36546106817808
70.15784775085636
71.20244497973302
70.23157465973792
70.88705324335497
70.1686298755837
70.43401415575369
70.136680983823
70.67487873902249
70.01748215950326
70.31185428289056
70.1081262703628
70.33017064345049
70.03765362314395
70.20287119047478
71.20432771383673
70.16999384679141
70.18193350795607
70.44960285165176
70.19497347559094
70.66228130467505
70.34406663269468
70.14699370533596
70.90436544303033
70.48416566857662
70.063312226896
71.22372188649403
70.15319062140063
71.11207699763835
70.09437936878325
70.03609490866242
70.40329913513551
70.40961517873265
70.10680241057037
70.0244632204082
70.3502578366834
70.0138867226327
70.03507446472442
70.00378069355553
70.27712541419545
71.05471630204478
70.18541493928501
70.78355490175298
70.28981519949859
70.48253568158646
70.43546165090994
70.16907107229449
70.80989562357583
70.42214391597597
70.11256199537632
70.50299768324628
70.38066680295736
70.01932990165307
70.50829740453615
70.50832422266313
70.32934704725244
70.04968552823796
70.01898797152454
70.45509150459245
70.4665859072346
70.43491978823303
70.06833407522252
70.7266666276479
70.26957517857737
70.01017710834745
70.17231404756028
70.18163752488312
70.52530427576716
70.08619718389801
70.43650113354933
70.17048861725043
70.46119023478059
70.12760865734889
70.26737790897897
70.00701716080181
70.39073402438764
70.09671323786677
70.56435405393239
71.05543058338137
70.02300894397341
70.59012760064839
70.24529711830101
71.13670027024298
71.09691142484405
70.0196817264681
70.0622736603462
70.1689588204246
70.39205103173961
70.21852882025468
70.1119257389783
70.21647216866218
70.22456436876915
70.29312055129895
70.51682614357675
70.01767344966598
70.01592699762544
70.58497409782058
70.05690915339333
70.41098143253167
70.10704567820649
70.14604598682516
70.38031198614075
70.01503144185769
70.81849344768078
70.0142435483013
70.00833470577439
70.4640455669523
70.32208096891428
70.1574946241797
70.5005506121238
71.07678821250053
70.20387982037818
70.0331457891345
70.28598028946637
70.01350594554779
70.1464354040546
70.08721781947955
70.2855953823442
70.01234908483357
70.0025280255804
70.33232438969449
70.26880916792162
70.41425581742523
70.03256284912739
70.31774331923363
70.02766065544034
70.34912887417444
70.27297761878017
71.21597504703143
70.36175877008604
70.27608707739371
70.07958313745476
70.08420159010211
70.2435058985966
70.2028412931668
70.61734163086989
70.03915353998907
70.43195788403044
70.221548527951
70.37617945285879
70.10247296677868
70.0059804901534
70.2637605424624
70.06474209225222
70.41901346996735
70.51007494737988
70.01905699417796
70.45842130733902
70.19860770073905
70.3074063126941
70.01120537169487
70.9483067821797
70.0547618871661
70.027111668076
70.08277787806425
71.13184132981861
70.19932454212903
70.683960720562
70.03185743103613
70.11719883343497
70.2348687186737
70.27510287391654
70.0707860463971
70.05681918175264
70.05447785800317
70.42983076204298
70.29121260495843
70.45424637622871
70.50560158565803
70.22516368670365
70.16542107091645
70.62495243943124
70.5580092614851
70.08315738195661
70.35460241763373
70.41446106391003
70.61543319969937
70.13073401019015
70.01065601086597
70.11670543013861
70.44153050239895
70.25304978612402
