43.40347858905195
45.38872782718468
42.57370525776046
44.22831662549484
43.19555853080004
45.97328656147502
42.84852873798837
42.22404546022457
44.24995248180976
42.90421201270578
44.97033895391746
45.33979264709867
45.39656043280951
46.20918577574022
44.56858882143322
46.4766421303577
44.40523098144115
45.18408135172241
43.29854192548473
45.52107576388845
44.10586888862912
44.45534681486683
46.12998454648987
45.23456210316372
44.43536746436833
44.26671987858968
42.53079151457457
43.39440008707616
44.2694715492462
46.21534972643859
43.31277278064202
43.30074770468675
43.37110027161476
45.94026751102536
44.46586609812057
44.55921273711463
44.46460786718207
43.1559594405396
44.36435033823761
43.21159628342243
43.81223714992436
44.75856218879758
45.14256685826349
44.1980858049557
44.31421251274862
43.73182010161597
43.35775524078533
47.39689396153606
45.69369242971244
43.67897275869165
44.48281437036596
44.71584346772071
44.13753830988679
44.28509296991535
45.1540927688607
44.11388164292807
43.08950869562911
45.75477215959693
46.75310496185948
44.86843046813242
44.870787090726
43.44742180814465
44.54070426950637
44.15292710979168
42.87585460668851
44.12940325754321
44.41232392462349
44.72437687206943
46.62733734751709
43.43118407374823
42.27740488629592
43.24722759762257
44.40158360119847
43.03557363416115
43.84597652680237
44.74361856879293
46.29711873436393
44.22307390070971
43.68669189071405
44.33319392633482
43.8299259822435
44.8119120621668
47.57536436710176
44.16342457558558
45.84467864974948
44.56960108734572
45.45996183109941
44.16119054617771
44.77006291176809
45.57405300190401
46.05959278152423
44.48578499264101
43.530031376065
42.63543595983848
44.33954558236664
42.21181795546023
44.78763476455301
44.27270828786767
44.70348116086205
46.11911384149468
44.89806817091542
44.20403796268232
44.42061367860448
44.14951945112423
47.70354126813167
44.26012177923092
44.91840012630984
45.27145817585723
43.11392225219059
45.34623066414444
44.03023439074457
43.62697769882613
46.23004373133619
42.3863388028655
43.54723743309579
44.77280806668098
44.93248015125106
45.51195751133327
44.59334945576835
47.69050504615912
47.776188481257
43.30298267328716
45.81560546621128
43.47521804625386
43.84255245937411
45.78991131739448
44.18995581427824
46.38186668387406
42.8363860825626
43.439003237522
44.0912865486666
43.93214684170616
44.29478538025729
43.66976832955908
46.43923596093724
43.0465891434703
44.3648160667053
49.45045112507809
44.41907841344657
47.67722721093026
44.52413645814966
44.96029245477065
43.00815177680983
44.14122002017005
44.38440567550674
43.71319146160591
43.10263419528556
44.38527436444213
43.05646852910301
48.67636321827263
45.32144765567494
43.3559543828759
44.9066560974554
44.9202997623509
47.01145042785519
42.34241745428886
43.76819059015803
44.30386826726133
43.31657196003643
43.07929318851316
44.35144929678998
45.16819324326764
45.46950633471056
44.79981466531435
43.19246394259051
44.07780541258651
44.18361574174619
45.29880554349529
43.36323313046174
46.69523547397154
45.34577762526413
45.53389106182118
44.49397404230882
45.95452678582659
45.93389734201556
45.40743142275031
45.38891990505885
42.38153658241518
43.01517735568137
44.25033280828019
44.52934966170641
45.10348285309552
44.22400754259981
43.16029695654546
44.8026444857016
47.66312747481284
46.16968121693069
46.12286047378321
43.96189254705525
44.51557802904775
43.63666994906433
44.60868427747882
44.21180469745647
43.34009867640358
43.27747620809644
44.325829556825
46.43167625526162
43.71613696079116
43.89875689216466
44.19687238262627
43.3263124548656
43.37598272588176
45.63083822561075
45.52050800268466
42.13788809681678
44.18538098081666
45.10344674996695
44.34776249319408
44.84791866469291
42.6882412303368
44.66545476335929
44.63070690662926
45.52784708911364
45.60930625815022
43.76103099583929
44.20543545211606
43.29276304724644
45.36069207101215
44.68955634266234
45.06231288591616
44.14948378779166
45.23619265248038
44.91497091728566
44.60278069387957
43.36645686405126
46.4198076629751
43.57887999809019
44.41646107108649
44.38651046231652
44.2572688932218
44.38999535205674
43.74338278794012
43.38882746543867
45.20954890923146
42.3531974203075
43.51821185609528
46.30657011421348
44.75569613676726
44.07099428536738
44.3910005888096
43.33731764639825
43.45290859948299
43.67482964402367
47.54774894924185
44.45742365368847
46.00856551405266
46.6063395896622
44.41800918837785
44.24022814750943
44.83138320632415
44.19818679381603
45.23736023150465
46.67960284868047
43.8715401479887
43.41431822275263
43.27793189840033
42.57801551949821
45.52010824851393
44.44081501507274
44.35931489714161
42.85749575852983
44.38309012506551
45.71172384285277
45.31467682824407
46.5061151257689
44.53895056004969
42.39557773039317
44.78752481277365
43.52423999329334
44.51000127127622
46.13700437182371
43.82921378226586
43.84725088584059
45.35074092682751
44.19332233864092
43.07636048805702
46.37554067592801
43.11223926376113
43.76097538487015
42.22324547311003
44.99269375454914
43.69855365799561
43.59206654544928
45.28842294940006
43.03239827540187
45.47300939205373
45.3205409088801
43.765594114753
44.86351750736421
43.66856396829739
47.39794276855805
44.67735525947812
43.47790509805866
42.23458210527762
44.68322217088127
45.95695636665775
43.6886120349881
43.38499632802197
44.38469396185594
46.39160887082343
43.69261603231547
43.37209922576155
43.33505428647638
43.11736285879589
43.25038921670554
45.27083437930391
43.34610385229225
44.85909271437656
43.08422086226818
45.22836971494972
44.60468875229421
44.01926379066922
44.80579052118415
43.39109162306885
42.5496540939359
44.91579187990005
43.31172959969384
46.77913856735107
45.40179094978744
43.1430409317073
44.31770466256236
43.46101562311225
44.05863015231772
44.52374741323001
44.24498595133841
44.15520450449217
43.3067529169424
43.29249871607664
46.45187505899917
45.04934871514465
43.6072038390035
44.37499097773016
44.54562232259177
45.2335817488751
44.09724461078891
44.10831555507735
43.60951593359407
42.41821225302481
48.11723773887934
42.22696753734127
43.41687029135503
43.79090932832921
46.24987516309314
44.31968603362722
45.06245367430904
46.39258802196339
48.86828187783944
43.70718280124926
43.28615810383933
45.1570345672123
44.39015962173445
43.49388785854
47.30902902217908
48.20183152546124
43.12231700596123
41.94187278074646
44.51400087898727
44.48681932571001
44.29255317246334
43.7461553921018
49.64748543033941
43.9445952788086
44.55130617002187
45.42085982730878
46.6489628289574
43.62974627231737
43.56013090071485
45.11124365321239
44.73358557067434
46.00961364884841
45.48217771650565
43.43353733700169
45.31298676822009
45.31508320272483
44.63549851472513
41.17915625095308
48.24562210512845
45.82382962947573
45.84019307529562
44.11276485287959
44.57637469174561
43.26235470622839
45.18142864465788
44.96671969356181
46.70958463523758
45.60901253464997
43.74541980270806
45.92147683762288
44.3100711749879
42.65264001801767
44.59687104206723
44.92647136418704
45.30915351026067
42.62024403784122
42.61360023476843
43.28419422375664
45.34896316970149
44.97071880581136
43.18791394225087
44.78127953606633
44.89967448324719
46.08269538843851
44.5645844130273
42.8394231390355
44.36610756384863
44.00378399496051
50.19866701896909
44.16934474751798
43.11643814540467
44.55956727202275
46.40309253670846
45.57963363963036
43.78639125250599
43.67107835812963
42.94340699811064
48.9295143414092
44.59654603640348
48.91294909064401
44.18237311190185
47.238531728815
43.51808646198376
43.47335723708083
43.26152281334648
45.12134308327135
43.26619176362545
44.63916739654669
45.32984445212705
45.70874197103076
44.73581850753814
44.58721775174273
44.10615211044426
43.35844394180412
44.92866579741222
48.84021312396054
43.94684989026051
46.06941367017864
46.01888483218713
44.27999517352613
45.13286303832001
46.10933395505797
44.8060849807598
46.66448463874681
45.20430114651213
44.25322346205602
44.37884538423241
45.61175618045321
44.90768509365969
44.6585851104711
43.49830832955135
44.92575941417007
43.61070348477084
43.25560328599568
43.53615525968843
43.40555468855491
44.15570370229955
44.59969077259917
43.18223224847919
44.34704841889221
47.02007675157873
42.76351087386714
45.4641753025683
44.66603457857121
46.2614174061321
44.23545084397595
44.32628512723299
43.27631170576244
45.4800515239437
44.25356547714433
44.20099902644053
43.2758823174466
45.3464889647983
45.07962024065171
45.32418509147119
44.38196379262904
45.39277812792199
47.81810700131611
43.70594213336573
44.30643056069563
44.83165420274846
42.30972545750011
43.51712062537173
43.29632193625788
43.18420745969268
45.63360913194259
45.05638448640823
44.67196636555472
43.47789874373546
42.32730403426846
45.13960728740557
43.75033358069359
43.19862671172049
45.64527193183451
44.57000122461088
45.92854632557469
45.25378964025558
44.56388966263967
43.31813416067398
44.25418394536224
43.76115670298128
43.26093638796306
43.55880988523234
45.22818700665488
42.42039877428422
45.49516266858517
44.60540241238455
44.11594280676705
44.03953093626901
44.2919879175102
45.80839306182458
44.35181713655969
43.50625584970027
44.75241305810508
45.22048200558788
43.40391084509329
45.27801102101863
43.6989165681908
43.56913258518998
42.90830080307247
46.84322731889138
44.88580632085511
42.12201419549713
46.05080838054924
44.14593618844501
47.7099398872099
43.88880763772663
43.12741881546899
43.66921100902936
44.28669530336759
44.32024961916061
43.28248908748283
43.32736294961681
44.13603047657642
44.91648438325785
44.47562606259435
46.33125545296552
43.41053595909352
43.24077325310211
45.77382993930523
45.57492707516275
45.77594273301168
43.57622623773735
43.4297280596052
44.71897534948591
44.79149355469597
44.92388515757978
46.17076877076676
45.09919880732465
43.68682187072277
45.27569950958047
43.53356420006018
44.88015221950081
44.41948650408853
44.50937336916465
42.4673655980876
44.44969194393913
44.85894835513047
46.38884702271135
43.647620519492
46.63279540910394
45.62537939544765
46.05963591800854
43.90927520451792
43.61609676151221
46.27361682613965
44.64333386525507
43.93349677652036
42.44254955619577
43.55119139888627
43.40828494829227
45.88744146001923
44.24332851816378
42.84505368640629
44.69766986372094
44.24822442802914
44.18424144770302
43.25022026507362
43.22703864468767
43.44166448986437
48.50678395162439
43.4487333298038
44.21151832387738
43.27408095863876
46.4298082882712
44.69833104178657
44.37141841902135
42.70672235489221
45.1161143834149
43.31268674718786
45.53121988606295
45.27025842545179
45.67316584502028
45.51440641893477
42.37205434497274
42.29014171130406
43.7486214841804
45.31602639419377
45.26629399801485
43.18372524313614
44.33907465765395
45.47435142961756
47.68873578191852
45.04826675764807
44.41353939513385
47.83084116213858
45.38976754903467
43.80377557949891
43.72809973477869
44.80272403105997
44.27745866163605
45.65017013359261
43.53125727225093
43.20777929135594
42.20344988368782
43.34079923775415
45.56560075036855
44.24027774615222
45.2155047914457
44.29012946284976
44.65211815698887
42.73676946098324
43.2715971268786
42.75131473995749
45.04431221972312
45.13309620823849
43.15442845814294
45.31889365201509
42.30245770812032
43.78601235916249
44.48388210567791
44.2490781549307
43.79685513093914
42.79104387521451
43.17927107849735
43.33688189342398
43.40747672243042
44.78688899848576
46.22293137801526
43.34644540979308
42.22716079197019
43.53146146278613
46.5809030729518
43.99409167211773
44.7861865640541
42.44397074126037
43.44529127052001
45.03241136564176
42.71180448767284
43.38501433766388
44.21695977766844
43.35706610918949
43.67198570906943
43.18775612455314
42.47471740711722
44.23221732891198
45.5914542562266
45.91202372859394
44.63256336873013
44.37741750228463
44.86223585554395
44.59874528647638
44.95533307623084
45.63261212963646
42.3167547728404
44.27000433529317
46.03356820137773
46.34438784075017
46.37277077915927
44.254837980452
45.2503984699721
44.22273582209911
42.75181879741997
43.18998126925999
44.19409695847892
45.19762647318362
45.49403888314238
41.98793706885896
45.54704632754439
44.78496793945643
45.2411933217701
42.45526045083276
42.67043730842848
44.53719385211613
45.44280290601944
45.12573767721464
44.07281108736573
44.40968304374903
44.32251784135072
45.7700208926426
44.47272835511674
43.72456016464238
44.32023074595784
45.66869563344813
45.68690673969186
43.33205782414191
41.19504193063881
43.23188489719022
43.90440799879648
44.0864047582943
44.13505820197474
44.36498897500221
43.14691996402421
47.16039506681731
45.45025035349192
44.56829389762026
44.64687599793542
44.89392165806985
44.07891981774767
45.10228028611115
44.41156783846635
43.61761461741948
46.79623927841218
43.31070836308074
43.12147022325202
44.36483081713065
45.58312265426812
46.41509213024515
44.17408837100403
42.20608988616687
44.28746566149999
44.6413901722996
41.83401433157516
42.35094023273888
42.65870361224366
44.33881644649808
42.12017415881511
45.25581842023436
43.31033685547379
43.54731927622443
42.53637298609007
44.18414234402281
44.51734413537166
45.9522126453011
44.12966676319322
45.77928038398721
44.32593557190581
43.57094406611097
44.84413501272724
44.29969452743562
45.51643959685516
43.40834606963231
42.32397629769376
42.32075859660433
42.81558850835912
44.33194713820366
44.27067790303221
44.03618415550903
44.48271046120984
45.10147676067474
44.43135693784001
44.78257614638858
42.64928532531624
43.43079122722401
44.62328011510444
44.4678870813166
43.33703946516578
43.85504122787142
43.20202409067068
42.40003943575743
44.44144698395294
44.38306328297281
44.1786002592432
43.30305728017458
45.18912511508778
47.22314135964517
44.58561211225771
45.29505121308991
44.63025214849218
42.45163744938537
43.43124362584868
43.62370694444276
44.29830055798881
43.52728118830878
44.67140375861887
46.46643318049834
46.40123249761407
43.79024133258807
43.36399644379978
44.61570599174343
44.55169072536035
45.74044964439639
43.01166985345367
46.83429592246577
44.28220581183127
43.30743753955996
45.57133237954984
44.16300565473911
44.698057471635
45.35563570613888
46.59446878371406
45.33279397698044
43.25441214536612
45.57499801376246
43.57187894970428
42.56078687594626
44.90021832462379
45.21938956001403
43.21470375598133
43.6688837279715
44.43571083996738
43.70339280380602
45.49672896357616
42.0979099555739
44.46347266632356
43.44723707537053
43.38671773953028
46.61173278441298
43.69025875928802
43.44095389084908
44.7570949241458
44.98722723349746
42.27649353646616
44.14797881220757
46.3070941994352
45.30823632804085
44.73620192032629
43.60871398612225
46.18208219477401
44.94195549870834
43.28995941632808
45.62380468076574
43.33479958886296
45.42213009822932
43.23552082921487
45.20247838442189
44.56561293763478
44.40436326672281
45.62516680982245
44.84908679714504
44.35982580969344
44.45280935598647
42.38016566760417
46.35001972418511
46.54112532431817
42.99933300189343
44.35300264489002
43.47682295406839
44.9485232650532
46.21983880045853
43.5129164012445
43.90234576339238
43.15725258957492
47.83839294512038
42.3070448930795
44.88585605911879
43.72474673915483
44.1119884029299
43.48081159980904
45.07396224996682
45.63627118195584
45.37981658251556
43.76211870781343
43.91837758943495
42.46622426800339
44.87667052949905
44.6898568134938
46.40800033809892
45.48362416263515
44.96245285656958
43.49873032511478
45.25943452121565
43.61455323185556
45.43563916389551
44.85571254701546
43.62791909064986
44.56517740250899
43.21257402328899
44.30925277930118
44.31276363064759
46.43413924285683
46.78105259745675
43.39711050491012
43.86500382602652
45.19778816967372
45.26741749318489
43.75231690951802
46.13533991194862
43.4758435429469
44.34012985691005
45.42139444493919
44.29993179394499
43.52494939140082
44.24237937240689
46.32948633448238
42.23101996975118
43.23391183460438
44.34655131543417
44.78804982501413
43.29068238131682
46.00054375369215
43.38762919302566
44.11616691960393
46.07869011163463
47.39558871958292
44.79320597758099
43.56145021429777
45.62642296290017
43.62035260609197
44.20490342378327
47.30107994100088
45.33912111210776
45.29874424424301
43.50403943903047
42.03247143535918
44.12409366646246
46.83280926285318
44.4713846249753
48.25964764878866
44.21055596079062
43.22427867380318
45.70952658369645
43.23008533776666
45.28141004097209
45.61155212321335
44.21115741305004
44.25915875175584
44.6259536491859
44.30759524417456
44.17201289796476
44.04511609063854
45.8107911211909
45.46903279019236
47.29677191441165
46.3491771577192
43.65011817768354
43.93082041614565
44.28788363343188
44.43099847201444
45.51027522593326
44.6313787011126
44.63311054626927
44.99215556195831
45.23338613875466
46.5755923463845
43.52798970004977
42.13352614714241
45.32065116782366
43.170403247805
43.3417624126956
44.69980350926738
43.24104222427769
43.55738938001331
44.57895002742323
43.52933903253471
45.71054734284405
45.5715990954135
45.27391380151151
44.28115186254453
47.17386447991143
44.78017707990896
43.55076243561397
43.35447864873532
43.40852440209535
45.29060054149649
45.58649595259331
44.45501049959488
45.11268584980288
44.32079700125774
45.59603389202177
44.15917526883787
46.97467015644938
43.41242630723331
45.30426680019639
46.15121104567018
44.40760029072354
44.42980312628989
44.93412367741598
45.72968744149009
43.07119066507065
42.71734434754899
43.22032486546195
45.14945195142904
43.14488409596655
43.63815162962027
45.29169158581175
44.97089131602152
46.02423974511922
44.49675026235018
45.24520473262596
45.30741867222997
43.16025229573181
46.5139752734455
44.88442108031069
44.37514979548971
44.36306300544931
44.34767009415216
44.29337573586479
44.54797812395956
44.04740378241766
43.15226729331101
44.68201865178924
44.02152807786905
44.36298336579275
46.27308208290589
45.81763260604222
45.68670351738918
44.73669714530455
45.75721748086744
42.25901371391213
43.86341776018688
43.38332416427246
43.56062422933717
44.37147699240684
43.30792335719728
43.4548631570533
43.89843081516413
44.78335538341562
44.13433076610025
44.2654604429689
43.62217224611064
43.42612338982661
43.55064709586659
45.06303696035072
46.50083154513347
45.49445389669079
44.75361397315928
43.6858848686548
44.2765582970793
43.3723839104975
43.5741847679235
44.15632722072828
43.93387434865426
44.36015684207059
44.3258937059857
44.87971183142876
46.42220583632335
44.33743648641931
44.93832582671023
44.13591006186025
46.62569650310139
44.50943459255738
46.41200070766408
42.15854571067147
47.29379700799193
42.96856777607258
43.09673888200978
46.50353753387495
43.73747307623277
45.27561413022175
45.62917352200433
44.81048126123038
45.59107517041343
45.44853534117235
45.84817959758853
44.23384571010087
45.49136182140087
43.23037732375926
44.37429579605145
42.2045968278501
43.04430204620905
45.61342531422157
44.89839659044382
44.49033027708612
44.37067003523538
44.3638335465846
42.36580498932176
48.70544228705472
45.04946792890628
45.09592410104997
45.29154454291334
42.26479877972623
44.19753423625072
45.17540894555365
44.21661313106119
42.32677299161018
45.00878989996115
45.05215150346245
43.39780056220165
43.12870574358674
44.49154540944079
44.33145343923864
44.31956360041605
45.40304839615638
43.3251392801545
45.14544725625338
44.33877244829532
44.2709359450628
42.49717030864275
47.43663427798581
43.91877109303636
44.56311863278805
42.41596826991314
44.19036860858216
44.2297808542489
43.41849109219847
44.15728833082841
43.73262088817837
43.36671527952425
46.13542372519724
45.60704290392972
43.42233187719448
44.92047382711183
43.97891666943658
44.46483005199085
45.59448341944289
46.55525765214698
44.19289880983053
44.78581159302664
45.22873022623762
43.19725374068035
43.13747706705414
44.25786866061778
42.22337037916086
42.24574135052958
45.17768398020449
44.32256115557743
44.4352614792648
43.49588106215631
45.76248506261149
43.51007140444729
43.44338057994767
43.54857527507816
45.2112548462505
48.42173711546732
43.15889218714817
44.79713426401018
44.5763669347186
43.22125192916346
45.47710464861915
43.13593636755347
44.94172805842505
44.40138121449399
43.56852237324188
44.09220686933421
44.38895004138701
43.47233492232071
46.47423488403957
45.69647215654403
45.28086432312966
43.30303031942437
44.24067948018989
45.21020851457707
44.58023782771582
43.29520733956064
46.21215924242394
44.27929416805685
44.03705460333875
43.62950001969224
46.55842483384122
43.72914316149887
42.45855481576493
44.24622865552909
42.77022294660009
43.18355177391875
44.5117319343334
43.88741813645355
45.84374443542636
45.41441988156805
43.24594602695795
44.55539139594562
43.51393813949856
44.1216554788755
44.29493664230893
45.75321728897144
45.73696125185734
41.64447599800992
45.63851592333388
43.91838577971446
43.22549621459923
42.93387822857675
42.28002982516933
44.5793912752876
42.21275244312455
45.53723718149617
44.26862077685414
45.4737679518262
43.12854314362337
46.43265660476136
43.51443466828446
45.28185801018317
43.76548678025694
43.55820508355616
43.2922968822519
47.16878906591217
47.98267236515818
45.88048029159342
44.67979847086107
43.40702280322159
45.92556335286245
45.14011302860162
46.07035306715549
43.28823146055817
43.87757265247268
45.51566212953217
44.18073735062561
48.30059464790043
42.26094552681896
44.64794686491121
46.32148438215465
48.75404382240316
46.09059960834827
43.21475381842966
46.25025370162104
43.30451792046397
44.63563076796424
46.49984138814054
47.02408617114664
43.66633179450809
43.40097486550407
45.44654301429325
43.35885690324258
47.14320149693692
43.78759523820701
45.02565735523871
43.93825706262198
45.39058130078326
45.53588520132626
42.60971325067987
44.35718817375791
44.43338381342591
44.51455256576534
44.72002245915602
44.63137165587434
44.47911465235056
43.77329170903665
44.22217280746194
44.1459437424616
44.8879574517805
45.39332708341173
42.45876152577507
43.51523753127628
43.35859689780936
44.50504751602639
46.23603410767733
44.59391213553782
44.65500222145693
43.50186652738147
45.93443009059307
44.06643673043067
44.65808479654047
43.57244152044547
44.87683695412082
46.02373115300717
44.16831506965223
45.51449022338161
45.6642648502178
46.90816730474686
44.17879204855192
45.50538391188228
44.70645992556093
44.55029381319294
47.18392194177612
44.36422621517442
43.76197848722193
42.34237155393129
44.21889558756352
42.57122661778984
44.19010317484618
45.6759448421528
45.93808291937115
42.45062824325728
43.23092747138392
47.19410430603517
44.31401407573062
44.40002122857786
44.99772882088326
43.25522625578827
43.43738853167931
43.89599676341236
43.85433664222294
43.47653374976391
45.29841641591921
44.62931373121624
45.91111523525323
44.14345736953531
43.37249057905574
45.47390488671567
43.25329953007665
44.85469850349879
48.31801145172545
44.18354243456616
44.33139544487489
44.55784883168356
46.62066021000959
45.76618033360315
45.22880024043069
42.20086022092968
43.44659076282647
43.66176629663305
44.50772731448402
43.26108431982045
43.9976233979491
44.58634668784755
43.47746378025107
45.38900020129984
44.78934687212237
44.65972978454606
42.91323926992814
44.4795747345442
43.74303678432305
45.62580778537908
42.97526141641482
45.92618810073615
43.44572099030275
44.61236131545479
44.50020975879315
42.42652627422764
45.65862124236533
44.73312530123763
44.2014807168491
43.67461780774295
43.78811720109696
44.59441142231574
45.91837115426791
43.90496357301426
46.52428005258655
42.95978545219747
44.58272872206697
43.98072843614899
45.45111159137605
45.7544178616125
44.35731129913312
44.4500391590804
45.70111036294813
44.3919026349319
45.2271702183567
48.44432927704619
44.15880525377863
43.84409575685778
43.58406314255686
44.40386322664323
45.4716205845663
43.83147314207374
43.33948276261728
43.69098354666107
44.47347367307113
43.45874522735148
44.03838090778935
45.57635534775049
45.98760388085605
46.50084409389947
44.42238364228643
45.4027263135616
43.53564838319721
42.18057137637528
43.05670539520593
43.24429943323721
44.51913347627742
45.46616976905529
44.18522006790289
42.50290201444852
46.56529937467974
46.36663258470234
41.11311769009099
45.39972797228567
43.19026583494253
44.42642430228361
45.6270860317053
44.33099661674562
47.19901110389785
43.35991198886166
43.81716906309843
43.42532256710638
43.57798986392164
44.28510751065424
45.15016742158681
43.46087558459632
44.28624716150481
44.10459297687856
44.82081660514002
46.56202697874417
42.72131452678659
43.94966606056983
44.69174805050652
43.20650757087645
44.44570892915169
44.29750964868271
44.42530578984682
43.64072323387627
43.12483627854767
46.0991731906257
44.4379921687819
43.41599661056295
46.25305223125412
44.38982107071652
43.39492851282296
42.64709791488372
44.65079530882812
44.17697382946213
44.06959635256585
43.25649007382156
42.25283439408251
45.26775644971956
42.19363341955916
45.22132183243789
42.83887040209428
44.32136458377425
44.43430162085654
42.60743633801098
49.40460734949653
43.42946063581222
43.3177730176874
43.42769445495092
44.70540631952265
42.54926952759354
46.94890575247008
45.89741581827935
42.33391169701838
45.78158809434555
45.58375641887986
43.2855232821309
43.52225888204094
48.70305153389491
44.68309774284619
42.50862937113293
43.51706656767667
45.07516653910778
44.30706449627056
42.76075561562901
44.15094296746739
44.23715321872892
44.42699723264408
44.835378356394
42.3258002114984
44.25067677090752
44.72631187260966
43.39641281428738
44.23559679939658
43.24401911924152
44.17068198573286
46.11146006231771
44.82394418949158
47.32218268487575
44.37477258743819
45.29499957124087
44.14403739426491
44.98102527195719
45.05870234344609
42.56765412011472
44.05450577173578
44.31639073900645
43.82915995985027
45.61797785882624
43.77527256403426
42.63833123710338
43.38763558376438
44.44140826965119
42.59432017230085
45.72762567045596
45.18201311554122
44.34771405250811
46.63763444787255
44.17629362388363
42.3787255836944
45.93231139404007
45.14876457550837
45.23158473206467
45.27268867392567
43.2658115789946
42.9447827587264
44.48718177238461
44.4660259834009
44.27306815555559
47.08828191106545
44.35133939940122
44.75887221018779
41.41685712483901
42.16233587154229
44.19274171653306
44.96447563175653
45.85756366408987
45.40046470103279
46.60195904791872
47.43719046985264
44.49130745168539
44.3320365185139
47.28323427743409
42.87978621139376
43.5674754902539
44.06471179120551
44.93132780612761
44.59007561139906
43.12132689235194
42.94029355736421
45.49318524915162
44.50431102151532
44.38091216646533
43.56116548646543
43.93919594707447
43.47961235950851
44.38193896483992
44.71535604943735
44.57613548017748
44.38907375779549
43.61633127914121
45.5843824390896
44.59090631637028
42.92330781394765
43.32422669565231
43.39896861334962
46.08397787104202
43.71898184074436
43.56731927441677
43.28791957486722
45.10379077577703
44.16445171136378
43.35219651648408
44.35990798164317
44.27242988704514
45.58105185045226
44.95238793205212
43.86856763093333
43.32495159424315
44.22648545856534
45.7250506637228
44.1545856018944
45.65808248002055
44.35224494981367
46.77795638400399
42.94436398908834
45.03542656774525
43.33421028382739
43.26466866189865
44.13756890820665
43.64884688084624
43.28359780688599
43.56909798209211
44.28139083061836
44.2310065279166
43.50279694066374
43.43681316712594
43.47182906699073
43.22354792610921
45.89346598537584
43.43358566363457
44.90682865839718
43.73809581939053
46.6637258709437
44.146789736305
47.75381988298747
45.53927358695738
44.12025343023451
44.3430569085624
43.28267266049242
43.82958300690948
43.66087767711958
44.55535776258893
43.2120120779261
45.53202647997543
44.30715942970046
44.27297524563983
43.33576490850567
44.63455898129666
44.11595787781283
43.31639985958522
44.83283575370274
42.8411447416877
44.84225224979912
44.21463524070742
44.83854667231227
43.64904339386327
43.54339926802916
44.72258069076373
46.71332584881264
45.03428169557506
44.2282089448537
43.52645930300132
43.23967297630831
42.24544478213358
43.24667738725787
44.35596410532176
46.91840513397538
43.4617205117114
43.23492868820276
44.13888027496713
44.70913554958076
44.57183492794094
43.63048434020727
45.16478804045502
44.39543338847281
45.14017240562416
43.48715945539953
45.07655136390747
45.47271711579596
45.57752971701957
44.33517306565964
45.61954487971082
45.08143467766124
42.56396547425307
44.38796707958603
44.05322506924601
43.69724958448855
45.15397900539159
44.84471009323289
43.03777903881196
44.76431930234413
46.33667883020448
44.07690491727252
44.31515903294962
46.67597645040117
43.80959745887535
45.56350826631237
42.29700693189782
44.64464086702429
45.49669891926573
45.4273125927184
44.11879520022752
44.46226453468629
42.37023196764059
45.23981116630975
42.39433190595113
44.3719916510899
47.00943196712932
43.43593588577021
44.8305907344176
43.16882601301266
44.4963283241538
45.97660212123991
42.17734806934102
46.43864335843196
44.63925495486496
43.8040526856007
44.52160796650067
44.51695968485967
47.60639300160913
43.17698884978685
44.93655075752567
44.08651432550631
46.57388087744786
44.41326253988561
44.63642754796516
45.12927540475866
43.23694237693046
47.68258315656357
44.30774057535538
46.51779376049268
44.24574540267922
43.44192270150876
44.46046739387738
45.17184970714887
43.26641531115999
41.67258550341476
43.47766603233286
44.13801349283754
42.40615064327405
44.25441828511673
44.73634310452247
45.27612298528065
48.13568993238971
45.34084724522622
44.87488863991384
45.17232740808874
43.51574001697378
45.78121741485512
45.36383754968333
43.92696439706899
45.54161606417919
42.69846278238241
44.335574138254
43.39510222709784
43.30159807126131
45.23641203818505
42.95687305431525
43.15595893309979
45.96238490209912
44.89851790846831
45.2545395950107
45.14730622301028
45.31309664623024
45.72066070254606
43.70331158866308
44.31423288986949
43.57632014418611
43.7431620626228
44.0508092227173
42.00312585424821
43.78521803226756
43.23422635322081
43.23350965573675
43.11007254842202
46.63615390176542
44.66434210375579
42.85333945878525
42.82549515845817
44.5590770277449
43.42758266077491
46.55434505003102
44.84758384024154
43.06315696361334
46.06651123463325
45.03427679109095
44.77205402358842
43.3172161893235
46.54652963053758
47.83682861033984
43.34879609413535
44.58724870263597
43.23024639816807
43.49087444772211
43.26558728573866
44.73428377991529
45.15109504722568
44.39487256295552
46.44990057986353
45.2635659296127
44.13148784422886
43.0488139052871
46.31702225406178
44.7391882560561
42.24439840982155
43.49793759003526
43.70495478947613
42.18679665335249
44.17475158918528
44.28268429843808
44.77328521217242
44.36621287250291
44.11577331952522
44.68732721725457
44.79601675485969
47.61912088447289
44.48560589607158
47.39187611382754
45.08539097480642
44.55915334158175
43.22132161063622
43.75087231826785
46.31149257906289
47.14385488593201
44.75963027747436
45.15790151730248
43.28537399678187
44.94376077620379
44.68206583600303
43.40713242432259
44.28692269109046
45.79292687355547
43.83603984516302
42.69010126080896
46.21066720050729
45.49432904263313
43.45680405147705
42.21259063002239
44.01367948704819
46.45178210289406
44.5366466847485
43.2184125270163
44.86828934764137
44.07918522350518
43.23180443961247
43.09750519150996
43.86026497941268
43.61538055769731
45.39874261564765
44.34305637083545
45.13265727945784
45.05373782200288
45.76260987220018
43.38814270612358
45.3953512744745
42.98841293815109
44.33833427101419
44.61040615955692
43.2543226338769
44.80438812735718
44.25635565170637
42.29643590296486
45.28526791254967
44.51046276944724
45.52059981686577
44.9460405000298
45.11800204388081
45.19388778326874
43.04020828655734
45.1713239448063
43.79564518546599
44.82946757253275
43.41690509472621
44.08896741179289
44.85896730305811
43.05025885441191
43.1681922201434
46.31116040686176
44.42126085692739
43.60330122205278
46.21346750611065
44.44862285651152
45.19997541291077
45.396559906752
45.32704230042143
44.37228405173379
46.43854469396399
42.9120670657916
44.20187137653553
44.35284401379229
44.2117129416675
45.08172315631003
44.97518675204578
44.22079597270152
44.13666773852836
42.64410863445251
46.80539664043375
44.42608093091489
44.05348384683425
44.20209982483171
43.12960300641537
42.89919141220744
42.55224100056763
46.50393350479847
44.68097381820881
45.81292469846498
46.76130114988911
43.45878720367894
44.66931697555973
42.33048530799535
43.59926735332603
46.6757948543978
43.66884782583519
43.47453617864161
45.24083960060685
43.62202671488723
44.24351213859387
42.34457243190739
43.64565682623957
43.82683866745331
42.56586269453533
44.84211112190075
44.14466727774918
44.12820111642024
42.64393131308476
44.72258515952045
48.25862256638262
47.7571016592577
44.61817092623502
46.5417967776753
43.34357039600239
45.08052659561399
43.32827879203845
48.96738816680227
46.14592932193568
43.31403483689986
45.7370735813946
46.37333867275697
43.34071792764047
43.07476001268508
46.82766242709649
47.36126033735447
45.37141213061772
44.37236627716547
44.43525954061496
43.83259037025248
45.40671465738485
45.00649883286526
44.29569054633023
43.27053588412591
44.56331228500967
44.15514188414304
43.68725604554291
43.40954260654588
44.93451362668084
42.50211672530832
44.19234468385598
43.37089199992119
44.7227279271995
46.90284196928113
44.85385607146915
42.48393215684029
45.5476130946853
43.72415738317027
43.12524238274178
47.13810826599347
43.95366350203903
43.45555997009301
44.3791383291622
44.54669393862518
44.67414212978051
43.50783831287276
43.11411846916558
44.19863392269162
46.30232383878124
44.60562576253226
43.58863624497383
44.63774385304737
47.54190298374974
43.72877747953765
43.30329070306374
44.23888444610865
48.49405128227166
45.70610956207894
43.45629721906776
45.31668878014905
43.76722973504566
44.14451710657244
43.01977574435428
43.41613089378535
45.29237085824919
43.19290594137385
44.66542214463307
46.57438572806348
44.26838124970036
45.19551704453148
43.22373269403621
42.43179673630799
46.82189223306803
44.56492835194056
43.70741758043471
45.61172177687725
44.1088253957423
45.73539347662343
44.15973953608862
45.44811239105967
45.00024822694113
44.78249133420777
44.5030433269322
43.56044914955953
45.23213628067401
45.26154513167834
43.23305318393371
44.09297411059064
42.23526723986274
47.11561296310483
46.14427334950172
43.58880074471472
42.85450588306551
43.37983718124594
44.26103020169127
45.21649455759412
46.9730618659325
44.1413111423922
43.70363085390122
45.95623539229619
45.59213327548912
47.6434194730755
45.5786292216174
45.9836375036021
44.05986317200346
44.41950708312275
42.57408695249045
45.37577960133429
43.33129448213263
44.59890124265399
43.43933995015524
44.1357666265285
43.67376656839173
46.21375956969959
43.23208429349022
43.2405639137176
44.61055790034855
44.01201002567065
44.43012332484103
46.0975069180388
44.02406718854591
45.51673990301322
44.15537680910955
44.4277891988589
44.41328709061024
45.13763832315486
44.92301795110427
44.3940112353994
44.40751442872023
45.77763621393655
44.47907231086764
45.80395015212785
43.13750021829667
44.30637793151869
44.61267982579258
44.59067405872578
43.49873399382527
45.31233785689997
42.62696392746101
43.30413072582491
45.71558900858269
44.11425807918734
45.57729534330682
43.38323002203986
44.76584692368178
45.72655043656614
45.1845823121419
44.71571015023947
45.55399501814468
43.24461087917813
46.62284276523939
42.74459537060767
43.82575239126251
42.94328074096765
44.01234678870321
44.56904311595253
42.1398607788105
43.17111136235256
46.87693358775918
43.31028183012359
44.85921960164341
44.9058845221694
44.02549759400643
43.39659844566403
43.13569665130047
43.38113774040458
44.07359856870487
45.81892084185591
43.44344122138675
44.51641852096967
43.40207577105331
45.41092507625451
43.31770149425285
43.28186742995005
44.06883422948716
46.51651903400084
48.52097754721844
44.61881414995109
43.3438832285007
