114.2244144598154
112.453739043885
113.5122896261473
113.7124098684479
113.133061826318
114.0706244924029
113.1665178058079
114.3548598774812
117.0543520944669
113.1008475446315
113.3051617771261
120.3701702505761
115.4270132231078
113.2664917308949
112.3197881154629
114.9837512028518
117.0086133603126
112.4336695653833
113.2427551588935
113.6474225275751
113.1169222127629
116.0215378631123
114.3958423855737
113.0845048991046
117.5679792665728
113.533781657581
113.3311941893625
112.4699619346903
113.0709893539356
113.2507538382904
113.0625712221275
116.5402200887675
114.2582512284325
117.0821575401668
114.542512256748
114.0272093347846
114.0295180282736
114.0033107087768
113.2017461249733
117.5336928700523
115.8242759423082
116.2737204829669
114.2408178982332
115.1757579699455
114.5957618066502
112.7778197560473
112.0879604217758
112.1743209739444
114.1605877450213
114.2885065822333
118.5248810025675
115.1352748094688
114.2074469924243
115.7875530019119
113.094654879215
113.5210749755668
113.654712612748
112.4450386149984
113.4119968152642
112.3924998800037
112.1838236995932
114.4929757825095
113.3454456437717
113.9430567842283
113.912733948906
113.1726236333724
117.6129235479011
113.3073950030626
113.0421319602035
113.3831254010185
114.4474778899292
114.0685562176676
113.5640297456446
112.6902009849279
114.3840408454417
113.1514514314474
113.3446848976744
119.3144350134777
112.218011921032
113.9235405817057
119.1055026045232
113.356370179832
112.0755839788467
113.7406550676633
116.3063465538635
113.0439690750091
114.920017152144
116.6100196392131
113.163100164115
113.1480451391819
113.6432305564781
113.5992995582996
116.1556905911929
114.2134602787277
113.3222533556952
113.1694979886213
114.2183243326029
113.3679231717189
120.6386463203613
113.1872815498835
113.6443086683335
114.0573095821978
114.8160135073095
113.5837835307393
115.0927358171444
113.6229823438653
112.6104813979613
113.4539984152031
118.0507552455819
112.8163879110729
113.0320905734101
114.0236007725965
112.3619435131289
118.3308411420145
116.0258419815625
114.0190059946079
115.4737482148977
115.0046248155426
115.0057258625248
114.0454566690954
115.1514362606917
113.6639832765995
115.2160405545714
114.3126679819073
113.2049837287149
118.2541618143339
116.1800845667018
119.4913214466299
119.0153909646359
112.3225990405528
118.5482437145718
113.566883078428
118.1127244079615
114.8586600913056
113.083412291544
113.1225256402908
120.5176285557995
117.3272723143484
114.132678968667
114.3496631155156
113.2454839413612
115.1289084744231
117.0143076662469
113.1096908017034
113.3290353707331
114.2716767913892
114.435194288923
115.0475319348406
119.0829485263996
113.0569464153865
113.1333922807923
113.149777880441
113.1549451931403
112.2203805592066
119.0760288862405
114.2855577359723
113.5550448631277
114.2787201594531
113.3725869864556
113.871120906635
114.0331776917289
112.1430516169488
112.9302828807372
114.3723960378054
113.2801500634934
113.4154455666565
112.2776518381262
113.2835806512184
113.4805902478251
112.4864036708173
113.4023837698464
118.6902832623227
114.539991878176
112.3563031736891
113.7872901657592
117.4595126021189
117.4537553869667
115.2120796581813
112.5186738828943
114.3654403122011
116.5176686653172
114.1344816783982
113.3615839368828
115.2001099825862
115.1397686288634
113.3393364098461
112.8280927017948
114.0428929692102
114.4094476268802
113.1226841814071
114.8080874126899
120.0611340089136
113.6398842276209
113.0624760768026
118.7491878267071
115.2253622895534
120.1048836862522
113.8528278711697
113.5942899778466
114.0611367586968
113.1955159676399
113.140224932892
112.1838854823796
118.4185548929647
121.3129398501587
114.2850526343973
114.5679314317574
117.8082669993145
113.9054675997297
113.3332070146796
114.2690985730185
114.5929372210424
117.3359542122056
114.3927070106201
113.2819968505306
114.4544993578457
114.0186578156993
114.0705142958078
113.5973870807439
117.0118171610769
114.1891713327364
113.1382936939367
113.1059527005122
113.5954735235707
112.0645057567737
112.3463200413641
114.1974734026327
116.0122439038861
117.0423868577382
119.0285680350798
113.5488974607709
118.596038289159
118.1124865670113
113.3241592946132
118.4408112724749
114.9370411133949
118.427538665774
113.7252297296348
115.3715118149944
113.1469202407545
118.4121207488195
114.1106472662251
113.2426585135748
117.2304946300044
113.8747074176087
113.1166189599207
118.3224435393549
117.075407853792
114.2943806032575
118.5901965938238
114.2379072738617
112.2301133225333
115.7123933932646
113.9471360253694
112.2564731591668
112.1117946133465
114.1712158774557
113.374997573053
113.5510998618479
112.266274778524
116.0706605412611
115.8706281168908
114.8514038564077
118.4161488611282
114.5370468672167
115.8591786095245
113.4932902865706
113.13463188067
114.6141568634224
115.0183651247794
115.1687179362301
120.4373308849503
114.0036140140878
114.2740054217767
113.4576374848704
118.227187911815
119.4952612570298
117.2685533254462
114.2093438373485
112.3526968594576
112.3577783049403
113.0766512117594
113.2656678039601
114.2196312664273
113.3143100903957
120.0915421106609
114.5607988558053
112.4364164470348
120.7017914473853
113.1094562559766
113.6552070514105
113.0935878930848
113.9695781122171
112.3509968168759
114.2788549147973
115.6185946916202
114.2840012184172
113.5601321411254
117.1677467647616
113.5119153591116
115.0268348112318
114.3654310532309
117.2557809918835
120.1192653374555
114.3026391560759
114.1362899010481
113.7465348798787
113.1345985311936
113.2611062615235
114.1644255605968
114.1036583488463
113.1330395439767
114.0952987298317
113.1516308612002
113.5094839414394
114.1139096446479
113.1431980584943
118.1562669139977
114.350601712944
116.3089755211978
113.81080345739
113.1051137587153
112.2049336620643
113.0726114419484
112.1253603136659
113.3076986570718
113.1921997533416
114.4423390313375
115.4749728410528
113.646207850291
114.1474092205545
120.588475748516
113.3926750413063
112.737179359538
113.2559639720807
122.74054663225
113.9709144830021
116.373202778485
114.5505176854959
113.3111731800542
113.1367373842523
114.5253933193378
113.5529397834334
112.7393052035391
113.3898538263101
113.3527181624492
116.1730533813614
115.8002478372313
113.5575353753806
113.193721144537
114.7978986178442
113.3180993353648
114.3086258916408
117.08653786307
117.3848079290497
112.963384792672
112.1535390705635
113.0185715244223
112.3527804703038
113.8934048119025
115.184363629341
112.7735133116112
113.5657749948406
113.0520361622717
117.4990003784976
114.2025952056086
114.0481895419187
123.0427077907954
114.5210411705422
113.444588328596
113.405233380091
114.3290766570813
112.0999574323041
113.4231121992864
113.5167674364834
123.0330159146802
113.6722486862329
113.5571552465267
112.3414996826317
115.1285771158633
114.7853922643147
121.3552598702027
114.0020763459373
112.3272654313001
114.505443669799
113.9236863553866
113.9007200151768
114.4226126981921
113.0959876604107
113.6457659785801
116.089445876731
114.3614452343222
113.2357099124733
113.2874220583807
112.1273915657027
119.1220302873583
112.2093648959236
112.2775232998637
114.3220677837316
117.7028904598319
113.0829104107003
113.1017622064208
114.1749287390518
112.0701523651967
112.4774456763896
114.0522672266314
113.512966728661
114.3035832583413
115.50181302644
116.527209670043
113.6451932156247
117.3555693639398
114.1168897646362
116.2643386649194
113.2757918668325
114.7918281717661
112.3047563157026
112.4308893239102
118.1571763947603
113.0494159377822
114.0541470931112
113.4460311471049
113.2190037858425
115.2369574915756
113.1081290207682
115.8456051599862
116.1573634048104
114.0643002136214
117.7504366597349
113.0941848501758
113.5233491244365
112.3840311769668
113.353792581914
113.2542114850398
113.6367269979062
113.1997321586631
114.0044640973307
112.1053409920142
113.1129419714375
113.3659095852898
112.1872150694318
113.6682221355353
113.4299726171973
113.4758853171782
113.2415536407591
117.3150587218374
112.3917399407734
113.2857812964127
112.9689330782104
112.166361525423
116.2462107817604
115.5767310084636
114.074677892995
113.413480287312
113.914190701429
120.2709521729705
116.5401707474696
112.301481216443
114.4840196639963
114.6010205153799
113.6964285620675
113.5140138686386
112.3928516008595
112.1744687103428
115.433351359225
115.0564451454524
114.1009773827921
114.0050460604404
114.4626700210712
114.2549593396332
113.0452913122178
113.3891142154036
113.4108508574714
113.5551184209317
117.5092402794785
112.1448766536797
116.1695595060405
114.4087993251453
113.6092703020169
113.4219132271805
113.2859776926011
113.4172591550048
113.2856251717511
113.2430276226113
114.219615706804
116.0304623621135
113.8715232385117
114.6383108381215
119.4154636144669
113.5163214878312
113.4246692850085
117.1490621567402
113.4756947704817
114.778863048197
112.6043024448286
114.043829297694
117.1059333203153
116.1834137867909
117.0525040654293
117.7376223047854
114.6288968321088
113.1557290982715
113.2567000952931
113.3433851244721
115.4495656549834
113.3796492832969
116.8862378242605
114.1363204705127
113.5386410565176
114.2384141350398
113.0495609715333
121.1139490169188
116.020690587066
114.3155539123976
113.330399273927
114.4040457897906
112.2025190742242
113.2601908084996
114.2229304873247
113.1743191599273
113.4813275129419
113.0818817327825
114.3751376373308
113.744951882476
114.3076186299422
113.9737308271402
117.2481969887958
113.372636085365
115.0976746407414
113.7980085728762
112.1418850248456
113.6325458270383
117.0049407896343
112.5337727478458
115.2002513501829
115.071247612473
114.3161887958549
116.4944508242043
117.1079523909447
116.1278220944443
116.0030647033791
115.1930477651229
113.2252063957619
113.6002860723711
112.0565482311999
113.346633677022
118.3625939931245
113.0624206168971
113.042440439299
116.3806432886402
114.0901159478271
116.6887645857688
113.1170809357999
114.0167629835883
113.2697208546556
113.6318370531639
114.040657635605
113.8285441881878
116.2221551656894
115.2729542282346
113.3573645087208
113.0482910241092
114.0471175272372
112.7408286781514
112.1307382651139
115.2046794551167
118.063568556594
112.431774547428
113.5284405514901
113.4486616407218
114.4226486322876
112.2528347966513
113.3760020333
113.0418430669211
116.4244126884515
114.9756562862166
119.0879652419668
114.3507532345194
117.0284212407131
114.4294049921961
113.5431643910921
112.4103980476295
114.6752211375839
119.128772751484
117.3893952751581
117.1186208460536
112.3673631785775
113.3265824620879
113.1035276793949
114.1151696114348
114.6970165197975
113.3198208767035
113.3777698743556
115.4757366842448
113.5009704402673
114.634558755236
113.324738407699
113.5643783057882
115.3290753127447
117.2849627344684
113.2203408848295
113.757627673002
112.4520106998394
114.1832001154562
113.4302182817718
112.5286051934803
124.0485223205235
113.6941305244389
115.1297225271919
113.5876961455305
113.756066741993
114.0006856455555
113.2137366780949
113.4027743363234
113.6928239221192
113.2240724353055
113.1573880321193
113.2776391950792
113.1194729866606
114.5470800829439
115.2589893519155
113.2551564287563
113.8920286407844
113.4304302852435
113.4405976808
118.8540667264079
113.209490679834
114.2033591056722
113.6115796135964
113.1504610655993
114.0247754376833
113.0466475826088
115.653977172154
113.0103880326887
114.241407925064
113.2011470748665
113.0774748082813
115.2586815096455
115.0109096490125
112.0499221339795
113.3132384804614
114.4587445623457
112.5337719728115
113.9487864927745
113.9922584757264
114.3703175245765
116.0374207262401
114.0442873423465
113.7934388798441
114.233237693358
118.2049546334184
113.5651346459374
124.347203539496
114.5092996338922
117.0966619629085
119.3146647768241
112.8792165206538
117.9141075044872
112.6288989142905
121.8876475195528
113.0962786947956
114.191817761875
118.039619443445
115.255714521334
112.3470535688641
113.568409830368
114.3998822118651
116.2041715904096
113.825139130125
113.636541570933
112.4728257697043
113.0681873223365
112.1787910609488
118.1880754372707
113.3020926646825
113.7286093330966
113.2070239187566
116.7426888213211
113.7164957624578
115.0814316822534
115.9179194307923
120.1102141602071
113.2899760930655
118.0374975269531
118.4656028615245
116.4136726939439
116.4833758630161
116.1840257459405
116.0143890122048
115.1790865439574
115.0074803060248
113.6253473370379
113.7491891037093
118.1027847409352
113.5294466925097
113.6794762938097
113.4028303797787
113.8116152835996
115.1285309407046
113.8560617310335
113.5393837641629
113.4207247693913
115.0435197250379
117.5640538978118
114.1395994935871
114.1197763191214
114.2625619888296
113.1002228325759
113.2675139809741
113.7779753241339
113.0031768184745
113.2399073272861
113.3839492431236
112.2793223103387
114.4430179615545
116.2886361949571
113.3595846448613
114.3120652268903
113.1115778953715
115.0038929644252
114.3955938040446
117.443945109891
113.2195182495121
113.2904606073213
113.4027556620179
114.4637951302542
116.3580291886807
113.0666146534047
113.0839370064653
112.2037166096781
114.3818985319882
114.04519490224
112.6606544653423
112.3244756607008
113.6042515821703
113.185591842794
113.2529603640682
114.1815363265949
113.0020932434919
113.7566323557942
113.4261531652594
117.8764029028467
113.382941593453
118.1887210574752
113.3087718966752
112.556366303937
115.2655170128598
116.0391177932264
113.8272373581672
113.1843596901481
113.2017353476532
113.5791762303921
119.047915557217
113.6572867207305
112.4665268740561
112.7626553677729
117.2031668551086
113.3519984109399
113.4290772962117
113.4436322122497
114.298667945309
114.5466774404821
114.1504231083212
113.3470054845281
117.336443307782
117.1421888245098
113.178292717878
113.4337533361389
114.0944071740512
113.8349391660805
112.1391261710745
114.1205141737558
115.2478831413999
114.2486298432661
112.4013483978031
114.0787143297591
114.4639475980353
113.1802907785003
112.4035113231892
113.1804053751813
116.0204878377671
119.314356708573
115.3845259182771
113.5831943777212
116.0970044677388
113.7719172964073
117.4091759399806
113.5545189671199
113.3259168764083
113.1757620816441
118.5926639684374
120.0436202052345
114.0239228990882
112.3207048917361
113.3256853204856
113.5310325875474
113.2251927160233
114.4653913308275
113.2392956456503
116.210082419489
113.136531517748
114.0597587631012
116.2827914171913
112.2946001341707
113.1650924470432
113.0089179367558
112.7670822941155
112.536959457668
116.0433877295618
113.2457021930078
113.2758146051642
115.4574128879434
116.1377463057399
113.4357814220933
113.2221600913644
115.0165395627965
113.5426785961117
117.1339019912342
123.9376276342821
113.7276179295043
115.0420973601778
112.5090135379475
113.5039896905796
117.2037412796022
113.5867930917213
113.2605616336155
113.814480988614
112.6607975960454
113.4820790259151
116.0304113453321
112.8895648273394
113.434398600589
113.7761897420997
117.6572439001644
120.8276673895582
113.972239272251
113.0154636231785
113.795332329187
116.33524238489
113.9268286292134
113.9136045394426
113.5538071564448
115.2099422269986
113.3249082943229
113.9152266590762
117.1947377336736
120.0569646641856
114.2147197226326
113.4798020004746
116.4859056089377
114.2598998813666
113.6441690977488
112.2295115083599
114.2678202151625
115.3045515820248
113.9279072044107
113.5120797357953
115.4365999830332
117.1179624536763
119.2666513761054
114.1031083391277
113.8171697936858
113.1551931722998
113.4785943588697
113.2352401276325
114.2489905985181
112.7681045363574
112.2113417564246
113.5203980569129
115.1793124554356
113.3420718144379
112.3319050349137
116.0716573800623
113.1155455872489
112.1307940219483
112.7204943362001
113.4690362474071
114.5084387409815
117.2871744228142
113.8823532725357
114.3148895702729
112.501886312804
115.5789713188239
114.4467014004318
113.5559376725028
113.5693473839406
112.4973154359042
113.3294979786839
114.4279314445163
113.4503998912983
113.3453656780938
113.1720593715711
113.009232715847
113.456564923436
112.3263659947152
113.4213175193585
117.1125778906337
122.0294437071825
112.145313463147
113.4418379011305
113.0925840128207
113.5874514879181
113.3606272485086
113.5662656342279
114.8682357786491
113.2254905284646
113.2001897972527
119.0404507143135
113.1026305301505
112.3695287317546
113.0995924731181
117.9473899674647
114.4809178765811
114.3308701133812
116.0297624100147
112.2412279721544
123.5672678249501
113.1566196175695
119.1390580968039
113.8120133666929
115.7964441326762
117.2869717781489
113.1019409246963
113.6619982521899
113.8409037912122
112.7497663670188
113.0891001775077
113.1485878454644
113.4300191346195
114.3155681904446
118.1310990401246
118.024163336846
114.1039440926517
113.200034652074
115.1271237675924
113.1702340040375
119.0420830629977
115.4254851328236
113.2566089309827
114.1991625235231
113.3079406734649
116.9817899677293
113.4602553861468
112.8519195326048
115.0192693953203
113.1454268277584
114.5119510483006
118.604141369478
117.0445127285693
113.954108945308
114.0655012681555
117.5482572231507
113.3346912795752
112.2427682904194
115.2468887081885
113.3656592170074
113.1909376964933
113.9345560097164
114.022898381854
113.5682751204956
118.0937238745956
113.1769617318222
122.6339132164401
112.5454777808827
112.8254281734023
117.1618807100737
112.9974911556382
113.5811691906832
115.5764638976662
117.2045555214174
113.6637004179168
113.1250170051239
112.8741071849754
113.4817649985903
112.9607186368815
113.2339644946636
113.5146950612022
112.5959313737878
113.8764911493313
114.7365358714609
113.0572668995075
113.1489521180232
115.453055750528
113.2595237016207
118.4794272919466
114.0692643460957
113.4680902389351
112.0700975460888
119.6965270727726
114.5350774814999
115.7619534870546
113.3715533500455
117.046045962093
113.1888342526542
112.3201064211588
113.1456113084761
114.4817481362259
114.4599631845422
113.5503695296074
114.8902658982355
113.1517682045313
113.6618071648105
114.2511746795495
116.5334158131583
112.0343825368926
113.7075738920367
114.2598606702111
113.0891095960408
115.2781610580611
113.1216650968221
114.1100299288322
113.1993483863209
113.4551857442602
112.3430695354523
113.7470343635055
112.2236482351657
113.1662112906567
118.2383557868395
113.3204090650205
114.2962031811204
112.5241262293702
112.9146006639857
113.6587948192532
115.381460648381
113.4283840274682
112.5900256710643
114.3281108508972
114.1689559090426
114.398298225636
113.1305295104851
118.3464411780762
114.2209250533589
115.7479637040726
113.469360299679
114.0519635909395
113.2278382559509
113.2239317994463
117.1018227777409
119.0889728412279
113.0270252712822
115.1117294337628
117.0384941435354
113.5048124005255
113.2793944348647
115.2040253784887
115.1094208642989
113.7668119006441
116.4679343283711
117.028378113801
113.2183222294008
113.6517150785569
114.0072551460954
117.2346139751694
113.0466316296792
113.5173572911482
113.5380516550794
112.6162239832249
123.6331981475515
113.1606660721436
114.1272372589977
114.0895426082714
113.3047325308416
113.6014074650782
113.3878452199769
114.1173136689248
113.4454436004362
114.2158238485445
114.2644018376296
113.4814659551749
118.2068544032042
114.5763273953327
114.1516979339769
114.1077869407146
112.2336715846406
117.1541580249668
113.2669973173717
113.5409862249937
113.1460378146179
117.5667836127571
113.0921737866081
114.0766981044191
113.4735893390134
113.4662439860095
113.9320026245414
112.6255958635779
112.0481538764431
112.58398484576
113.0298754556771
112.4944005934927
112.4333517434586
114.283350342178
114.1857064058245
113.1531709348286
118.4630070936535
112.2090972027998
112.6688746447447
116.1564623222039
114.3336516338463
115.0066494466558
113.3772486595917
114.0224754652367
112.5280196364861
114.5676435867599
113.4168575587128
117.0118316933685
117.2244554763232
113.4176931606182
113.4150482099687
117.4633707173413
112.7330430435995
112.4243533899188
117.5647104775652
113.2981038713566
122.0088401812618
118.2118048943676
113.3698001525889
113.3994638337714
113.1974310039665
118.1769773197138
119.6529246457246
112.5562101915145
112.1558727320285
115.0221153572324
119.1931925675298
112.045080074188
113.3478632203595
113.7037915953557
114.6704838582513
116.053011075083
114.3824676535283
113.4000813613944
113.3513456889122
113.4794785984881
113.2653587829699
113.54249171505
114.3308237461469
112.2198534008465
115.1597276259876
112.2502193933114
115.0211030311134
113.4247465646646
115.1237923262992
113.1264489746275
113.5827751469455
112.7239635601674
115.5251407080673
114.1303273049023
114.2551004715671
113.2401204411877
116.0445330625117
113.0673336616209
114.3729475754204
114.0332160188228
114.3578344562019
113.9657577933447
114.7175802697751
113.3598783446421
114.0912337817732
113.707107776067
118.0686289476298
113.6481987380227
114.1454996733257
114.1477620227441
113.4220248435923
113.7510354008792
121.1635418721424
113.0286368804945
114.0314982066522
118.0663178748309
112.4500173371543
114.5344569374379
114.0357913181725
117.3822042405481
113.3204222801028
117.3923454224565
120.5512964199892
113.6415833295944
120.4158285200687
116.0719052734887
114.0612276811351
114.7009141723848
115.7224933030702
114.0376655714654
113.102995598957
112.6593270155991
112.0773307518462
113.9375064268256
113.1558497876991
116.6713841907908
116.2729101415333
114.9187256535159
114.9022230984833
114.1622803427204
114.0643467873943
118.1961946839043
117.4811298172512
114.7952628876866
113.2124268630661
113.1907635578533
112.1501659049427
113.3501438673322
113.7224307870919
113.2672640434568
112.6513942911856
117.1141257082174
113.0976452020914
113.7169015157225
112.8002856360548
113.102494857711
116.8616299003626
113.3017300137218
112.3283003502586
113.3223547110498
113.0981181089895
113.6939649604049
118.1370329384251
115.290479838202
118.7778797524523
116.0406447457864
118.1762417402639
118.2067727906354
115.0232976397902
115.196307426901
117.284570717727
113.3334693442093
114.1092619627335
114.7067887331248
121.2656874995679
117.0887830368136
115.7081364380253
112.4976284114312
115.0253242719397
119.1098508993569
119.7062856248201
114.0671585680636
113.2697508267363
117.0682834648761
114.1438125114469
113.3585494199796
115.1856580244338
117.065823778814
118.1109535106413
114.0187127425899
112.3337719327294
114.0952770068238
114.3912251301897
113.4789960206128
113.2518705064629
113.1553355034155
121.5030171292898
118.092435585483
116.1272089371458
113.0304048738782
120.7159725756103
114.0770043416173
112.2891617210018
113.6710102340361
114.0792433451419
114.0061881672314
116.3647675299707
122.5173588895007
113.7093004811198
114.0923791894561
114.9804369893069
115.2094372557161
116.5941621563842
114.2720875878561
113.5434954145604
124.1170976857889
115.2010850348038
113.6720062943335
114.1254053711221
114.0021654363463
114.0206462251947
114.1919199953458
113.6388763413692
114.1326615866277
117.0620321918027
113.6167458648283
112.5902730766268
112.3682356816778
113.4718864405267
113.082502171726
118.3024148725141
117.076384998252
115.2292486107718
113.2043267153666
114.9622296997621
117.4199865317415
114.2315300528979
116.4308898979706
113.0720611778054
116.2538413490579
114.2350015658708
113.1226598457187
112.3935737824817
113.9411615801792
123.1122453925012
112.9801803645323
114.4367463016669
120.1446437691012
117.0750784841526
113.457742340346
113.9261114872204
114.4587340051893
119.1365335747001
114.1057373823893
113.1754137671012
113.2439487202052
113.2174574699764
123.6293043206358
115.1270215645515
112.1288421153751
113.5482670299809
113.3159955096417
113.0362293191281
116.447202566411
113.34177105856
113.3298987475091
115.0550518863714
116.0326213104737
112.5673898252775
114.502433832347
113.1118494236829
114.6001785057695
113.2556367651004
113.7132383419873
117.1783707152158
116.5225267783184
112.4317413162417
114.2673934412245
112.5218390505334
112.3163110400966
115.5143554606599
112.1653809334832
113.3752957762101
113.5920246318873
113.1252457861281
113.3239639776358
112.672566985375
113.9842057059809
112.3264335701957
114.2087371164223
113.1581865985625
114.5497803762857
113.5018500920525
114.1998102827857
113.1057717919138
116.11778005136
122.848032837741
114.0408846362978
119.2203276047441
115.2810525326349
112.9412515461867
113.106805070944
112.2514256697064
117.2452129527441
114.5963901467289
115.0714715451356
120.1076975022645
113.5453071226657
112.3449879319564
114.3683572782716
113.4441927863301
113.3235397228821
120.2256570373428
113.1119400781118
115.2318761492164
114.5237622340826
115.4969481221062
113.0956959909422
113.3619079920835
114.1081452268375
113.2869215702503
115.054389916331
114.0853993999472
118.6831044732311
113.8711530776664
113.1391910490337
114.6685672783317
114.116648109548
113.3448277661473
117.0161178624713
119.5652579321621
113.797694566425
113.638600878798
115.2705634197961
117.1205681837014
118.6932654475264
114.8293434666805
116.0287367493834
113.4241909202258
114.0224866644493
113.2790384458777
117.1905988037589
113.3299104454104
116.0439277023804
113.1370999765766
113.096579601993
113.4354283218392
113.4999056624069
113.8837812405241
113.7042470052473
114.1344888470622
114.2881807355965
122.1851011298724
115.7657643707794
113.4147298177229
113.739262677151
113.175924066013
117.3886519116098
117.4829471952187
114.2580439589189
113.3601252340182
113.0760875667274
113.6670221786651
119.0151885009979
113.1531074461377
113.0978002427667
113.187100069126
113.5465297330098
113.1412910020035
114.1214812309531
113.5147507867028
113.4534302604693
114.6475313780989
115.0127644628653
113.6709613840175
114.4698207487332
113.5261249702336
114.0144508859351
113.3821758626942
113.7258321710412
113.4209641339065
113.4661271883844
115.2569960972991
114.2659365931868
116.0094896070602
118.7435844650076
113.4293723388839
115.2692515220077
114.1300028333186
113.6572274213929
115.2369943884419
114.0446386575901
113.4968239599463
113.1138420686079
114.1307513887033
118.1704619715614
113.4060758483381
114.264114172532
112.2157550361237
114.1320655902693
119.0619495108034
113.1550397975092
112.3478341044741
119.2301444201141
113.0999239796826
114.7275917750283
118.1144857294433
112.2751991289372
122.0407287148847
115.6542495916555
116.3686605026752
112.4234003593182
117.3922939171189
116.9502002816488
115.0724768577744
114.2194974321715
113.5792481686996
113.6582076295195
113.2218764131665
113.3695571483497
113.0595300803193
113.1188984578868
113.766355446489
124.1899967004568
113.6027087223222
113.4617501583143
116.0211219665787
114.1819933099935
114.4327105934619
114.1830716346821
112.193927441189
112.0737294163042
115.5791599922877
113.7109881953919
113.6475294582004
114.3394128219555
113.648343111927
113.1533352225798
113.1221051688459
120.5094611985846
113.775406214841
114.7315446475217
113.6129214016856
113.7241690933257
113.5457624576894
113.8544728143434
113.0049686882211
114.4176348107412
114.4637813390661
115.3790829947018
113.1028979660111
112.8189787972967
113.9422512498183
112.5422666778435
116.0976681256834
113.6382135495961
114.3464728477718
117.6071878029662
113.4598040221273
112.3934828571718
113.1783615964327
113.30669404212
112.0971964595561
112.5849037740655
113.2948965975129
113.3114696697145
112.1019768179834
113.8150419649764
122.080008039276
112.5720971395874
115.5666068769115
114.2352362572733
112.7306399717206
117.7113676465375
120.3642926202639
113.1370851224681
113.1200938137094
113.055011179224
113.7029819508273
114.1805522104632
114.0572279020755
113.8059474090111
118.084066668525
113.590218251773
112.2121202618009
112.3138056453231
114.6057106968826
113.8133937878741
113.3961229755032
118.0356717743497
113.6392207469773
114.3113577290039
114.0345797586818
113.1440696873638
112.7341372004792
113.4810449857567
113.175912920095
114.349338736491
117.4452221778704
112.5816185602782
113.126828280592
114.5902886788201
116.2359474121077
113.3221270794473
116.4187651480403
113.492395420908
113.4889699269839
113.6204776335077
112.532429247653
114.2228182224963
113.2124147298168
113.6183440693889
112.2574081699647
117.1404011452003
113.7288307581202
121.4963354117296
113.1083132854774
113.188518488126
120.384596535676
113.7781773334117
115.3261630668234
114.6983139774256
113.9740263114385
113.1989492614417
113.7756786074502
114.2485981290298
112.2625691313319
112.2977337084856
114.3272513614029
113.0609678735636
114.1751675551923
116.2829813300341
116.2864128683268
113.6414470881719
113.582012846466
113.4337692891322
120.5041050492394
113.1346840443579
114.0218323432842
114.9662646679133
113.461749739004
112.3753752491386
113.8862660400113
115.2343427663674
114.052965675321
117.4712049292883
113.5241576168231
114.0340756428283
115.2636661573469
113.1349999529647
113.4959134640125
112.3370261070638
119.0772005932726
114.102420980782
113.7810115994757
112.1391694497407
112.1689866913837
120.0445591695546
117.0455011583796
115.028172436234
113.4442203290295
114.240021755836
113.1640526530937
118.4232731037427
112.4821021318353
113.610464440311
112.9112855672942
113.063238589248
113.2724484299488
112.5839678624849
118.353210236588
117.2510537057595
114.2758598947286
114.3765802207207
115.0310986683628
113.6356196537863
112.9481189841222
112.7325790964705
113.2458638754656
113.3826306583778
113.1912252106461
114.1490127554254
114.2547283610067
116.0807704651914
112.2099273538177
113.4697310093318
113.8899368487812
113.0893227137968
115.33378561856
113.0358279097092
114.7407692137577
114.242511600981
113.1155288636644
113.7665876651742
114.3171853353147
113.474517152636
120.4480850038362
117.6371779534842
113.9687899375097
112.344610633673
112.1704463132094
113.1691846701294
118.5226399318162
113.2959850910759
113.5613942626859
113.7706421585672
114.5061199606698
113.0800895306472
112.1949719435959
113.1600574349047
113.4500015482356
114.3594224819096
113.0844135745898
115.1344594854448
115.3719722669182
113.3680439216156
113.3271302765651
113.6263068056918
118.0354637238533
112.5176490318407
117.0578557989787
112.4518927862205
117.2543305816098
112.9449577593534
114.0832405683324
112.4487188419913
117.2800744318036
114.6925858914987
116.6714456249987
118.0880423713373
113.3020519125837
114.4820162179212
113.3124619817656
112.1337834872599
114.0349598624045
112.1679067133032
112.941010369474
113.7474287660683
112.2889233415441
113.5822168668814
118.1675198968333
114.450528982541
114.0670479108317
114.3149579074339
118.2812596286268
113.8278147466234
117.6976841747984
113.4340908339859
113.8445991409442
113.8727325643169
113.6322950678996
116.8559016739855
120.0892271579402
117.058567723622
113.3395584371218
116.0774961980458
112.6503311743539
112.2742192487517
113.6465075947344
115.9798875346236
118.1794726812465
113.6595901093526
117.1185552311036
113.1256610297831
113.570490716373
115.5802511899832
113.0950856023077
113.7883665421945
114.380192500839
114.3622683036585
122.0517878406296
113.0606419918445
114.0284223211497
114.0442073593192
113.0508169751589
113.4023327406826
113.3097627290476
115.4074231110263
114.5607831069155
119.8158912089368
113.4801902880498
118.7621932774566
114.1293931131096
113.3895240291276
112.5423377651011
114.9773238046651
117.4757667878624
113.0847412139814
112.4608364548858
114.0878966416997
112.4514037865416
113.4550371635794
114.0531122112917
113.4534417015765
118.3485072981081
112.3464518696024
113.4252795006386
112.2983165605002
114.1384535365276
113.8946327508264
112.3576394894144
117.2014830149278
113.1714484981962
112.5238388698037
113.2161711516577
113.1661411216448
114.3272344584236
113.7987858581105
113.5770206286134
114.2525959660683
115.3598739997658
112.285628189555
118.2096660252191
113.3970143194387
114.4626625992949
113.4155325335188
113.8273586490946
114.3621091380479
115.1605157848369
120.6018513461877
114.0957695318005
113.3529493272741
116.0466808121949
113.5897522384305
115.4344867380269
114.0662670238671
112.3312782559908
112.2726747498888
113.3415375348642
113.3301831173426
113.5467640812006
114.0932872823816
118.1390186213348
113.4189559154448
119.308062937291
112.1767466554989
114.5303684087623
113.2459127676419
113.356497798413
114.1648553498422
119.2255615840102
119.1400138235802
114.9929967175888
115.0203687123862
117.8781905430615
113.1424934573952
112.8835847001214
113.5553020578282
113.0427851190119
113.1391562742863
119.031740638131
117.2628011812684
114.2923624005742
113.2567711118114
114.1601986672171
113.2849011366286
112.0646548122179
113.8425481896327
113.6265706026725
114.5804970490562
113.4119308429453
113.3499010060242
114.1391939530497
114.1282391829374
113.4566300717393
116.1731345653959
119.7729920911172
114.1478874205065
113.665442868574
112.7663544203066
112.413492091945
120.9127330002965
114.5888797533981
113.2231157502005
113.1887609574054
113.4949377604632
114.6792406094695
113.8913644983713
112.2456938065191
116.0353966783395
113.3678194395883
113.4594173038002
113.8142551564135
116.2217485098689
114.3287317922247
113.0654761690693
112.1595654824682
114.2587165755644
112.5299693938649
118.1288608101538
113.553562542134
113.4268293293571
112.4899168046631
113.3810481468713
113.3893800031642
113.603713379901
114.0903888385394
112.1790022690656
112.3917897944734
113.7585402756905
113.3888532874791
115.3684306755612
113.179129948972
116.0390308351196
113.1955993814189
113.6453910165571
112.4280442306032
113.0142301171329
115.0842737023374
116.3047813465348
113.4686648996989
112.9184793518853
112.0124308703722
113.6395406692098
114.425984362789
113.2141932703866
114.8788592582176
113.165365774678
113.2467885664845
113.6044854698921
113.3193632585857
115.226114584271
116.2689347613684
114.6599105010716
112.6877904541911
114.4520588146218
113.449374863472
113.6444501926036
116.1803356018312
115.7823884518957
113.1158404436477
114.4078739281549
114.0077920652531
113.341364418757
117.028790163999
113.6565693741379
114.2236443338735
114.2290898262797
118.0520436261043
114.6499325835509
113.4276103812493
114.8645179623233
113.0651449095362
114.0812858537709
112.4144889616579
113.5068095376319
116.2219235664478
115.1440685709489
114.2449423730592
115.3155002958756
112.2142425018042
113.5318282893521
119.0247599040133
113.7247027878679
113.1780251920195
113.3160176809181
113.2190548565828
113.3920796223485
113.149047067952
117.735973567315
112.7941740126123
114.2415904133196
113.457829839071
113.0223767881788
113.944808710372
114.3285993485032
116.3166319056286
114.7616563917179
113.4145589309036
113.4122900705245
117.1225223714174
113.622962475235
113.2825196247046
113.1042657419148
113.12857146183
113.5087320045553
112.4026779196158
112.4834467412726
114.4823063524624
113.4960278053271
113.0397932625117
115.1301317364657
113.6010627841198
113.2031824570268
114.3193252426804
117.5534115950345
113.270788187806
115.4244540941206
118.0926365302969
120.0730102925882
115.7051138400328
113.378572994883
113.5511118258401
114.2186164952601
114.1319807783713
114.0700926859759
113.3034722528308
119.2856857446909
114.0271311185885
114.4225643699384
113.6590481240287
114.047795742845
113.9295947604729
116.6269988686853
122.3074150474459
113.6020152792861
114.7017473294222
116.1678924718136
118.2718870957312
113.3684699941699
113.0385412792604
119.7751258419955
113.5228088624295
115.6715470008072
115.168946716658
112.0873226669282
122.8340131767382
114.1709575702371
114.23490891301
113.6106092501578
113.1305402975242
113.1087098408865
114.2003984089965
116.0048905485278
117.6276431537551
113.4226233774518
113.1319174933749
121.1726920543186
117.016552844222
117.1281466652089
115.5622940228424
113.2801496572256
113.3971758423423
113.2018982417213
113.0305991422871
116.0391526582453
113.5382778392037
113.1100986494
114.7215822353135
115.0510002640235
115.1382883374751
114.1205181670685
118.3233148746501
