185.1225038353567
185.8164072645185
185.4690404449859
185.4074317610107
185.2639633362372
185.0073768729458
185.3188918870447
185.4133466322588
185.3132316021702
185.0655360097611
185.0273414285483
185.0584731825596
185.1087801509258
185.1754019755143
185.0854381439758
185.0088883893061
185.457101292075
185.3482894324476
185.7191221885012
185.0668847821702
185.5047824802375
185.0478188050176
185.1460853975585
185.0220658781408
185.0025505917038
185.1476370800158
185.2466788976305
185.3702925952569
185.0044454283
185.8662441332448
185.9270088789968
185.6811365517358
185.5148288740177
185.0783279681944
185.2089858273007
185.0927699425077
185.6365020258685
185.5112589357419
185.7036062124078
185.1528036844776
185.6294164882194
185.359568259039
185.3385930284092
185.8260959223268
185.3064879028796
185.0484924460097
185.2376125460042
185.1717204854298
185.7686582867021
185.0768772512317
185.4760286917148
185.4062825208697
185.099679688814
185.4300955883778
185.6632229139051
185.5912102180098
185.080167070895
185.3331254819277
185.3761125204342
185.0969897787199
185.1848032183582
185.0826252018927
185.24412190027
186.3441933513509
185.0703394151093
185.9079393012396
186.4348701194168
185.2576157151679
185.2004881485819
185.0862264188831
185.5783526060239
185.1557320670252
185.0912023291016
185.3726787384648
185.4349474240226
185.0009751578545
185.2416103768
185.0610217265432
185.1611737353932
185.4670606764228
185.2607118960943
185.0012431005383
185.2678784539232
185.0272680757833
185.1754213988461
186.0133355152759
185.0705398473944
185.2055180646404
185.3935101852072
185.2174434050995
185.4544429458387
185.0550987044753
185.3292148848735
185.3461488743358
185.7607364079809
185.0659757063407
185.6033364148182
185.0215947168037
185.7251723869924
185.1786777172011
185.049876978515
185.2193878405429
185.045231833599
186.0336970845069
185.5091986455021
185.165218203516
185.1437188575588
185.0683097203117
185.247917845879
185.6975957686285
185.6395738899224
185.2747369308359
186.1721356706618
185.2916872391006
185.2133005959631
185.0449102325881
185.2882533856199
185.2243275812523
185.0082760256059
185.4993596845115
185.2024548083555
185.1205496100438
185.639347041063
185.1417393701397
185.6785352307488
186.0218841433003
185.2998552242542
185.1538886040658
185.0380313154394
185.0362366034613
185.2472303636821
185.3265363492625
185.1245157163964
185.0996571945356
186.1923822245259
185.3651269765826
185.624776920707
185.053076515322
185.0292813000714
185.0195713679354
185.021869428592
185.2908411100235
185.0417112001302
185.2584902675041
185.1394379057127
185.2221409426725
185.013351822706
185.0602578933584
185.3144844277627
185.4683306347558
185.0026373570348
185.3174684015355
185.0805205453364
185.2806238563424
185.1390847095666
185.1009136526206
185.0537976121739
185.2582453921721
185.0910763072662
185.2802679530575
185.2797124498154
185.0442315566839
185.1113707664234
185.8436122090685
185.7633333091246
185.2379751981472
185.0332810506858
185.1457804751444
185.0333233029611
185.5706951158689
185.0386240466808
185.0815132439863
185.3297292578878
185.7349065440349
185.3071247507453
185.2606443529255
185.8887021348779
185.0938261773161
185.1123459704076
185.1198178628599
185.1685827175694
185.1571955541317
185.5773064221253
185.4689458224085
185.0976693879223
185.4593924029411
185.3021489008417
185.3584812670108
186.8926751322827
185.3989136591667
185.3224235757272
186.1399960753077
185.0269489244205
185.0324822503848
185.2028778751579
185.3561421928703
185.5092816729509
185.2885338872051
185.7959061053915
185.3514247583256
185.2562959298592
185.2836155062722
185.3306451735914
185.0075790223324
185.1855328652011
186.1032345612801
185.0688760848567
185.367692205488
185.0331621076401
185.0138167864545
185.276560983994
185.0490365877777
185.0332760991808
185.3760279092162
186.8951607768269
185.4649296057795
185.3939912601865
185.0627986129305
185.3485027909597
185.1922684218933
185.5091680694372
185.3724677149763
185.3549052736439
185.4810345696944
185.0153847755903
185.5976773616892
185.1170160001477
185.100367455522
185.1062624312245
185.0553740944682
185.181999923846
185.3382270257409
185.0705080518577
185.7924117443665
185.7219924050933
185.4331303371106
185.2639088518556
185.0192544762211
185.1450869209836
185.5920519151675
185.030175520847
185.1717581361748
185.4379326198173
185.2108656668986
185.4549306749843
185.041647354225
185.0993054821562
185.0192467503023
185.2605812120308
185.2648533127975
185.2177412978019
185.7078084303897
185.1395930695096
185.915220510021
185.137781259427
185.692770307032
185.2140782546355
185.4842951181002
185.0912715840494
185.0188836603976
185.4461878986843
185.030721936273
185.1412415382869
185.7190420761199
185.7409266657857
185.2215778307625
185.0629100914317
185.222707156131
185.1628640710032
185.7328906039917
185.5287994634494
185.0874831340911
185.7438341731254
185.3245060520463
185.4543102717462
185.0766244515649
185.3977331706019
185.4018297897669
185.66501956306
185.6454829610024
185.4026816372211
185.2762012554507
185.3428694900532
185.2130300167603
185.2596357914627
185.0287051029003
185.8064875410756
185.4332212200785
185.0036837360464
186.2636927276546
185.1257118310005
185.0967987416903
185.5101054761068
185.2931745776216
185.1223293442122
185.3639528810522
185.2232657433642
185.0565396722489
185.0032046006228
185.3565275487145
185.1203974079327
185.1858788083683
185.0614265231632
185.0495308318036
185.5837871912336
185.0507029651206
185.064185766227
185.5057815500018
185.0976099569086
185.1890532448974
185.7368271240431
185.5756302706846
185.1232661542497
185.214838960116
185.0680025701657
185.3499498153936
185.1890841471267
186.6304698334689
185.1539812822766
185.5621427919404
185.1884825338122
185.4163346387714
185.8590684623432
185.4574620904816
185.0882587430401
185.0812203090331
185.1030896022447
185.8103891151708
185.0047985334267
185.0078643906766
185.8018199809686
185.1124399449828
185.1705131514782
186.0062185460653
185.1878434934873
185.7660244913513
185.1886726798721
185.1326647062313
187.5414074059456
185.1887744200295
185.4843425555908
185.2391092701752
185.4395201379986
185.1107168456159
185.2546710065122
185.0560463270627
185.1399511022379
185.1954150149068
185.4855022087199
185.8437606671542
186.1396958592058
185.0026707190768
185.1896034045345
185.6086884291335
185.0212730305718
185.3048807063573
185.0257598767545
185.2607009391124
185.0295376509731
185.6335760014872
185.2455653189084
185.3547933392134
185.3314568538954
185.0503703384839
185.101845595413
185.2838717784778
185.3562467135604
186.1946692264228
185.9363953217648
185.3996040221707
185.0782305866466
185.3631304540808
185.8737657221641
185.1994607172628
185.6172503017139
185.1501368534918
185.2930762327796
185.5411437546283
185.3769953320207
185.0482174336275
185.1049232877384
185.1029222243945
186.0439078603106
185.3231748066904
185.1284786092399
185.2182099221447
185.5503044685731
185.1740879352566
185.1904683384777
185.5530113049546
185.1098622041286
185.2910950898577
185.0130951303591
185.0509347257039
185.2837993451784
185.3571439883019
185.7808208234349
185.0819424798908
185.0362509153332
185.0341691050538
185.1955259793361
185.0753983212433
185.1562909135139
185.1851966404238
185.0510401026225
185.5656255824022
185.8440532689945
185.2535131082653
185.0253875976552
185.2987990980735
185.4495578104825
185.906784683552
185.7422252289815
185.5203560983699
185.0069704559343
185.2196351823334
185.5153597924593
185.9628038724137
185.0967791204389
185.2683537218034
185.5499320212608
185.016630767562
185.1907576240318
185.1903704830275
185.0781763763189
185.0089163883548
185.050578869832
185.0245108671232
185.002482078316
185.096015000642
187.2808328166633
185.4289814330189
185.0112132901262
185.5610537144715
185.0414949896058
185.263499390841
185.4709004796048
185.0831653772764
185.3675776388697
185.9572198013671
185.3087699021313
185.0349622989102
185.4063176512731
185.1913115662994
185.6255606388457
185.1862606405795
185.0188262945877
185.447902612941
185.0261418520827
185.3484890646546
185.1314363217869
185.0471839423658
185.0352858183728
185.5032078447892
187.1473254609169
185.0602891692671
185.0594360333686
185.1376387668247
185.0084764313757
185.0656715506547
185.5188324277694
185.2055460577038
185.1828912076251
185.4128271536915
186.0160561771457
185.1057702856342
185.5025561093213
185.0054735902347
185.1756887529281
185.0666739705403
185.0157098634149
185.0703788042304
185.0873770202352
185.4400198449889
185.0631935767456
185.0616293289926
186.2404360296076
185.0132237649914
185.1191625525344
185.5610383589541
185.144068741504
185.3772110243999
185.4555701506366
185.3339069403319
185.0488436104632
185.3731991918609
185.0812153466288
185.1470950837475
187.1864816930213
185.2037596194265
185.182746676165
185.0632890033665
185.7458558576459
185.3168705509308
185.6545109413144
185.2191480151176
185.1270569821209
185.0614210277848
186.227260833668
186.185263875789
185.0303821701614
185.0819849787447
185.0464124455129
185.1169752155386
185.0574123270141
185.0355177250194
185.0369888276442
185.2134438750856
185.0792255390109
185.0241208573349
185.1502607389227
185.133699880151
185.215872451615
185.1385374903694
185.6831309782354
185.2023853210804
185.1053401493668
185.1574527475282
185.1452537132452
185.0130914443544
185.2520350148891
185.0371241973245
185.2399828653302
185.0184519653002
185.213835586393
185.2649733186892
185.0087569973687
185.0400850783698
185.1940949836864
185.0091730194404
185.0844688252439
186.5896277412454
185.018331894686
185.426651198714
185.0281647500544
185.0261432727408
185.8963051292911
185.1532148674563
185.2010582404093
185.1527795284546
185.0271210284851
185.486526215092
186.1807339499322
185.5196676866047
185.0526736546365
185.0806339534292
185.1546806312655
185.0544235278608
185.2069373274278
185.0630233188788
185.1241024730571
185.8141593377291
185.0184807756952
185.0572766487492
185.7024157596283
185.01099789466
185.0878563176895
185.0741867098328
185.1067593500715
186.3596129040622
185.0466639778157
186.3436757286884
185.1084290759344
185.3831122135315
185.3787971542594
185.3840577644912
185.0727678756118
185.3513823036548
185.3003760697356
186.3729461801493
185.3100519652348
186.0815386924363
185.0894240224553
185.2586374516709
185.1967589972655
185.3839275498628
185.3538203441327
185.4928383691938
185.1732390892698
185.1626988766447
185.4844403073349
185.5565255423117
185.3032948502627
185.0100639711223
185.0003144446057
185.0994279173248
185.1435932951386
185.340928154314
185.1229729974491
185.5301868791397
185.3090846172467
186.0942171580805
185.5168736000273
185.1144017505088
186.5316150993541
185.1028565608576
185.1920549377877
185.0008210765938
185.0624060024523
185.748352307675
185.0921653490859
185.186991564336
185.020827029413
185.0817635803358
185.1026863039145
185.1485347000678
185.3525563419353
185.2514732810147
185.6288605150167
185.0739581476107
185.255138363768
185.03501913936
186.237527352325
185.774211153014
185.015119481452
185.0678218638106
185.0561037175335
185.0371477888294
185.0572771651127
185.4246208396937
185.867420950709
185.2816673607594
185.6678335683941
185.3850682412865
185.0208316457789
185.3631086570148
186.100867444263
185.0953698802747
185.5020652608636
185.3086970239443
185.5227127405177
185.1506386357647
185.4827313700449
185.7202315623479
185.0990440235963
185.0795402931199
185.0747589150506
185.0787938925837
185.2917077935076
185.1536370701378
186.0675486030341
185.1624972061309
185.2682717050285
185.1901643680463
185.7122590465039
185.6078571064831
185.4367802612516
185.1685712436842
185.5139496884169
185.497889518799
185.5298151747283
185.3476731305495
185.9167063375384
185.2613260024924
185.2833128969166
185.1444388217596
185.0982126928687
185.0182453114196
185.4013908748748
185.3458757741817
185.2244687641026
185.0020948930135
185.0115797342283
185.0680234464644
185.1670739198742
185.8314669549745
185.1617683595207
185.8591254841566
185.7897283808484
185.0559788556269
185.0695936908747
185.0444450357989
185.0212152090756
185.0044188976775
185.1278888288292
185.4240184407681
185.2946172095833
185.2694992607814
185.3049443047597
185.8215576846616
185.9121080380068
185.1463627596961
185.5465144620282
185.0781476050592
185.4621112402998
185.244987822245
185.2162408219463
185.006485136101
185.1422026412102
185.2838024115976
185.1442853163698
185.2374567782209
185.7736510967761
185.1630688034834
185.1598774423535
185.5016171148574
185.0673218228147
185.7024358101599
185.1689223866128
185.0718674525094
185.7492822301499
185.1346008763425
185.1263374050068
185.0130601496957
185.0515193598769
185.1917870903065
185.7169779891732
185.0983103739617
185.2969814031094
185.3289340920022
185.7222464896806
185.0017031760196
185.0234258327697
186.7295336078315
185.4399035444951
185.2344105954479
185.1032199492636
186.0520680951782
185.9333076895315
185.1465186671119
185.5670277839611
186.6444572356225
185.1049823551632
185.2217793286233
185.2895768423633
185.3056757424466
185.0296985122542
185.0151130328609
185.3416847330541
185.3445225524017
185.1002895939761
185.0055980719266
185.072791603975
185.6546089935224
185.5785137328642
185.250410589908
186.7641142265767
185.5467294050767
186.2456592193844
185.3877087961676
185.6170232405248
185.2065412396553
185.4095259814826
185.2365240337894
185.2264902212205
185.0312182480161
185.8626124083517
185.4478577421739
185.3675005364936
185.1723887374426
185.1482701634104
185.2555893392589
185.3987641579668
185.2930523493412
186.3621070882035
185.1282213334129
185.5742977386653
185.4874316175301
185.0294528939609
185.6263229905715
185.7067937707678
185.3260750935619
185.4980674833142
185.257537326231
185.143056728016
185.4757026442381
186.1547872604638
185.0146509000358
186.7750362960833
185.0357554673232
185.3274727857415
185.106797670577
185.2063931120969
185.5972680915087
185.7574401979998
185.2353781323482
185.1202847389083
185.5281790306105
185.0409702159779
187.0597510857796
185.1030294963641
185.0690672552373
185.1168420698382
185.9692174969649
185.1828710610144
185.0512536324058
185.2491560045471
185.0765008457479
185.3132057622691
185.2692195812346
185.0785568548486
185.1535524415807
185.5442229408528
185.8702484708063
185.9131442598852
185.2727678292716
185.5758261299306
185.3485140650102
185.0832535879936
186.0448314901549
185.074699992957
185.0498996868341
185.1154605172422
185.0820596365193
185.2185157750885
185.3797106474981
185.4357166032291
185.7518133146098
185.7359134249312
185.8642741611338
185.0342060465273
185.4918001151442
185.1583598041605
186.3634337639974
185.0310730704725
185.5936290640743
185.1023236449246
185.4206161097695
185.0500730847588
185.2365968512633
185.8116918809318
185.8555210738132
185.5191886094703
185.0500814490406
185.128480514467
185.9997298697147
185.3039563551765
185.1457041621141
185.9274350304605
185.3618271447416
185.0258010509364
185.7899506877619
185.6181957639874
185.0545547641395
186.349966374466
185.2064142884671
185.1599781528826
185.0985311048871
185.3041544233676
185.3560998997916
185.0583716792927
185.129113188419
185.0445039173428
185.0824572863596
185.1574130072216
185.2123396730743
185.0886457742943
185.0195579904427
185.7048860357109
185.2378032543433
185.1102585447224
185.053827608324
185.1373162760145
185.221784239448
185.1685694808136
185.1801370913292
185.5302958890385
185.2133125883564
185.4726296153954
185.0730949289793
185.1206271059116
185.0036325088025
185.2234747075136
185.3473040102214
185.2739284412604
185.0239155806474
185.0538613867673
185.3898771055771
185.28186742355
185.2390256950327
185.4573721851557
186.3240179674135
185.0571265429298
185.2575084125135
185.1177180222823
185.475141425557
185.15373857615
185.5985154511922
185.6787493958302
185.6691369968396
185.2699991636611
185.3451553513642
185.2144698204984
185.3690682239834
185.0817952857582
186.0667862289002
185.038871636741
185.0870566359158
185.2087986155025
185.0441140326158
185.1568728926521
185.0289624455785
185.6624398469531
185.1015595880932
185.1045032967646
185.0864165447401
185.5373975495129
185.0807365615101
185.6229633195629
185.0299236127998
185.0100574116224
185.5454587511015
185.0988136581924
185.0001337626131
185.0924133947965
185.5648597633473
185.5548533305254
185.9558689924108
185.1268370106781
185.1977673515066
185.1295071083522
185.0526057651362
185.1543514997291
185.2011543611933
185.1164713530013
185.0517467858456
185.0870101465005
185.1860133990228
185.3186141639461
185.0700188432271
186.3644184458286
185.2555874654327
185.0076134862041
185.164828985039
185.0971594143486
185.1138299570469
185.4342430719597
186.0711937938226
185.1051158647387
186.0218443012216
185.2370825981887
185.042967904504
186.0319669800294
185.4348856471653
185.0398376633234
185.228359925251
185.5119813878078
185.1018907976275
185.1774845146241
185.2490655291274
185.1254706060377
185.0569056867888
185.337661207882
185.4264797683566
185.0879458875037
185.1305397898752
185.3208998323837
185.3864740772989
185.0049996564308
185.1891724834794
185.0789180896188
185.2881643125214
185.2933464144335
185.1106022378855
185.2880240971434
185.290398033224
185.0764962706505
186.6363524396117
186.0312427946118
185.401840998638
185.0604815840186
185.0420602777978
185.7911880784301
185.0339924332209
185.4287170979405
185.5155094023688
185.5807009725804
185.4719631223756
185.5945412792255
185.8528242839807
185.1120746127624
185.1621338096149
185.7818326655961
185.369398754958
185.3216188592722
185.6168290277369
185.2803321009902
185.1719472782287
185.2621897748895
185.1458348840721
185.4833826301293
185.2867602698634
185.4880005634855
185.1238044994983
185.6013644332714
185.0904576194778
186.5161495933579
185.0641762570511
185.2770378965579
185.2053090405747
185.2457003895581
185.6087152713381
185.1568351436243
185.51294280163
185.2585921549076
185.1232566208041
185.4797562132919
185.0056229316891
185.0896605739051
185.0000709981501
186.2138490413797
185.9689229325702
185.2007605992931
185.1484546268395
186.0615093782529
185.3828412241946
185.0834514526186
185.8706789312628
186.2439789766294
185.177542776595
185.4913254060803
185.4810057846265
185.0199900721296
185.0512068627095
185.6932036762754
185.0550801936808
185.1516197738627
185.0345791677403
185.0897811263827
185.0294135860607
185.0872539960302
185.0550500118109
185.5532587517257
185.18123907474
185.0183251417814
185.1167050355786
185.6539776811063
185.0325721001813
185.3414890557666
185.3558322387144
185.1164726757718
185.1688589368871
185.2651266543262
186.532938806324
185.0373817915442
185.2199301746526
185.586617545988
185.0272048585073
185.0532958929499
185.4553459673216
185.6343932650901
185.6900624142418
185.6552910881757
185.0396399366786
185.125741353063
185.8743807381802
185.7138404153687
185.100017108011
185.1717808896167
185.4912031550617
185.2303276996186
185.0131045091954
185.6075702317848
185.5207158092234
185.0183094207541
185.2541601673166
185.721944610034
185.1078911849178
185.6448571778932
185.3329916673867
185.2961905177744
185.0129179591562
185.3428499384467
185.0822142993633
186.5921568334193
185.1114877485934
185.077391573982
185.3641526206353
185.8478783046705
185.1336008575483
185.0716568680704
185.372736701691
185.3950339240288
185.034121812581
185.1397963751071
185.9524085253958
185.0602880173626
185.7037029376242
186.0737930817562
185.1891892574728
185.1643901972487
185.4572547390676
185.5086533208095
185.1722590937387
185.0110768407927
185.2430992940548
185.6556300594399
185.7914031718244
185.2250068198308
185.2090663367824
185.2338830099857
186.2053220884593
185.1521803479088
185.1677597968049
185.0363089371064
185.2323860093219
185.0117488192112
185.0018718400316
185.0833488248479
185.3464168879277
185.5575510588837
185.376517034179
185.1091408553373
185.1972324432171
186.7774821026402
185.3873388073505
185.0723989958082
185.1289749617542
185.6896499313594
185.3969159937744
185.4703011033469
185.2718916932407
185.6694950953169
185.0920563837064
185.2569995707242
185.3861324041353
185.0322715641515
185.1746863324068
185.0962012593119
185.8826442295084
185.0955790543332
185.8373672735599
185.1861681298186
185.2988708875287
185.0003319788907
185.0235034219106
185.2132212188098
185.2160351827463
185.0101148207856
185.2141106632838
185.3936256780142
185.6169896240513
185.3068390691745
185.0011684863757
185.3894555387304
185.2116176931483
185.643605853815
185.6341530164635
185.2980514078135
185.3172412562123
185.3401071250122
185.1041142013117
185.0499493857834
185.8669297356329
185.4416523182439
185.0228149687162
185.0368807089929
185.0120777978076
185.0099564858514
185.0211141711244
185.130735155125
185.1358175124009
185.1517823883844
185.1380277536236
185.0030400109433
185.3224582698844
185.351219384006
185.6128201274909
185.1796477765507
185.8905264399361
185.0397736734709
185.6093430922546
185.0622583404946
185.1966296320801
185.1441072716008
185.2337998510075
185.071402230423
185.1693383822501
185.2724654282447
185.3846917311743
185.2657739265573
185.0749959928377
185.1185063987755
185.2732680239061
185.3651077958972
185.3490078786982
185.2627419413722
185.305080783701
185.7661672258383
185.4184717999925
185.0907026004893
185.0873390979543
185.3644918826983
185.1114075757165
185.2851585758775
185.1245273656501
185.1910171791062
185.0908440844092
185.0149898713102
185.4570963092032
185.3334381519279
185.2252966473584
185.8611441608962
186.4202955840467
185.1584184303063
185.658504779214
185.2485475205497
185.1398439327355
185.4359026178915
185.157018366477
185.194240729927
185.8411167924746
185.12315871685
185.0241059268694
185.2329952121408
186.0918665017625
185.0191138450841
185.2676318996204
185.6482635481969
185.2055057422779
185.662853715071
185.1734073180956
185.4569375167215
186.3787279404618
185.4227147459016
185.000247394444
185.0137930110364
185.1985324274578
185.3879256497805
185.2465706161767
185.1800279700487
185.1493017502069
185.2507115406223
186.1096395335063
185.4620137492264
185.850354045941
185.3572384665222
186.5935998942173
185.6002814413381
185.2344695679721
185.2289434785965
187.1616816593283
185.1684064959719
185.8904458994112
185.1049486232435
185.3799671708336
185.0622204135257
185.153322488292
185.0603707635763
185.0687268969138
185.2848916354177
185.4466364937299
185.1404222897813
185.3614438170417
185.2828097019286
185.374299908284
185.5400631528786
185.2855958586142
185.1262241972901
185.0262246314695
185.1677638911096
185.5381268322464
185.3231840662263
185.1946941889248
185.3705044790821
185.0531864384114
185.0140575815683
185.1913699364246
185.2473136928644
185.6570578406335
185.2289884364006
185.0464698953142
185.032535424758
185.056951971564
185.4845090437879
185.3484976618686
185.0628598269547
186.5086524417451
185.041523753601
185.1645586011747
185.5935513051838
185.0969512128549
185.163049730221
185.9695471382727
185.786591574269
185.5248713630771
185.7041869669046
185.0964166163043
185.0012018516548
185.5514417110916
186.4375296667657
186.1821794083495
185.6783159047387
185.1678715709401
185.3001850167312
185.9922514856058
185.5225442736918
185.0430717709652
185.1823762887357
185.1145039230036
185.1451893746443
185.4377759177747
185.03319043934
185.2059099045667
185.1348105120805
185.1610110065513
185.1375333911712
185.024418874468
185.351230994228
186.8875262815985
185.1688095061589
185.1615303100397
185.0987514179814
185.6238594643109
185.0229032441825
185.1297899424509
185.1945999120544
185.5599030250034
185.2209997973
185.0469017925537
186.0646722386794
185.2262684580444
185.5020544707859
185.0692080434534
185.0842024781948
185.1150412579854
185.0612845932676
185.4990887097668
185.209905738542
185.6604371556784
185.2069465126703
185.1756750342865
185.9925885277174
185.262768234842
185.2433275107279
185.2216843922806
185.0960942445136
185.2096537022654
185.2441874391613
185.0440654710317
186.2599295949676
185.1779919006791
185.5081859301439
185.899284029203
185.6175494561167
185.2421195550095
185.1465341552918
185.5214957122037
185.0202599779739
185.105140464603
185.1707180366058
186.3919102198371
185.0364151373
185.1943466923186
185.1116204142042
185.0259796577103
185.1144756070443
185.0101499265215
185.0311458402354
185.0401488185045
185.4028692127789
185.443615456981
185.0447878034431
185.1488276320686
185.3108077642877
185.3801960879456
185.047775733654
185.0283976108941
185.4903378329639
185.0964713368026
185.1477874112845
185.2397186699384
185.3636401798408
185.5585097212813
185.2068009297277
185.1364139342371
185.2609209593126
185.0282455198395
185.5067430843003
185.7178105575657
186.0980521909369
185.0149305633875
185.0831055438486
185.0692349116888
185.0438601545349
185.197385300008
185.6151438776015
185.7138685678597
185.3715724603018
185.0528045540007
186.9932833119206
185.8784606730929
185.2263663287174
185.0450781859993
185.2784969437818
185.1561825714962
185.4352430969535
185.0728189657852
185.2693420983312
185.6392057176662
185.7616129833602
185.1604990019304
185.2198965931715
185.7323472851092
185.0219301466101
185.020637439427
185.0563492198973
185.5630601870184
185.2422505209812
185.1103371453324
185.3130928780315
185.0780523022658
185.1705055732258
185.1259342637521
185.0953687355375
185.7472605766752
186.4617594456949
185.9619402331904
185.2077022339765
185.454729526833
186.029545118713
185.0433190566639
185.1810132148798
185.3601165700299
185.0397446656746
185.2052220881657
185.0669041074543
185.1805398441352
185.0772093031156
185.8656135252594
185.403891706636
185.2048302414649
185.2082398227318
185.0156330907531
185.601309584414
185.0558857579733
185.0102814042627
185.5716584794046
185.1578349797836
186.1178542697894
185.8990218034145
185.0111784939103
185.0707242635499
185.3968346157334
185.1811035881011
186.0017096794044
185.1096176009266
185.0485664538892
185.3988343607194
185.0113129786762
185.1497383733927
185.2486543801152
185.804590445492
185.107141968865
185.9951470103756
185.0271647408454
185.3052984636529
185.7669958430882
185.390573939464
185.4668018042137
185.1764107656044
185.398326381569
185.2979834907237
185.0158529976189
185.0517940473621
185.2462233360766
185.3827983233808
185.0669233772495
185.7845834765597
185.7046304304733
185.5521583722641
185.1150428577369
185.7161065184658
185.0893360863344
185.0249080640588
185.6020569164089
185.3171095904762
185.1407642128696
185.0278120149261
185.0688078633468
185.2779173920946
185.5477280794789
185.6562909359218
185.2317993440139
185.0781850115405
185.1051951647213
185.0586210397437
185.119446923326
185.0014412124678
185.2822478240891
185.1105130362234
185.2025846468132
185.6360715576726
185.2226693721305
185.2485628609925
185.2983442719118
185.6430598530299
185.1924019599801
185.492006657082
185.1013662482462
185.1752955093826
185.2278815959411
185.2191623193101
185.5044919283266
185.2756314789834
185.0330419791858
185.3624764790243
185.1373921978611
185.2423850778069
185.263984522682
185.2659958969979
185.2262263468933
185.28458043208
185.4316992884387
185.070378709254
185.0045146551039
185.0143912305188
185.1857236690643
185.2825648399947
185.0035981062312
185.0479835439808
185.2945939919319
185.3532710369856
185.0476445773593
185.0265586101043
185.089295108895
185.5828671036884
185.0483012130626
185.1296345888394
185.0376745321135
186.1328985192093
185.5890927269276
185.1401881299604
185.021207443157
185.4093715365319
185.1654308806861
185.1588410035522
185.1878915708756
185.7868676867908
185.32847807071
185.2158467020744
185.6483688929059
185.6615127012103
185.5366740615432
185.4798382814745
185.1804877059232
185.5612374235691
185.1438618620227
185.5627854337634
185.5766428169456
185.1379991494257
185.0254161610514
185.1067373264902
185.278545874778
185.0305417910652
185.2732172345572
185.4215029065536
185.2375073593979
185.2184129987546
185.2227065449102
185.1160733562496
185.5517679943054
185.2308250380561
185.3122677370272
185.1067003913778
185.1072674088881
185.8500703757244
185.1276690474772
185.3112372226394
185.3246175221741
185.3216925036075
185.3548437047254
185.6566190119309
185.1462513064454
185.7208185358872
185.1257146965868
185.2548935337132
185.0119909832712
186.1158129695404
185.2961431475674
185.1080487559161
185.1608435785054
185.1603583686509
185.431338506019
185.4179418939393
185.7980953951655
185.3521774174317
185.4484535206602
185.1341782738849
185.1242888786926
185.5090273063142
185.9809702161126
185.6539656725474
185.0288458063081
185.3346115481436
185.7774570454386
185.2114597695037
185.0889454295586
185.8696322712329
185.3364547338434
185.343332049682
185.2756867581967
185.1188140874547
185.124970251591
185.086258142696
185.3672837180576
185.0789090132314
185.0734311734094
185.1672416548527
185.1086385164092
185.1148927108885
185.0679253722855
185.3960075479438
185.5658506824294
185.1102041330044
185.4519589404774
185.0989731207375
185.4574719484941
185.1689841035799
185.794829616812
185.3520061693283
185.1400812958479
185.0070058155376
185.3964159592529
185.0170602634517
185.2982327821633
185.0282725448613
185.3754492308011
185.1988725516469
185.6227348788505
185.2619776946031
185.0172757204955
185.0024115692226
185.1355854427214
185.8568249838329
185.0948907058458
185.0442785447466
185.0374268488415
185.486847659502
185.2341475932294
185.1733875712735
185.2156310792705
185.2291986152393
185.2613360347939
185.278129050679
186.0463474540175
185.1689086731438
185.5237804193512
185.0125636623976
185.4130192161478
185.4725413394783
185.2193001875667
185.4080890479041
185.0247445177935
185.1215935457109
186.6779849448051
185.4074807146789
186.0723847486667
185.0164382481491
185.5574502489093
185.0048170958941
185.0040022914105
185.2324653667676
185.2656813089628
185.4786072479598
185.9142203645134
185.0441369272019
185.2306971676397
185.3271007125109
185.1147147563452
185.1880198999822
185.1772182091182
185.5306063383339
185.2401792614913
185.0735326067491
185.0246555987396
185.2312598498664
185.0170206421328
185.8222701283089
185.1332912525917
185.278490988898
185.3530981463
185.5130189370193
185.2262074834237
185.1112075406593
185.0366439384445
185.0395306500796
185.4559262739329
185.4668620544024
185.1775426071434
185.1930250527868
185.0491150596481
185.2008652765258
185.3953102771453
185.1930322354457
185.0491075998844
185.2032683751195
185.0338084176174
185.3591551973792
185.4488331927661
185.3624611439614
185.0314908976928
185.2010550608133
185.0620572023147
185.1836982391371
185.7864549743616
185.7358559766289
185.0233778496046
185.1521675671806
186.0282615107852
185.5485975080913
185.5907947921432
185.311628597927
185.1524830238666
185.0945460745423
185.0431117914648
185.1390842527004
185.2817386856165
185.1920363557409
185.0781602612344
185.7932886342835
185.5056460974517
185.4563443638922
185.348659330187
185.1073696007391
186.055184405295
185.5168934479864
185.6287163657421
185.2322960324724
185.1512136837595
185.0977756987997
186.8300098244784
185.258726643106
185.9580659043201
185.196885867443
185.0534675485373
185.0256206580812
185.206745339491
185.1215748786123
185.0152569819338
185.2399721390229
185.319207340899
185.4144128818992
185.1858282399347
185.0862834199186
185.004067031725
185.0108118101805
185.8458864147603
185.2286033541446
185.3741199040353
185.052121781836
185.0866498669546
185.0724209405128
185.1122730432891
186.6209645387885
185.1511031033567
185.0216743349632
185.7711383467997
185.7378088203925
185.0509638760282
185.1755373624169
185.1271237094539
185.3174660627248
185.0760109047816
185.0728606045522
185.0113853579114
185.1092833033773
185.1089195397194
185.4601747034301
185.206953167196
185.3097008176388
185.287319520196
185.1431489349205
185.1283850813591
185.1815508460185
185.1647321968661
185.5732459004543
185.507722409223
185.8326772511246
186.7881698754949
185.2161125049692
185.7598497839709
185.0350481969633
185.5002567484758
185.2570582983456
186.3895870281727
186.3611262468568
185.3940593518057
185.0416879090191
185.2251500525907
185.4300144301106
185.2462575257242
185.6808136056102
185.0337002824126
185.0123419607059
185.0051068664594
186.7846273634309
185.2383556706941
185.5118297619428
185.2220895404816
185.2335881410942
185.2200802495058
185.6541393169125
185.1381537171747
185.3018214863281
185.0927493210912
185.1493707738472
185.0001879215889
185.2446342594333
185.3011856389773
185.2643160761968
185.0001030208339
185.1064952531119
185.5233790175319
185.2523621538009
185.6127827939213
185.4457924416439
185.1694299465553
185.7531042585467
185.0803721057004
185.1270759686692
185.1816685291031
185.1839788972393
185.1407672193824
185.1284266476674
185.6443267789576
185.2447203253388
185.1237264151857
185.4079535294232
185.331239588046
185.3772560733964
185.020786073464
185.185575895551
185.2649384794855
185.2311099124191
185.3279488829102
185.1969808564955
185.1933306532562
185.2320835625178
185.3417986064846
186.1656393524077
185.0409078119113
185.1734539660381
185.4531427660675
185.4500988880594
185.010053926178
185.8149771750825
185.641261231394
185.2065778600735
185.0005491610444
185.5763490404363
185.2944284119215
185.4270936118234
185.4044317212415
185.1347525690433
185.1634836418769
185.3547214945139
185.1204388525431
186.4853757271598
185.3658360082409
185.4155162830346
185.1119761246862
185.0000561614096
185.4292260172893
185.0203625225321
185.0047930847537
185.0017714398647
185.0512835798116
185.3104734240528
185.1196639066644
185.4873023716699
185.0001437864989
185.080997249876
185.4303652682962
185.187100205595
185.0916393273667
185.2200972238075
185.1488994948687
185.2009505086011
185.3972482874503
185.4960080370075
185.2171048722205
185.0770624118581
185.4491045327385
185.1921578889039
185.0834697177191
185.5094114515861
185.1818253329478
186.0663125060968
185.091059409702
185.1075044214193
185.17727527908
185.5919935525453
185.1096552429553
185.5456944061544
185.2707824812709
185.2022258503301
185.0505489299589
185.2036218831009
185.3282319556326
185.8806597208707
185.1368729838669
185.1045855468658
185.1172249806589
185.0341775779464
186.0286279819653
185.485533583145
185.0105127625397
185.3272464249499
185.7673627547767
185.2252469706316
185.0400697658206
185.2853472448998
185.2817220312226
185.5085848243249
185.1998931500898
185.099454051175
185.1353980653265
185.2936575518808
185.4216595458345
185.6161946529024
185.0744146524877
185.4103601918651
185.6345277095156
185.746059844301
185.0041168305083
185.0270613944319
185.3656718078287
185.1457975515814
185.1148264108513
185.272911671707
185.089670320554
185.0319079702212
185.0950578083757
185.1617645268754
186.4850446955896
186.012449765325
185.1233818882914
185.8164976757545
185.1492431526561
185.9675016481969
185.210390286845
185.0842312936635
185.1647877331519
185.2910936642741
185.1103709863089
185.1497018385057
185.0120621942621
185.1804803519087
185.7420193391335
185.0941917439946
185.073848253269
185.120005009045
185.6922609054304
185.4074516824103
185.5077445111457
185.1090024621273
185.2294712493521
186.0879541362843
185.1728654553279
185.149273654734
185.3499029431825
185.1678462774496
185.5902702922201
185.457476755576
185.7303300805144
185.0897258103313
185.0102396288593
185.280272194874
185.6424589118391
185.2559077659336
185.2343401138613
185.435997908907
185.3789657932254
185.2430134614332
185.9492311022504
185.0194189296781
185.8869469946995
185.5202768622392
185.0277443726384
185.5632441928699
185.2716845557713
185.4494163245374
185.25394228857
185.0139029920658
185.2258373760666
185.1521293461094
185.2321461993351
185.0646385087017
185.0956444113472
185.2768987088103
185.2874901379587
185.0182914298377
185.1609442385077
186.7183047811381
185.9262449155894
185.0473435075689
185.2007225588019
185.1142508985716
185.2911397073552
185.0348048301976
185.9715259839417
185.4411137903398
185.5957523053241
185.5427856740691
185.5341197443962
185.3097332489946
185.190960558045
185.0776924685961
