70.65228615570372
70.30681168495649
70.25985368838428
70.63585950331706
70.53335131518284
70.7301188691787
70.86104807144135
70.1000032017191
70.10042105191204
70.5814502471207
72.57670787153332
71.04413576533875
70.4184484328253
70.91176016486746
70.74786607996457
70.51176949660457
70.63728268906145
70.47023086711323
70.52277154806688
71.06964555881596
70.87699875400692
70.41280874930497
70.56221074814607
70.59520640005145
72.33262240428492
71.15611105143756
70.57562626569602
70.6482624210666
70.23217352675923
70.20283671144205
70.7701850126837
72.06978249475152
70.570323021324
71.36773235130883
70.65919835284191
70.31559248411068
70.34405049497475
70.60216836991711
70.10200281000907
71.10546065556363
70.12780902823384
70.46030862732843
71.15784919419495
70.50941998833255
71.3021327708426
70.26935630701686
71.39008113340009
70.31317937170606
72.34795039978522
70.43014257814966
70.4625730755684
70.63476389444455
71.37377788045491
71.45303800341635
70.62686046025529
70.79523523085695
70.50864031507439
70.19554429660768
71.03877217794735
70.88835583522625
70.25484432537765
70.19402659959822
70.81497723366799
70.57456947858006
71.68223267884466
71.79441865649375
71.05908520868996
71.94453001741984
70.71468645380672
70.73882447290674
70.88968416439715
70.42077717791214
70.36442671124178
70.47397581127396
71.0143732969156
71.63008774046213
70.81371839347969
70.6228423610523
70.37900307870129
71.27107630061941
71.11542297679244
70.34994265018457
70.54197371330422
71.46227127323387
70.76839229409424
71.19977803664487
70.29049698552338
70.67586136177445
71.13182169161054
70.96279035043412
71.09322792847834
71.05451787711081
70.90335941267736
71.11198512415089
72.85993268331144
70.54269199335873
70.46016009706784
70.53229653282747
71.3441193294842
70.61785090307121
70.84879960860522
70.43565589463779
70.37642823999849
70.42976001093167
70.4279675477385
71.32982738299191
70.79714071410456
71.00434708829012
72.06677636741209
70.94183319084175
70.1954381931239
70.81392914698203
71.02603128543056
71.01532852565524
71.05718209393024
71.26519418683677
71.00433280529236
70.25181296838161
70.58499348328114
71.61832704509818
71.83824145730429
70.2508796588102
72.51825017562369
70.4282285932429
70.96075629605102
70.05031432064838
70.65712584547603
70.2595516559353
70.45837125989677
71.14350790943631
70.59961186435093
71.22689889790475
70.94493060196494
70.1395132352711
70.40267679927507
70.90270156926657
72.26976355336166
70.6684417975008
71.55351605139657
71.21364887181267
72.39736105782266
70.77568261411825
71.84122039251093
70.42808049065606
70.504691370143
73.1212346391777
71.4869678939716
71.06805021108491
73.23817617484885
70.82754272547076
70.90045839670668
71.05489906305
70.3583681558103
70.78140180575606
70.32601465872045
70.14446234419478
70.32522122159506
70.53346022269098
70.45323039920977
71.32086071376533
70.1665815425886
71.37186576686729
71.08864665071458
70.38226172184548
71.55540105919741
70.48334360985253
70.39654880633714
70.3943544540494
70.56594560763568
71.07774959963294
70.45461588821706
70.42920207291567
70.58448850279044
70.83606882988316
73.01451814004025
71.16290880618308
71.17537839044958
70.47478775781342
70.39611065761768
70.37442200405076
70.55288623027167
71.04764376540071
70.3351069854283
70.94759324137107
70.32576170745587
70.73273659582031
70.71488449170377
70.25116351893304
71.04856413995316
70.21422574604433
70.08505547982189
73.22031799205416
70.72663692220623
70.69854313831937
71.15421702848545
70.1149616248571
70.82755252547253
70.19465576955233
71.24210973501243
71.40755490425889
70.35081452349817
71.29214622658378
70.3176736554531
70.45512282736047
71.08756411066116
72.14850782086542
72.79258582900373
70.14521894983653
70.20217739079476
70.3932390812794
70.76205989711754
70.82620117096471
70.57713933700255
71.0027079910669
70.45960212857932
71.02628262795795
72.31772636220427
71.74986573443503
70.3623423876883
70.40062007801241
70.7242037488932
70.14614730723474
70.57178013303333
71.04091577471738
70.65582415073362
70.7843633642161
70.49221151172485
70.33093677470467
70.72625922523974
70.55877410594967
70.57429873372688
70.76385449093486
71.4869978750186
70.25846008217347
70.63367645405985
70.37990936266392
70.75955621636491
70.2409131868537
71.5574585247687
70.91036151564748
70.78881440946908
71.10785280687757
70.39551584793762
70.55625808043446
72.33648193222682
70.46545501369049
72.36743263044325
71.5453418693297
70.7429191953771
70.7096520686371
70.7918837926807
71.97042241125173
71.26088193186166
70.15164539589185
70.71161854728567
70.59682102133256
70.27381445679909
71.10498393566971
71.10243635982313
70.88218230204431
70.58591939850159
70.12720677398512
70.35175380193458
70.52382469486332
70.15505269603828
70.8943672353518
71.14107393681181
71.35531427438235
70.86392845471681
70.43465720592795
71.59670049067077
70.34690582533273
71.31483405119552
70.40417431784408
70.89497732070703
70.2947132475796
72.04942097335842
70.74648473053546
71.35269217964436
70.32217489581171
70.32794666487833
70.91778503822817
70.42498904000955
70.77740809635416
70.56991833108297
70.4115859984967
71.25130509388303
70.66259277777215
70.6117937742773
70.21888947531751
71.00377522713642
70.53871103623386
71.26476882109999
71.68111143016736
73.46192142264644
72.69359479137134
71.13190490813253
70.34297789174691
70.66785203041265
72.77779706877566
72.25188272329808
70.85639306305963
70.49367085523544
70.6968244794695
71.31982321330464
70.31065109675873
71.40479404621115
70.36202259744312
70.46018968225705
70.17725803229806
71.18366096206132
71.26772555688633
70.48331949923589
70.17927615876697
72.34946479415406
70.94427458526692
70.49103949372935
70.71151148591467
70.81507304010088
70.589171077818
71.1050701675685
70.38719654107751
71.39491558161201
70.24872063388813
70.4198994761988
70.30895350248986
70.17969123977555
70.19633064158398
71.18173919027184
71.63095975938455
70.22239650417283
72.10621565523181
70.45307829626476
70.40503637208533
70.46913462623786
71.41754363819673
71.04651638132285
71.39873288243477
70.60755115050925
72.4168196020972
70.50580344660553
71.46942391341683
70.57598475752086
70.87612200690515
70.2031707521474
70.16855446844065
70.56657738375154
71.40354761702248
70.79694989476761
70.42236872602297
71.01604440215749
70.20737673658184
70.88284478308736
70.50553190407426
70.34711158313092
70.79969572581321
70.91711452112146
71.04524950430137
70.44050829416106
70.7126953186269
70.71728930947836
70.25603083380942
71.446284947567
70.42551088502611
71.5912151721262
70.3955496879002
70.16707664747061
70.38342211556942
71.22395114896587
70.39569289398082
70.71058471466435
70.32515411164627
70.99884884830696
70.1855288231144
70.36195476699837
70.47279294878064
71.09348522332738
70.47570778294146
72.00532610257034
70.41840358741857
70.71538205307372
70.78947883621652
71.55505296069069
70.74575117166094
70.7240082219954
70.68375996275589
71.41393770000622
70.35748655566104
70.56899845731026
71.71734621233672
70.45383094506953
71.07918092888242
71.27107285932608
70.16902076294123
70.38403096563857
71.65901175042923
70.62286995710079
71.28516353177453
71.20132574621564
70.10223423110085
70.48224638433263
72.13680355363906
70.86965763299395
71.01855580164052
70.72264613650651
71.09812593110424
73.44902323069549
71.22888112362776
70.99379711586954
71.07210929579794
72.15294381924645
71.63311365017319
72.04439464032367
70.4090126300834
71.42855439287035
70.48508115314608
70.97682270189708
72.19103308295216
70.89605195336455
70.0402938030424
71.13418105572183
72.0346930153221
70.19062431957003
70.33159355429288
70.56956652055213
70.5607796614097
70.4967753525891
72.25661308788321
70.50299795528636
70.5936518945769
70.21174463095694
71.01074527246548
71.24825011594311
70.26579758242087
70.83025747388771
70.23915145691436
71.47888736940949
70.22306181212484
70.5416588558798
71.26121630905592
71.53229782343175
70.29911982991521
71.14612717741034
70.65943931918937
70.64984910423753
70.33490800579636
71.19767849455972
70.67815701979596
71.01288441042098
70.22321211818324
70.39928054683362
70.63932094546597
71.18731430083808
70.99548443943381
70.61104362353531
70.48910013350893
70.72866052831894
71.42199031031174
70.31316054624024
70.63190501341819
70.70398763229736
70.64174742474405
72.68886407290364
71.83045679613019
70.52467811842378
70.44078948209892
70.24702832592845
70.47764424887609
70.49002613538613
70.77720148367476
70.69236024687109
71.26253137060026
71.38046440275268
70.34900033015329
71.67023091196486
70.48662603897074
70.16166668509717
70.97424556152178
70.06888936280835
70.75058183576515
70.31237531870728
71.76209291547782
70.81214177279008
72.13216861354408
70.23559618152444
70.51144759191357
71.46650793249243
70.08018745980834
70.65599658971627
70.62338403590442
70.1406846188706
71.03095907074831
70.28665792188858
70.1133577711801
70.26240616734323
70.79042617384144
70.61103987824029
70.58883230789485
70.59977777169898
71.00734872710319
70.67130021782165
71.43560473487852
70.34527089096817
70.30353787873301
70.33039995435786
70.2155160504625
70.97943863053516
70.32649220967568
70.41366526360105
70.66009012696998
70.55608726712742
70.69108543863574
73.6989604953201
72.26178301054146
71.13677258757018
70.71236335788014
70.10953770933627
71.4022931382642
70.6216675528144
73.24466132299382
72.18696466669637
70.62435349636269
70.62690924310253
70.68115818561314
70.29794099374554
71.269027428096
70.66531552853387
70.1826518755513
71.15734993494847
71.0435566477401
71.10430069753612
70.33489033553553
71.01435853355517
70.84554891869905
70.51412685111302
71.0573173333636
70.37697717386824
70.58312659641828
70.59160251070618
70.32157001898929
70.39525589122385
70.24220914607763
70.4151951243719
70.59520258437914
70.42151950275392
70.11146198619741
71.19406830723872
70.32280000569392
70.67068840083022
70.3073708281156
70.53344108338867
70.11307009888198
70.43705649123741
70.36850632308575
71.07847768597634
70.56508425650011
70.28175415988935
70.56031355048877
72.07837653474445
71.08634352870705
70.63219054799679
72.43808890462132
70.47339785156888
70.37042116276655
70.36169798697544
71.13117462839118
70.67481931568535
70.63391227131619
70.53765226535972
70.34026934924725
71.43297626215775
71.00147296505106
70.63894577966794
70.1574733181597
70.45696168091698
70.48904234267339
71.44071556283389
70.7260202051628
70.9634616098422
70.2665317016231
70.33591190649166
70.22284346230673
71.10089100099952
70.95817618940752
70.5083906801691
72.9405380832573
70.63088662797882
71.05962351690941
72.7738204617304
70.4669868147362
70.33853549046665
70.31516282854405
73.00321078572664
70.43266804639269
71.21972806664346
71.06656719571743
70.32181969041275
70.40859565024991
70.41866947542472
71.27919856790976
70.23644257981428
70.59964783885462
70.38329622247375
70.9702388872572
70.55384045565141
70.40895717177452
70.12678150913577
70.55999028958263
70.25784006927884
70.45052544387087
70.6722043078388
73.32480925462589
70.59218239328092
70.32692222503233
70.89472894498572
71.21131679498419
70.45961871827713
70.3153785022778
70.91425800413808
70.8060835002783
70.46009578180495
70.97408186898168
70.20608101509328
71.00101325226471
70.73039122380357
70.3975886075926
70.41517411479495
70.12960374527611
71.52663440536966
70.3891194990433
73.0473818691793
70.20667735243659
70.76365905629095
70.34709013045932
70.95713006272629
70.46571655344921
70.25715153365863
70.37619007643838
70.14981780976912
70.59226456080239
70.89353048793409
70.58143615224864
71.23109937776746
70.57498930027901
70.48952424738198
70.68885814845412
70.64790094939261
71.10664831111785
70.97450476742848
70.96768745898828
71.30037931535459
71.13047431481202
70.61696703444251
70.08379196376683
70.71818863732346
70.083499118996
70.61887635769953
71.26963498374603
70.57659802469452
71.10915711365062
70.35896759944143
71.41858068955248
70.14433775144046
72.11820252922091
70.33238973859915
70.82575050204319
70.83514364936669
70.62516853261981
71.18137859417304
70.7413093875697
71.3149302452346
70.28836001334471
71.08297618749778
72.40202685604507
71.03450755972955
71.0940973117865
71.22562475269771
71.39573688370518
70.55836660654133
70.23944070872398
70.62890546896969
70.60670305564535
70.39439357475739
70.84268992296705
70.39138124802636
71.31077535689886
70.2309593765548
71.6629683083361
70.4142295485239
70.3141358799955
70.47859149404285
70.54907109719699
70.40686360331624
71.3368702880168
71.20981142011065
71.27493907217219
71.2524534167312
70.22456036194608
71.02771581128263
70.881971486618
71.22990523213363
71.21494472330633
70.24988607486999
71.19485893142479
70.2347893306571
70.41670725991362
71.33979145980018
72.4096271501607
70.4489779932903
70.13451903799994
70.6958558026987
70.98933058505717
70.47042998305416
71.56233912671033
71.13954802556187
70.24216751356393
70.89814692323662
70.96088302797136
71.55200652634636
70.5181508617867
71.1269150497971
71.03524381652186
71.26438365710928
70.2555836393751
72.29405747116623
70.65297157727588
71.81470386639691
71.38686310514902
71.97753328836573
70.44262753314374
70.7545170602769
70.53104519764115
70.50741767887403
70.59035092234643
70.7998036423315
71.08279349694668
70.26138497509328
70.54573839385662
70.68505098413051
70.25380390522434
71.03904604606396
70.86201676244126
72.01146642864636
70.50433190193374
70.30484229401475
70.64587108516433
70.46682744342883
70.3229636430222
70.72903829439032
71.28310488376627
70.78676526402755
70.43507844169798
71.53760697778324
70.27463413960965
71.73564080663448
70.62800343589609
70.39251105897758
72.78517773269152
70.4162630890686
70.78624168182691
70.74946645552124
71.10762116094418
70.6405292574876
70.75775295431244
70.63568133783595
70.53912461841301
70.04952172407339
71.13985930886088
70.26775703636093
70.2596380156884
71.05187211840824
70.42656325920436
70.295108894603
70.14410016853442
70.67577134735286
70.9998199137021
70.50741300772697
70.48867982250147
72.63928954705948
70.1292798897178
70.49774149095755
70.68165929384291
70.67161500745387
71.04556717224986
71.30020593445306
71.19547849666407
71.23828092878033
72.92625628438215
70.18263233717984
71.1960404809922
71.0840426258705
70.29697745389485
70.25089904392463
70.45490612054229
73.04729475840733
70.4255857114944
70.90999199329833
71.59575976061373
72.77010574260918
71.1870000562188
71.4935887576674
71.00605562632983
70.03517504376018
71.86314343612977
70.16316821247727
71.03118860525677
72.80974275349111
70.36267548847965
71.15520662741622
70.4432902780727
70.32191813605795
70.26382257482263
73.01837680050417
70.79042247637213
70.54112998860512
71.05205775862902
70.24207397708689
71.17594678089682
70.15171910224745
70.61134396675507
70.2951603302392
71.09101641939266
70.28594384520575
70.5040464789969
70.44588050402075
70.51961761381288
70.34100135232573
71.03506035796751
71.01895876463152
71.02915515170325
70.61177881719212
71.3026097028664
70.17350418712991
71.01337014770475
70.8306090449227
70.380549151257
70.9150006971233
70.19633673638788
70.39068726927461
70.89931533616499
70.25259826353107
70.75276056300568
70.56398679856697
70.8140455937401
72.3018328837896
70.34781805955208
70.05847111858232
70.38925204992876
70.56947322544866
71.60989923383573
70.81619527032902
70.46519055134618
71.22131763022021
70.32355919325467
70.46070765184794
70.27022406673696
70.58739731134064
70.47001917437782
70.59574680144557
71.04541450398955
70.58556096541386
70.21002941227506
70.62753385734283
71.04482789914762
70.42518345767213
73.07510969271478
70.47994144763533
70.59435414337699
70.37204408570317
70.14602062938633
70.03272573728336
70.29236691138425
70.77029693825294
70.53988426173964
70.30453256302926
72.03229761083631
71.2152579871386
71.72269876015724
70.5856229117128
71.20568363515281
72.51873863363474
70.28068315463958
70.61412480060301
70.57624566235668
70.36071985115521
70.50840312105248
70.09266854475084
70.21863725515058
70.56359836329642
71.27269198136776
70.22465820684354
71.15800802946309
72.22431418661189
71.31848062082945
70.38050799367522
70.29699725287927
70.89415859273966
72.47699525699917
70.30943527661807
70.4397329144352
70.35347489920233
70.38734897831922
70.86543094308568
70.08711703824584
70.19279521764165
70.78176731021203
71.49733166774722
71.39193229035486
70.90261263283789
70.33380747017095
70.94484027020766
70.13131252643586
70.21488213255763
70.907213119728
71.08291570015244
71.08059019812423
71.1683582499437
70.73717613499706
70.9763330652727
70.92997385126844
70.7399820924226
72.14012909755635
70.92734094495663
70.26843934314482
70.47632576026555
70.22830766307463
71.309596728757
71.497030234956
70.41909588049084
70.27463323123843
70.48894389819881
70.60115099953425
71.35203789188978
70.22132549359166
70.68403795623954
72.00686844291398
71.55624196631797
70.7380105184118
70.2343170691652
70.76211086520118
70.89358955875704
71.88880271826265
70.50790644304512
71.06338490336857
70.59653973593468
70.5223799941248
70.79315616656726
71.04306558252947
70.64879621460337
70.14013872199864
70.10606485060667
70.56885424044394
70.7425109774204
70.81330352216276
71.40601121364485
70.66286681077307
70.23540209925743
70.8463042687704
71.28638487899222
72.27503778385166
70.35899140474504
70.25255226480175
70.22063458672935
70.35409278420985
70.28920211247481
71.83469426640202
71.48918243688135
70.33832277272612
71.3565262095414
70.3054423915575
72.51088578965108
70.30313246508952
70.79435718869902
71.15957022848484
70.72913001269558
70.19470491727174
70.61445539812755
70.37438943497747
71.17290257686471
70.81592898604623
71.12775490845969
70.19758763266664
70.40214569935524
70.29161205542867
70.14064321402194
70.72373132842876
71.37536254662054
70.37369381708203
70.6366057548701
70.62795722201365
71.54683847032278
71.85155026496395
70.69992295123987
70.1952077228688
71.73060883491857
70.86254690368472
70.77007383846684
70.59216908512659
70.26373324425892
72.50183817549684
70.32996871952066
70.68185268918549
71.35490793342505
71.02211333252772
70.62911001046653
70.29370589133396
71.63926934078631
72.22043903464119
70.29277371534748
70.39491405012265
70.12764398667835
71.41698763821617
71.331078656298
70.85950727861426
72.45639338251658
70.6094800171403
71.51888640660744
70.50440464398027
70.73111908301254
72.35689573318098
70.70026680728684
70.7936418935864
71.86988925325265
72.97979293469488
70.31845297130312
72.07141748417939
71.00431864121896
70.55234034322733
71.35530583451212
70.20100687827369
70.30040582551285
71.7653597312035
71.04574668188687
73.68745177337694
71.22071645392356
70.38419304250692
70.6279921286868
70.30341885599547
70.48567221391826
70.33692856213639
70.42263750186846
70.42609158510285
72.29518252909777
70.40495680355342
70.17123291139416
70.74623570564212
70.3447570493485
71.96983194501502
70.61075928385333
71.20051792032243
71.2042340415588
70.3406310074762
70.15956857860868
72.11126906169173
70.51985361468907
70.46542896435106
70.20967501118251
70.52416986692711
70.63980943299453
70.81920500433239
71.01767447716792
70.45723418579553
70.19175432447935
70.0657942213107
71.07644346667246
70.3905710596398
71.3701725531045
70.30078524882718
71.12047260399731
71.03782977989034
71.78062343920261
70.48762665265257
70.50621032251453
70.16765962636188
70.36862895680454
70.53802704855813
71.14810279486484
70.6183858451365
70.18746681692845
70.47038939900025
70.72716297632962
70.9925545093059
70.34732992850694
70.48404043357642
70.53656112825189
70.36904577678159
71.10577621517805
70.06237518093933
71.53218690883887
70.20551157007242
70.41558632984307
70.27236713290257
71.26057248716467
70.30565045955703
70.58297811387658
70.34103495022987
70.0812987370416
71.10295624721032
72.47947383848786
70.79117493712315
70.54746747902414
70.48899645491471
71.0257087325509
70.38186796311813
71.15237166176658
70.81873602945497
70.27865424609544
70.93523963537255
70.1787705508445
71.75279052857192
71.8569512424418
70.9689643899341
70.3655465748686
70.15993780280492
72.98602464518935
71.0314759145495
71.23952445671564
71.53205551128829
72.5179614825869
70.70139074168773
71.36836678560803
70.42509313001598
71.09499266552659
70.29141805098718
71.1390129838819
70.31134126053465
70.52649354598685
70.34401440370627
70.93952694359656
70.5707143583024
70.72098401512957
70.50352891766013
70.44214563350536
70.52445460337603
70.87339746113136
71.13247738887081
70.57888847099093
71.00136422953082
70.67531071422526
70.24154254367528
70.56545305605961
71.23526688380466
70.69817018056972
70.21444004163405
71.41313715744603
70.40529885084557
71.08465852784774
70.6412512580702
70.44246115333976
71.11156570253982
70.68116307573248
70.82840317025014
70.521967041919
70.62506802803577
70.29288386957951
70.48478627731144
70.86793241462163
70.96590817402908
70.3525304213288
70.99984644528661
70.27959649090545
70.88756156108819
70.65369334561893
70.79000238457328
70.58972025775957
70.19539671439247
70.84589358328412
70.76848871717789
71.02198380670042
71.03157948139396
70.43821846379147
71.00197043954277
71.66003060848232
72.0557560533172
73.9385027427259
71.00492373376154
70.42648336924431
71.07093466500147
70.34888482463955
70.51114844332362
70.48063297743072
70.60104135884468
70.19064044418676
70.39269025820784
70.5946382644241
70.8803361731823
70.18987692089199
71.14767325668957
72.07495639402255
71.19941597192911
70.24876687211435
71.04908790811734
70.47820390912293
71.10812992099301
70.5831830078571
71.08833346502756
70.48703400825656
72.20581464512719
70.5099084947325
70.16891967960835
71.01674884148338
70.25681147475696
70.48413345490056
70.28455781533994
70.44771714378281
72.020404984821
70.76626025568434
70.25932350569083
70.47875246030789
71.25323552579661
70.6422046053561
70.29607244252993
70.45678120167355
70.22759108519743
72.4139483361751
70.73356138203332
70.53087270712028
71.47846165503898
71.03562097522351
70.52447195393623
70.70767786374199
70.74567452505225
70.32947299395276
70.13845636324797
70.75533957314791
70.2339041186066
70.46359780348284
70.46057585389428
71.10526641896851
70.22439040126103
71.41661762409582
70.10927099638226
70.27550713850063
70.24931999556195
71.27948925384499
70.6146010405011
70.43930305299509
71.50424877660681
70.26807782389902
70.46259890941064
70.88919990397933
70.84552556722825
71.16632116587814
70.24000772564885
70.53799455177095
70.60907471637057
70.30261744522802
70.18986448660256
70.58473468984124
70.2477949416937
70.37010717985349
70.85589029181
71.07944173772016
70.28327086955925
70.32674950882577
71.09488008262657
70.74526045465775
70.46253330563981
71.13023144476833
70.14690021366049
70.44807116845163
70.14025223188769
71.22076290379127
70.11753684268184
70.70011498647206
70.75274848651898
72.05450254490476
70.93653622622577
70.55864910007772
71.70250363037539
70.3574780130878
70.07407467350453
70.41156836679376
70.40585835134615
71.36041558258708
71.72933578622087
71.47218842986311
70.72550073056259
71.00805766495371
70.52195687923705
71.05861264301674
70.56381693886036
70.96169241110805
70.84763746115907
71.67677730484586
71.29862074384326
70.21308380236637
70.21119523398228
71.0987967064434
70.39163087264625
70.3435556301362
70.14390346225719
70.37461233102684
70.37107404700919
70.55495172603813
71.11321218902134
71.51860397351507
72.95406953159487
70.42153587906725
70.55472810409556
70.89657057575401
71.22544303589791
70.98946424750451
71.2752777205652
71.49655580114855
70.72990057541519
70.23275108470705
70.3461256683942
70.55829581651273
71.1527276824648
70.33345965885796
70.53835238439964
70.74658854624823
70.91941831543775
70.76109022448338
70.59185002437653
70.51770744616792
70.60097642645523
71.02736583769797
72.05606707590657
71.26113026821538
70.87042722566066
71.08604084544248
71.76584496833006
70.86796481245888
71.3535071066566
70.2133569918535
72.05705688038502
70.3494137816059
70.2344215975639
72.13629567440321
70.82957971858053
72.399348243327
70.54237223504956
70.20056373261222
70.42807155044784
70.59969115849923
70.47565450227039
71.25305149386854
70.60879066712634
70.29723755784926
70.71001753096839
70.77586115942482
70.40737575323327
71.08848886400816
70.3545327205344
70.56800435018812
70.28335278032708
72.32911738938397
70.700402632028
71.31656580916244
70.43604082486877
70.53748959258412
70.26870812265489
72.03871928333469
71.13173964255188
72.0751399961697
71.61584631015707
70.71377326635258
71.73170535018915
70.42042015028203
70.26671313568163
70.73241652171303
70.85353298279432
70.79760804126037
70.07855057157039
70.92296266112766
71.01722029385213
70.08201403356705
70.65333662879877
70.3447190269473
70.3726974674351
71.00148630295978
70.57967359866701
70.75339011446768
71.40794517151153
70.55223393117292
71.07260795655061
70.60182172541192
71.06357216809711
70.82933509733685
70.71161854585257
70.34074117644943
72.0811724561985
71.55001972740611
71.45544540487937
70.20552283678302
70.15485360286706
70.72811091092294
71.03683840727095
70.18510618773618
71.00626701083566
70.54608803453038
71.5586345391778
71.34187228727507
70.46774651817277
70.14946878635048
70.64140340177285
70.47612739394498
70.18583744522974
70.314645592115
70.60436119341733
70.52852619780569
72.37893163002735
71.67329659071407
70.7583890697011
70.23695030215066
70.30697222314409
71.00081515593315
70.59135059826065
70.48806666639938
70.31356928255165
70.98480679531333
71.08119482869058
70.56757546037332
71.12543103450693
70.585530934685
70.30454160853425
71.2535721702191
70.48783469921061
70.20405151126866
70.59011394142937
70.6303999484229
71.4429402981995
70.03639303240828
70.53678710305525
71.53554006178614
70.72055527295339
70.71965886119955
71.5275464738206
70.21595333665432
70.12644654906987
71.24199431682456
71.2219620424574
70.5583824300242
70.77564326283729
71.12399245233344
70.56540061580505
70.98890485356787
70.9135568307497
70.48884653135211
71.07543923995628
70.78305591559194
70.22900178357396
70.21126888458677
70.71695831522449
70.34635189402401
70.46084470406662
70.77882446372512
71.00489718572214
71.23381812136135
71.06540517541856
71.8512198946693
70.22770096189114
70.53425075800565
70.5061617131216
70.2312378766897
70.3649066521794
70.19776412823059
71.44006221413534
70.82510421362583
70.4914437661665
70.75962073087277
71.88715332351575
70.41859109586166
71.01089030601125
70.38090304260949
71.13342201897706
71.32878065600116
71.06979938606855
70.24108105466867
71.08148327300081
70.21644194725263
70.41911954524049
72.0053893544826
70.37147647060505
70.18923771110444
70.61709176907529
71.24082750180408
71.0807136113287
70.32724384211895
71.1069972300297
71.1957561519573
70.2768841941983
70.33767925644675
70.83886501895003
70.35328780758995
70.53730466251342
70.70607937400489
70.51002916276137
71.65995240285065
70.34245539594767
70.58892172154066
72.22469909916055
70.79355093023528
70.55113540652641
71.82212768711896
70.1184626504785
70.43033886864927
70.50437833687194
70.15812668825981
70.26751482532346
70.6783329170252
70.94622915766857
70.5143290142895
70.76850933773012
70.67233050238812
70.35395716598507
70.52753026537938
70.55373102558649
72.1498243273526
70.77645961010589
70.85294758696271
70.42859704639395
70.36802377610569
70.82272357998617
70.6334014453175
70.46381597098383
71.03105096075983
70.92476026512374
72.7414260048482
70.11712567677839
70.24641258487905
71.40764119770371
71.59279861046453
70.73140331701592
70.86649479367095
70.25301631911088
70.39183238735805
71.9910241448967
70.22631034185844
70.04574905697648
70.23889452591739
70.09185338028698
70.19967340426675
71.35762909321481
70.59304729194626
70.54258706388953
71.2077950425513
70.41352405671762
70.16214430493501
70.37464983056717
70.23961130362754
70.25355063300734
70.28814450553745
71.47777079930124
70.09682752534952
71.35059625419714
70.36991734644936
71.51374881910581
70.52603764302198
70.67352740773737
70.11804541235993
71.97523177011404
70.4010072436804
70.2888870525692
70.29008435720917
70.13132509704216
72.02078555387627
70.66311811259476
70.51981138206048
71.43237357141213
70.38285082045006
70.80023189714329
70.98051532136164
70.3934050447364
70.395755553435
71.1892733569161
73.93346652223389
70.4239013509956
70.58887965341637
72.05307280327901
70.19959032919147
70.53454056593282
70.95509080894378
70.73506946549632
70.24368878383464
70.32867911465249
70.18304495517748
71.02669890514393
71.46959556576182
71.04524876585802
70.4137113676659
70.4136923105927
71.1547861363999
70.384979383555
70.15647729321083
70.10628094111823
70.75258305139424
71.51641293288992
71.5020791733296
71.21792176072586
70.27415714837508
71.4367166207549
70.3575912471518
71.51751555288695
70.1943580568947
70.6178600238265
70.68250787396651
71.07849759581315
71.4047332155754
70.40874985179748
71.04982649839461
70.74709879258774
70.70508239443039
71.17349707805452
70.20365923793119
70.4254127142955
70.4057003131374
70.22370611066195
70.13591689684147
71.55927741372106
70.42294529447808
70.6431603193469
71.21116415558592
70.54602692303817
70.17168569152058
70.4987060652001
70.5053577216684
71.84162068884987
72.10261421480797
70.6492718758632
70.19488661314085
70.76395740415016
70.7042746488417
70.36496882364189
70.10058030390445
71.36536234170545
70.22061271028691
71.92348657706998
71.41746672319958
72.46210447301709
70.76669457110395
71.38930277414359
70.43981020842985
70.77620411777148
70.96822382453671
71.01052521505798
72.28530798847412
70.91647654129221
70.23569209287305
70.26399724115613
70.26541472484314
70.70094384207397
70.18863902795474
70.22732540791752
71.01825437725287
70.48574233910814
72.20898391292
70.4796466614139
70.54009444115935
70.43305691418517
70.74572381329448
71.20182762687739
70.89268679348363
70.56860865181275
70.37571604306535
71.27936357811231
71.1920007202089
70.53278693946919
70.2304843088009
70.29530621063269
71.12522032759189
70.04608526485534
70.27532735529702
70.36734887142275
71.1552443746972
71.22238463257706
71.50198420576919
70.38011638222358
71.08735668619681
71.08857012072862
71.45031574788594
70.421151076577
70.73073432996284
71.13842722507722
71.16901881671077
71.05597021106314
70.7184278742497
71.35496543860232
70.22229496973937
70.78383711589474
71.09590254871634
70.06296523437535
71.49801623525612
70.56929361041698
71.09749153179976
72.81722126144403
72.0264200534777
70.47690461212835
70.26670363610661
71.02241498612487
71.04386729063575
70.31838208023287
70.42098712024058
70.06080990251624
70.31245319431729
71.33425360082542
72.74547144541008
71.6968781463714
70.71124828692946
70.48789918983779
71.2223340851037
70.14407527029985
70.87816057955781
70.72955019489825
70.35887951011397
70.58749478146551
70.96786100566457
70.81784412940621
71.50592098238462
70.87920484333114
70.33661894174217
71.02632413612866
70.45287623968863
70.62455282907626
70.21187666356553
70.20883027403052
70.12144006561546
72.46906941759521
71.10983064183561
71.41277521835356
70.36560470136384
71.36400866820836
71.1793149802731
71.03902666335009
70.64990187707367
70.50211223113646
71.23004930733566
70.79268767451175
70.50719247263922
70.98865423418872
70.59566552769537
72.21371355939313
71.05013336880275
71.00382405681623
70.58708016726199
70.2254487033517
71.22359440776516
71.1117204075883
70.74379305025214
70.18531473486641
70.8409586187144
70.79961214544915
70.1867384095605
70.60765933882483
70.32512121129156
70.40330303863124
70.23032807901203
71.33448160076044
71.15356154875471
70.346053305045
71.13829452798372
71.54297588322545
70.64856651892643
70.32117780411555
70.86271333607998
70.60861750079395
70.38280220012054
70.35991437219921
70.45438735328916
71.01408358925738
71.33948489669311
70.69995950508022
71.18896868433957
70.20806762556947
70.32497420966386
70.52690692756404
70.26234478550536
70.66839518818354
71.11097141794865
70.58330196274377
70.90433925301885
70.71996762221647
71.26164465355308
70.72616656118068
70.49512638173827
70.67589216005787
72.06938049945732
70.2127804424576
70.34709010174933
70.5385963123098
71.10692111679043
70.25977158986021
70.86182545692864
70.99667122176082
70.73972180888748
70.41889361051065
71.01901516112297
70.73695985946908
70.13228373742359
70.54253983739274
70.43147342273055
71.3424333331575
70.35702762922386
70.25075167236673
70.54822725862948
70.42591627618737
70.21090803585257
71.37617451183476
70.3734467526449
70.5066014501836
70.67143624895762
70.5263606023697
71.38928116855145
70.32066099820975
71.04725134233337
70.33914588881568
70.50531503574771
72.76672412265548
71.06084465231311
71.0204035384977
70.79408667377507
70.70722387299867
70.33120220319951
73.90872197127155
70.44433480230045
70.87002483676379
70.13394520003669
70.96389140818474
70.27011708243671
70.55544746475351
71.14779639778645
71.43919614595697
70.76333469821884
71.01758102426058
72.17419385691088
70.54887195771283
70.21581506122244
71.65661028300516
72.69317760536566
70.3547415974901
70.63491548042454
70.29858703913274
70.14986726939736
70.96078051682069
71.1118713306953
71.19324586912849
70.23826293997038
70.52977233457064
70.60514530785319
71.10447902323979
70.24679928721342
70.1820523788205
70.83424130883868
70.38967443492058
70.93716091083427
71.04299485112057
70.58361751788608
71.06792303682083
71.33776049313397
70.65541009723603
70.44530005778115
70.62981661390886
70.98201858284443
70.31740449697679
70.34072662455527
70.28872849650135
70.38888948104184
70.34193026601702
71.11263453702036
71.35374175638954
71.07573358991534
71.47733927862815
70.34051948057402
70.32957400250996
70.24831514127159
70.51910714765809
70.06560957855348
70.32228463678995
70.75055501179192
70.1844208369832
70.31625687352978
70.46631718608799
70.43358120711011
70.17845548889018
72.17072750647354
70.59734714284369
70.30724660320364
71.21042818886423
71.90073119564413
70.43782510677683
70.67319872496913
70.51463726190369
70.08713141733246
71.17907591279952
70.33753121369138
70.67609202719639
71.09172872195063
70.37915957458024
71.30860418549416
70.39431523044409
71.27459346258914
70.46435768339748
70.29345743827359
70.11681827107128
70.51577107953327
70.72498225529816
70.3470220485547
70.27313740048808
70.92659055863317
71.07028059207668
70.4716846544801
70.41461138540356
70.55240270592455
70.23775330893436
70.8148976856051
71.70819821184666
70.56221123849704
71.03413805440128
70.63486752680467
70.41466453302982
70.47313723603524
71.70996018572656
70.30560048876845
70.66554616129696
71.26875937999998
70.60821987693501
70.86881179531451
70.33719455106231
71.13095859534033
70.94516928183937
70.56242974462715
70.4332328432169
71.49646782532972
70.72438347686987
70.26316932649235
70.39038002055355
71.69176576338077
72.16244974265989
71.11079190864015
70.27611777208203
71.62190213677535
71.15060966549001
70.48646368415663
70.519388642821
70.6336820621217
70.37738969549811
71.50856206206556
70.32739788135164
70.68388812887315
70.22978861012055
70.39147083703276
70.58892559198331
72.04310687405216
71.12372999130955
70.47530751811362
70.4579338518001
70.39673207613552
70.22615716974575
70.13145008538898
70.32604363452411
71.1675561089156
70.17099119717786
70.28757452104756
71.21007695747751
71.25828614694267
70.26401645680478
71.07555604030098
70.32535233953855
71.40453989752778
71.33589881876753
71.08916253186031
71.05677565864055
71.6026658984251
70.88620247613244
70.11355554485037
70.22474135887246
71.04036573744165
70.47551664422826
