142.2505938302309
142.4321977240747
139.056480479498
143.3812498543259
144.0028767451503
147.9032707540626
145.180072431156
142.0877306767296
145.9202849148253
139.2032215559842
142.2452062431059
139.0981669025915
140.3762956269093
140.0441113547282
142.0160910945411
142.1697286559085
144.0940431159388
142.1385845336629
144.5334543621801
143.0207952589316
147.0853003288618
143.3831532620612
144.0698943979305
141.0855130335035
143.1645945322558
144.1789299133608
142.017178670222
142.0342822550464
139.0267734362592
142.7845700592408
140.9478508218442
143.0500708493409
159.0950857037724
143.1831639511105
143.5944394328862
144.0337436405472
146.1831638736519
143.4373371109278
142.0450342090394
139.4493165158862
144.0254104911307
143.9950360072421
149.413675771008
144.3590191953819
142.2302895965014
140.0858208009317
144.1698546663808
141.0763979997101
142.1496171464504
141.9784179740107
143.2070983792902
146.1113224109608
143.2660494720348
140.4365384268701
146.0715560868959
140.0056508865644
142.4672335167245
143.2389370802747
140.2340065533471
144.4745803471478
139.1755488302029
139.1651809889707
147.3662562656069
144.1729852531675
142.0353658663973
145.1847213310719
141.2769014188271
141.8776287927457
142.4667074176845
140.0634130088902
142.3604766118898
140.2565468317269
139.0826499778331
142.3350964696721
140.4556403768152
142.8614554216902
155.4793994357303
143.1321689876847
146.0829289266841
140.1139927642564
143.4967437482885
142.7250394176741
139.9981729361839
140.4244363411828
141.3892674688331
143.1380057097342
143.7974574114729
146.1119674769903
142.2110998778171
144.1163359337036
142.1859370206685
148.0384239015854
141.2572372961887
143.2439867803315
143.0743060584944
142.2415620792033
143.0878208119493
145.1602257771301
144.0513039980352
144.4858756142475
141.1718614160093
139.2452319444398
146.1832964151467
141.1653857887035
143.2480443845217
141.3468392750253
142.3922291893221
145.8181616276615
140.1355064933923
140.2717351651397
139.2523939976264
143.3453619587104
145.0884631193134
143.2980524372075
157.0236141557885
140.2262763296556
143.2186413806761
139.3074895656462
141.0237064072088
143.4782694681025
140.1534266536915
143.4387758289534
142.1607528287656
143.0964610421908
140.4087188694936
140.2196759081101
139.0969064025425
139.2047021782491
141.0062458796645
142.1783864008374
143.0328568624718
139.6852101189553
143.0617978002002
143.0195869217181
143.4345381966968
139.5579688689407
139.6522858630864
139.3744115581989
141.6848911776891
139.0051842768156
143.194695742409
140.8943772303218
141.0925561602827
142.0667397373499
142.8244878883269
142.3644499984701
142.0267103265875
142.4135522924743
139.3993899937045
141.3368786570884
142.5132671964747
140.2984765694883
140.113204978186
140.1974894643432
139.3543882320127
143.1504367678322
139.1614582946327
140.6113853533228
140.0399192439133
142.0549732970365
140.3986587892272
139.045981077575
142.6417867289309
141.5132977632063
143.7402395960347
143.1580008992249
142.2199471420683
141.6328746030775
140.5951257776431
143.1470841487122
140.1407561973165
142.5019213481891
144.3151161342947
143.0200213685538
142.0245939922538
141.160515527138
140.191986879022
140.387530544737
141.3095048776697
141.0185564386573
143.0489008993824
142.4399808539758
143.9393487213888
147.6050837948657
147.0199544112775
140.1031770796068
142.3707312229718
161.1177182775315
143.4023661825939
146.1307371234488
143.2118233741377
142.1529248716274
140.1793200303557
139.7778839500053
139.1431075792487
146.0281701996752
146.2023984788182
142.1164041363643
143.732192515656
143.1484182295
140.0943468969145
142.3585551028739
146.0152374293759
143.1434010564956
140.5552469392272
140.3029823706409
145.5010389825008
141.9258807995944
143.6322813930653
140.2721172909365
143.2849178495252
141.0239820795072
146.0532225382378
148.4456564163551
140.7324751700429
141.1115321670787
143.3268623516471
140.5358689785147
139.8788763491535
141.152492632107
143.7037446458369
143.3881210434581
140.2105428872258
143.2852839298523
146.2721766801355
144.3300677481282
143.0705237110939
139.4187655923015
141.2049732996995
140.1086347827555
143.0489014873258
140.1445964412935
143.045370303877
143.0790617743842
144.8390807534139
140.0031180672464
140.2409326814821
143.001852507518
140.8648849830706
148.7493331785905
143.634804417529
143.0153374922891
144.6246243048312
142.0917493906702
145.6991678908032
142.3332947101381
139.7141854926348
144.0409376971474
139.1336961676885
139.4748911134422
151.1700194385698
146.2391270876522
140.191533244049
139.2798703297325
142.3894703316167
140.2440182683374
140.1078641376775
143.1113296220847
143.4317940490974
139.3292678402058
141.3260765000396
143.1094989563378
141.2074194433649
142.0854097590042
140.0594837419735
142.1069322015062
142.1188142550393
157.4477201369707
139.7178567150823
142.9174826252444
142.3436953489405
143.5687347520799
142.1100851890455
139.0034973167031
143.1285899630676
140.0408361960663
139.1034136101686
145.0121392749477
140.0129200442456
142.67543051001
143.0524207452981
142.9473131161069
143.0033056638496
140.5943286894621
142.0500839608604
144.1125320707617
143.7427084738941
142.7666472286659
139.0550788164746
140.1089668559958
139.2647716413315
144.1795927574418
140.3300605367287
151.144684384349
142.2137596623306
142.6451797495253
140.0344872288922
139.570699032537
143.2220737039299
140.1592963064775
139.0009811821902
146.8697275695575
142.4096687171615
141.5184070068168
143.7165585385272
144.2499163552716
144.0510779415188
140.4214192993084
140.150310875472
145.2589408393069
141.4513660249957
140.0090141847061
140.3719677579398
142.6074399264546
142.0019162155592
149.3182075120818
144.1475243359891
139.246693965673
140.5731621985963
144.2726791961026
143.395849281739
143.2241306846648
140.1331155735079
142.0461615609525
143.4268001976093
143.2385602982541
140.6377528135073
140.131824695862
143.1157966399064
143.1161006377122
141.1331195299663
143.1294507476617
143.2487669866417
143.2032823291014
141.6808079566082
142.6685257021936
144.2982369749772
141.7467172916548
143.2639896647693
142.288444129196
139.1778534770949
142.2809061221261
140.0291362909309
141.4345230966706
143.286676928668
139.2375826689276
142.2853785816454
144.4532613960923
140.2850621867251
140.1668686358871
147.0240075030267
143.0778291165229
141.3784477894643
143.3911228632202
146.310267698433
147.3920671005351
142.3329345934454
140.2653401983777
147.8457857097496
140.2179066467535
139.0439271252947
143.6413918786583
142.5251275591343
139.6923527954941
139.335242136475
142.4714511598437
142.1185008035411
143.0927047552667
142.2775139132285
140.5042076675569
142.2884835551919
143.4714006451547
143.6543748269821
140.1669543375323
144.1815378863786
144.7609511913982
143.0505168450671
140.0633441455306
140.3470677106903
140.9788431111405
142.0410283072173
140.4322509137453
141.1156894587038
143.1473999110066
142.6275589762035
148.5640355312147
143.0063869166223
147.4592084922991
144.2956921550068
142.1949988073051
142.7272525517176
143.1735185488785
140.1433781590348
140.081263257799
140.2050813160155
142.5279318858799
143.1133539226585
139.3329393314946
140.8814177954858
143.056586993099
141.1899913522149
142.2228944474222
140.1816134922909
143.2213227026571
143.5984083769056
139.221422415433
141.2454521568734
142.7311432803795
142.0675671868097
140.0393358147653
143.0271144571148
139.6276275429867
141.3352279322813
140.0406819309126
141.9731887384472
145.0218419419268
142.1251188871708
143.8050804841716
140.492330400038
140.1700038281717
142.2271598843679
140.4612659372827
140.1451374070638
141.1092347397385
143.0217891794724
140.3943840221321
140.3029559568256
139.0827546460801
153.3743691611144
142.0099961119036
139.0294392612841
143.1753585315241
141.2052593969129
143.5039554502316
140.3593669192492
145.0890129194586
139.8384547183664
142.6096922155643
142.375721905713
143.7075578975456
142.3139859754557
145.2206780211105
143.6338523950743
143.3251803576226
143.0286017411183
142.2336358203025
142.0850751110108
143.1179920618115
142.1418059662185
140.3786121183993
140.0715128118165
140.1553949732237
141.0651834030414
143.2708127743625
142.0640812794598
142.7256135548104
143.1234479212689
149.8970488851054
139.082882585443
139.1832070965671
140.2607959515501
139.1303409348801
144.0874518634655
140.6438024083033
143.1303768311203
142.32363372103
143.1066267300564
141.6455993126804
144.4969242454351
145.308555381566
140.13723552852
139.608990949029
144.1523537404561
139.3548938419806
141.6279828548114
141.059100693521
141.3014524653371
140.0105001650777
140.6431806648563
142.1443896648022
142.8341647098198
142.1891903835436
141.0715189341487
142.2539435794554
140.3020804017203
140.6268721024295
142.0250337124928
141.0685999518013
141.157770891953
140.0743159384634
143.0751092329027
141.1201817411532
140.5031006418007
139.316439719103
141.1423216602074
148.4319005498126
142.0997344268016
144.031197097275
140.4272960228229
147.1212591172384
142.0417852512505
143.0686028801505
140.0025743601288
140.5453152970058
139.386288465957
139.2737436583468
143.0351843068135
139.8927082573659
141.4521043796979
144.030889234539
142.2645982488466
146.5827306702897
141.2470871518364
140.2898275035044
140.0410271400193
139.7708100378853
139.245271867369
143.3752279240121
139.7818134436228
142.2457951409066
143.1168447932301
145.4184041162373
153.1552462129374
142.0027883141451
141.1709810624814
143.3543735929627
141.1024353051727
141.0387256412168
141.1064873265995
142.0217236717292
139.1850412428214
149.0686978491853
139.0115320634104
142.4344394546508
140.3611051781571
139.4954964748425
140.1581399608723
143.0742481618145
143.5310969103429
140.2421648895101
140.5411992273241
142.1146352119255
142.4168698236564
141.8777970504879
142.6608098041229
143.1574873424348
140.278388065838
141.2682256268055
141.2989676415767
143.2975556247808
142.6564346177994
141.0348886486395
139.4000709132724
142.2526670696852
140.2705765377289
140.1186159084054
143.2561093922466
150.0467803910524
140.1439164657786
141.2989520414493
147.3021618774646
140.3660216347023
140.0189839471516
139.0461143780773
143.0207303550816
140.4087399994522
140.2460969661655
140.0508733679905
142.2909134070598
139.0230072688351
140.0165003817057
142.813104534939
139.2717861593239
144.000621897773
140.0764525523151
140.1368427847789
140.4987628689402
140.1957305228283
143.1640053161789
143.3351448162307
140.1906982254084
140.0396172586698
143.412479745218
143.6394866122681
139.1452353656717
143.2600948947553
143.1322164927575
143.3549168666035
143.4968685637878
144.0344941925002
141.4120178955274
147.431734981821
139.4122282499202
142.1657993931729
141.27503216673
140.1485570758799
139.5001026268287
143.0407066393723
145.2453102226223
140.0063348220665
142.7342169154228
140.5272440538859
139.6755783355388
143.3921474209924
144.3167458881897
142.1932138717235
139.2154120603739
143.0474703292549
142.1325459000238
143.1065534311106
139.298069714539
144.262312259203
142.5867526836029
139.0397786894799
143.7389566617146
148.0160833233186
142.0295141955998
142.7680738374297
140.7174166356286
139.3525935761373
139.3482229553316
146.6301227503214
142.1005719219694
143.4291750635643
143.5132797547395
145.4329067273445
139.5072329977852
139.3401674023058
143.1113021943762
146.0559503661303
142.0673860759011
140.453434591897
140.2404479585994
143.4243401799125
139.0467896041454
142.2777520305651
143.4229492094692
142.1194546855317
139.048443510164
142.0287495305606
140.0730121303526
143.0077016835072
140.3045465439566
144.0121152247439
142.1074411327396
142.3746790960421
141.4657705574573
144.7050212929094
140.2560295342439
140.6343682634843
147.0916605266383
145.7685628192828
140.1978968826945
141.3580967857193
143.4473693986352
144.5271028584625
140.1850463261899
142.0176876979999
142.6507493654453
143.6010428474416
139.698039537255
140.2929391116429
139.1489408913673
142.2509001227285
142.0814369232903
142.451707619241
143.5064220268764
142.0487920625884
140.1232622394357
140.4842576658432
144.7249649799565
140.1339603852485
139.7375477948674
143.2479315670869
143.4737077031721
142.4857230873154
141.0397108675394
139.6820128783338
140.0302356055048
142.7289706007984
142.0750382766354
143.004301432182
141.9019654583068
140.3227041149819
140.0679892960279
142.0606087965157
141.0560356328788
142.7000709171701
140.468288148468
141.2962844244775
143.3164965593989
147.3469758003224
143.1365029487682
143.2120321999923
146.1645486330572
146.2060203413318
139.1633823252842
143.050367227417
142.3314654018359
140.3707675154792
143.3031883315158
143.0164148190809
143.1486295411072
140.7143669981245
140.0785068991213
145.8212933919273
141.2400061072184
143.654572647183
142.1234221599817
140.0184961653015
143.5487192740091
142.0489664540401
141.6227533620424
140.0807781133086
140.0652545813739
142.1180834091196
144.0189993723601
140.0606165027792
141.5218375130409
140.0509294613073
144.2495057639536
139.4351719325584
143.6450023379848
140.8135171786333
141.2976772504325
140.2332732106271
141.7592589773274
146.3104140630089
147.1143904002388
144.0356684492882
140.7581840672281
139.0798671147774
142.3739448124757
143.5600580532728
139.3541138702255
141.0282502326926
140.0608496167664
140.1552273420301
140.9460932588596
140.6674913712472
139.0096535737468
140.0170518903803
142.7186649877602
142.1855668207149
142.6956643471429
142.0246228645849
140.0672041081093
142.457780690589
142.1777424668186
140.1456915627655
144.3895897809258
139.0156865884164
143.1593757331266
141.6979443381542
140.4515969503907
139.0701123830175
142.2971577499795
144.1062674478657
144.4228362631355
141.992843353391
141.1934271814413
148.3286456868179
142.0260236278077
139.5603706367376
141.5251704722755
142.3034805487181
142.6599860429635
143.9332984037033
143.0668820130327
141.2429372712713
143.1759779990097
140.1121912767021
141.04850775043
143.0235124049943
155.1903738516015
140.0404695846962
140.5733632161488
143.0621844775974
141.2809461160004
141.0914388598279
142.270924759687
144.3465670653248
147.0128358001149
142.3612086294817
144.8323694660623
143.295879955861
142.0814613786287
146.2447913114445
142.0726178931855
141.2000817428637
140.0745920178794
142.4871257495315
143.9292752394817
142.1647363857731
144.118472156568
142.6937936194558
142.1139625832479
140.3430907375302
147.2394351004577
141.2887083399091
141.0537245110207
146.1366796742592
140.3890688416514
142.4010994240133
145.2178800281925
143.2640720174095
141.3985512971765
140.3583251230688
142.3882472522342
141.2188390569324
140.7983785466336
143.4834522512662
144.0178597826703
152.0587248864208
143.6009844856579
143.0160895038217
142.3635524029212
140.4138178734755
142.1349379423229
142.3973746500319
140.0386482673692
142.2829955889308
140.1961655621502
141.5519926629215
140.3170483092139
143.0545984137967
143.0926150662545
146.0208232149105
140.7581562809433
143.0238546504838
142.1725676525954
140.0199265628709
142.0212371308983
140.3410136715119
143.5249081254979
143.0852219543653
143.0725187630865
145.2803631819415
143.1919854809564
142.0094435498388
144.0550647935816
142.3460103280813
142.4379968539679
142.3458677463197
142.0208586892103
141.0065342228116
142.273650932623
140.2086083614994
148.6325098247622
143.2328031414399
140.0255752011635
142.0253708734519
143.1946722008846
140.306252158996
143.1281004023956
144.0408835775644
141.5317986296688
142.1691319234909
143.3240437812577
142.4547099541009
140.7581440519881
141.0669659689206
142.1613562563481
140.8497671223702
139.690055033656
143.5264588787176
144.2666902714526
143.7663197274151
142.18067254889
142.1221589740805
140.0635065500457
140.0091292955566
141.2491202371986
141.2920735957448
143.8049581381193
142.1024697894289
146.7927592547788
139.0768660467938
144.7453652679775
140.3291354193625
140.0630362333073
146.399349340792
143.4753453352166
143.0910757112355
140.381042131895
141.1367449524448
140.3804857198959
143.0120058413965
145.7714836757444
145.2243074154575
142.562165114479
142.3219061398832
154.2589802446571
145.491314850979
140.0343153558383
143.1800873473018
144.1388365787205
141.4381854191059
140.2753053426042
144.5669486009849
143.0556980885646
143.7327254393214
144.0081719343741
143.4682913511852
140.3196281574812
144.099516010259
145.5876529601559
145.457398380928
140.3418051437485
140.2599117429406
139.2296152879884
142.4023831251604
143.3346402795811
143.1844173847904
140.0295371341843
143.7438754121142
142.2045540439552
141.9334988115338
144.2855818731765
142.4121105265387
141.1107759613061
144.1168358297215
141.005401035953
140.0054606105625
142.2030765747665
141.4384431078308
140.6016261639221
144.1038549288518
141.1765677584209
140.3288253244311
145.6379865942491
139.2973743447274
139.1210775818568
140.6625603959583
140.2602705135747
142.0279749093771
141.0060403311451
142.443884939304
140.0381207029249
154.44596338746
142.7788695006555
142.3508624764376
141.5353298446757
143.0568429864265
142.3419286211192
144.0732201913637
146.0737940955857
147.815012239183
143.140682948792
140.3915808739104
140.4750458578037
142.0659409148122
139.1710632194357
143.2183786441496
141.8058982275651
140.0486319225026
142.0572169178446
143.0770359348004
143.1556857295027
143.0001731670863
143.0853332108047
139.9264829221858
143.1017607671749
144.0621361923415
140.5901168457896
142.8991980019928
142.4554305496585
141.0849523689632
142.1283561941636
143.1597623665682
142.3697393353996
139.1752809367325
139.0360761908276
143.0073913979862
144.2989973683706
142.4272341221868
140.162421951948
142.1544662406347
141.3287135131377
141.6034779747844
139.6501802893082
144.4580276247161
162.5078816409343
143.4400128938385
147.5876300089305
144.2036032330226
143.0270652759846
146.3711754307436
146.0737728682557
140.1820015201673
142.0931636405429
143.0609158020108
143.3475451101438
139.5108260696456
143.4097783238666
141.4316710606506
142.1267215437829
140.0531090680688
139.0079368458926
142.3710776212928
140.4452937768177
141.4083710867619
143.0309836216231
144.7540627187341
140.5680966862623
142.3020894609901
148.0886145770465
141.7698747924636
143.0565823431438
140.1408504925085
139.4430615110498
139.0998860072798
142.5158435139712
142.4636551204448
143.6340697104484
142.3952713029311
143.7556613484952
143.0386540295251
139.0466963568738
139.4849737670984
143.2384710037666
144.362119184596
139.0508473199885
139.3113246884586
143.0432146258324
149.0273207675291
140.0018223472351
146.4770284812207
141.0675007660382
161.0894277905796
144.0479303457608
139.6661324395635
144.0009847002957
140.1476955385579
163.3366830391406
143.9724818272568
144.5950815444324
143.0168850231367
146.1007596664875
140.8745067842261
143.3009623655851
140.3289298001988
148.6761960166024
143.5770260973378
142.0898810899238
143.135619273113
145.0429270553667
143.1639854962551
139.0017342849134
140.0095786772281
140.2256657753888
143.2590850891059
140.3601500181011
141.0254803109846
142.1250991929206
140.1870538772437
139.330580436041
142.0234010024113
141.3796603973525
143.4599020979088
144.1599945677312
139.0425411235535
142.3944278174799
141.3997951334275
141.0017853122622
143.0902590746587
141.4052292602956
143.0794130438797
142.1453576371733
140.0718061263528
144.7663806273365
140.268094586293
142.006993804057
140.0687869216744
142.2352955315145
139.4225026379455
143.2561777929391
140.0758833508549
147.1799749937543
143.5826422460375
142.2471375870711
140.0029845257969
140.1249781591645
139.2539813407505
146.2866067389992
139.2027843351738
139.0971274399176
143.3464115612471
140.1862753830688
144.2356417251879
143.0261960552485
144.5189939420565
141.7284143761471
146.2644662174299
143.2916605956491
140.3121656149743
143.1965609133273
143.2808367379508
142.5885332665883
147.1513806074707
140.0294101785153
140.3364227486996
145.3184381680217
144.0577008992292
142.2603302626319
139.0964379625942
143.2083666641197
144.9047939326669
142.2602690543617
139.0648261809985
143.3141115318455
141.2012132126083
142.1703266804113
140.5179925314711
146.2875197967854
140.0606974402533
147.2571354114116
139.184981619643
142.0623511933944
140.5586078455112
140.1239067167638
143.0329847926059
141.6777516129733
140.22354597513
143.1140557294656
143.0099530018032
147.0625270225381
139.1870436620638
144.2221194849966
142.806489542938
142.3040524479957
141.0375805063949
141.0376410188499
139.8949756480953
146.1978531935537
140.0426098120683
143.1200055388451
140.0769219195531
140.0487138661512
139.105741538909
146.2996572241169
142.0121208379529
142.8055142226578
143.0221427533086
143.5421202745895
143.0122842626877
139.0047858782121
142.0308344646688
142.2741897309865
143.6651566878558
141.4026656030144
140.2092705503319
143.1553753421875
142.0159802100623
145.0061141873172
142.2359131325626
143.1385445558218
143.2154742372622
139.041367269494
143.1406483783339
147.0002798644321
143.1356356587007
141.7945212812264
140.5048211443434
143.484980743157
140.1260362893941
141.0705553018595
141.5707345766686
139.0164380443167
139.1197318156719
141.213991898096
141.7128675930723
143.1675783638155
147.1929776187532
139.7572914536212
143.2612334113926
142.371571932525
142.0495571330347
143.4998924422031
142.0608000776472
141.6981302805919
142.4000542010383
152.0486495709376
140.8395179676662
142.5314379476903
139.6463435644196
143.0079750208069
139.4654447832495
142.2342223350151
143.0163323534269
144.2074589945161
141.532320353333
140.4994815107534
143.2497712081106
140.3245465197991
143.0305909752101
140.2281163404784
142.266250384166
141.9839699476044
143.0429766158414
142.5546283751807
144.006519881492
140.1736536898579
143.0199781977599
142.1468773827672
143.0065533108269
140.6254144409687
143.1005684738877
140.157802121792
144.2575885765638
141.2481696780808
142.1807941203479
142.257620354429
141.0322971289756
140.3297947813814
145.406829605545
142.2281515978019
140.8967177231304
155.8396164903807
146.066953001019
143.2033747117403
143.1594119879331
140.2848798065552
142.4468692142343
142.1908847665247
142.7223333980267
145.4954369758272
145.0093225470363
142.0821275867838
143.3633991481053
139.6208371432082
142.1204398857802
142.4124896450604
143.0265719379672
143.0668826160259
142.092903812408
142.1282133721317
143.2548362374227
140.7661538511777
142.0897533149161
142.422145428706
140.0514172344539
142.0059731628747
142.1848667659301
139.7208813243113
142.2354807470325
140.1533741106101
142.1541104489426
145.3780208802727
141.0245807711413
142.3842380869021
140.0820604194722
143.1038908199164
142.1241068494381
144.3057012752918
140.0033189148453
142.3636691964712
142.3997183194401
142.0183080132051
140.0991268405558
141.6369244962694
144.8880205493126
141.1959059965795
144.6151448476788
142.5865743682596
139.1440366119262
140.1450842793829
140.158530284583
142.4104506146483
143.9121852870076
142.0600308258661
140.7603063504093
141.1834217269806
141.272654884392
142.260113977824
143.0971499378199
143.8891256775862
142.1303028301419
142.6460084473964
140.1760291247924
142.7635193107009
139.5436881323719
140.0627039584563
144.2943650050373
147.3285784258017
143.5957902589706
142.2312632069097
144.7701406748778
144.5616647950462
142.4560870372309
143.2716803723222
143.1143327487419
145.3017391082692
140.022247413277
139.2412638341711
140.6982438123305
142.313228662382
139.2966212631707
144.150061097712
142.0401302323771
143.1088369472771
140.242132022586
142.0230384937227
141.2790207880987
143.815620098553
141.8095128911495
141.1528230031585
139.9008522030002
141.2466144142567
142.0889929772949
142.5394614829181
143.0951824421035
140.0242055490111
144.3007503895652
143.1227131896962
141.0219949290258
142.700289937926
141.2262907583094
142.4322050430432
140.0685230737503
140.8226052025024
139.4119369391785
143.0586579142708
142.6034866066187
139.1689571678621
141.1929160082327
143.1375393324527
143.3755563819806
143.0912771416257
142.0284489383205
141.4854425420099
139.248323830124
140.2319042821397
141.4325331626384
140.136462194866
142.3555903625984
140.0678044927809
143.4135405200827
140.4442927487063
141.1663746864768
140.019583702705
144.6666287347594
141.0774478295604
139.3842879245675
142.0161010505494
143.2439474103061
142.2689642694418
140.3403141792601
143.4483875542789
139.2126646842687
142.7119984533916
142.0815009829523
142.4269963773592
143.1589537745197
140.2737524422161
139.2436887046177
144.1978836011268
139.0356886901562
140.0458502766704
142.120885905043
153.0596741449069
143.1396222366769
141.2354828192836
142.3191118978653
139.4551936598978
142.3992278100985
140.6661453276984
142.0144208734279
143.5968463180238
144.5210331343076
142.289943330474
140.3706423049651
141.3900220057388
147.8230706815514
140.1493327311705
140.1351613451819
144.5504955749127
140.2048509632323
145.0371975356376
142.0327167392484
142.269383552452
143.3813491223374
140.5183887906574
143.0281027841051
140.2786016348341
144.1867250941878
140.575919429837
146.7499650933574
140.4659138404259
143.2897559161063
141.24746917821
146.0262210014151
140.3404137143886
139.6941114562081
139.1665041162682
142.4229419209843
140.3345643935199
143.0507773159365
144.3295449336632
140.4842256670755
143.2919162475688
140.157967321167
145.6612065154906
141.27210895085
140.0037639937463
141.0706890954789
146.8369655926779
142.3918168037858
140.1071718043273
142.46759111995
139.0238268805616
143.0575939252744
139.3695272805675
143.4308967109846
143.3029362211735
140.5395557705266
142.6871727788313
140.2322685428533
140.4061144471452
140.1586117872776
143.5167202652893
141.3175156167688
139.2105128938313
139.0599074983359
140.0897533639026
143.1321587212301
143.0068975443209
142.1085233906292
140.1109248443644
144.5562256317743
140.7215370936682
142.196421475482
139.7115600040158
140.0697719105867
143.9033754526301
141.1455069359595
143.470490302118
140.5760017843778
144.2899530757582
142.5138806160123
140.3147671582257
144.0958770890844
141.1076289503785
143.0781985942804
143.1381430468779
140.1389801599209
141.2197366721537
140.1115814870533
140.051318409541
142.0617341572417
145.6779808506656
143.0098264321852
143.2849509278657
141.7177729759962
139.5406328207425
139.30098305064
140.2004563745229
143.0889951183145
142.1925264291222
143.1075989250394
143.6508660976513
140.3091288513946
143.0884336527932
143.5978775822608
142.0749918841403
147.4344592705011
140.0453787930546
144.7573233427709
142.1148063654724
140.0985785374695
142.1575847471421
143.3033463568088
139.6231828656609
143.0777580064301
139.5873545751154
148.0326065952063
143.5305872363504
142.0123674802525
143.4960157659118
142.2618557062394
142.0217971930079
139.1876870267606
143.7110468944765
144.0088290810911
148.1854154460586
141.0384561906769
143.7648444254642
140.0902664158896
144.0699542672074
142.1365043755614
140.0924314899231
148.0927465724316
140.2936837159676
146.0625537084052
142.5394683599996
143.2417538284952
140.1433948339571
143.0359234902105
140.0206637344913
139.2334596683014
142.3775063680767
143.9010487286288
143.0995748275049
143.1514988283475
143.2077052600842
140.2039598198417
159.2304706396315
139.4155236742523
139.0165490272664
140.0837023457174
143.1582414654018
141.2670273924148
140.0749452843584
143.1608952509001
139.1496731696452
139.8634366364323
139.6104700189914
141.0683155699391
140.1156545135501
142.0835226485853
141.1472790165653
143.122528677365
143.1760617302411
148.5814078160948
140.004156886421
142.4583622830502
146.0438797609532
142.4148377913328
139.4156493071899
142.1799639155593
140.3584113387472
144.0184736732037
143.187517325605
140.0606150534532
140.1981686664386
140.2181380742691
143.39033973088
143.2406552820883
143.0359197022556
148.4199836243666
140.3184221260831
143.0075916875338
140.2898604010323
143.1752250776391
140.1458468134893
141.1281113019378
142.8093461580267
142.1188496012789
140.7240392287414
143.5359074303169
141.0090417923566
142.2630951189373
141.4728412679511
142.3585865861025
142.1834558579699
143.4730787291047
140.3398567394815
140.0173200768661
141.2764544058282
146.8317665718934
140.3337856185241
142.0495436588746
147.3706381543233
143.0743025006699
142.11706179617
141.0386724517668
140.4388498262044
144.4682336579999
140.3610740032966
142.091150490205
146.2220459332631
142.2645404622718
140.2185569178573
142.1465671618055
144.6611636456625
140.2436129992488
139.645788330047
140.6552534851275
139.1882456351135
142.8872930418974
142.2689218294509
146.1039868002667
142.0125342970559
145.0517006199371
139.3707261017197
141.6420281814985
144.3693822869378
141.1296214800757
141.3248600405832
140.1431723168683
144.500956175892
139.6651074326315
146.4054006590151
143.0844950864658
140.4381109122623
140.2417318095966
140.4486154753916
146.0098274409209
142.2956010367279
140.6476780651286
143.4040580908998
140.4232541440081
141.425381599166
146.4944583517195
150.1274170059566
140.1926145168251
143.1306214832745
140.3182483870348
140.5077043867807
139.0259355085668
144.132453328048
140.139745679813
144.817830123533
139.2257845113624
143.1543484060816
141.1920017602418
143.1234578318205
139.2733136095538
142.1846481973553
139.3262018176811
151.0747111497589
145.5934906234078
140.129461080892
145.2432298078698
143.7788839518671
142.2384218410324
144.1532123250211
142.0508322508462
146.0708156022921
140.5119940461576
143.1906375913576
143.1456095870474
140.26237095565
144.0340806800319
141.0871558286881
142.1212449948382
140.0035249351442
143.0091804880006
139.3145352368999
142.9374881370469
145.153092423757
142.1453645121176
142.0717890115315
140.0445131132358
140.2445678524127
140.6841376091677
142.1426260861344
140.2404482324419
143.0080033817277
141.4742460418542
142.198900477978
141.0302270477827
142.6549344326496
139.0316644063885
143.2890933928436
143.0605456800603
143.6181240029388
153.0347606128279
161.1128639761444
140.1532088101449
142.3434847624507
144.7467418075412
142.1317489313163
139.391738347693
140.3248738497475
141.4100411659386
146.6469670190044
139.1792453566746
143.8295894738754
140.0019811919807
143.0744032895787
142.1861507526174
143.0840387954234
142.9089947320345
142.9172550258794
139.3361754236169
140.3615602896616
144.229539474739
142.7971254986801
139.7838928657028
142.0567478690853
142.2355784627463
141.4202926058493
141.143668998073
143.21207261456
142.2759524197585
142.6453835231282
144.050943385424
154.1037960527416
139.0527817405185
141.2782601389125
143.647876211477
144.4237158306823
143.5591883958996
141.036184241342
141.3123778328982
140.4151592364231
139.7825711193288
142.5987005026641
140.0737700907158
145.404304736013
140.146343095618
146.0920388632985
142.4148934194619
139.3281662774459
147.9143050569976
139.1179408631573
141.869287895983
142.7289740386917
143.088026846852
147.0790887616748
142.4352878940009
143.0540285378917
142.5605036749096
140.3490211349136
140.114926916053
139.297043653338
142.1416952766283
159.477606970188
141.9600643301841
142.0018698642741
143.3780786682126
140.1433431395855
139.1386962485139
143.5570879830339
140.0283487552421
140.10701722959
143.0415729487541
143.1192644249954
142.0995120186839
148.1291693926711
141.1086940204613
143.1059329014086
141.3020533186761
143.5436233142706
142.0182878815307
140.7992959764361
143.116012953413
140.2554593480092
143.1932425206559
142.4153953156527
142.626422216676
140.2718533924415
142.6198882624322
141.0331301888213
140.0088802912279
145.1084925660755
142.4092464151421
140.0037375148751
141.5334019878334
140.2133266568773
141.774742361827
140.3489223783876
142.2305926419984
139.4016363686848
140.5632684183126
140.1308757918313
144.0776643673049
140.8246288676954
139.595188019758
146.0146566467669
145.7160249185018
142.1846446617829
143.3637109554739
147.0649277733399
157.0062974772833
142.1890050764812
143.0598744820731
141.3985226615327
143.0013868806904
146.1017188899427
143.3733854837861
140.4994161057395
142.1809820565634
140.2595584839119
140.1961759614607
141.3120544812684
143.1261465085914
143.3655657994148
143.4856528625827
144.0751980052117
143.8957520613897
143.0978967839471
142.0925981745949
141.0358630689254
142.678221430521
143.0493489131025
141.0030221860874
146.060189337262
142.13403111833
154.6858025352695
141.3666172180768
143.1620679017939
142.2212753612422
140.4526866753583
139.5145757905625
142.6879106299382
143.4819081327041
142.070517275485
140.4279425337637
144.0680324423967
142.6317651471018
142.0055321601896
139.7411205192012
142.7434389469595
140.7450893944733
141.0548173105286
145.0046603568696
143.510813549978
143.3723712710095
140.1442082800211
144.7224188501061
140.4882554064029
143.6341879927671
140.6303193397638
143.5835029092818
139.3119213153217
140.098094547558
143.6063773388945
159.4061382498433
142.2353152272525
143.2975867182549
141.0446841739733
140.0712946940601
139.6758325569514
139.0813582543435
141.2963950727846
143.2831087201295
143.9521062584795
143.4839193144167
143.9446076345238
145.2571207534304
142.6288730435779
140.3398729204725
144.8229978004125
147.5086796133713
140.1260600020139
141.1352308733582
140.0680366135514
141.0000584040017
142.4633647482663
142.2704560813588
140.5170219129578
143.7221297172677
140.2645637706095
142.2515130000248
140.7217279275036
142.2684124949846
144.4468147402512
140.4417790820789
147.1379295415394
141.5548204133855
142.070157572461
143.3390119087459
143.4967941420452
143.3493094540609
140.12720874283
144.0847153423025
140.419438718313
140.4469772327947
149.0398742852704
140.4536439269574
143.179833666789
139.299325063321
140.3355548954063
145.0900839244168
142.5549010820634
143.1344590911275
141.0014870983261
143.1768822764613
140.6591248346614
140.0980180582609
143.0681707970353
145.4689607720842
147.1013085606045
141.1663428785223
143.1972390944199
142.0262871181527
140.3761656858129
142.0945308082734
144.1438986354678
141.3257480685719
143.1221020728192
148.8797258834313
141.451792006735
146.3619529685903
141.9571355161048
139.2316803577325
141.0620470412967
140.0661697103123
147.2444389845848
142.1481510023251
143.420605255244
141.4504406802294
143.1256258361836
144.1722133586943
144.2513158486429
142.1409035819875
142.2298554876603
140.3081527060147
139.2482637774633
140.1047293264279
143.2243522164231
142.5540059544562
140.3140701949754
143.0576760882779
139.0287315911404
147.5975745383525
143.0260173764806
143.2061112543693
143.0286816263289
143.0810461691178
139.0695887154912
142.2310084814688
144.0585077046177
140.558314989648
141.3373234545023
139.2612250441937
141.5416699558544
141.6473344749469
147.0458484926849
139.3211339836967
141.1174433798303
139.3573128346692
140.2233542680243
139.6668179586132
140.209228573354
145.178337416043
141.0003831427258
142.0200761045388
144.0250910804741
140.5115144102345
141.0305053952485
141.1299665044944
142.0420046848414
143.3573963293161
140.0758511235911
146.2534309497261
140.2641906951709
143.0423749850063
142.6464156669024
141.7959425668936
142.2830234082424
140.0933172585954
142.4133501472328
142.1848804807392
140.2313809848889
140.0070314383702
140.078894327997
141.0591189380663
140.3381199613743
143.8180965643563
146.0206555224578
139.0857860962809
142.8240180229493
143.0307712850465
144.5310434718526
142.0631457834293
140.7509300116287
139.4155506524678
142.3480686876676
140.1383236104603
140.1771120706478
146.1244354746783
140.04132244662
140.0705544845681
142.0996429983256
141.8866978205942
140.3759607308206
139.1493639819168
140.0255712765724
142.6071460871885
144.0123281198929
147.293346220427
139.3998048514259
142.0721725274346
143.1048419035158
140.26589848303
140.060254161335
141.0938852285275
139.2355762147947
141.1451600536826
142.549861655638
140.0917291469798
146.1208573614883
140.8249769099098
139.2219332511026
144.939072514864
142.3003775988577
143.1608245308565
141.516672442919
142.3178122528031
141.0423258890259
156.2878757569361
144.7949429334965
142.9406098275349
142.4718472213956
140.0987596231495
140.4214329757474
