80.51633356067317
80.02610437836259
80.12346838035515
80.6003465523595
80.73973963226946
80.25110655022918
80.24433531108059
80.24639272393433
80.1930674792533
80.57005072375728
80.0950446318778
80.01769308651771
80.53109732621621
80.13119865821423
80.25365955180284
80.30974829513694
80.3508668060901
80.60224355922111
80.68215394189832
80.15528662033499
80.22668542156173
80.91278531761621
80.35076233476308
80.02288109706807
80.69056378875348
80.5781003983735
80.09548575365523
80.01784771815841
80.12519558217001
80.64312617759113
80.35179938630266
80.11139685662683
80.16960576829149
80.02388000162489
80.22497441081511
80.05220160335926
80.23818630220701
80.08681920167628
80.23714277702132
80.38458597479436
80.68842433321576
80.4124186837846
80.18198766047935
80.10563426436077
80.00235826152108
80.12066369772953
80.00124397692161
80.19792906243497
80.51770088190669
80.19445003514492
80.07042722218523
80.21866424019359
80.0252960809842
80.89992838933293
80.11503772594818
80.20717308331801
80.07766986328595
80.04761504769434
80.00312403639879
80.11403156944428
80.26853841703137
80.63832636892081
80.39600612363525
80.10064421956304
80.12999934838622
80.0319331444659
80.4353983507691
80.091930221889
80.19351915547418
80.403278241354
80.27928939808656
80.38516581639824
80.03356005270922
80.87325792677514
80.14009541326655
80.06658240348587
80.53173389779029
80.14560285858053
80.46548348876196
80.29421398767425
80.24476989453866
80.01509105529533
80.7107412913954
80.53453737390628
80.23930738481052
80.13702654442072
80.02442607551744
80.83810415837345
80.01347908915268
80.37642448556163
80.17042977348332
80.16149225386717
80.06388261463196
80.19717803934552
80.00720915472489
80.85222133145716
80.83663786217278
80.58629354247452
80.43829156400771
80.08074009854919
80.28877397490504
80.55914790681284
80.56594599206792
80.07986864525945
80.14098467807129
80.2004207623034
80.30572324612848
80.34865698810482
80.29922732861286
80.0621106423874
80.11605323155463
80.0582485077594
80.41774943807054
80.73460523187751
80.1539104324049
80.13377363982147
80.24081771329715
80.07375418267829
80.37272854327824
80.0181854520229
80.22996804589843
80.11393040597852
80.61778380849789
80.41570854627307
80.31332293051486
80.30146676084422
80.1661981141948
80.06647166415273
80.3288534405038
80.44408002872439
80.49641795015314
80.05449968263319
80.34308565787941
80.59110138106662
80.44080356699347
80.08302510706889
80.07472621184559
80.10676698372916
80.09943772024548
80.74222141858249
80.15747254944908
80.40281602956698
80.22016431086966
80.46729196458314
80.13497964196722
80.03943270251492
80.34978952169807
80.10081685553662
80.17157531458525
80.39087672531903
80.00505128290692
80.08082219527918
80.08099626902752
80.62420808891845
80.33734454987857
80.06914123179344
80.04148340689552
80.0269228373081
80.00718500954325
80.04925810104625
80.0926021152263
80.38466542525859
80.63437939037743
80.90948011591188
80.34252406184426
80.18196157520241
80.14526707507552
80.47634944655348
80.43055333995012
80.66082589831974
80.00838000663173
80.03579686476291
80.09774846912248
80.12159804942459
80.25787017109715
80.11676839955925
80.36420285577012
80.34870519495288
80.41703988329022
80.00036653524843
80.10477065684415
80.27920727911165
80.04853664688052
80.20785217851994
80.03756560184969
80.26722166528059
80.20614522311907
80.0409112909464
80.11496730034804
80.188138009778
80.22309648355235
80.18065762343733
80.62966390678802
80.02965585078793
80.28617376225303
80.54780282797176
80.09740215331834
80.02181640646661
80.24913016704
80.44616083072715
80.15607534855938
80.59059542949493
80.00818687843841
80.00827393594959
81.53037839533363
80.04876550485908
80.09219873760104
80.17326028890236
80.05904236650642
80.00898359000239
80.14657567306317
80.12312899482649
80.1411864499497
81.0945624885116
80.18775077117533
80.45654964377464
80.25636281002294
80.47114697561165
80.51078029138955
80.54072233652326
80.00307442351395
80.64970921837063
81.0088504454447
80.07427387048395
81.00198275043107
80.07013832752047
80.32594879520448
80.14947919692925
80.04310424725914
80.01875943581875
80.0128831413159
80.36319314375517
80.05403588292288
80.42355006668046
80.34114914724834
80.05346427862003
80.24176040684564
80.12382617430504
80.51961557604665
80.32824735949484
80.8237811809123
80.06518201151826
80.39419814337472
81.49256541437218
80.17205224310811
80.21695560798238
81.85863391106557
80.10052485240887
80.18155831769646
80.19990754660392
80.062745023701
80.04312710998396
80.13287854225037
80.41661943714618
80.12067682389473
80.00980502704759
80.02645815616077
80.7657221663726
80.18120443585705
80.2106905468037
80.02846373417329
80.08431722011422
80.55176683011385
80.67334649744886
80.2635394778633
80.06348533518424
80.02366574134832
80.14659138293713
80.29359392409555
80.00398782548743
80.19739430977249
80.15864495562866
80.48352104360147
81.22142345375376
81.22751484329375
80.05520321784671
80.44009403982002
80.23019232094525
80.31490268992582
80.06876216391936
80.30438042277606
80.49455469415771
80.13852783328886
80.53610923444401
80.88049234865707
80.02701138211167
80.01987904937795
80.07038845859486
80.02037286715722
80.03836190400972
80.45435374175061
80.36552310735804
80.42277426007396
80.23888725487555
80.86141060959933
80.02223627965024
80.15960824156663
81.26423386598954
80.06659231156365
80.689773542851
80.0346024629919
80.2544177063434
80.063862553674
80.00333295849175
80.37507317075544
80.02820355014117
80.15653203473808
80.32304176103918
80.09281980331647
80.1994056688753
80.06365634379931
80.0672206682639
80.03124005342085
80.09527562375156
80.04413172702367
80.34146579672725
80.19794738518323
80.063453568558
80.89519325102204
80.55033081861167
80.06918045836481
80.47853187034946
80.18841280449165
80.0434123049154
80.34506468542651
80.05939410224819
81.98119041775293
80.04582764826877
80.00536448857113
80.67569343517482
80.38809969823471
80.05008534321937
80.05496979472049
81.52731514731418
80.18801157453369
80.0270374970939
80.03181018419474
80.1170193623114
80.03822509305246
80.0754103315911
80.3786657537966
80.09038682512546
80.07161508589567
80.29591524528551
80.11114530164211
80.11120567679563
80.2628924651929
80.19761793373216
80.13332584813102
80.23216133433951
80.16072159285616
80.02874214125069
81.39372083953494
80.57065753602119
80.20469569980322
80.20576840085027
80.12431497855424
80.22355625595264
80.1880378641769
80.52683077281664
81.19645802827728
80.01191593478345
80.03295267085802
80.502498838093
80.07948077209367
80.24588423432631
80.64837611667744
80.03065366894536
80.30708896533075
80.56451518598784
80.17343395008749
80.11289443169574
80.4958200954384
80.32353665913612
80.3501210733199
80.76383384031031
80.68508094238086
80.69138308918681
81.11711714149207
80.33695798624392
80.091031670729
80.68387408653075
80.17346908037727
80.44056676967956
80.0965106745878
80.11175254535381
80.04238510429995
80.06594527420668
80.15276882597486
80.1512303419686
80.21045325255756
80.2438960875595
80.79088723535972
80.07136774644869
80.50602170373584
80.09466088734767
80.38690032783717
80.22788032104943
80.04268603651157
80.17830168676397
80.74191967942645
80.04637285050772
80.09174794906917
81.00390780900075
80.29469029674415
80.63863155527216
80.20423839760491
80.15502682308549
80.29392741547709
81.33555989539846
80.73822686955548
80.14349431605251
80.3779751958011
80.20596899412003
80.24316402364413
81.48141945385407
80.2759276434973
80.1589758863345
80.01700655557262
80.1388448780182
80.01404735696029
80.02660498102134
80.52862323769507
80.47741964097703
80.07864596695245
80.05326782738871
81.29565464046027
80.59585592284112
80.1095488642657
80.63254891646812
80.24662343056544
80.07018995098413
80.04954067596323
80.53302822006809
80.04813665274585
80.06879052660113
80.23348006096691
80.04893912866441
80.07201100691654
80.15098120924945
80.60849763220972
80.34122077800387
80.03485485375658
80.07720982851527
80.17664664591696
80.40991329122257
80.1937990265623
80.54041544827415
80.60396318384231
81.14134525720381
80.31317111038874
80.20659176787923
80.36121244976674
80.39134590290757
80.76430124324015
81.10809393644922
80.8205652447056
80.71601206973583
80.38402550657386
80.18568574529405
80.81777907118848
80.14257599556225
81.14487256012822
80.05807469701192
80.60328088951113
80.05180408688034
80.43301321067429
80.566974356428
80.31085525608175
80.13817272053112
80.48787375972123
80.1913872779397
80.74547176024352
80.36109095350132
80.05542256462934
80.13242705783583
80.08608422392044
80.31816155611237
80.07428953533208
80.67241736408334
81.79782092455821
80.0876001337044
80.22079201312702
80.5065796048158
80.30794262470648
80.19355670191304
81.01594119132199
80.24456666302873
80.45545054054257
80.24758660754877
80.31832206885336
80.02819364645877
80.13462893822187
80.03209751288081
80.2653704109756
80.01148114197818
80.33892165685283
80.12035988558071
80.08393767427545
80.16173741064172
81.48491828356248
80.11831691584948
80.04584109604568
80.11329137646682
80.24398655413057
80.17784517893804
80.13128321427799
80.56477420819526
80.01486212618542
80.08907400128443
80.75922202668279
80.22652962451299
80.6184645449362
80.6818707792666
80.39587539124085
80.22088502142913
80.25712410699752
80.07015595017927
80.02150227377041
80.20043373462903
80.36912156631762
80.00828078279218
80.08709428963938
80.25174855822587
80.44226868799831
80.54242329681577
80.27337622359693
80.87811628216792
80.28818117694867
80.49683477182688
80.32302594968124
81.39246143432884
80.11379833109481
80.72704872031136
81.10992943399471
80.06795797423148
80.5929658844164
80.74658917793539
80.44203387120407
80.3080130891475
80.65644383888743
80.77200503346188
80.30113519781379
80.2888560528231
80.08454296116372
80.15766374824065
81.29199046990571
80.24220453252406
80.4444151199124
80.30896056646458
80.20167798578092
80.19037742014434
80.3331111682613
80.89062568759007
80.33400644522227
80.10771793895911
81.00201271498761
80.16246503187833
80.29553313114518
80.15410646758788
80.35332473165056
80.02898765850358
80.12034743896359
80.93948288979583
80.03320528935154
80.02748690062072
80.10761469649216
80.37776902279391
80.83952559229688
80.43529428404482
80.09469128968162
80.31593894738285
81.04381765046567
81.47719144007279
80.59388568008103
80.53185829020293
80.05879156169817
80.47003471904318
80.27381336544501
81.11586482668126
80.07623368815526
80.14101813018131
80.1190769344565
80.11935153624951
80.18073899464784
80.27712950797265
80.89225386731047
80.02792655417812
80.24526558802168
80.42883450357174
80.04390765306525
80.02885662295927
80.10578395864796
80.75579792954134
80.0831004982639
80.37926487191083
80.01279298464353
80.19100126718035
80.09304914846655
81.40965082071422
80.44791819022207
80.02004118093483
80.24961606139122
80.60179030326988
80.23843880842057
80.12794212987026
80.37353261008695
80.12638242700805
80.45369877251092
80.22538582446839
81.48045101349993
80.01266106737616
81.67356519638378
80.0375863570566
80.20252204684945
80.0728569296903
80.27966494843486
80.6511564346777
80.25583187956899
80.09931833595994
80.10524526159874
80.23234306041505
81.62198303575347
80.74645708942637
80.3677875788624
80.20982452072181
81.81681809359091
80.6844783660525
80.42782032115211
80.85783252987359
80.1913709552405
80.95454229444553
81.13931987032028
80.38534254696557
80.28746113317497
80.7426719871628
80.11391228849989
80.62652774333121
80.01261587577798
80.55786657211263
80.1831165679699
80.11005985726011
80.21038411429569
80.4729897827098
80.5761554346194
80.01934011044291
80.48219716989063
80.25422001017223
80.42114982626853
80.00568893433372
81.46636394139892
81.14436781042782
80.13968639976743
80.00071447633476
80.97865468665195
81.15766486708503
81.40457600706675
80.89389974055186
80.2359946700711
80.13542202558139
80.03463736744058
81.02313401556574
80.0603336809172
81.05956894054815
81.73223663837834
80.41106869142267
80.17460832956675
80.24119066846157
80.56415455344073
80.18999984560624
80.09299480859161
80.35646234207778
80.22131018570846
80.12661108703301
81.75933674796148
80.19501237611394
80.02959323919117
80.1704880677146
81.16016579051143
80.08750395699718
81.42989982092874
80.13448637807609
80.41710757016548
80.11551580333659
80.6744829745237
80.05197268616003
80.27632947650453
81.22777819939363
80.10730254308437
80.17572938646522
80.21214822765431
80.3122991597045
80.51899824305
80.03604975108024
80.13054576658699
80.65915894367936
80.1763333185927
80.14257469032965
80.2828662339038
80.97408480019574
80.0084914831816
80.02727145142588
80.31939243569593
81.31621598827681
80.10832084951888
80.16967304313569
80.68098408616443
80.17200277200004
80.87534642060128
81.27706614994305
80.19882275388899
80.189777745428
80.10132847453595
80.01269927714033
80.29539736313507
81.53528967222803
80.29807695875897
80.22759819057669
80.85658730637137
80.08806323977835
80.16413726244733
80.07182064549897
80.7250232532067
80.01510542793861
80.39912552892825
80.50512093690567
81.0392823944106
80.1911319207877
80.3726940256643
80.48656947810122
80.77894616581123
81.13011798119202
80.25294130895526
80.00957257224842
80.08548121346617
80.21303859457352
80.1520035621932
80.93765340038064
80.82014735851409
80.00600808065076
80.75359002682801
80.62278113813299
80.20325175706006
80.21085796467203
80.59089634772674
80.10060953317844
80.04572929570493
80.28119942476287
80.36426954757019
80.75732750267777
80.05026324170694
80.16934832361963
80.17480369606282
80.29356070937806
80.67487309551778
80.03521850163231
80.19970554164512
80.03304878163692
81.21985814556086
80.10823968926637
80.67508691753305
80.43480834264045
80.02326772260267
80.25905612128037
80.05741640495732
80.12609479185495
80.00660314032159
80.30329092428323
80.32176674832503
80.22879268375698
80.42928552721618
80.05383065787592
81.17492932059012
80.01680431281818
80.13331248422521
80.97373089743458
80.0685423046814
80.25338061317557
80.00600812185976
80.06822920226725
80.00234707000504
80.49519770521336
80.01745447585344
80.05577503248648
80.09417921252434
80.50475919665233
80.06670603783996
80.49152390129305
80.21036370313192
80.03329412114428
80.18972675856931
80.2496700187165
80.05608520205146
80.31827230753909
80.20986398592798
80.08682706714265
80.06301814728546
80.31760813715863
80.20519747417275
81.22726279152623
80.24184345538116
80.23953946182084
80.6053472614473
80.04144720601644
80.2226370102998
80.19206759099151
80.3347739039083
80.09927620656177
80.09780531645077
80.36276776024332
80.73011009275501
80.0974357933037
80.54886720515049
80.0289083687627
80.55265159895528
80.14196205487913
80.47931220668352
80.18353251386323
80.18260970863145
80.21525932528776
80.12964502639224
80.14884797682056
80.11150594394007
80.29677768951434
80.84023349402246
80.13012489714951
80.77882347160504
80.12596854318757
80.03217859096176
80.16204748025767
80.1586439679506
80.09632689790688
80.13492623221924
81.03668787016605
81.12886214711716
80.01125986492761
80.92920654534953
80.65014825823094
80.59352226669917
80.69415770559525
80.4801338955772
80.35100176179341
80.56396359672175
81.41931644927551
80.06885290559872
80.1348935107625
81.01077607807115
80.1195863595148
80.3363335529657
80.00676776364665
80.294396330979
80.29870957275817
80.49792278076005
80.27185705376918
80.68344675571623
80.22836747520618
80.03604005337554
80.27780372619962
81.29147474787419
80.0046329222383
80.11760396149775
80.1304078425529
80.81003823160277
80.17977508460652
80.09335482293568
80.05933284102456
80.21456819162601
80.26518562796271
80.12808082216894
80.00329778048635
80.33499577790684
80.3942121772229
80.52721354016474
80.14950752561641
80.14554255896341
80.18240069368646
80.04866420006458
80.25861985434732
80.27720417976997
80.62617102000783
80.33212388516849
80.02777432360124
80.04106992577391
80.16735174191099
80.01959650746078
80.00999105574232
80.18204297344712
80.1226546379162
81.21433926347217
80.20032369248713
80.27173263142343
80.49290369173741
80.58235725948398
80.22100948536885
80.39642852132955
80.1657580276996
80.27220524441351
80.72291281495264
80.61948138044775
80.21893044379578
81.322715391523
80.00373091689586
80.04756880562029
80.12061102026453
80.69739150020663
80.99752521412108
80.13578939271365
80.00353255247192
80.01889978028734
80.11720922790985
80.14419400821559
80.39777484252048
80.25359173989182
80.0037262201433
80.10360284189844
80.19830423010072
80.4672339527911
80.43650579599745
80.069277192746
80.66458222429414
80.00111820046887
80.05907998175294
80.25037474889383
80.01113523514944
80.05791704775993
80.16776583647439
80.08763577123186
80.1197200382756
80.20850178758275
81.45025040077363
80.61551991249503
80.79185594613554
80.06469258253483
80.00649711452242
80.18784975005761
80.13516787122427
80.14713390169383
80.13512574907813
80.13601397800724
80.02417263659453
80.78225314918903
80.08522378857815
80.22660586274559
80.10099802658566
80.94354215875795
80.26989836804547
80.43090579516915
80.6865745223081
80.10170990365884
80.00085592647639
80.11802206228293
80.03472420419648
80.01627491979997
80.41177986265754
80.24074035845625
80.44224858018381
81.46366718812577
80.34966648089832
80.25482376960495
80.18732858583748
80.3405868113614
80.4410226138582
80.72084076042277
80.04756909380858
80.07397034230891
80.45517359469983
82.09041946825887
80.57347416416735
80.17667697015558
80.31326174844057
80.37398602674669
80.39092016323832
80.08203030640807
80.36015837424924
80.01893423500768
80.11593163320455
80.26461178454394
80.28404164605864
80.64519671985698
80.09091492247155
80.01226429745839
80.10288808482318
80.18498947293278
80.63897480660461
80.85556523671077
80.33685694445252
80.84365697004829
80.76258262239242
81.33767453652068
80.0831501655499
80.18912968721438
80.44496650893268
80.0657577197587
80.68617197574551
80.677709264419
80.0427379253291
80.03528311131436
80.29783527906872
80.80564695607166
80.21312983876193
80.06050459823462
80.0656403071359
80.05142759371672
80.9640133279027
80.09803327003799
80.04942888122777
80.67327074729593
80.35286070024276
80.01250034717737
80.12699495642946
80.11634695612176
80.473106206395
80.00680058125546
80.38574770073001
80.01534101685259
80.9303696089109
80.51445168890199
80.04677947948865
80.10645018419463
80.10719806621215
80.59383075965093
80.00798518140995
80.01209178539344
80.09672884468618
80.04495920907327
80.0126418327586
80.23539902801343
80.23972844575586
80.10421706992743
80.222417240387
80.58544564332323
80.09127081442224
80.12319557020338
80.0068711966715
80.11202119501336
80.52016483449738
80.58972478514015
80.60431957877546
80.1390794285511
80.37886762893466
80.21512655314622
80.25849441223994
80.047886082003
80.01911618301867
80.19688654966164
80.32123924655593
80.04797587657508
80.01825300726884
80.01235461683702
80.36694742687365
80.64900435622467
80.29921143203725
80.07856092309555
80.0927389582582
80.63348428739427
80.0633347475177
80.48314815161709
80.70020316706166
80.01713764171325
80.17605302023985
80.07852862140668
80.40411638521502
80.02202218973672
80.24436621824633
80.24274190073331
81.07867422404033
80.18635967117417
80.17804383767336
80.11228114501972
81.24833870232438
80.157398453848
80.78206405072186
80.1521449097665
80.50937758437117
80.36176712414813
80.37732539037178
80.46557652389315
80.03646225785153
80.47174321920387
80.21037341363636
80.04024302032781
80.29185856042653
80.32361413550436
80.34684760557727
80.55954054271541
80.40111801214076
80.13433118908564
80.64230598466844
80.26871864256192
80.97914813086481
80.36948089298143
80.29495383962576
80.0274976115646
80.01523580145485
81.5687605080577
80.40421846112174
80.83956368551054
80.06031899647292
80.24437588366744
80.51499812571623
80.07142587609455
80.66019092245008
80.51931222003716
80.15947838695023
80.04092742494919
80.73498369795742
80.08410478567659
80.16770672209867
80.07649491367873
80.07109504682138
80.05728477169623
80.06405378915925
80.38477497534832
80.29763715021996
80.5980470629344
80.68366677028402
80.250711811837
80.1910993674467
80.91688195062807
80.0707260940402
80.30524517798428
80.0452058978888
80.00146680856982
80.05522957829277
80.4545144479695
80.49890250189378
80.20560434842272
80.1496735766367
81.177310829541
80.07010409029344
80.02258643562976
80.72030439457278
80.29898822903205
80.09534004942097
80.86098620469001
80.10299764473524
80.53117362942135
80.10037280500292
80.9303470252082
80.13100589140392
80.46528295423236
80.30063597260317
80.53295730598731
80.11268564619267
80.52739301489612
80.24196366081169
80.16648239092873
80.17558662695201
80.22752061958792
80.29663931457468
80.14776308163181
80.4449957041439
80.69512439217512
80.04066058365365
80.46556548238502
80.60759748356327
80.18989208640458
80.49292680984142
80.07498742210146
80.48254631470151
80.02963064060998
80.17041730218016
80.03327650978828
80.55297029659835
80.10940633850329
80.39495274607518
80.79024305603987
80.08486143941508
80.14700107973113
80.02065080014738
80.02302426583276
81.29045323754063
80.18785636425181
80.40388120301827
80.14712029891321
80.093062044807
80.62408843043822
80.02002163038831
80.23131997597982
80.05184613508905
80.27309028490976
80.06000371400108
80.20562820174484
80.00900296701151
81.67706480564391
80.0030911674719
80.24176769229985
80.37364062189714
80.08563687660342
80.22795498241894
80.23950955568291
80.82484084084696
80.90737143145704
80.20489424453115
81.09318389994989
80.04876227978542
80.3590791377975
80.9194128106507
80.04784653360221
80.09578692400677
80.20708087814388
80.32073722580938
80.02914305597538
80.09209542156792
80.0490484728078
80.33817088327737
80.07906855696301
80.01863148973364
80.66979451237236
80.13150957679964
80.00274085684146
80.23992025343853
80.20342219006072
80.02009679381466
80.05782450690982
80.83156222573156
80.11662151595385
81.58839889211727
80.1033190658018
80.13290965340758
81.15918199326697
80.18074639754605
80.12976884239922
80.43786251153163
80.27805014280635
80.38226170272651
80.2923533473856
80.34788182674508
80.19628134884795
80.47847447418646
80.40582174035505
80.13888233186377
80.18429557307446
80.10747878531603
80.00767329414286
80.53018050335952
80.18327173688007
80.43858408867847
80.11210030779817
80.16512883698609
80.28029819926894
80.09928706057576
80.30826130684187
80.37334857587837
80.22316016628703
80.77104001086957
80.49210338819853
80.4968050434059
80.15393641087087
80.15468089421734
80.05412477687325
80.02501779168335
80.69668085054299
80.61594044135319
80.46574173607333
80.26908151007127
80.08763796294502
80.384770466166
80.04640347637458
81.06272742773284
80.67010168111706
81.5064293626831
80.50282688662784
81.25784272156366
80.24892832720906
80.34973555193153
80.05608637234273
80.05343649693509
80.46841186039914
80.11461544085144
80.01009746134659
80.37163032959323
80.26745795308706
80.0509486077088
80.6641785579195
80.09236692045307
80.00861027884937
80.65084027498513
80.55924123902619
80.18631110834872
80.41925837291424
80.09869039278485
80.22822274070116
80.81968859935046
80.67846757096507
80.18118235317874
80.00241822775094
80.04492732315367
80.44548362756478
80.2263395324069
80.24095336885331
80.07983588027645
80.34890496213536
80.24649848339817
80.179774284865
80.2207474737264
80.04489153077076
80.02626299123403
80.25155067023985
81.34757255862726
81.2608100268037
80.50608622020243
80.12796724925887
80.15024415002311
80.26702096812376
80.28655497354964
80.01002247041285
80.2350822616673
80.08065968070693
80.09327851499235
80.26368464708041
80.05750739672183
80.9702044898904
80.59377933545933
80.14932453761428
80.038001026461
80.02457237651792
80.63131543856029
80.35768588259161
80.33845881379591
80.63758589658349
80.10861511757275
80.0081081310163
80.1779688421651
80.01324459455147
80.09833246087068
80.98970273286993
80.35816457811667
80.04379928781546
80.00006838600721
80.10528563013187
80.7307231619035
80.56728094175428
80.1097072168697
81.16177781007488
80.02668382430124
80.05706767653487
80.05265543702944
80.07054134698076
80.29428724602883
80.1085312001228
80.096083006829
80.04959768932615
80.36441858325873
80.06656751339158
80.21887227300074
80.09559799413621
81.20816376941936
80.11308438662635
80.0102300567086
80.0328282802781
80.00569554209505
80.19051240867141
80.40403748656574
80.19693991564753
80.34498073123169
80.19594892791585
80.25620623738696
80.19697422634475
80.15164079988486
80.07870541956575
80.32647518876212
80.53026690272308
80.01892749794183
80.30828797866965
80.98611625191138
80.26756899044331
80.14332597175934
80.09894137590221
80.47768276320484
80.0457028132085
80.565999377191
80.46445691220501
80.18875249676641
80.64751157069217
80.19500279308495
81.41234280764492
80.64471417861738
80.01243568580227
81.71935690811704
80.61899344749185
80.09383781340466
80.16611133222082
81.33984530190172
80.09124866729978
80.05946389630417
80.10221774509564
80.02244934727355
80.0766510509773
80.34085254220233
81.30928689277282
81.28870305203661
81.62249738775725
80.32734578580298
80.10297115674776
80.6995143898036
80.44654234353307
80.27316333930803
80.25080380285002
80.83385952008025
80.32814655469697
80.53437157930799
80.31527599033029
81.74140051273497
80.48112139301203
80.1395266237155
80.3444392097961
81.08980877780503
80.05947312398705
80.1891878621506
80.07521185299103
80.24498554189944
80.42747075530954
80.26824934885681
80.19372802355907
80.30057570262029
80.20214304039204
80.05508560687994
80.64377899162542
80.01956556154083
80.78739714620737
80.38614547732098
80.14129405653294
80.50970648515968
80.04155785182547
80.53028195079794
80.44239520340335
80.03905899385649
80.09208802487458
80.0178312196035
80.72871542140116
80.01660147501902
80.30436334437556
80.32959064631521
80.24949411042746
80.10078511302586
80.39715842602715
80.61287072667447
80.49715010037649
80.80804888447904
80.24268143803165
80.29450225180433
80.31514793372284
80.03717375404537
80.33586497360433
80.3075297578575
80.31536620037657
80.13174443671514
80.33258486858146
80.05411719451627
80.20972606216091
80.91702033666354
80.24059501884486
80.18650903181558
80.13414493152301
80.15694420312077
80.49143266576903
80.05066112640434
80.23004342866037
80.73118024772077
80.49036285041055
80.34803058937503
80.31017243509089
80.96669204522983
80.71973427782014
80.9836355916577
80.30274892058145
80.05524987404299
80.11160357373262
80.15682305911616
80.00568521819973
81.2141066496974
80.11652380361517
80.04990119148144
80.15025223948577
80.21951712389087
80.45215625927977
80.30222611987345
80.87772287040889
80.98613612388088
80.41474099159126
80.19366354097104
80.10843351609635
80.33481318643446
80.54676607952449
80.03071610725036
80.82522363810894
80.44905706640385
80.07372376448633
80.13045698126292
80.78193357351392
80.0331933359088
80.05244794736352
81.33995578756242
80.55564861102002
80.07795510279297
80.92500010623698
80.07032618919831
80.36368031438586
80.01134912636523
80.2456763057839
80.18791100456548
80.23222201690008
80.5163727927527
80.71024489973509
80.11641202362448
81.2968767734462
80.81935827559684
80.19796969044333
80.0864792237587
80.6601612578225
81.1508073202034
81.0063950353308
80.53658760025475
80.16095717773062
80.47747080041535
80.04019400387183
80.0732182985091
80.28344009722237
80.72342064547212
80.16232170341904
80.7886706404378
80.22230950434663
80.01416632636301
80.30104235148174
80.0436708532988
80.80721941382768
80.47820893302713
80.51368017236041
80.51647255341624
80.2310044882933
80.24626411504387
80.19160653684595
81.3387268326911
81.01207762195833
80.29729165700861
80.26550748984737
80.97317473256902
80.188170612107
80.16752876363877
80.75163784506168
80.09718646840919
80.47149557345104
80.6070634855922
81.23440542888547
80.5092950967918
80.33306888205388
82.78636846734432
80.12136466954283
80.3545090682891
80.24660272250944
80.02249431694958
80.04901423181316
80.3013835951062
80.57240202952887
80.23795577607181
80.52939236579134
80.2495426751639
80.95915406467424
80.28110018102798
80.09163428728982
80.62419742998043
80.50460295927797
80.57333207467433
80.63185439317618
80.28506931040039
80.19549947086774
80.12747502422908
80.32988700750408
80.07800642731324
80.13970033905844
80.40904690279791
80.01489522879861
80.03647532480204
80.5352086139202
80.74156432491394
80.1390506703444
80.21016423755087
80.12403311276711
80.96537769719312
81.27768821961996
80.03448463203318
80.07727671407096
80.04399377142443
80.86591680787008
80.01003206982473
80.07500446364729
80.0358278705514
80.25046971005825
80.01401512729424
80.62598372991461
80.0844370453998
80.17789757750968
80.27193985862755
80.09060217800281
80.33224332658702
80.37179048386793
80.88614616423092
80.95077592934668
80.00278954984846
80.3655623580699
80.07255615075178
80.0443421267254
80.26320925629585
80.00075667265219
80.08057639865451
80.05462838875641
80.48472419531171
80.35020255836706
80.17724044460248
80.37820028843461
80.19695583626033
80.0646113232716
80.43712666563943
80.4831881439995
80.35708753409399
80.48997043974452
80.69951469047002
80.63691335360521
80.45555232801574
80.10733742200082
80.80426089345717
80.11959404640386
80.17606856050112
80.11859975291486
80.92592423885421
80.24602010823503
80.0961747700236
80.28310088849716
80.63430358497416
80.19595639394035
80.01261159678961
80.85046452520099
80.2964777895766
80.06762701921333
80.40990689923892
80.17111578696435
80.25938703652176
80.07320312104602
80.2915266314972
80.84110501189151
80.35540014643003
80.00287609769697
80.05940653647336
80.94283482119333
80.58921862235479
80.79508874926054
81.04704875201958
80.43530921260476
80.15222954491735
80.00911872232217
80.31757741263118
80.33870052889783
80.30716244857992
80.65159150822807
80.03720086530498
80.17308269481187
80.31071742952705
80.00515229096968
80.1344294456559
80.26199218725509
80.3154942761639
80.09958941630474
80.32862354594205
80.08712713118892
80.40689741144871
80.36797093807141
80.35229869458334
80.35620742911794
80.22623973550009
80.36208225802463
80.17048942435147
80.35150722635603
80.11281479288637
80.55131840674186
80.16424066958746
80.10746880129551
80.078491832717
80.36051886956633
80.20738293441853
80.03229104414835
81.80831523915057
80.03753069806565
80.06691054973746
80.0033994777137
80.08395350336221
80.27247498718232
80.01063398186359
80.05226187624008
80.31830643518857
80.22671736908065
80.38223327489087
80.29488759825685
80.61833330176864
80.27337638679414
80.23920483581259
80.17709309303679
80.12370200306721
80.01414443119916
80.02120587892519
80.28757422284784
80.11533824636608
80.29040300312538
80.62948527973559
80.62217415257066
80.32339211474206
80.09356087934829
80.01603990531429
81.16698035898627
80.52782049212196
80.2179458038351
80.02611414615336
80.71324693035623
80.6889810799294
80.15275860240551
80.35882251028066
80.25850883725391
80.2745954303409
80.03814458774191
82.31690881165416
80.09286727798171
80.5847905408327
80.08622125318499
80.20878801907618
80.20203986257116
80.06351920902797
81.18239189179137
80.56159027764866
80.1863385904453
80.49875856948921
80.71628003733329
80.21085001255817
80.18975669916813
80.02082248056723
80.1868226763809
80.30107804156826
80.02633918300043
80.61062637620009
80.45765247209319
80.92723080354014
80.23594244212266
80.89864535755859
80.30377534888746
80.06400085086082
80.11040305504443
80.03635419218611
80.00495422869935
80.32468369602934
80.07079367800372
80.0814391825329
80.13519798862265
80.41176530177745
80.35708996014341
80.97051048977436
80.25829919517022
80.39803281011297
80.35305628730252
80.07094040901853
80.10933049205498
80.18760704776889
80.09835956306276
80.26370320290121
80.21146979596142
81.0586114250183
80.08955018732307
80.45783221385284
80.08084862765189
80.2065443715997
80.00037338280956
80.23767769226134
80.41416920276569
80.21365858381765
80.40037989290566
80.13145268966353
80.43398340402595
80.40580595394336
80.0655215672357
80.29596631648442
80.9644262792132
80.27728175094964
80.15537733270858
80.61598317503997
80.33594476609265
80.11542662467019
80.07830241574139
80.58878722243492
80.70200915387277
80.88163506341876
80.07879918766484
80.45990506704413
80.17292670376712
80.11344459109439
80.89487513091126
80.29293104109568
80.12370907465615
80.10046365303681
80.68353627364169
81.09292149125399
81.86036230495844
80.10548971458918
80.32967868147762
80.35304824938102
80.51312777631045
80.04555960519812
80.23705120808073
80.42770216127258
80.16127008327403
81.38209665191111
80.39054146044508
80.21577812571542
80.94865355020887
80.4401836314306
80.12947069786462
80.54310951856742
80.21062413681173
80.4771302292913
80.3909988433729
80.05742039559894
80.35669432208216
80.37799746778157
80.25133448484836
80.30156901011169
80.37845802210695
80.15545069418106
80.04877700513505
80.2970660556581
80.0620925130374
80.27328930902505
80.12333400002451
80.16842754843006
80.02149140365184
80.02252757820688
80.20913885501965
80.00304005611405
80.08561839554882
80.31893497659358
80.01470445195818
80.16899645560243
80.24255301038427
80.17973448769919
80.03363780818944
80.0393991157991
80.12110703197689
80.02476076930019
80.22626606350087
80.09590031739174
80.12636263820639
80.24219915390411
80.1899795756941
81.29417923497975
80.10300548319947
80.09944250586204
80.18460540428022
80.44959536525789
80.04801713059366
80.18376865372754
80.14585496245084
81.40371879524957
80.30026582151274
80.09397170914416
80.36088907362873
80.38892761035122
80.03213829550295
80.06452504730268
80.01518417155211
80.19563969004285
80.48397505362814
80.33142877063682
80.09854461330258
80.23271533017962
80.22500562571997
80.49425965393117
80.88963319293593
80.1841990803477
80.06945292753376
80.33858588815684
80.2412541338353
80.29889436471203
80.05992253052051
80.05865240676337
80.07882998533194
80.09144045401422
80.28203030693253
80.20338745340489
80.16398966862802
80.61466444875818
80.21084866712043
80.5223818788621
80.04840012863504
80.09523180934727
80.17711339313968
80.55154943345991
80.08232242905787
81.77369328087876
80.55966691676434
80.6565534360057
80.68478182440847
81.15167164110187
80.07333480572343
80.51991203515723
80.45177269529496
80.34227845779863
80.00673747535339
80.0989144769281
80.18155619372159
80.61420569228467
80.496153813016
80.1883672348358
80.38386952059273
80.33743648677549
80.3588746180026
80.03066177240645
80.23892477427617
80.64703751477008
80.23885967398837
80.73245799059873
80.4599958391098
80.20589957012717
80.41763619166832
80.21283535560048
80.20018906623808
80.02698991760643
80.08612661997236
80.23876094555054
80.04661817761978
80.12036569414497
80.33523211674164
81.20416103614392
80.0366464228318
81.30445723992666
80.06522006515378
80.37710272093183
80.22201059647543
80.06767142211713
80.00234152532046
80.46685093505049
80.2777789511808
80.23997161285493
80.64512390433339
80.30388844122
80.28732791828014
80.04129553640868
80.95920616116985
80.02419291681814
80.77563377003736
80.7032326198245
80.01651209870168
80.2042220993756
80.09478411414379
80.09676025905648
80.11788884204587
80.23274042756002
80.38018718367601
80.14518815698334
80.28569138729522
80.07195909213264
81.02973972392375
80.00775364866251
80.27017794049782
80.15047963268508
80.6624918369579
80.33057703611911
80.11478764440214
80.34438309791152
80.85525871454483
80.0684522651541
80.10803383536742
80.15647147500168
80.07971489230529
80.48746275157953
80.54100126962275
80.66423178404291
80.89271559842686
80.0293070204529
80.04800135960319
80.10683662093987
80.31204370247424
80.0477538798762
80.05632251850139
80.23438760786141
80.69372217959847
80.444314599603
81.09836671866923
80.95319052086064
80.52703599785522
81.14375445184592
80.22836135716207
80.0465426278622
80.27573955147972
80.41759983329531
80.0109868543323
80.18640856858514
80.23127287482264
80.58191567656465
81.01599083434434
80.573092385643
80.08987305187625
80.00960253612128
80.0409310146703
