186.4176498052967
185.0588467604004
185.5049278664154
185.1561286136649
185.3479742653355
185.3613421443416
185.0685789409337
185.1706776489748
185.6367761687573
185.3166556226089
185.2420550561084
185.0220760929977
185.3169251949848
186.3030116222951
185.498629390861
185.0680665596622
185.135363722522
185.4745493941533
185.5930324782205
185.0028359626069
185.3841502944096
185.1285669318796
185.5978363267375
185.2784532590902
185.1251511583537
185.8534671991638
185.8488618676288
185.2478070565732
185.548599069637
185.0238625506824
185.1024859992946
185.1009464531799
185.8302014605535
185.1135251884923
185.0279728550262
185.4368852267783
185.3481476537426
185.760585728991
185.8409718291597
185.0060619054421
185.0175020873583
185.0618124331298
185.1018745624243
185.0960908929422
185.0149982055439
185.9672024251309
185.332179344337
185.0356011624548
185.4468121826509
185.0615556809124
186.2217026139664
185.2973791937369
185.149101316417
185.1657667511201
185.3054716190493
185.146548167218
185.7087155672426
185.2677218858885
185.0179893521024
185.0477113443807
185.0289182620047
185.6756531803152
185.1756770385663
185.1867890296266
185.1417806576932
185.1345005939453
185.5060783924508
185.0168120949806
185.1419808166556
185.2818419036033
185.125942834155
185.4929977650797
185.054165528447
185.2967203471898
185.1243349882964
185.4286914609925
185.0425112464744
185.4960480007342
185.3159204723603
185.2777595990744
185.3075748762643
185.2171446799918
185.010891603985
185.2799842972494
185.5248775808388
185.4500575198449
185.774062563649
185.1520472402688
185.0310890714335
185.0095189598723
185.1403237719327
185.9421174365826
185.0330389480054
185.7182775938493
185.7976989957226
185.1648414037525
185.3714832780024
186.3627844142627
185.2048452447216
185.217395304054
185.0480501136441
185.1965759702026
185.4563680658765
185.1080696978784
185.7722862376187
185.5347523540743
185.098336769817
185.1832174395185
185.500423704328
185.903652454147
185.1081355601717
186.238504914004
185.2018754533683
185.2394514834032
185.8880422495233
185.2269989011646
185.3622449914899
185.0827349049795
185.2492683078495
185.3704053331868
185.1095488471561
185.1795433977186
185.3864347134427
185.1233566061651
185.4782494310131
185.0069317768457
185.6476747616822
185.4647642808258
185.0258673526982
185.2933448777253
185.4227404405024
185.4482612928666
185.0111028963931
185.1241935555005
185.2394608569962
185.2095587870544
185.0853457690608
185.0863914564978
185.1502273584235
185.2386245670187
185.283072119843
185.2611125190434
185.4799824270068
185.0140569418893
185.3292512792483
185.0172690632182
185.2574537208522
185.656392661593
185.0599736209618
185.0720727372885
185.3979978937858
185.9736695788783
185.4777340358472
185.1868228436371
185.5581940544058
185.1949136585651
185.0384565923113
185.9542120648542
185.5028192933665
185.6455906236091
185.0671999981002
185.2247147484215
185.1807537478783
185.0567303103003
185.2466401624906
185.3263825936221
185.4371588128779
185.2852097757424
185.5034116237914
185.4920840816397
185.0420036906883
185.1649567588321
185.2420943393564
185.0449503522126
185.1365977148901
185.6605467543501
185.7537714922505
185.450064160883
185.4977345384937
185.2067736154534
185.2763570590402
185.1333440160711
185.283215470127
185.3001484126752
185.1054751250902
185.2188411237728
185.0374071636672
185.1449383245257
185.045347743762
186.3549555006543
185.4143305702077
185.0199978938836
185.0674491034881
185.0492119415891
185.142337061671
185.0183247687702
185.0619101880028
185.4525114424357
185.1344255659012
185.0743662380854
185.5465268171277
185.1301297789703
185.018069546995
185.3237957738565
185.110296441217
185.0526398846846
185.0581585172747
185.907068114083
185.2502692415429
185.3767385363693
185.2407084470898
185.1170080555723
185.7570871921303
185.5979632549022
185.1483318588856
185.760772889214
185.1552225137176
185.1078193465131
185.0136916718499
185.0656483947203
185.1668121631839
185.1028896271827
185.0458992678544
185.052486265277
185.0765279295253
185.0060075233353
185.0563634539834
185.1482269490826
185.1565621825226
185.0917494360458
185.7380834445846
185.7816829512205
185.4490848809693
185.5928888968872
185.3256223280909
185.5886134789628
185.3391845505957
185.545945699911
185.0210662583162
185.2139296879753
185.6210239054393
185.1027877153493
186.1493527425773
186.7982020137988
185.2513247734199
185.0137721929179
185.3822705829002
185.0156867911784
185.0486554184795
185.0443501834006
185.4910430986406
185.5820188915439
185.0653356775503
185.1134372969959
185.0270426667918
185.1786579330717
185.1045091975365
185.0515728639568
185.1887239753221
185.0350023622961
185.2067936221947
185.8094564299751
186.5033877148695
185.2322886786417
185.7967897717985
185.0854666258242
185.4995679588247
185.3533424371668
185.1180835025229
185.5085147382496
185.3226446595323
185.0384717754689
185.0628422255345
185.5907973032956
185.430015779736
185.0611845625506
185.2069255601463
185.3359643406352
185.485329864546
185.8254477318569
185.2780468270859
185.5520517128557
185.4994645520154
185.7969766131837
185.1147009076125
185.1128695936002
185.2151174015252
185.4603575124536
185.4216403408741
185.1324053150927
185.5516821713838
185.3740883614664
185.8015929875101
185.4746402065443
185.209396075625
185.0417456509151
185.0348554748205
185.0460536844621
185.147619866658
185.0652589833453
185.5571207637109
185.4853932706517
185.1959110377038
185.2483265396218
185.196357923436
185.041954332413
185.1396475931784
185.143727516518
185.0387129023681
185.441147134853
185.1491913831476
185.3802427545972
185.6926844982399
185.1763118552049
185.2062825456444
185.222373404519
185.2998132118315
185.1017399893117
185.6445493624324
185.0577801518986
185.0220173872639
185.493211899309
185.6783680033388
185.2143529952069
185.2616131354546
185.7031742558403
185.0180711946996
185.040825831829
185.1198004212624
185.4199724169767
185.3012134595845
185.6841075912176
185.0933042669341
185.549227795325
185.835173609906
185.5900255170547
185.3187888697266
185.3482512224176
185.1351600264119
186.1076734271186
185.3192138491503
185.0093243380892
185.0099662751922
185.5814994260179
185.0857078057526
185.2642658386633
185.6701870329923
185.4629957666159
185.7350710302262
185.2076397120949
185.8807459161339
185.6516362688596
185.0746224618569
185.0900294986129
185.1941408796969
185.9097060322947
185.0112492450367
185.217534710744
185.682298507931
185.6784066920777
185.2241268235626
185.0125836321367
185.0367341899803
186.0337047471493
185.1512845016539
185.9675802323721
185.1254203068769
185.1790685344565
185.4220427245199
185.0871612394416
185.190352662209
185.3335999348627
185.1347691402702
185.090629630663
185.3666553990515
185.0806782399302
185.3300897364932
185.4752999293398
185.7597886084212
185.1773533345784
185.3223537915982
185.1396291420371
185.2239860723112
185.6461502759615
185.2635972496256
185.6424409954695
185.1795152154251
186.2737320948868
185.0540463175006
185.0192888371693
185.3246784163019
185.5249320295453
185.2395739445599
185.0456214774628
185.0401213353013
185.0396952322538
185.6066531294955
185.3624425475747
185.6745862794746
185.0564747813462
185.4899185868755
185.3500838677702
185.9204676930086
185.6644712625809
185.076273548097
185.3794483260593
185.040201627708
185.0804802293682
185.0752237712501
185.0047162906349
185.1408513100186
185.0027842574169
185.3482326645085
185.792685489743
185.0102543324821
187.191393308182
186.0278998966307
185.2145192999059
185.3269975262837
185.0703765436033
185.0361018005773
186.3021224745978
185.2623080561847
185.3198968449767
185.2153015983314
185.7990408230533
185.2235198754556
185.4579926298044
185.4333709862231
185.2787207776671
185.1371285175686
185.0382481126537
185.6593252285517
185.3307072998869
185.0690154890837
185.8219945947454
185.0458984713791
185.4162568490074
185.2145347548837
185.6251530293087
185.6438387144163
185.3849675399234
185.1154990179009
185.5272717799392
185.5282783250308
185.3579990277357
185.1116001458236
185.5704753983548
186.2837610614777
185.1303433612331
185.1055228787157
185.2199651103245
185.0377258429933
185.2702991690026
185.0713819460734
185.3077786176013
185.6546703142848
185.2651777383512
185.0500476402033
185.2289450687148
185.4046882892835
185.5571709362542
185.0119931774424
185.4043089540532
185.7383785175029
185.3674215443292
185.2722877216346
185.2608871907147
185.6584220779628
185.2928588768865
185.472891785392
185.7190811822229
185.3753723502429
185.7296518736541
185.0844146437072
185.9932885258567
185.7360343500278
185.0694673546995
185.1113222390399
185.0036309083213
185.1421399486381
185.3848696511139
185.359074346738
185.0813627821429
185.0569342332298
185.7520028119589
185.0431281991988
185.2363573115372
185.1638085115914
185.2257252102966
185.1472469396579
185.2396932185905
185.7725248484169
185.0578476124242
185.2210358936593
185.0292993074975
186.1221574469801
185.3395022025938
185.0760574481297
185.4983128094087
185.8262797638166
185.173860346841
185.2586064847713
185.0103545218534
185.532655493848
185.2476861688242
185.0983630733272
185.139163838653
185.4237958763759
185.3228387644434
185.2049777587039
185.0253746377598
185.464380439974
185.5997114644694
185.1350710499103
185.192810326283
185.045392059896
185.5463352228506
185.1183001130716
185.0680340520744
185.080357010049
185.1705491136336
185.2364659546967
185.1027506375662
185.6911863715151
185.2650619167725
185.1503478278406
185.0048691012547
185.0375067852968
185.0965599566128
185.0771137316627
185.5064654887306
185.1503608181687
185.4856983540761
185.0956314538897
185.7180680909628
185.8827661791242
185.2782602890383
185.0101780982442
185.0725282197949
185.6356585429571
185.8044370270864
185.1161141628143
185.2668119500832
185.6565952331154
185.523676558878
185.0757014053211
185.6617244295252
185.3648746346109
185.7299462583302
186.0267105539655
185.7389982837156
185.5202580875074
185.031971877771
186.1292463253017
185.7034941283895
185.2423051891556
185.0649246100105
185.2609789184137
185.007531626622
185.9926221677426
185.0187021144001
185.0907894989027
185.5052366344396
185.1168683805325
185.1891449067907
185.2515514296374
185.090224136253
185.3182985689191
185.1613055228886
185.1148106183072
185.0889372065848
185.4467204814028
185.2994501503495
185.6155779287669
185.1294254678196
185.0465726110151
185.1248961208078
185.0814394758696
185.1514150979344
185.0872759281299
185.4047564936053
186.2066075253963
185.1888053926963
185.1070898171746
185.0503662985501
185.1910209228953
185.1649888552762
185.3098629520798
185.1194224407541
185.024654776641
185.0152808129926
185.8514632362072
185.0063513292834
185.0566918273942
185.125278268639
185.1146383703816
186.7719040111437
185.2224495633536
185.0932534170237
185.212385868728
185.2503103388831
185.2014594979716
185.7523772002309
185.3975569033508
186.282601461205
185.9808466027331
185.9498745751436
185.1728892393456
185.3300853332904
185.1732042891031
185.3131053438968
185.5495753018968
185.2342520241008
185.6536888690748
185.4305977115364
185.2142630508039
185.310911195607
185.4953153933055
185.0338909251052
185.372782437376
185.160316546894
185.424272553525
185.1482985312255
185.0347703763373
185.1038261835008
185.4378631831377
185.4170348692284
185.4337171373666
185.5291751743263
186.2102305010246
185.1639759686188
185.0425083955501
185.5374858121359
185.3456420684721
185.1771972101563
185.1346826815385
185.114379847796
185.6143989570779
185.2404829337295
185.1842707078906
185.0922444246306
185.2099681810678
185.1458403147485
185.4052043253237
185.0925952844497
185.2361687203965
185.179609022726
185.0571163549145
185.1331657360816
185.4946905528815
185.1587988119837
185.0201488107182
185.296303629236
185.562329872382
186.0021837914024
185.0848367315684
185.1921271751435
185.0649086542683
185.3455422901693
185.1403712454021
185.1070458626074
185.2479653841444
185.4014100178897
185.5897434503196
185.2896669774421
185.8985234438065
185.2723078680411
185.3956906402643
186.0067232977729
185.6873010244877
185.2885084288802
185.4172452827176
185.7751053063394
185.0043312226824
185.207562185728
185.0609346902925
185.683679001195
185.2154587323784
185.2302028938276
185.3341016337349
185.223641225696
185.3982289672291
185.0176698966253
185.0084430257732
185.2296989326902
185.115122112512
185.1511554859698
185.1024220289034
185.0725668685904
185.004721393646
185.055756968686
185.3213243736558
185.0972899133743
185.2677877175187
185.0453035107204
185.131628899517
185.3890007879927
185.2402612439805
185.4018211221604
185.5210607355216
185.108799755774
185.3337713095501
185.2799506973902
186.0268113268245
186.2390274156669
185.368655696222
185.3222498439306
185.7442278684136
185.5513611167667
185.1972140389739
185.3446145500158
185.0162414464448
185.500028994012
185.5269120369051
185.3150236512891
185.3164438535949
186.0007995473804
185.3219590261922
185.0856133306456
185.4855630660527
185.4409316761344
185.3227125210362
185.1220545035441
185.0027237394125
185.0712015686977
185.1233675274349
185.8334936005533
185.2312897357715
185.397447414333
185.8499130618014
185.054512663642
185.1932472797981
185.1234770169638
185.0353761705404
185.2194131355905
185.053429657128
185.9011024280981
185.1286479830234
185.1753533980886
185.0578200135417
185.0123259074304
185.4943415320531
185.0346656836244
185.5630410665914
185.1210905614495
185.5141975239014
185.0012867421564
185.6094119036706
185.3059676143288
185.1211262767692
185.1739244135438
185.0561715915197
185.0549370865971
185.7238985709769
185.1451645900232
185.0665476674066
185.5109373142051
185.3845880497338
185.242382001245
185.8986365612842
185.4050311742451
185.1763933150816
185.639893138552
185.0493505642982
185.275345524137
185.1231889914672
186.3469346144347
185.23595624457
185.3003747866194
185.1153872057964
186.5489045025655
185.1160014419045
185.4327777077765
185.1871987363084
185.2964201643093
185.0277653521798
185.173692670752
185.0408858373519
185.2213637818313
185.2944878796995
185.2488992723353
185.299234047974
185.5176846250822
185.4077939796464
185.1184835049822
185.0133535868242
185.5602996721293
185.2909405986215
185.1244195556264
185.2302458180658
185.9314575429462
185.483786569754
186.2999324237243
185.6659011560505
185.1923903358908
185.0489354562483
185.2004339990154
186.595687197522
186.1717383235466
185.2054721359926
185.3192024296418
185.1918436392603
185.0475054632095
185.1980020827907
186.7996996799478
185.3857305149153
185.5748749510659
185.2684119337419
185.1726538006257
185.8817765445157
185.4531333060954
185.9947614344869
185.6226139510445
185.0656651042835
185.1724747066651
185.1240701165634
185.0884877207791
185.1676740624479
185.0523458512603
186.1980457821026
185.0469417811902
185.3581010374379
185.1897951323041
185.3458394058935
185.0519908784767
185.00126482763
185.0042023323529
185.2015763139547
186.2995612720402
185.0272533432651
185.1361910039347
185.1200670503921
185.3524022748223
185.1854262114485
185.2010469074077
185.0547399719602
185.5223935502729
185.2106272195142
185.6882286939729
185.3267235137363
185.2043612673862
185.0370301668895
185.3855674664856
185.0209935985317
185.6705166716017
185.2825635924439
185.0780783093512
185.1606649176857
185.4469435471542
185.1038347775773
185.0316925192725
186.294217313949
185.0291347060699
185.2943857381784
185.6651733287237
185.4257063441867
185.0009037814806
185.2647659685603
185.0768515905079
185.0686505757495
185.1278391085256
185.2197016691402
185.3120997727257
185.3388323918338
185.2364468519651
185.3485273594216
185.2208338681017
185.3391515502327
185.0002975982905
185.0988043027495
185.709107404385
185.1815870507823
185.3757682918136
185.2356084824083
185.3040244401901
185.3518772825613
186.8020779098904
185.9125948264194
185.1104341057223
185.3924207296354
185.2927228744033
186.0236629031008
185.1680209064039
185.285528710809
185.2117300046949
185.1791607171952
186.0216318876828
185.0312875959402
185.2368152951436
185.0041694955068
185.2368272896268
185.2220113567764
186.5077305445455
185.5601118817994
185.1296036771584
185.119487031198
185.1904807320519
185.1366755442899
185.0877060611523
185.1177398669044
185.1031012089753
186.0589465871275
185.0294262390922
185.0182999680701
185.7478897224532
185.2249659537635
185.1472311941817
185.2514986781339
185.3871271693166
185.717044128972
185.1557311641661
186.563223907289
185.3597868471235
185.250750936975
185.3245715918355
185.0510048344885
185.0425990165546
185.4804429795838
185.2677616657384
185.0275752996718
185.2073092249768
185.2670408312262
185.4636377441876
185.0896389916157
185.941557303232
185.5607914544213
185.2074710460698
185.360148678018
185.0071700149452
185.1278455997338
185.3072012352368
186.0593276873087
185.0891804670511
185.0714684215315
185.0987016037537
185.0081125322319
185.1043814358687
185.5289263539532
185.0400208073497
185.6838373431266
185.179128408997
185.0110452209407
185.0187360369634
185.3190566094057
185.1553618461958
185.1250942418909
185.3309531127913
185.5938821679772
185.5990314306652
185.6818824463415
185.5118870936232
185.6643872802927
185.0924132534068
185.0200774059811
185.6248142497452
185.5576851151764
185.0193561507771
185.818409576467
186.1586786600951
185.5704346300085
185.0960386329959
185.5340181779772
185.4846658962027
186.075959021811
185.2292003084228
185.214913114894
185.2163340024586
185.1478765557144
185.1551507204287
185.7101015931453
185.0493154855906
185.2319557293607
185.5641407916957
185.1890568953841
185.8161371026398
185.0087432287731
185.0406618393277
185.0396075909822
185.2749156816736
185.0040774403985
185.4997388021335
185.1368750893481
185.3531737203257
185.2808503779597
185.6502785023051
186.4408365029377
185.082236293604
185.5350037009077
185.0679575340624
185.1200054171842
185.1237761443616
185.1928219427312
185.8107919398172
185.7226971400277
185.1717112214271
185.2619251240219
185.1887109331569
185.1437026101388
185.4414275710269
185.0966977346311
186.5862498781647
185.220481964735
185.2919750513884
185.0103137602923
185.0143278522034
185.6748850502247
185.0416410177392
185.5506904363019
185.339045306792
185.2854365238472
186.0501190151053
185.2439866458363
185.3803407947039
185.1010853266938
185.8151850940209
185.176815375019
185.4813778941277
185.3330535192466
185.2993382932605
185.1962530429865
185.1663854697742
185.4098293285276
185.0344968484866
185.1275743747954
185.4525408599248
185.1311886561843
185.6274001228042
185.2542096513153
185.4299109087638
185.1484995523096
185.5404035298637
185.0298406780703
185.0720881953865
187.2566437850776
186.4312980663793
185.0912263049298
185.0635820920576
185.2312828070944
185.0933394831366
185.3466403075917
185.1085728861682
185.0465376119183
185.6671505607936
185.9611465575631
185.0172476080711
185.0295758210484
185.6892976970098
185.1897426052705
185.3442176015476
185.7472167658388
185.6868845239606
185.0218222029003
185.7305328755603
185.2822255646509
185.3191292548045
185.0860280124759
185.4765463264389
185.4192625399662
186.004240747543
185.2491414859953
185.814949017452
185.1055271408398
185.0351361971586
185.2074911086529
185.3383426633067
185.2805591159866
185.103958564205
185.1761487739851
185.5339760023675
185.1669884025713
185.583765471838
185.0028328620475
185.3935931134101
185.0301080453921
185.0268188561101
185.1191231166091
185.1199713138675
185.9496261588639
185.5489481926854
186.2460622605054
185.4731223545362
187.0959932562647
185.1982739257703
185.3718028556482
185.3596513620137
185.0378131493576
185.1906561701198
185.8032908385974
185.0293472927755
185.1835837083626
185.2034198596935
185.2802889755096
185.0833821532654
185.1194836271213
185.3256096824104
185.0459256071896
185.3784376900872
185.6678455330247
185.114558284153
185.291509634631
185.3307811860439
185.1221338435518
185.1639792962015
185.080692182204
185.1914430785774
185.105112524325
185.3086194630054
185.1914949471859
185.6459875976934
185.0889349924083
185.2156419025744
185.3399471527717
185.1756955957675
185.2728645599488
185.2493452911149
185.0241142186949
186.0814097848498
185.1048527133024
186.2091660119193
185.3845947601529
185.297281054448
185.0707129455126
185.9103399916796
185.0965762717599
185.3486840261504
185.1404804737618
185.1362233824845
185.7533427379434
185.1132341245633
185.1621302941434
185.1693450971266
185.7441426081891
185.6051057700596
185.0741797597089
185.0558637869611
186.35608862554
185.1139102758021
185.1332465909324
185.0376434050555
185.6166667872576
185.3721072377821
185.2528464894638
185.3740262509925
185.1400856844897
185.1637371096228
185.1543948360707
185.5374572131038
185.1323668381187
185.7053054418526
185.0915877095657
185.1714565800418
185.9611315814138
185.4894724655956
185.1221311898686
185.4591607704024
185.0292867166928
185.0144928681104
185.0593209256258
185.0556706854772
185.0675801629296
185.7125776908011
185.0709337420657
185.5543903308622
185.0443625784635
185.1504882044124
185.0545347634155
185.0295258561471
185.0708560345823
185.0389682764141
185.7857484952637
185.108110464216
185.1915116184677
185.0299997973403
185.2634829902358
185.0038634069245
185.1637004373212
185.1900467793261
185.0061045583479
186.6485741608236
186.0744649643439
185.1654640906289
185.1443753068399
185.8203945340082
185.400708750945
185.0860343288778
185.5589734199557
185.4456772149402
185.5665200124525
185.5052269436795
185.0560079960632
185.0603104152889
185.0006912536444
185.0676082675766
186.0983612295976
185.7908886953077
185.3347105395368
185.0341493635002
185.4514277726965
185.103972871834
185.0237920471572
185.6272276208853
185.1185865210578
185.1956188095244
185.7995904956852
185.1679007011026
185.0305072990774
185.2244674073776
185.0740664349909
185.0297038152854
185.0952723061877
185.5625310211146
185.6754092648483
185.1853579689623
185.04236080249
185.4995283119988
185.1417990513552
185.0606743710928
185.0383896839536
185.1457009541899
185.2759199381364
185.2568462295172
185.3011181744761
185.1466924624498
185.5329453109727
185.0620571569255
185.7233516302678
185.6926749399021
185.2497535840064
185.0489923800047
185.4673887752359
185.052547049198
185.0149165353331
185.2650587137949
185.0301298313001
185.0672474059727
185.5200678446455
186.0644685950762
185.0670933771804
185.3298338628888
185.0624873709272
185.0508265598361
185.1988918327265
185.0390096208116
185.3588627375131
185.5709341809334
186.1031936413941
185.375584924816
185.2275013230209
186.1132261088463
185.0676840352484
185.3157200806114
185.0458714501968
185.2380848285823
185.3956203575655
185.8739418152968
185.1656591921878
185.4329477762826
185.2690548750114
185.3677071801125
185.040648974138
185.2050696993961
185.3062094879522
185.5692230616141
185.2613790473552
186.2293045640781
185.393792730789
185.242446890372
185.0063026528248
185.2073448584989
186.1812413534084
185.0778629855898
185.1927625315346
185.0122077247466
185.2594337337151
185.5565803368373
185.0538263637784
185.6052405090427
185.0246366163215
185.442367730671
185.0187025249778
185.5648562932612
185.0430280324098
185.0550256340572
185.0179804106055
186.072299913993
185.1418523295844
185.3026778374583
185.1114715265281
185.0961634042219
185.2301227221011
185.1409803899009
185.0991284793126
185.2135567237975
185.0330183133573
185.1793662427357
185.144461766306
185.0035239661119
185.0521636335395
186.4503259740216
185.2272999811955
185.0663602539915
185.9061188500521
185.0581140230938
185.1424438575922
185.0330776238926
185.8378696294662
185.792977978007
185.4274846106054
185.0991144989667
185.9864123125119
185.4885784157675
185.603870875949
185.087948162963
185.4281942102068
186.0054561854004
185.0417162493448
185.0178541686792
185.1557406685732
185.045098280701
185.2379724916034
185.7299901504341
185.0530850703016
185.2396965399265
185.6065001785911
185.4577765172374
185.547624219822
186.3578919345898
185.0448734226595
185.3557911586349
185.0298956046542
185.244547004821
185.0050235846612
185.2235055884621
185.0617482585667
185.1442946282368
186.4469493251373
185.5970354150394
185.2300099661523
185.1868811335992
185.1472871905295
185.0018558489295
185.231007834495
185.0208946686998
185.3282340292415
186.057352024015
185.8443045461833
185.0528500514079
185.2868505317462
185.3378724046834
185.2397560782733
185.016029429375
185.0759112602851
185.019395008527
185.4550836699636
185.0056317301172
185.3641947506388
185.6712454350192
185.0557960215851
185.589750640841
185.2717396488844
185.0624913950859
186.5346150632025
185.2237067543282
185.4591742876575
185.0510559116197
186.0864673060536
185.0576134672531
185.2165661128807
185.3228456855082
185.4608103706776
185.0199371646813
185.8967066195365
185.0401454291512
185.3550485861872
185.2867547155452
185.18995661278
185.1567488813347
185.211434398238
185.0434409344976
185.1613083411252
185.1847982136121
185.1550274448226
185.4710538269635
185.1402100724488
185.1386216114664
185.51912773573
185.0087020038502
185.0226283254167
185.3637234639568
186.1723878675917
185.0157006648353
185.1534961096218
185.6393009447527
185.3153256020014
185.2694554418443
185.0421098500235
185.0726898863247
185.1498563210995
185.4136436830155
185.0648385934724
185.0072662399592
185.0533318331876
185.030776923613
185.1314439143675
185.1563144971952
185.3916123853988
185.1191962403768
185.1470710521754
185.2300421549408
185.0138127215874
185.424695746803
185.0104207013524
185.7542752957398
185.1472799536
185.0372998911579
185.1285248720956
185.5732633814449
185.0656719825879
185.4783145909172
185.0132463349631
185.3534895267338
185.1278777287175
185.3661718215104
185.346789429591
186.9660297298655
185.1887241839327
185.149512818003
186.6040175405637
185.7360916615735
187.2934370893907
185.6863587173133
185.2473561561057
185.5593412281501
185.1007615304126
185.691852010774
185.0187122334281
185.7349763099666
185.1554287095637
185.1148743188252
185.0015727676834
185.2741186074895
185.5054840570432
185.0959638690798
185.0282450233407
185.5537653418026
185.0590145090459
185.0004467351511
185.4958597196489
185.0093758826324
185.7316173579799
185.4320471960136
185.3925031351181
185.4972711326445
185.1191465884448
185.6315372177501
185.1366216339727
185.3917374439533
185.3968625476433
186.1303613652281
185.0010781274894
185.0609452511167
185.5311089918491
185.115618426348
185.0200112905481
185.3123097220841
185.2671523264175
185.0775781726387
185.1914511040211
185.5080166989777
185.0935638606186
185.0665880568013
185.5635170678
185.1123280153971
185.8821296513365
185.259914369637
185.4508309967817
185.3536929405939
185.0194682754133
185.1832787410222
185.775911807346
185.0543599926402
185.23831374475
185.2855531413348
185.1338864326847
185.2682639659393
185.1119913864044
185.095909707782
185.3376223869882
185.0274447121441
185.3347561878136
185.8381983956763
185.0638647677179
185.0585088792475
185.2237350253677
185.2114075352158
185.1683303760694
185.7780592548324
185.2826480553195
185.1716869493191
185.1291532048969
186.2390957442566
185.0215675967749
185.0647877041398
185.4389936353393
185.5653135348345
185.1907174314746
185.2658715438915
185.4558421929406
185.5328148861553
185.2939570354399
185.0351704865676
185.0234933208978
185.836567176592
185.0986851346663
185.4724766341056
185.2772535712125
185.321935082004
185.2514005872758
185.0549382062397
185.0240177499564
185.2449809884614
185.185628593502
185.1499418506867
185.0978512994703
185.9070095180246
185.047593714792
186.0693233203817
185.074089750793
185.0091756241115
185.1380466065239
185.2224855426749
185.5502067102999
185.4739152912938
185.1796582265371
185.4513948977687
185.5873920860849
185.116673215054
185.7156831207501
185.0694121207317
185.0921905973129
185.1700418624206
185.2865879550603
185.9145623362822
185.333628572153
185.0024130830576
185.4481045963744
185.3625013971247
185.4382542315033
185.0365131304631
185.491532265277
185.1497693884216
185.0871435942764
185.2017341528621
185.2918405932573
186.3060206479603
185.3564950003287
185.2849981369954
185.232024707818
185.0119206491658
185.6296782864592
186.2848852855027
185.1835914805085
185.3812370373703
185.5361706994311
185.3568853957807
185.3303960319097
185.1512972984846
185.4928389312626
185.1262750247504
185.4809375445109
185.4081531453305
185.0522647829663
185.4522581881388
185.1314238728806
185.2582640078931
185.7270313561291
185.0136834127147
185.7634491055046
185.5966830887776
185.2423045593968
185.145094576486
185.4938485094609
185.0473788996318
185.2824150999035
185.1263123208989
185.7343355583923
185.4721999009638
185.1649743565406
185.0187517023248
185.0216436240654
185.477693592166
185.3700676154142
186.1241006561345
185.0424630503437
185.1975376641018
185.0005442596821
185.130646830235
185.7027519734915
185.3665346758463
185.0979899085634
185.3863540608712
185.4538616893222
185.3207583805268
185.0363348786468
185.0860909813038
185.1237422796363
185.0856417296065
185.0708423849211
185.0718739639688
185.4187560491205
185.5805100607402
185.5160948287952
185.3935725424418
185.0467971088231
185.2419669034458
185.1423998594066
185.2204078957794
185.7860237533145
185.6629695615644
185.0174573803609
185.0803260036678
185.3029608286016
185.1583511420086
185.243315140035
185.1261600587662
185.080462984245
185.1237131844483
185.6003006393979
186.2813388014904
185.2109036690705
185.0689620344147
185.0669986240444
185.1269231276184
185.0217371984539
185.6134707805641
185.8143399680708
185.0777379699143
185.0835595090785
185.3214095660972
185.418317223801
185.2971043830995
185.6090641100955
185.2689078702841
185.2895777809021
185.8537230650439
185.3221429325406
186.7609265687155
185.5425259962568
185.7901958686168
185.305318416208
185.2276359446685
185.0640009326693
185.3854128834403
185.0894353408252
185.1277520657507
185.072233560476
186.4651598319439
185.2085563705698
185.1320985950258
185.2909806140449
185.5992885069336
185.4396869695871
185.1113174336198
185.8584584893254
185.0565120441625
185.0508234374612
185.2034232655764
186.0804079482951
185.4156242281898
185.3658416919519
185.0996385420632
185.4837107305043
185.0752836755278
185.0777378568714
185.2343008600451
185.2726143595081
186.3800344110433
185.7678670644819
186.0691274098905
185.1459305459884
185.3994686455687
186.2584366547525
185.1240162829121
185.1404772668703
185.9809403843779
185.1709956531859
185.4967050123209
185.1603169857545
185.378866466355
185.1885263294956
185.5839328202735
185.0683985300444
185.1542754363826
186.2783901091345
185.3018789053975
185.086039450811
185.0263565825386
185.1062276010971
185.0818038229853
185.1644553516724
185.4478522226165
186.1148239075767
185.4197645894965
185.4557705024472
185.0333394678323
185.3191593988758
185.0556027703171
185.4130646562608
185.230063353278
185.1568336242423
186.1015640897522
185.0741376468701
185.3741463651671
185.6341666099391
185.0879287509163
185.0800475986516
185.5325063231708
185.1284979872941
185.4004388743543
185.1662324494674
185.3809282174792
185.3043990053905
187.898283314339
185.0076373859362
185.5061022326343
185.0370082434108
185.4547951019153
185.0958854524033
185.129826222086
185.0232779291
185.1782351673879
185.2495849121326
185.1122884914231
185.1937321791326
185.1229837488727
185.2748778685938
185.2791555229811
185.1332665997217
185.2153135442649
185.0023765335847
185.2334080717722
185.8904046793648
185.2137243108052
185.1735468140216
185.803339319285
185.1211611789973
185.8349705886733
185.2082837801276
185.2105472407848
186.0319423309032
185.507782686125
185.738472437912
185.3887154019301
185.116715095118
185.8960888280645
185.3023717098932
186.2776591151101
185.4247874362227
185.024768515866
185.1525967198336
185.2027454934108
185.1376738205091
185.1980785880071
185.3003897103777
185.0240851190717
185.0290302256396
186.0160914547895
185.2527947872118
185.3246900814509
185.4137388752111
185.0561400758415
185.5206559823529
185.4881871039629
185.3033639060922
185.4333752617594
185.2194161949627
185.4752069174535
185.2665696547924
185.7261495111688
185.0669021984989
185.1855246248967
185.2028814113378
185.1880640742651
185.0897024533824
185.0121597741274
185.2640796200887
185.0104621446538
185.1333710118008
185.4850396499299
185.0321840140831
185.436671485426
186.3804923586729
185.1948131287732
185.0378406268031
185.0144661650052
185.5363625166084
186.2825842823626
185.3318843241928
185.1204071236371
185.0172198074285
185.4080571026883
185.2194269595429
185.1529559896669
185.2717202338102
185.0073849334587
186.68961462404
185.1577952050095
185.1746765113528
185.384539199243
185.3931309910112
185.1286412085242
185.3998286862984
185.109148383914
185.1182052067904
185.0034254400648
185.0499912475779
185.2759012102167
185.2586367739399
185.7717816276277
185.0201637107934
185.2359318638002
185.3889104477408
185.5162405515213
185.0422637196503
185.6609898320716
185.4950674168205
185.1387188696613
185.3783440011173
185.0337429849292
185.0158489858927
185.0966361399512
185.8699316722549
185.2814317834067
185.120858626562
185.8632858266752
185.0295615250531
185.6770970317479
185.9600500323218
185.1813704808473
185.5137510054829
185.121999090991
185.2733300738306
185.3286823684319
185.08577392718
185.1074330329957
185.0370068171231
185.1919126779701
185.5858913984142
185.0660731292961
185.0194753416793
185.0040472890823
185.1782665523015
185.0575744642785
185.2618922362585
185.4644052210665
185.2482322125493
185.163651159356
185.0315565693425
185.0074679959189
185.3210317959117
185.1249757965881
185.5809145032761
185.0480273482945
185.0221465923351
185.0310489315737
185.4999190701384
185.3050558196865
185.065254820833
185.0866021763076
185.2344176033
185.1541578845684
185.0769387015569
185.1349572389601
185.5932369212157
186.476494851038
185.1782417929461
185.0000817359834
185.1188573088686
185.5639933463811
185.6512935452682
185.5326067802073
185.2008400478776
185.143100350707
185.112966383306
185.6985435075733
185.658846599234
185.0317511545309
185.5551842026079
185.288581868818
185.2551907037941
185.0548470847609
185.0951740023945
185.166741598948
185.0017142320405
185.9495309630313
185.0652526993553
185.3413431002479
185.1877320949787
185.5727695145274
185.286204743568
185.0449939282249
185.3854114038358
185.4209330833562
185.0125807910384
186.3150167573314
185.0142688528673
185.8469074451498
185.2480428429936
186.0147095756672
185.1971533082301
185.016403623734
185.040640722092
185.4607155116404
185.2211455396665
185.0120880944695
185.0496373736338
185.0328327600668
185.00786553317
185.2237649957557
185.3451372699166
185.2798542249251
185.0200110412532
185.4272235063068
185.1034550800821
185.1796013805471
185.0514532297439
185.4296769080919
186.0360744995035
185.2683948872679
185.3368618198117
185.0480596833934
185.0499393832368
185.1741429017017
185.299130949157
185.0966094509204
185.8039613571875
186.1898562244587
185.1764026568241
185.0409228444707
185.0633293324134
185.4327163793235
185.076641371486
185.4187185957913
185.2936444212211
185.2825518000324
185.3537272462252
185.1171691234551
185.2788034244569
185.0499388373941
185.4180303507087
185.5881163210016
185.1687486835451
185.1753358738963
185.030334920169
185.0035829133153
185.1662672122899
185.0973053328513
185.1969086881144
185.1406332459254
185.2199421669162
185.1765200040177
185.5383206645695
185.447434690088
185.057680574024
185.0853656874343
185.1131080000827
185.2549995833664
185.0822984745258
185.409476184448
185.8099517836365
185.4742567340115
185.1601001559249
185.2128103252268
186.0397288103325
185.3369373074864
186.0879791196594
185.1419242167743
185.495085554141
185.7670841099436
185.2100210403899
185.0618921219447
185.082051468622
185.9163531455463
185.0101954885854
186.2384568797826
185.0059126292992
185.1331544751769
185.0772777199124
185.1200443949611
185.2786577845688
185.7278503225066
185.2103032848408
185.0438825858819
185.2718872046506
185.0696634811339
185.3889938557064
185.6628354141942
185.0329148993971
