234.1184816258437
233.0073249721034
233.0378065101489
233.0276367732528
233.2092395408442
233.0959399881432
233.0202938821793
233.1586584845262
233.0989851558174
233.2242630594749
233.261732299987
233.083336896572
233.8657587829507
233.7303658311804
233.2972047725057
233.0143640924084
233.2273195106144
233.203135582629
233.0890412110131
233.0431141184096
233.2837604254764
233.0666019394651
233.2992016463644
233.0333712522517
233.517389980917
233.0598961308695
233.3396960542539
233.0576160514691
233.047556859087
233.3125662422928
233.6791372847262
233.2263008086813
233.2184165832888
233.3295750117757
233.0273679463787
233.1149900819219
233.2240585877064
233.2321061134338
233.5175801244076
233.1684011248818
233.1805022684452
233.6950374060306
233.1235266056679
233.2552130590987
233.8045175814442
233.1063095179691
233.2750067399972
233.1396692202431
233.0640238669913
233.0676768622938
233.0924757376854
233.8302140522751
233.1745091928714
233.0481317051018
233.4384713580615
233.4865636758656
233.2859840522926
233.1876513397529
233.4336462684371
233.2151683204468
234.6946335901881
234.492021219411
233.2713239519918
233.1759739918371
233.0026020206731
234.4493857945226
233.4637583501321
234.6389116890952
233.1244946810794
233.0724567763363
233.0021507752119
233.3685081423253
233.2719341026134
233.0472455040388
233.0420863606424
233.9881908745204
233.0332476093985
233.6074546776734
233.4471503264756
233.0820218550635
233.1582966381736
233.3454393449318
233.2001018310421
233.2234603385817
233.8100624797369
233.7629238682229
233.0561120050047
233.1860251462715
233.0200931637713
233.761128853554
233.1251237337942
233.1118631236019
233.0058415591193
234.2862676829709
233.8647493650611
233.205822918692
233.2782179204096
233.0033821646035
233.0631880782845
233.3600336134312
233.473950743604
233.0954251788406
233.383479273431
233.434666552598
233.2667695199555
233.1269749152736
233.2356519406771
233.0192567714144
233.5524839470073
233.0010067876674
233.327468942881
233.9772160466804
233.1073547185074
233.1571475438212
233.3234238294044
233.0320542949974
234.9285245773115
234.3909504073822
233.0880353108451
234.0278335869596
233.2090421236382
233.5081524458134
233.1512031482858
233.4147056040413
234.193593510215
233.2874492218519
233.0323528085456
234.1134199156625
233.4098549543673
233.0158972061739
233.2458361024547
233.4336963050483
233.0718351181246
233.2172314355056
233.0422446188892
233.2451776071937
233.5520138584517
233.2724122552659
233.0512944701134
233.1801822928992
233.4242534653175
233.3346736566376
233.3049447724931
233.4428824131901
233.0484149409178
233.0338413346084
233.5214848132042
233.008294799081
233.4007759663651
233.0036388512766
233.6692088236608
233.1973053803744
233.2603153844829
233.5510185635677
233.3263216355363
233.2236538337046
233.0122713545942
233.0067703674854
234.4466493107335
233.0799870446352
233.0175191550525
233.0991378418844
233.2367001190151
233.066248235477
233.1322637617798
233.5613695249289
233.0582814751158
233.1986952244468
233.7389973499957
234.0740975023754
233.1928772345508
233.0242359063756
233.675875486728
233.2599151554049
233.1971543420348
233.6295461521663
233.7493460737631
233.0700938841864
233.1032657100189
233.4212583027248
233.2883092032279
233.86566143812
233.0474753485578
233.0005970429915
233.0124353513605
233.5162327618195
234.9220662949399
233.2423308212886
233.1895933769537
233.8644673685866
233.0069461579359
233.759817756824
233.2189821003231
233.1446789026658
233.0678313572505
233.9261683660723
233.3015386662952
233.1566400728344
233.1780911468499
233.7964261650158
233.0028443180828
233.0444470728278
233.5839685339108
233.9519341292761
233.2627887148778
233.042910018878
233.5982942308046
233.2375774322277
233.7240656837184
233.8881501622276
233.3417320547615
233.2835191603069
234.4914315836286
233.0223863132017
233.094989857128
233.2780223147308
233.3701857300419
233.7328119955199
233.3873599641437
233.0165507715371
233.0207174995264
233.5455944075188
233.0985178173347
233.6762946154285
233.1737421254986
233.9854669227369
233.6031695273383
233.1170817904852
233.1707654631771
233.2863959270042
233.0982771353785
233.0902179523964
233.4424728151708
233.2516400551031
233.2126006668136
233.7515975467196
233.1302383486178
233.631144612787
233.3868583482971
233.081120877083
234.2314897573012
233.0062129433318
233.6198948756467
233.3355866296547
233.02619204676
234.4252891976789
233.60126718966
233.5089529550961
233.7821243334806
233.4638842915636
233.0267904721659
233.9422932981396
233.0126515010527
233.3400815833371
233.6391012831754
233.2711158365967
233.8884094402569
233.0621674684829
233.1520132415215
233.0273070329818
233.2072181747045
233.1479925010678
233.3951873232524
233.6969672251707
233.0927118359474
233.1868048277072
233.0303150994235
233.3441836315428
233.0205985027072
233.2054573684474
233.446978179189
233.4260245488445
233.3474230757342
233.3862938456755
233.8906744347057
233.1723375890814
233.5260559594978
233.2811795738061
233.1599988273373
233.0563970706789
233.0519289568059
233.4904427314974
234.6535653044812
233.0488645177419
233.5681542145963
233.0700673932666
233.7573775347807
233.1489705366426
233.3154383023355
233.0194544979923
233.3558353349875
233.3326774089887
233.0120671584263
233.1590356849014
233.7612260889177
233.1364493028102
233.3171879249037
233.365406389323
233.1760483637039
233.01323885106
233.2748915147573
233.1993217395172
233.3667716197638
233.900561942413
233.0302974149158
233.9158359405336
233.5738101655631
233.6763071672077
233.7455761293004
233.2961168727846
233.3357019413006
233.0020624578508
233.255938442238
233.225454131827
233.1428454209976
233.5162838772415
233.0096782016419
233.0782606502777
233.1108255756173
233.00482792373
233.3030605391404
233.1444276803997
233.7452799016683
233.1782195776795
233.3840709491019
233.7903210084482
234.053768662803
233.0106241574259
233.3204089165437
233.077253103416
233.2058932361423
233.0939457390582
233.226985412835
233.8560239741367
233.2897411094074
233.465316166874
233.2261399782933
233.2350516500058
233.0660600441607
233.2121107961731
233.2066302125263
233.03348076862
233.0257421530266
233.0497535612331
233.1183583462447
233.0565494856415
233.8967381995223
233.6186632991408
233.0269782500174
233.6340879302197
233.0472791633667
233.3056150462263
233.4161927679882
233.0575019733628
233.1281998811772
233.1150175064772
233.3606368629488
234.2739974007173
233.1520774983785
233.494896466142
233.1808345063098
233.1001120658648
233.0096472613574
233.7642923278588
233.28532421313
233.0193363232351
234.2280584039827
233.0591531981562
233.1002489886974
233.2105814951772
233.4612125043345
233.0391536814481
233.2793835936963
233.0185898603268
233.3323929427964
233.0071079166829
233.1468875149942
233.2118617596514
233.5688736648516
233.111387609803
233.0686181448628
233.0090454839687
233.0624259684107
233.566705342608
233.9868800719079
233.0758824739864
233.7518106518216
233.4054052751877
233.2478974232588
233.0602932177816
233.1740543564227
233.0569798371745
234.3201398457514
233.1766391869932
233.170975772051
233.2741004348084
233.3445449321758
233.1298156922269
233.9009348844322
233.1948531407504
233.2088255274474
233.0725247437183
233.0796928911669
233.3476291534648
233.041251979059
233.0076569870635
234.0125683629454
233.7160947692137
233.3365561826153
234.4051258275254
233.2318810793016
233.3361240770882
234.1063734263747
233.3191095030446
233.2138388775655
233.4244371375551
233.2265698241402
233.949724851755
233.9705727759013
233.0155861378809
233.7844607810653
233.238170748933
233.0328868801921
233.0597357324934
233.8874455794199
233.3635447799666
233.140805040889
233.2542958253164
233.3749119468602
233.2441886852887
233.6488989454543
233.2404356499637
233.4934961693987
233.0648436027111
233.3339340067
233.1280381945731
233.0715006043825
234.0681574670658
233.082366198478
233.1343055969888
233.0606117668996
233.3307115381544
233.1444294003878
233.0392418507724
233.1312518956273
233.3565407930951
233.521927048733
233.2403701565597
233.011153774998
233.3135871598725
233.4180869416824
233.0677093872855
233.7900655322763
234.0328762832095
233.1185266551362
233.3164109854429
233.0180892579583
233.5143191925935
233.3224282753652
233.8553385052839
233.0691553334325
233.528210312763
233.0617523879222
233.1295948313358
233.087335755915
233.7215148430351
233.1182569949139
233.9860768166754
233.256470094379
233.3897908771579
233.3464994259964
233.3664080822149
233.1509459745117
233.0256357399095
233.3953368166033
233.7361003073331
233.1161755436578
233.0435191358715
234.2141165996506
233.2756813424904
233.804333865674
233.8555145612106
233.0474879711154
233.2047620931382
233.2577840981958
233.2402575650591
233.2140235209731
233.2302605750534
233.4597753971003
233.0653071214312
233.2117757228947
233.0893687353442
233.2449510808605
233.4897000872089
234.7333297675927
233.7146959436131
233.0844539234256
233.6270662495947
233.119353192313
233.1113380861164
236.4265880432204
233.3446500440165
233.0159426014626
233.3839860301389
233.2962187329503
233.0043599444146
233.0146466138282
233.1269357624391
233.0491767969915
233.8112453671727
233.3826938180069
233.0551371582748
233.2992771398009
233.3231069958755
233.3242956800886
233.174102137945
233.3036270889048
233.1408472648338
233.7075321627359
233.8848958174133
233.0841473275438
233.5384151739114
233.888909470473
233.2730393378029
233.1937343205284
233.2890770640515
233.1724329844065
233.218672837641
234.1385141535233
233.3787719348487
233.294330384883
233.177345580786
233.4925796712543
233.0216503699253
233.3518102240151
233.0157632872498
233.0172340093903
233.1158289872168
233.0474366386343
233.6447102916966
233.1106838083134
233.357135039435
233.1128972323352
233.014275573769
233.6060039196738
233.1272965312537
233.0090084730003
233.8409242187336
233.3648900879639
233.1369829470881
233.0338675047225
233.226737697996
233.3489483083058
233.2741080436506
233.4771784065672
233.1692211606656
233.0101108743511
233.2066606422856
233.9927346919765
233.0986428514443
233.024442736457
233.021603382154
233.0378828467695
233.4164336642935
233.092230045798
234.0898660311744
234.1428436412576
233.0634993553151
233.2316808436114
233.3303272176377
233.3674703007491
233.3706534628944
233.1526170465409
233.5643939104047
233.741225940288
233.4785395069742
233.4978986065176
233.4326432290821
233.2413160021231
233.2839088131401
233.2602144967626
233.6671785487259
233.0402209998071
233.5795221363288
233.1272020967752
233.0282962068588
233.2718593055515
233.0511395805147
233.5847844153165
233.6263641507735
233.3975256066425
234.0505694298974
233.7575955254773
233.1708799813475
234.2856258478147
233.1613438256546
233.7121806196818
233.8944809570969
233.8005773906706
233.1435833854449
233.2933231006134
233.5213847956088
233.0685713703054
233.1390751116988
233.1364609061728
233.0751679865743
234.082529231497
233.0847467545467
233.2440918354926
233.1812716653132
233.0971378923557
233.2434567515403
233.02288460054
233.2359017009501
233.7651121051461
233.0144695714503
233.5017348075841
233.6897545035916
233.1391599308996
233.1677097573391
233.1732106058579
233.4756424065278
233.0174956309912
233.1645217196776
233.1222864250157
233.2502885437682
233.2852882921262
233.4670286676837
233.2772002061179
233.4474961798161
233.055314274221
233.1497397345584
234.3035481790539
233.2700236873565
233.038300507749
233.3333135646416
233.0687851175707
233.237445972461
233.0268917789687
233.2587210524786
233.5748783598652
233.0317879116529
233.0221937502487
233.1549666357579
233.6001079812742
233.2814193394627
233.5472792302641
234.4614548872334
233.3236933713779
233.1749860221469
233.3432614589362
233.2144599396335
233.0057550432728
233.068227205817
234.6352623378905
233.0433394116173
233.0286750485774
233.0340296730989
233.3882357640683
233.1122126323524
234.3875187914333
233.0898174051106
233.2476844757534
233.0106635432086
233.6710293068438
233.2437705920286
233.0518454889585
233.182086972645
234.5657935000037
233.3507165913239
233.13464753852
233.4357471615178
233.2275959404428
233.2415009681168
233.2862431024467
233.4317301984366
233.2823941938272
234.3468604505256
233.0482522391019
233.1492221032808
233.3580498354366
233.2073411343969
233.4391292196098
233.1869324537031
233.0703710063563
233.0198276502494
233.3914095754863
233.2339525084289
233.112000772209
233.3115704646009
233.039315457487
233.2555400966303
234.2155056530227
233.0878045029493
233.1379372540225
233.1687561329923
234.432160910538
233.3695915399164
233.6966165567232
233.1595855722265
233.0649140556608
233.2368832501074
233.696643847949
233.2084715076047
233.3507006982815
233.0790280738365
233.4553487466846
233.345707808839
233.0849335044072
233.5436171325886
233.1014341625926
233.0746891583816
233.3024675302958
233.5924929175735
233.2073210700062
233.3158793651506
233.3272176400669
233.0741626321
233.4881007004349
233.4038290563785
233.0798469714131
234.2201188141488
233.3354655290661
233.2357499236977
234.178585371023
233.3506978034602
233.1400345427685
233.3626798301884
233.5103492207438
233.2870339047911
233.5619070997077
233.1798283628798
233.4362416280056
233.1357794954201
233.0464646890977
233.0154848862188
233.4765847474597
233.6537774154557
233.1497902190922
233.0846720629455
233.3509739439486
233.3308485316419
233.1943978543088
233.007809527236
233.293131128745
233.052397618043
233.4467130318955
233.0237069544411
233.5659622646192
233.2590294775194
233.0566810707993
233.2838090838291
233.0392578634081
233.0373966620732
233.154814193886
234.294621079638
233.7259634859907
233.2625301769404
233.3888155957155
233.515040071993
233.0785183216123
233.1462021434171
233.0718355807294
233.196836756536
233.5155112675969
233.2262116526486
233.0966187312448
233.7169603397439
233.3596914048202
233.3789829573587
233.3677352680283
234.1087140913903
233.962482916989
233.3726293449156
233.5140031403666
233.1061800997207
234.8243119602499
233.2055468124495
233.3856420721727
233.0372012070511
233.3283280165822
234.00434299175
233.3070919901511
234.4187527634541
233.6002710942556
233.5007641887761
233.0990206735593
233.0200755870356
233.5149341738247
233.2763988105016
234.2215993956244
233.2867086447953
233.1750061394816
233.1377840017012
233.1822689729463
233.6184138150273
233.0057217056308
233.2459494950038
233.1535099619267
233.3395751571702
233.7770875593719
233.4981156294449
233.548762482631
233.3976812820101
233.0371389632699
233.2561198049115
235.6024967679977
233.0839965210906
233.4268532958963
233.1238043223282
233.1949221641493
233.2119593384485
233.2663815312106
233.6092667135941
233.2826736437098
233.0950495545696
233.0504071233065
233.119522204404
233.6137229241495
233.4981939910252
233.1967120106007
233.033809949537
233.2185146235679
233.2692464909206
233.0414375485561
233.0926823481167
233.2864373102294
233.1449141977774
233.5091507675888
233.5333107058245
233.2628262854114
234.0268184515479
233.0542642656386
233.8752509343536
233.2657789484891
233.4533202345501
233.0434055726693
233.3250976587025
233.0496186372727
233.3155473846909
233.1323049620611
233.6147471863758
233.2368594388456
233.0868346775805
233.1430498905116
233.0983626850843
233.2237830775425
233.1994210127685
233.1307517276181
233.1282953739223
233.1092725265233
233.0360264008563
233.4638912101614
233.3880792170164
233.4352426376229
233.0149529249121
233.1255503512425
233.395328026228
233.3096687559524
233.2729127041518
233.0395647658202
233.3811419434079
233.1182671660277
234.5560247362952
233.5232918135116
233.4496010574256
234.1182805787488
233.1005818926234
233.1410953332743
233.084302567692
233.2370581372722
234.7448246849967
233.119818915316
233.2036820011051
233.3873764297368
233.287460327575
233.2226738225648
233.0785940840339
233.1935261916477
233.9154136133297
233.1163522088602
234.0552413157324
233.7608257934839
233.0815300784985
233.1802172212303
233.1088354156595
233.3031038095814
233.4109880483819
233.0531762697722
233.756421391273
233.0359914182278
233.0478401958048
233.0329789002649
233.0107225157235
233.1967696233572
233.6166092169386
233.0050102496424
233.645719550283
233.2073554264084
233.3082324161261
233.2533450155804
233.8259497189237
233.1066389264877
233.2260138843938
233.7397989123788
233.3388053260482
233.0809223718133
233.144331456583
233.1355081353325
234.1717684834787
233.2457612594154
233.0888480224433
233.0028998751231
233.2469820692398
233.2458766832501
233.2508556038532
233.1014418599091
233.0077979578299
233.5893732325308
233.2979272423153
233.7754484792629
233.5123124184557
233.3624191935924
233.1119018802849
233.1964622555312
233.2295388450127
233.8933951728775
233.4384505679494
233.0686851122685
234.0105900351641
233.9708580687151
233.2461554370857
233.1351699262796
233.0439981946094
233.6869720951165
233.3294915499375
233.2585872469709
234.0801256550183
233.2641803932184
233.1889359354796
233.5561280330046
233.7642737193607
233.6968804166019
234.1670932203165
233.4638760037256
233.2270720189076
233.2745514275471
233.0547832587465
234.4200729927647
233.0354965749071
233.9859093203674
233.0046043112217
233.3612136458895
233.3075310590762
233.5757402487728
233.2139691910942
233.1820001351299
233.2834279927119
233.0413111977708
233.2389581897714
233.1119368609747
233.0708555668655
233.0200791550724
233.3424450640226
233.1998142433265
233.5828586757744
233.0171825280992
233.2747663604034
233.6664235762017
233.1566464653548
233.1595636400141
233.0446280950579
233.4065213234935
233.4460024775352
233.2782515201173
233.2221686345648
233.2456546163299
233.6395925686873
233.5078572990413
233.1570627487966
233.7992904988772
234.1804767980844
233.1227044217149
233.9105522729971
234.5124049093471
233.2225331783102
233.1076449605295
233.3421421353893
233.0532803339622
233.192918039197
233.062296660429
233.294456587351
233.2392914607144
234.0975727545433
233.3611467915133
233.1459775143615
233.3259466330578
233.425974087721
233.3639333086352
234.3894279203287
234.0463136029998
233.0560352707087
233.3388550582644
233.4152064489124
233.2120582675343
233.130726589925
233.1345275892218
233.853013148157
234.0266648424063
233.5382536135666
233.8936396568149
233.0523876192416
233.4419373004808
233.1097511307419
233.3116049986203
233.1819065752627
233.6382011457648
233.0087155375742
233.1489957411779
233.0164833566828
233.2880355540844
233.6176298433166
233.1326614852946
233.5024623852238
233.4472485108132
233.5509556572214
233.000354024459
234.0871854406514
233.0012427338544
233.263961226484
233.0027864871554
234.6698330499212
233.502903569642
233.0096325486419
233.1030580299982
233.2407416688313
233.134893522549
233.1934195473906
234.7803334067747
233.0028408097405
233.0424322083623
233.01392119549
233.2950570882193
234.841599963673
233.4844726023933
233.3622759943096
233.1742887734774
233.0148260432595
233.2619511193474
233.2911011747013
233.4096029190224
233.2680422294081
233.0280403263825
234.1349369765799
233.2957307300302
233.593139784784
233.1101477009165
233.3824837765659
233.6397154524132
233.5073031365396
233.5018111172198
233.0697954277961
234.1845217975661
233.0057784009184
233.1355067575852
233.3133697355163
233.2239087806763
233.4226442085
234.2122217449094
233.0727889337831
233.0492692395727
233.2350780703979
233.1400542447445
233.2169963087686
233.8525397653385
233.3611576151206
233.2054096193257
233.1850385666226
233.351862348746
233.3444944620645
233.1542237449007
233.6355740086657
233.1401079363507
233.2777501156928
233.9423144219105
233.1462757612158
234.720655484446
233.0737491168929
233.5770751703515
233.083629798571
233.7189059563396
233.4677062115775
233.1159662140872
233.7060928195501
233.5254398289065
233.6655588786541
233.0797992538307
233.1130865397489
233.1436792372558
233.3710253630863
233.2264479913058
233.0718644885114
233.5621812997894
233.0739039981277
233.3352503286967
233.3273201184947
233.553767528137
233.0128161079989
233.0131402009236
233.3170487043742
233.5064444660367
233.0559921004107
233.3788179411814
234.0246692938606
233.9528846167307
233.4771817542251
233.2277200805767
233.5998208796531
233.1678434599932
233.0562775626806
233.5347068444032
233.2645706188115
233.1516964853937
233.2151899869607
233.6431628449049
233.4730224836815
233.0703324739258
233.3905725843265
233.0362139363274
233.3256740878367
233.0758199072033
233.2619580841058
233.0783873970215
233.1954503581011
233.8849212509319
233.0249177999703
233.9196985393869
233.0509066528312
233.0798383234986
233.2393588909069
233.5385727779397
233.3384255797228
233.1490428192944
233.3859680408299
233.4145725463686
233.1574572729671
233.0198756795349
233.1587757262489
233.0640668193446
233.0696953031008
233.269483730808
233.1627401990731
233.4685429895742
233.1303869018947
233.4194401413889
233.3722298316443
233.0117418025164
233.2408908423442
233.3132013211312
233.1708512283575
233.1108065352441
233.4780391010935
233.2086875512111
233.6229164006846
233.5397862180639
233.2771237535518
233.1947361306359
233.5146601630229
233.1770911598468
233.0064611661196
233.1431050244879
233.4125264017707
233.1245910372499
233.3123614489768
233.330258762821
233.1588867751341
233.0422194950338
233.2251746532869
233.1646167945184
233.3409708650257
233.2864962980509
233.1720054693988
233.2549711851932
233.1097150866696
233.2134538495504
233.5887542926892
233.1727567597493
233.2703728809412
233.0086126325718
233.4759358358205
233.5181268805993
233.4161857949627
233.4098399771607
233.7736956012201
233.0941228108076
233.6456596667698
233.410856478259
233.6081208674857
233.2170852046862
233.6775025772451
233.2952749815378
233.146710327083
233.4817450368064
234.5147787471782
233.0790314398149
233.0210090000312
233.1351844653618
233.9052424397514
233.1106047949994
233.1058933407649
233.5911634240027
233.8761866892529
233.0198350383009
233.6610155914892
233.1901952509885
233.1098894896961
233.2449598412329
233.7319488417744
233.4661336003743
233.0052392833267
233.4533241640108
233.4783714115119
233.0820927679739
234.275139850303
234.8712713789028
233.4059825977597
233.29182315592
233.2950009102398
233.2094774678905
233.8582795191809
233.3058557053725
233.3355861860722
233.1488482083321
233.3448708647247
233.0628357892194
234.0275741229569
233.0492545706537
234.4110467817839
233.63334213372
233.0031370328113
233.2755793504717
233.1547856315684
233.378619094571
233.6698991964329
234.6123809798856
233.010135958033
233.6128335204464
233.1663222983505
233.3731076636262
233.2719188297358
233.4976616603297
234.0370838300206
233.0425218426417
233.439895116136
233.1358356129152
233.1706822597954
233.4701857800688
233.0935193161318
233.1760387595841
233.2852867485777
233.5615183837861
233.0242040127906
233.239586694748
233.0020660388219
233.1518436528858
233.0626221984524
233.3597939550557
233.3252443437686
233.1412067519757
233.227542590812
233.1978476547767
233.1298432919502
233.2711933947134
233.7094831223365
233.1763983809201
233.0724751391545
233.0582392125905
233.1363738060253
233.5434489088047
233.1210706950974
233.4842539299247
233.3398815306546
233.2143022371322
233.3281551065144
233.3849232502548
233.0612590289353
233.1287470125515
233.0531632547491
233.2431772324556
233.0728250313916
233.1793725236056
233.8039821948645
233.0186741299029
233.3025671897405
235.4603829177462
233.3784545331963
233.0217243746922
233.1068442020359
233.0873202087497
233.1464187545722
233.3179409930647
233.3018437935503
233.1208966150943
233.1782418886709
233.0925629625515
233.0067170125555
233.4336731581305
233.1109880776129
233.4657482804861
233.7068834416123
233.2228201730167
233.0548572364506
233.0676441018309
233.3899302528733
233.0945315499493
233.0647694745117
233.5938953443834
233.4364926591364
233.9146180029393
233.2342541171654
233.4823026025126
233.4578712131199
233.7760445562519
233.0915338468119
233.3070973464302
233.8901890694329
233.1014732870548
233.6583175641092
233.1921733830823
233.1146459111624
233.7050752255817
233.4597760342052
233.1503951836387
233.1006661473872
233.3042569236636
233.2049539304987
233.1099460962948
233.2697070569838
233.6904995815625
233.0808172196782
233.4184057970505
233.9279456667245
233.6258571792602
233.1838065061521
233.0750813328949
233.4065160094633
233.2712458708143
233.3447248729605
233.4475084159041
233.1725745753423
233.5719729224405
234.0178577581309
233.2554065332468
233.0424038807964
233.2603310339983
233.4452825294858
234.1767296792054
233.3364449704528
233.2391110419679
233.1120488684228
233.0195061309444
233.0230832702703
233.5201960168106
233.0355979704253
233.0575950125064
233.8096053635481
233.0917573295336
233.6546790388492
233.1071488023541
233.3433266784433
233.2987348406342
233.1422017703395
233.0919774988571
233.009646855828
233.169988034586
233.2173845728816
233.3811843608553
233.2792797364345
233.503380814768
233.1136173300492
233.4689903426399
233.5001135315998
233.9970589385612
233.0675791884471
233.3545123881204
233.3007997250695
233.1052333637611
233.4764024173594
233.3765381447631
233.041235934912
233.3779013028914
233.3683132961958
233.4504451614896
233.291290730018
233.0548618689592
233.274097885684
233.263032374554
234.5781328207631
233.0303845587588
233.017548533864
233.0768064954931
233.5048777627843
233.8053171750373
233.2468865197593
233.5085999234622
233.1500849151041
233.2914467638096
233.2288668839585
234.5157716368909
233.0187127700349
233.6749249831143
233.4550985478359
233.7748835224402
233.3398082491393
233.5693230683513
233.0761179830425
233.4774633690688
233.587752814753
233.8603927027889
233.2976828414778
233.1486701517971
233.5884504956237
233.5063078113111
233.3083891525932
233.0563595220084
233.1871595038513
233.4735709209221
233.0234311099451
234.222763473091
233.1389086696275
233.2461715770442
233.1441668952982
233.0237638251951
233.4133309183916
233.0219853779452
233.4501667931262
233.4279447643789
233.1550701742905
233.0508264903307
233.3389187993033
233.2602000138232
233.4853326684834
233.8320304811766
233.0828916720233
233.0592649075715
233.5409341660275
233.2235395968645
233.9181362588129
233.5997357017934
233.0221037387524
233.392400773791
233.0211082057791
233.2140689484684
233.1602749664703
233.1326139918561
233.0328381713425
233.6491105072815
233.359430967132
233.0808605393792
233.0508428969735
233.0369809695281
233.0139301021253
233.1789952831544
233.3302927937872
233.5507335450383
233.1138857630218
233.0369738148165
233.1940885449421
233.4942705115309
233.2993910884238
233.1992318833075
233.6213281052609
233.7827698882006
233.5469490676656
233.4487294392587
233.4560271876521
233.6279251021736
233.3120545898543
233.2882113078944
233.2211301402542
233.1950769851392
233.0482319734228
233.1674573619669
233.1434459260481
233.0314622500068
233.2092576856602
233.2237070990471
233.6486357619258
233.034309657626
233.2124323264284
233.2135188307498
233.3487888260346
233.1026008038917
233.5574693224916
233.1308844932108
233.1662128859467
233.6975739978912
233.1401321490524
233.3386719095407
233.3842008801018
233.0911397785073
233.5202212047054
233.3016763144975
233.1266880924323
233.2412714471227
233.0533342095322
233.052356378866
233.0673260640986
233.1409467097621
233.2953220984159
233.0634701252949
233.2444771694132
233.0636707686384
233.0165058166628
233.1042489838333
233.291650973892
235.4839369495339
234.1221544499438
233.7372740487288
233.2322182542991
233.1277484957033
233.0252387120376
233.0552977048445
233.4126443007472
233.168806556578
234.7335842479688
233.2299715138358
233.6028727276397
233.0080959244681
233.4256304985586
233.9146241854216
233.0642247409783
233.9911792786147
233.4305491285305
234.1583653738791
234.5263157870768
233.6202426801999
233.455392796473
233.2114961415917
233.0391907155403
233.0983193100976
233.6082624310129
233.0325526577347
233.0169179949056
233.1781404533205
234.8033325260498
233.5986485738582
233.1273502864004
233.7605894128807
233.1262602237314
233.034741374652
233.1821714174818
233.2000528328807
233.0607224447907
233.1409895172602
234.2841410946531
233.3215843863666
233.3032853529592
233.7114617854248
233.2617614045078
233.1837004727998
233.3266897345214
233.079120546629
233.0626817946637
233.07493533363
233.0139496506955
233.0106050450356
233.3042166703403
233.3314635510472
233.2464742679197
233.0354453719896
233.6506531839717
233.0140430995226
233.4372260432504
233.2749296069197
233.3873283498717
233.7153288704014
233.1457323850857
233.2838875246305
233.18042905702
233.009159139244
233.1418702314712
233.2658094208608
233.1043597389506
233.3283485136165
233.1614343664916
233.5041160727554
233.767078411634
233.3151238542265
233.08001951094
233.8541328406895
233.0341630162361
233.1802415823169
233.292313025078
233.1027725001564
233.5107240409565
233.1190540439694
234.1749689362097
233.7024741641088
233.7044256818778
233.2824931843983
233.0657396471296
233.1008397885348
233.0178816529258
233.3605829340196
233.0600623552353
233.6267614849781
233.0027534187401
233.2800188796913
233.1185123118991
233.7660463365933
233.1467918858094
233.1794177513749
233.0573193543816
233.2458157025399
233.0871224529325
233.3958950434616
233.0373021539938
233.6206846763258
233.5642256344538
233.1244979646695
233.0964597195492
233.447804259738
233.0114273265475
233.1242936528828
233.323323830974
233.102802474108
233.2953964947561
233.247464329397
233.4283614398714
233.3569634699967
233.2273266902334
233.3500966739368
233.7997981127322
233.3538796767763
233.3445635803457
233.2177023554148
233.4346125948908
233.0760195107705
233.5206328141921
233.0432070647041
233.2043499768731
233.0926868879747
233.0253680099505
233.0511413497635
233.1644959988877
233.5516029118865
233.2160257526542
233.5601959275157
233.3838191284178
233.1503079841098
233.0214855704121
235.1864685830332
233.7943305744133
233.9646702641435
233.4652087096546
233.2292848977036
233.0397120536983
233.5142159403191
233.099044460055
233.2162068454325
233.2863272113983
233.0544914912006
233.2870713472186
233.9841339303586
233.4177957428114
233.0128262848001
233.0232413538989
233.4818234331443
233.1095223154736
233.1059138756836
233.1378378346568
233.0830459258067
233.2419514044421
233.4158302022193
233.5257011665303
233.1012166371301
233.1204813226723
233.3456170369976
233.3061802350557
233.0625166033917
233.2320338751653
233.0188246448488
233.1391704161777
233.419378602855
233.1810038934032
233.7757077951947
233.4235498207599
233.3729537324862
233.6097570352184
233.3157371563154
233.2095428914031
233.2814947629677
233.46218313759
233.0306302342526
233.1495507585308
233.0450655460035
233.110298444458
233.0662681206968
234.2386490780395
233.4518021024498
233.4351878427067
233.8875908724462
233.8468930929947
233.7016251934759
233.7778785284239
233.743439538641
233.0455751089282
233.0374640910959
233.1854607300741
233.0599406359678
233.5973767021214
233.5569863919323
233.0778949752682
233.384941827245
234.527868987439
233.4810443406093
233.8514014378954
233.0836913246983
233.4458923607484
233.2060134278544
233.4429423703183
233.3067567596005
233.4529687329818
233.6787370161388
233.1193271799762
233.521913983423
233.1044987217037
233.3631336909778
233.3244524318849
234.7943603400857
233.953660478719
233.1155946371758
233.2564022358117
234.4294532270066
233.9064127123283
233.0615653777445
233.0376375193541
233.2949136994689
233.1475596566338
233.33508965635
233.1667102047529
233.1071541015532
233.24747818226
233.0503678252805
233.0064234768466
234.2499219566912
233.1534769676248
233.0930331675952
233.658631612915
233.2274849293616
233.0987563665045
233.05884375516
233.2018409643042
233.0072873618355
233.122113420475
233.1558695369606
233.2402021770968
233.0520932952294
233.1340591320607
233.2714770536819
233.3342429661803
233.1703789383658
233.021420157585
233.0059966490011
233.1912822112717
233.1808562918915
233.1289921415295
233.4527174943319
233.5153238052754
233.1401723970519
233.371940826925
233.4255691675994
233.7602865429877
233.0499289465212
233.2867887260852
233.0330806555446
233.5648401207061
233.7205202283698
233.5978406259008
233.0051333023213
233.3543667282659
233.0547339318637
233.2292393474453
234.33837808562
233.1169969563542
233.0872146483576
233.5108913031185
233.1876159260234
233.456515231534
233.1224323625192
233.133712302206
233.0191648049084
233.2264988713785
233.0327466910914
233.4457847128132
234.1340834086953
233.0026635615887
233.3475575724673
233.5422039000556
233.0819654030065
233.1983754672029
233.3709157059743
233.3875282426799
233.1977557725903
233.0712776886383
233.1019341705276
233.1516897579403
233.7088223896181
233.4905351428002
233.3818389888756
233.222024408623
233.1417727502211
233.1581128613009
234.3127503086014
233.4187029734128
233.4421145448547
233.417909313907
233.0363163381569
233.0984303310061
233.0228001426454
233.5122541779545
233.0709151669236
233.581305344623
233.011830723747
233.5727987575289
234.3058146466753
234.4987473320903
233.2916021853173
234.4803362016197
233.1370666680815
233.0270841634072
233.1438932419154
233.5469979868278
233.4471939862491
233.0232436290285
233.0169873101327
233.294561723818
233.29759897909
233.1748674855222
233.2420240641346
233.6371786265977
233.2174531197378
233.0126619817719
233.1245479580304
233.2070992842752
233.1983806726599
233.1573870342854
233.2934264889274
233.3789165926763
233.071920532058
233.0612601066026
233.1515362398773
233.2641293911073
233.2396309309684
233.0388588379035
233.0249842618887
233.2951744563449
233.576000386119
233.2937026649499
233.0704667990619
233.0534928302021
233.3294004630087
233.0631291515642
233.3663397582773
234.6103183878565
233.6122846348573
233.0502690102724
233.1381094475499
233.5798061396461
233.2947476645802
233.021752498045
233.5741919496952
233.4711108405281
233.8304532396927
233.0341040111522
233.1545734162454
233.1941033050078
233.2461748478405
233.3339548171797
233.3329606625209
233.1514005978403
233.2257890012588
233.235348790651
233.2106827263902
233.3332666680102
233.1568873472392
233.0124833874501
233.5940189187941
233.1483943121847
234.8470229250556
233.5821331632857
233.1367979478098
233.0055275676823
233.0394449535915
233.0402804577373
233.2568069700424
233.2374065090266
233.0343055411082
233.2577510518165
233.305262971245
233.1227926032199
233.1643978644198
233.5426775536638
233.0136368455027
233.4395842881276
233.2408268874574
233.231604469854
233.3534070575214
233.0162533806324
233.0625405451039
233.1708090910649
233.2155800946805
233.0212924731311
234.9615803415645
233.1169451298045
233.1995987912166
233.0575237484899
233.2479379455015
233.5616823585878
233.0978109922975
233.4735470004132
233.1559039625711
233.1613637597718
233.0117203054883
233.7235493794786
233.4884716927274
233.5354915069059
233.0235766823766
233.5499706591673
233.1081477422453
233.0135933906575
233.2271661560586
233.3194293909808
233.2655420970164
233.7693658404676
233.4261622519765
233.2586743243974
233.0447355527022
233.3666671821494
233.0973472960785
233.0570912185465
235.6407270334427
233.0603388277506
233.2188229074579
233.1592212704975
233.0785292050922
233.1671199714213
233.0433396480023
233.5207343214879
233.1933872747431
233.0278706535546
233.0797244873638
233.8332325693125
233.008622735041
233.5966447004181
233.1955801384022
233.4780339718375
233.3319427246782
233.5099996544868
233.3901854112448
233.0711559622445
234.4677707934336
233.0308404725423
233.406705373564
233.166497254775
233.0647421796753
233.2033030467572
233.4176404913442
233.3927062901088
233.0486371124723
233.1496660322687
233.3635206330985
233.9274744412926
233.1568107893081
233.1314048534754
233.4332173220456
233.2539706282844
233.1904405265339
233.1777998480163
233.7681916008391
233.4474988310657
233.2867302414593
233.1883279403358
233.4477901451862
234.1046651110009
233.0961044872282
234.2839640701967
233.9754867885893
233.0216310532235
233.0334828344752
233.3574631623211
233.3659709397604
233.04711303001
233.488158304262
234.2095039195964
233.4303698790173
233.0769074936713
233.33602570879
