76.02738716864944
76.02505444228225
76.62493487159787
76.1908463705747
76.76655689957843
76.03715022369393
76.67831627244676
76.07933726248105
76.58000428034418
76.64132490569908
76.92401959669223
76.19833757471935
76.8136925231515
76.53339242767375
76.07632390713178
76.14142674067189
77.14871313726081
76.0542735205438
76.23939989310067
76.09823093889916
77.30888992739648
76.96658150933276
76.1968516708272
76.3145671594097
76.50909801731096
76.0140286236664
76.27841074610124
76.45326147614006
76.25073087788626
76.07993414403117
76.57811751006508
76.01738636965305
76.02086357677587
76.10303054257389
76.09370082571495
76.23221582570591
76.52869014744014
76.61029730511213
76.65198796553874
76.23020523417726
76.73996416981586
76.23030386298753
76.24038347048523
76.55141363512598
76.366491412999
76.19418450261287
76.28073201702772
76.07012769724889
76.69707393137226
76.54384807083537
76.16695866285353
76.42614074518993
77.40638611853612
76.53663148784759
76.00662897732248
76.1315698651449
76.40876046086191
76.06782011299293
76.13694427820671
76.0026259631767
76.10026279630591
76.2204534886872
76.1200092087592
76.08253641097977
76.14892534593325
76.22381356061656
76.26538912607812
76.42039462697247
76.12914641961832
76.11312143502882
76.34448056018807
76.18765788936993
76.3978269349301
76.31447302056108
76.00889923771948
76.09008903289929
76.37045700619335
76.99326698658874
76.37700711242408
76.46612597504067
76.29097979123505
76.29886507665378
76.08047508747971
76.26580854387095
76.70043694433437
76.11690180896518
76.38834990175354
76.20843758796175
76.49382555568745
76.03422537188833
76.44614379321125
76.79871324753924
76.09193231505911
76.10011938495397
76.74908395893837
76.07655662198218
76.01041795659552
76.08792229842675
76.27515586057018
76.19987833756814
76.17022508083109
76.04068412489424
76.45069681632714
76.14701740154221
76.55715138290896
76.09285346793682
76.02593027771361
76.52536817796864
76.01399054166916
76.04888380836469
76.84124653440999
76.20943184199035
76.78116905150658
76.01461924720867
76.84345660269825
76.72951063036314
76.89129156140294
76.40848808196341
76.30149069775484
76.70853915316565
76.42060863065439
76.54683869274011
76.38717746303583
76.27325192322832
76.12703093680572
77.01486221283126
76.41607118234423
76.23114738423291
77.70145416126459
76.0728110272194
76.23085996559116
76.44441293394455
76.17165001024063
77.07035232028842
76.01930162239168
76.14078668892613
76.22068642757918
76.03833153825737
76.6662972439605
76.26259586906214
76.58984937711445
76.07621847811953
76.26232307938872
76.03304992602897
76.28246577659704
76.27484508883063
76.03039317798037
76.08609467339532
76.17007892215484
76.99423684155417
76.00075169734221
76.39148952171018
76.02578769159686
76.1625923783206
76.26989378544393
76.0671823459656
76.11302961867955
77.4654334475112
77.01542200955082
76.31899754730559
77.58016756884082
76.04980118363441
77.00707328864493
76.5026021416938
76.22102777078989
76.1739769657565
76.03851678009862
76.06826861319803
76.20725371673171
77.32050722111892
76.53380548639768
76.03211869413073
76.06903188469067
76.50029951834001
76.36977629299959
76.70189325106556
76.12101832042022
76.2635555143985
76.55316112930609
76.62743546991176
76.2141582118245
76.18323740198637
76.10186191796542
76.3357100161783
76.12269208096373
76.10137006574072
76.59980526310073
77.07530048349597
76.274993389033
76.06588058334869
76.3741180322188
76.47525723368726
76.10608323305163
76.48763208400408
76.37648405470433
76.11959492479671
76.0805456503783
76.23138019317355
76.00345608710424
76.44546640012955
76.027123284163
76.10492506407283
76.1741809797017
76.01725603136926
76.1530096095827
76.21548005559468
76.0365241599991
76.14392837455351
76.14333933694905
76.38404670459033
76.1056611924288
76.08079362572099
76.01656208503077
76.14261386598794
76.1631388883684
76.84678374564004
76.14428732165912
76.30079073155535
76.07897747350383
76.00409322242245
76.03280533155329
76.25820814672423
76.0251368141315
76.07406140672875
76.17697893662684
76.04817490156867
76.13923535197392
76.21130240936712
76.61187242026116
76.02652984330872
76.03439945640365
76.82450158361475
76.17192933781169
76.0980206922133
76.13331808399441
76.54413607832625
76.41897971389348
76.0764096846625
76.6436425306356
76.22197737158662
76.17617002451001
76.17643495658497
76.16701572606384
76.1397359870126
76.4102510868287
76.1735353671988
76.11232190119635
76.64952665054187
76.36871965054911
76.48869037317124
76.12086540305776
76.06587279304242
76.0290577603562
76.0283568617046
76.27642613746177
76.31491212904275
76.4827576185697
76.89752903076891
76.10147944089492
76.10303126814634
76.14992791238532
76.01148118275982
76.27146571405306
76.15186126280138
76.43048073283256
76.15337603451388
76.3683445492246
76.25655916864883
76.75422230693229
76.2319627447259
76.171143913055
76.29770972292339
76.87391524352957
76.54296428851566
77.16566640564766
76.38929750706161
76.22851075467838
76.02112412728924
76.06665638906455
76.00040124483863
76.31859145249032
76.13164064921929
77.04567834604867
76.03435421666717
76.74371886586329
77.44620541735817
76.27861205781964
76.44876694212606
76.55926146661477
76.38595985911074
76.0789249229103
76.13835515384771
76.59672283165035
76.48264028005597
76.14754881877131
76.20412324733641
76.47672353265158
76.42104289312502
76.85743122490967
76.06935573835348
76.06451203238046
76.06071521095114
76.04098062529982
77.39443192093353
76.15916199585826
76.26681698742533
76.06153275123012
76.18019049466567
76.05842715465116
76.20738742200206
76.28479535328975
76.39497421923981
76.41970643529288
76.20017502369606
76.10203046857492
76.38846251909091
76.06145944184333
76.25176608205716
76.26358345725355
76.25982647216361
76.03721329858152
76.20920207504021
77.18650470040158
76.15305711972881
76.94247308511025
76.2061148025568
76.16495791329596
76.30032581544269
76.1333910464718
76.266734174564
76.51461116852501
76.18597711289908
76.0086937438776
76.4352241602061
76.58453472241094
76.0174093132729
76.5163335742843
76.92167928206169
76.3303816050163
76.36010506682102
76.06315772680132
76.40838328314643
76.21530218021813
76.10762223811268
76.00141609307481
76.08372059910047
76.37091697590984
76.33132012810947
76.05599589008435
76.3044371690015
76.0373767858986
76.34315131400415
76.08379276449604
76.28427237569542
76.10624449405991
76.06043134110662
76.02453375548106
76.30241119349549
76.16194933574367
76.17605270411123
76.01828115752593
76.38437729048302
76.38001361301335
76.39957665358894
76.45040534706575
76.20347768007326
76.16636970435614
76.22500917818772
76.64223384022466
76.85147147087987
76.02129501501578
76.98367628149364
76.40807879733549
76.66153406058993
76.14586052060528
76.06779542519386
76.57306943267473
76.40839655472465
77.11126402819363
76.70579459557568
76.21843557002235
76.20785303973197
76.02356998866857
76.43787476758604
76.03967313146322
76.51242298766113
76.42868864685093
76.25261828755711
76.01685563849134
76.33197936191011
76.1023409038029
76.19940085423093
76.6511435996907
76.58204476562678
76.16273718631808
76.08450127179385
76.44003102711406
76.87414539013226
76.64153734901531
76.17949203062078
76.1237325335596
76.39222151958309
76.02393801918524
76.28574900485319
76.11234997245624
76.09712196776346
76.87838538143372
76.07332575690604
76.01667069636831
76.27480389146515
76.08454999277396
76.2066079731959
76.46777787122494
76.04832977085273
76.7714347851689
76.01501030475183
76.1102534419996
76.36375139937698
76.07530646531848
76.88503760549543
76.148016951228
76.17846441824551
77.17522710917842
76.08498021186101
76.77912512779193
76.53056989767809
76.20739544281643
76.23239120956285
76.31909993995873
76.36128633019935
76.01778280632753
76.67142567850087
76.2039274616457
76.10746722936855
76.03822289031712
76.02952977545432
76.21296397843828
76.37189635507434
76.0663863198793
76.71684605806033
76.36911445667718
76.47406438162162
76.0722153779033
76.47621490389187
76.33919342585482
76.02364517455746
76.17090272502905
76.86803790342721
76.41796889895716
76.04375054152615
76.07523297137863
76.2556254094392
76.23439992500042
76.54910461599493
76.05418086314094
76.41368011513069
76.20431499668784
76.21144872924023
76.2819097203134
76.27254468846404
76.32753431661689
76.41803345948946
76.223430988674
76.44332614648567
76.0758928582058
76.48820984437373
76.07079774789239
76.61479046614623
76.52553765514806
76.11259347941181
76.04400576474174
76.14032995217137
76.74992772657264
76.17729931160149
76.37005131703847
76.16788925230445
76.42974929451485
76.10543087168648
76.25733874223525
76.18238005720863
76.44627314233934
76.17261266609786
76.2308470995369
76.1881009199952
76.10945628093074
76.24296600739459
76.37171042873507
76.09353910097707
76.0505710736956
76.08785953245106
76.05362375721074
76.01270464110574
76.74763745415287
76.27199676879911
77.64705439741233
76.0841513989343
76.87620280136642
76.52651653956211
76.15639245717777
77.96694727932818
76.03304904741586
76.2660526834565
76.16749919470247
76.03074390046758
76.48038668348903
76.04827859782806
76.83668064197617
76.19058898066562
76.34003647196984
76.31010142614187
76.33021636188582
76.3106303552992
76.04732484754238
76.24372422059872
76.33597888004739
76.29241775570073
76.67878635430364
76.61614130917438
76.08607405626643
76.63453904258894
76.33308140334384
76.01286005438044
79.28601469561626
76.35439405073113
76.27316568643612
76.1713931198999
76.01785116989315
76.06859490858128
76.64083828640551
76.73711194373578
76.01818989711334
76.6402913500935
76.77526182052736
76.22167594629204
76.16449623873474
76.133748558525
76.52070301961342
76.37329970760675
76.4403415559238
76.55010532549066
76.07785015157873
76.00264394026964
76.1662843824541
76.3908302895491
76.41165630960664
76.58119462741158
76.40110918479093
76.16750740636544
76.47781359184854
76.34529395519064
76.44197436943176
76.04438460831449
76.26117406196269
76.54202136093161
76.07400405458283
76.23243887721827
76.04005176643805
76.04482237979178
76.96462886903764
76.22032947948489
76.96707557999532
76.81119467619457
76.01325814559681
76.13845698438826
76.39485450039014
76.59153432267091
76.39607524468022
76.04317959838028
76.35088374988565
76.49533358919987
76.53574496568044
76.73459337815
76.215937977041
76.97388409228387
76.04278840880423
76.77643375031435
76.4707148863262
76.99969395771045
76.52126951396147
77.18095478080537
76.20418171594464
76.23016280055245
76.80205936042617
76.41687418565286
76.07446204316177
76.01748490176118
76.31883184078762
76.19526154121279
76.45338932465653
76.24402091009205
76.07188354016398
76.0303130710704
76.0600674695428
76.58503958197338
76.0465544864604
76.1810909173481
76.76069843514014
76.18096665607763
76.91096864065653
76.5797761034442
76.14230933546239
76.06410508149624
76.03297485943044
76.023970527463
76.28349761822545
76.39810319179851
76.30571663586636
76.19222895510325
76.3118272786903
76.08891174649602
76.04748937497513
76.25380858568491
76.02654167606018
76.8002832141704
76.29015354217591
76.1443212953756
76.82757292389974
76.19633581300678
76.15686686044708
76.43228631832613
76.38453112495351
76.52850502715992
76.44789936701389
76.07995037200263
76.30428169082523
76.1267036609776
76.49738172811882
76.15664964627345
76.04105258110943
76.06684644997262
76.18124432927512
77.2231969901174
76.08711704129122
76.71566948549474
76.3674974157046
76.96528378450265
77.13764188600575
76.62597179131846
76.05100733522349
76.41483208518743
76.57795684576904
76.34743307736736
76.18097379825885
76.0784698650215
76.44702065205217
76.1347723162842
76.19022988302662
76.06967512867834
76.70245877080649
76.2715398732297
76.20837671221338
78.00933753790974
76.13591743701973
76.26189633704891
77.59559865422294
76.04296072433873
76.20552108304119
76.19777004987391
76.00853303908748
76.05533208323668
76.06266895907045
77.18013944278994
76.67744977720136
76.05321922549352
76.4133707011294
76.60367267793342
76.11215422497332
76.72325325716453
76.2449905297327
77.06777042691347
76.46874477073979
76.9021974485743
76.58277541514815
76.78428754087973
76.72617831954963
76.32803280075645
76.26188174236285
76.40729127929359
76.12617403998624
76.21853441831091
76.01699393633595
76.42259832697464
76.58995268134271
76.08842350578627
76.09426019289313
76.05555227819471
76.53629031092122
76.38376219037549
76.12353154955288
76.10662635773015
76.06231214676839
76.27257842946344
76.66568481423447
76.20289078416481
76.34607009967102
76.28525224706009
76.01186278161155
76.1133453238185
76.93675877042739
76.17319540087301
76.02252274161818
76.21293427250603
76.31089101461947
76.22441543237468
76.06498659902778
76.02464574279048
76.71667694344957
76.5772975719308
76.27554087307941
76.2524031420469
76.11742188567104
76.04671663137243
76.17370317644473
76.14568057162316
76.32951472523251
76.1517466511292
76.4838199847089
76.31948890171945
76.12501215380804
76.05652527589424
76.0778975301224
76.0052812937844
76.24541442802189
76.13372386655152
76.35014964658605
76.2294462624921
76.46493760940922
76.03619872380823
76.30177100477647
76.616696632363
76.287493946597
76.34390578366158
76.41914154508258
76.01035451759111
76.16898480220692
76.1615377349039
76.63830304411314
76.32837699007183
76.5679931715684
76.94100272905793
76.12954838089051
76.88051717766804
76.50777561652423
76.01243226737567
76.01636709163562
76.15676691411119
76.09924187043579
76.14589116004785
76.24306552532003
76.05958290848163
76.05909766478642
76.21077781088891
76.1061424669302
76.49058029448575
76.21124800005386
76.05419549954188
76.34448160970368
76.89224952928258
76.62057125155847
76.05170163535159
76.17158233137573
76.11403887435013
76.31670214385223
76.20148572463785
76.14773271998911
76.03349996368637
76.44174809930945
76.41383566443109
76.25028671519871
76.23989312965617
76.33102941631492
76.0551515611478
76.28400908492708
76.0794264323071
76.07373291953421
76.46408832349076
76.1784682719916
76.4211575531351
76.57696849275234
76.34559940664634
76.38193948317326
76.35559130325242
76.51336407496557
76.60500065459291
76.42275749391808
76.18662627796003
76.44003005264696
76.32398448841865
76.12692721024446
76.25543276356177
76.0003738164804
76.22669621573675
76.68971195582692
76.1491538942141
76.3707284641086
76.49376332064612
76.70262917468418
76.29105957607304
76.07276376739215
76.34925217828477
76.12289327377317
76.1209760152373
76.089545486028
76.18169864109879
76.53767454320267
76.74210028479456
76.05339692183857
76.0516963885116
76.28856362169701
76.18827913884823
76.45654980740714
76.35599184776586
76.2214316966912
76.76035406968106
76.378081391931
76.38591725288727
76.10189971626328
76.74714218706546
76.87306015420774
76.29436401217741
76.26743769007427
76.02823026046573
76.53218262453133
76.71643449899281
76.4344613625263
76.0665479252388
76.74136540423103
76.62816932105824
76.04994205406035
76.02316927631082
77.22232526234562
76.37858981364478
76.58050848151068
76.50564724907989
76.48003558550661
76.02942176126619
76.47692953471605
76.15861700755568
76.02324448191936
76.09051518744918
76.02912268046093
76.07714399796053
76.00699650501662
76.56037739342801
76.34176857653283
76.28073313598533
76.04848167334664
76.0060486484574
76.16070596661858
76.1113196194862
76.37694432539318
76.04332596364287
77.40126307458023
76.20868152770001
76.67656184037705
76.44785925770991
76.72470532908868
76.01008120348934
76.35306412978879
76.53667342809234
76.1208024593131
76.5300498901288
76.16899366502695
76.5552522780931
76.2815029363209
76.01677203046229
77.11268835077371
76.36446869285398
76.31865332484634
76.06802593834605
76.28220520252744
76.12455728574419
76.8080469673655
76.45450176851605
76.23241855186637
76.37495754450934
76.42024897013881
76.00330284295781
76.16257075269324
76.09006125506538
77.11192570750941
76.00620659512232
76.33502940679931
76.59704537330322
76.2847661153941
76.0638001509595
76.37368935857579
76.7743250497775
76.48650666443808
76.62237416871139
76.4484014982658
76.22927078525566
76.16820250560711
76.1121970083507
76.13974734763613
76.07737983720388
76.14371301312573
76.33773374088766
76.21474360082074
76.12708794094715
76.00176941635935
76.00318425616621
76.07031638895758
76.63613441088432
77.10362166281729
76.13950203428803
76.58459731437571
76.19479717130676
76.20190725991702
76.03360352707837
76.14066763406942
76.17750689493641
76.19553509248371
76.15374897847725
76.15888984422108
76.32257289145592
77.35865411306706
76.12178567376452
76.28514523556146
76.17768983972535
76.16321896515657
76.14615550763041
76.06451430035108
76.99841220837477
76.08329966201337
76.61145743299492
76.15503689571015
77.06821368853363
76.80292239393111
76.00518987768368
77.01292110596083
76.00244919337757
76.3958471483533
76.3696930340892
76.0561818074567
76.30657194011296
76.19542664116051
76.4603096640073
76.03886736206866
76.28682302437831
76.03435770431858
76.14470862763987
76.85859493147494
76.07750902047792
76.47002822145168
76.4143820428948
76.09487375456555
76.43983086800384
76.18991132319512
77.78547618996295
76.02206038952075
76.11349888769087
76.1237816321049
76.68742508591733
76.30607260988518
76.41165026599752
76.25688042552358
76.0149612547842
76.28998903025305
77.48350095782885
76.47039998491809
76.10076620486961
76.29667316774311
76.24894412437823
76.23897319187903
76.14306030906593
76.01655520869446
76.01122814440387
76.03064740979295
76.34348547934576
76.03163656102443
76.08491609434286
76.16793098813007
76.11432825323685
76.1914496780891
76.30479156070216
76.76721942698094
76.2974061574905
76.38104310139899
76.64837866309759
76.12608431896606
76.05678132468745
76.2494758406184
76.70149944468183
76.4050659792878
76.26613493808813
76.09737871914962
76.25685595377827
76.14788943606256
76.1300429116267
76.76843212013172
76.25918073062617
76.39242105683806
76.30587493396057
76.24514637709473
76.44412902772235
76.2644555074961
76.02034230460771
76.17600429171499
76.28069164740657
76.09511583125374
76.64125838859638
77.22982515784008
76.10126117947559
76.152466708748
76.09002624419024
76.99187080062745
76.05889450329855
76.15260568686887
76.52854767398925
76.12709043320186
76.01351430667769
76.12409806397862
76.01879776711043
76.08179568108677
76.7448800446659
76.08383588796623
76.00531224531672
76.2322920339373
76.14431831496199
76.09944673115452
76.0978569623686
76.43925827196959
76.87425066203575
76.23499867262663
76.62194758291854
76.05262320804161
77.29795389522187
76.19582387783505
77.28366455047045
76.93762940254275
76.35570055324806
76.9318946526567
77.0479705348867
76.20310901299918
76.12441431213212
76.4114975705791
76.22855675901353
76.0796656032857
76.02227820067361
76.1985271275523
76.25289621253609
76.00021523921127
77.04555777367896
76.38619214084925
76.82524269189855
76.21894108399638
76.13118936795253
76.03810130749595
76.68553016670138
76.71029540962567
76.28746392952189
77.34528450594442
76.02297887988934
76.05648745982741
76.26721358481875
76.35022394343272
76.31148210286766
76.42273398912968
76.70334686701527
77.42709402928067
76.63623694154155
76.35845338730813
76.51555376856574
76.06165797662736
76.20796020960675
76.01046959416799
76.23056048923709
76.21388876070216
76.22707449602942
76.02725815709829
76.06086647560146
77.22560474264874
76.05048050371019
77.16768745658952
76.65906759515659
76.09472515942136
76.00000929282506
76.1638302118058
76.00310080228361
76.2709156447359
76.19102209151413
76.08439723064951
76.31496935465738
76.07922661794468
76.10213541938194
76.00959129255894
76.12437076550678
76.19831043088868
76.17984644706584
77.17273049443588
76.16741961940629
76.20765106915798
76.36964991491715
76.75785629016514
76.37539855776014
76.01789783074487
76.20547030319072
76.05442587015831
76.37927562495143
76.05950912917145
76.21394099209871
76.32657532000287
76.22233148257232
76.01756151515282
76.62890342744952
76.06249136517096
76.01594238990131
76.30095482928498
76.34633774904535
76.35009092246744
76.04787997615145
76.28398239529012
76.03530846208824
76.40633033944135
76.16903092053694
76.24445347967021
76.16350811591936
76.15233047871587
76.6349215625753
76.32976002979024
76.06853548219642
76.01095283915834
76.2029198073328
76.29593876549377
76.44635926312178
76.08563705172685
76.12117572849778
76.51086628531823
77.59490967560927
76.03336115198314
76.16431218860266
76.04594854361184
76.2867921795089
76.17843212871396
76.19719072634398
76.06593211354466
76.06029834539457
76.08470975226979
76.4515870955535
76.05027566642013
76.43505671479925
76.38334405229308
76.01072553924817
76.35733018267707
76.41149459399183
76.3139496470608
76.03699514887644
76.01067948930299
76.18748454807049
76.08164488949184
77.0113939666322
76.05429072117121
76.30837677394581
76.20610729575664
76.15050071077536
76.14829728429235
76.05398999487846
76.03117902822652
76.36468284967938
76.52219274652113
76.23675850346864
76.05997314887317
76.45149935889724
76.00353829739147
76.01625712004888
76.66146060669311
76.08421867105368
76.08947937582906
77.17017231709175
76.03790544898625
76.29998969088938
77.09506118582487
77.06271652404129
76.00528593976163
76.71685970472093
76.61176854924527
76.07383786037725
76.03246913878043
76.1957518826187
77.04716071315606
76.34846239318667
76.02520271790151
76.11393572190126
76.52905544800429
76.82202086236957
76.50792176756387
76.04572882393144
76.02733974443535
76.28236712966546
76.31452207042882
76.11342655060506
76.52961288522737
76.22560653244646
76.04428913583007
76.9388808542405
76.1131607074264
76.34524728628135
76.2831392186494
76.28713414192157
76.35752062247225
76.02764838515183
76.48579257672225
76.38592963582265
76.00604815508284
76.12520278704686
76.49248314093181
76.19647258764914
76.26925573527308
76.57250489119002
76.50068970244544
76.01955428252303
76.17400084784244
76.73707217819198
76.02605817540464
76.56625421674423
76.68112704577047
76.04302880258484
76.06821958722489
76.15682713162698
76.03354786694551
76.1060312723351
76.14815464736989
76.50638492460523
76.5201665083995
76.01365358140644
76.0035833601466
76.11566068215801
76.17823606519492
76.18818467393596
76.42645187594381
76.1929749008493
76.57500682765108
76.09070892483467
76.39914331617693
76.75107211696614
76.38855380162106
76.64964059369504
76.46037135514497
76.12702442057339
76.2894422315505
76.43326791008799
76.37140719928588
76.6135884474932
76.01523820214973
76.66934671155884
76.41233708433965
76.08079249240419
76.32855646896896
76.18887324225469
76.3670418982515
76.03131885108849
76.31469901276505
76.77445901835847
76.09313669611797
76.18500114217562
76.7196981846177
76.08752897046848
76.58507704744346
76.4621713107154
76.51625949148827
76.39176918074492
76.37472247757242
76.25732036144169
76.15985426645943
76.16213545420086
76.68108552212755
76.01909790171541
76.319728655861
76.23202931191796
76.23407851317599
76.34374464118842
76.26881971209772
76.36284975972637
76.23506520207263
76.5810520706794
76.94707412657202
76.00427666572874
76.56787107321563
76.02909309449295
76.11950335521848
76.40636554999921
76.09710898636762
76.30209009501988
76.1586006449983
76.20071072973903
76.98112918937436
76.42484277793568
76.6150833643374
76.41245169087135
76.90074649152176
76.0028897777131
76.01864545361907
76.19851952017139
76.10626475612221
76.54464081776521
76.41397374696936
76.3103394246531
76.20196343582963
76.337323800648
76.56620107617968
76.04289499508639
76.09043681348636
76.11759817150751
76.09308472030325
76.7303603576236
76.56972731617789
76.88272599768234
76.02406053840475
76.16293087737581
76.05021282822612
76.49899571229511
76.15169941659947
76.44619550849536
76.51983974702397
76.10487345961062
76.92125952290625
76.56445731006589
76.08698319344794
76.76234448383347
76.60369777880324
76.53475532840189
76.28513921072384
76.77183316252179
76.45120457550824
76.11290720963767
76.59232999697029
76.03755729015803
76.41473251571554
76.03425523204963
76.49271274557947
76.10135364330918
76.02762915440265
76.2128744170376
76.80653216820663
76.44382551541793
76.10505006780205
76.039286520016
76.18423158180647
76.40743357688648
76.0327705556896
76.03826352807715
76.77974943173582
76.58409690635287
76.04465502425785
76.15008352964445
76.14036810156732
76.15238204245298
76.00268110079163
76.09149012350132
76.2177833944333
76.08065895346405
76.03926177802936
76.35938166214902
76.08170129065856
76.64109281445265
76.00700470367123
76.65681263422731
76.35827693144475
76.04207289076582
76.06206953687541
76.60934496476445
76.19112347671779
76.80247389760747
76.17167110496615
76.08520341982855
76.18491942889717
77.24354692500117
76.00332067636035
76.0351584875181
76.04580451449061
76.08960217999746
76.0819348534196
76.00523654843218
76.25298650245648
76.35882398011353
76.54094816469089
76.43430689544114
76.5296523192451
76.01608877283488
76.23944112260045
76.06106841121114
76.07838898703208
76.1230851954868
76.16194733708859
76.50942995386023
76.05607820576405
76.48288648944833
76.10409150475706
76.00784130350696
76.0179260481536
76.03517940821213
76.92128385079594
76.11178269829907
76.54208908196728
76.17663362932902
76.38267359333189
76.01821079368236
76.05065175833177
76.02098313571084
76.52191806819303
76.15891999353366
76.10985486295293
76.28297708416449
76.78047671185801
76.151542632051
76.13264315440064
76.14102124629713
76.04523460404235
76.40300070635286
76.19025608664137
76.1931228220762
76.50828026583454
76.65434319744695
76.24608813753049
76.04351658422159
76.28090051928751
77.00468132053007
76.1378678117327
76.31325327411137
76.2048256336279
76.63274376952023
76.27548189949842
76.68944982140486
76.00547103009487
76.60535195081839
76.64905618287193
76.20736178971309
76.31872604723067
76.19720603296838
76.57726738471837
76.75273040005524
76.0083576317995
76.00404974835317
76.05878251564758
76.0494048855071
76.64287383477549
76.76225724184484
76.06269392647559
76.22903015892899
76.6264029191334
76.01226037740562
76.09930054922059
76.97269620767968
76.16941433283434
76.53052178593614
76.10811993626712
76.11483969897834
76.00400060166461
76.87110967586904
76.01291165605865
76.18486274734897
76.07004132525843
76.0041727833096
76.01857252148127
76.08402995948268
76.04649859675894
76.25110190458345
76.24572587951945
76.03728108733826
76.01828414280308
76.9431786140055
76.09776724931963
76.15811147016592
76.20430153808788
76.1164646976777
76.10066966977456
76.49796981049562
76.47061893643871
76.10262910868894
76.14957015622015
76.96475830520322
76.13655089236775
76.92508135045826
76.04113915502829
76.11580291315131
77.45889785737768
76.35904415574775
76.31458875247338
76.00601757323624
76.12610411911002
76.88706194198994
77.04110251346778
76.12731132470456
76.44720150902381
77.7168447563703
76.02451370516492
76.08519314270508
76.59599924768416
76.05600700094756
76.43345521202276
76.35236975743032
76.20538277624745
78.29783963756769
76.1255440900103
76.0014780293228
76.16125048465479
76.33325176870419
76.34510360848597
76.41843474517839
76.21538328959997
76.57958892267136
76.07498026063817
76.1994551838577
76.0434526249
76.10032250591502
76.07718556601597
76.0383260384097
76.29971170272427
76.9314186219438
76.38563557353592
76.44096177003901
76.12835450698115
77.19822566039434
76.25732194252349
76.00942426336792
76.13467224554672
76.01078061584143
76.22600067757944
76.32724534289316
76.0488703349001
76.14731949685127
76.12925835555238
76.28001923091708
76.02946482063506
76.73677803942864
76.02926060278003
76.04978634886024
76.01729418641256
76.33056639501709
76.09689004348971
76.08952594189965
76.12187668333068
76.27021969712972
76.02592853688901
76.06514590875153
76.1188544359555
76.32496410557017
76.19002600017222
76.49305971768308
76.00830885685458
76.0706497475008
76.77549336218691
77.09728162009347
76.28327107635803
76.02685702676779
76.21966558961293
76.00558577897323
76.14558987086376
76.21758037658697
76.38315555349932
76.05982756361665
76.8216792567853
77.09070731791535
76.33496903162673
77.12050896127688
76.47489316928218
76.50569638539592
76.22820895393062
76.2238434460516
76.63163868010227
76.09346738803318
76.00976133585677
76.12834534707554
76.27752266849393
76.11758910426286
76.56845872158712
76.09054887130951
76.07902441008855
76.153076391315
76.14124235253361
76.73028734702712
76.06529472931179
76.38396351556126
76.39244019257262
76.52121125959945
76.08443993514122
76.77273933430946
76.55308759996498
76.35122288836628
76.90271402935004
76.26730886329317
76.07575787567693
76.18374656253943
76.32882883306497
76.04549261835213
76.17231430727483
76.03081775398542
76.22388369780239
76.5890138031612
76.07324712863524
77.13985384372621
76.11127172843936
76.69781458561843
76.01580085777442
76.52495431140554
77.19186481403796
76.18874653220247
76.00438384663401
76.04961699849385
76.10849224836025
76.82944135714887
76.46424278374957
76.14416624370588
76.6288860610515
76.1921950534035
76.2709301041231
76.0381230292998
76.29755789879731
76.14848684358277
76.83589695439312
76.03710175297162
76.1069135514254
76.4011155220245
76.19351750415238
76.03564856204629
76.02321095499897
76.44272017917885
76.06742291775565
76.76927130072511
76.15573671781343
76.12820589225403
76.12998458611142
76.58250003160049
76.37657985052157
76.12344462775349
76.08207672557924
76.15059420276548
76.02693223916556
77.00521550947978
76.33376749522989
76.11357225502438
76.17024827143177
76.71243935594511
76.01826808502538
76.03834938127021
76.0001539677825
76.1012495565816
76.07348401892676
76.23309010641381
76.03632905910692
76.49791079133719
76.1594253126199
76.04286330000528
76.12458268906481
76.18851382821379
76.0026457209887
76.06401383110779
76.03865020433071
76.43634836977391
76.2923040333036
76.01952001443958
76.83492405910825
76.80367348365422
76.66716134960659
76.07283484959576
76.0686137245125
76.37983575473886
76.11065627096
76.19115228680168
76.00210182342273
76.57263168955716
76.02908326269329
76.71001592105095
76.96849835778764
76.69115007514365
76.51214981259214
76.35065934336932
76.67849357410613
76.06535988481819
76.5493412909016
76.40504646449875
76.65955014929925
76.60790467556099
76.74167366912533
76.86913338199696
76.29258121906543
76.34578588768063
76.36930882252665
76.27421756626502
76.53469499590175
76.86241004195934
77.48861048433653
77.53007831216463
76.20396925002275
76.02046467067103
76.07287606155053
76.05285651022362
76.29859454037751
76.28911829989241
76.13599006523403
76.09592315127156
76.23976853801352
76.0690988704099
76.18204176721746
76.50472482061032
76.06245256623784
76.01838657167784
76.42576642541904
76.52428821974736
76.45465591622981
76.28804702555678
76.27184877467735
76.03317850073044
77.02178332295951
76.5733464888833
76.087163959073
76.78997265007332
76.018669729008
76.10846095538548
76.29712746491161
76.25152359209041
76.77337841462699
76.96789355514733
76.3214615682761
76.57165138025677
76.79135341337636
76.23135246901452
76.63375332823772
76.02354312508992
76.44343001512698
76.54920713637344
76.71747159601492
76.75452153484937
77.25023354448528
76.21532956434963
76.08104403211398
76.35831979519465
76.72480985722211
76.15325343366872
76.10013450415352
76.14337596609553
76.25196984922053
76.4847586784405
76.05751777597554
76.20376071811009
76.25855386267756
76.12812857993873
76.31142743992282
76.2919063278823
76.38541272457185
76.1184179759924
76.19933677265412
76.32664349678431
76.04550187696731
76.21800132330148
76.10013993301638
76.000192597127
76.34153249387494
76.48214662231331
76.02180642174359
76.28258552488711
76.20726044825534
76.04161147075486
76.12129613234758
76.10582194463788
76.41150920073751
77.65657549307075
76.23812713748188
76.19656503330374
76.00224421677524
76.43278987802387
76.4485335494046
76.2858466082543
76.37750217677186
76.46987557187413
76.53920033761636
76.0940289805812
76.04065717218782
76.88502300157631
76.54087165596398
76.04577817806778
76.10354252082504
76.11319108643285
76.00626310485636
76.12403180407348
76.10164351114081
76.82587807757763
76.88474788022087
76.30363660628454
76.33685535354921
76.20932155030101
76.5378863031033
76.90023725367865
76.19043746011508
76.26079049736799
76.15446545423208
76.27684759320613
76.67432637415614
76.66478507828508
76.56921674388761
76.56077564751051
76.39051249125075
76.41298729451319
76.2982953777114
77.15931534237835
76.11814366987669
76.64567545302567
76.10715946608462
76.0648199982898
76.44806113727572
76.01213371726634
76.24965339919878
76.82548106523811
76.10171687863024
76.87383743007392
76.00709831528134
76.0781650744243
76.36837472261186
76.05034479036837
76.10690600651257
76.02425685283887
76.04256973761991
76.26039590900155
76.02133283688808
76.0087959282005
76.50210187907305
76.09140729548776
76.32288663450409
76.16659168335806
76.52677550028311
76.17448058809984
76.57583870537265
76.30791324474899
76.10373269922809
76.41992293595986
76.22094790343543
77.03760559406552
76.28242946986629
76.63804825396345
76.58107157209427
76.58508431189003
76.06705904152388
76.02903500851153
76.41447668369189
76.32953696298443
76.49795016316021
76.03598650583876
77.70885757201845
76.10385828700277
76.7113260356156
76.57468880718999
76.17958666652997
76.10001560783121
76.64693950414379
76.52368107387926
76.13193550993685
76.04753819762742
76.76809585495761
76.40542131555948
76.06407337583843
76.17582124511672
76.49407464361475
76.17305745665492
76.2604543715783
76.01490639795668
76.44385581983884
76.73891498885072
76.181390765691
76.18630008142864
76.10705862949825
76.47236558881723
76.11324406347879
76.22873784211033
76.22394547922246
76.1289414178598
76.4723289372069
76.1257904366514
76.3322050078366
76.28621436684598
76.76042412110097
76.21850182805278
76.63097600633404
76.5777709700816
76.04948742407211
76.21469537335349
76.21482057035415
76.7371827298466
76.12286813445218
76.1386022742011
76.14466967765918
76.43440262202823
76.0223962292815
76.52829341718446
76.12428842664119
76.9522693877302
76.39694613868137
76.36390448336084
76.0914818071227
76.26969476474775
76.56493466410065
76.0879372662011
76.18607514544878
76.01985838200338
76.00978959331142
76.45073401829266
76.03206448099941
76.0118420455455
76.18396125814165
76.064807201374
76.58211171314632
76.98220082361227
76.88193838765719
76.16970686767637
76.48505017238922
77.35521355856365
76.5092657500576
76.08172856157302
76.02826598673124
76.45486484202503
76.01972948460872
76.48978078925833
76.02369279801106
76.18242910415263
76.17775780476364
76.79837861696154
76.04914605362443
76.16882089087512
76.38471869551451
76.11118945555505
76.32609835751096
76.9871637589753
76.02427878335756
76.02128174743082
76.30505136211801
76.49381642092159
76.25051198531719
76.2437057978296
76.34328000675637
76.15039354679021
76.40588864493594
76.05968155986719
76.30649576695619
76.05287476753858
76.62897553113882
76.47364621648732
76.08283689480722
76.18416296579015
77.26553503274924
76.00835234067344
77.45096046132983
76.10314612211138
77.24354448413051
76.23944957905044
76.45348989277956
76.27317498240217
76.01399557720107
76.94869057815643
76.0701477545377
76.22848522704761
76.04458311089785
76.03514804181147
76.04773170796042
76.19716956744335
76.36677198540517
76.48138796017794
76.27006714883154
76.14112196434901
76.14650638227283
76.47457890346001
76.0377387267049
76.68464119190604
78.0986289618488
76.10408886147748
76.38581837960147
76.13493961075471
76.02618945148046
76.08409563203169
76.51228047602474
76.01029862019483
77.10838901948036
77.6647130443977
76.16361767509531
76.68803604573773
76.81563872227848
76.07552417779038
77.49769863027244
76.15015472417511
76.08692667510272
76.04207225740919
76.4881854478654
76.17322215240485
76.19252345369011
76.33165327820005
76.19606861546806
76.03493373518528
76.36392746887866
76.4108662523944
76.53461568088761
76.07124596005146
76.11717465910475
76.3530352195784
77.04196102999376
76.98249625099665
76.06859538380579
76.56330151804396
77.73700244027758
76.4212590325853
76.21277373049332
