211.1330350848967
211.4597437078838
211.1626097042544
211.284218376477
211.7092896965207
211.2820729041732
212.1720358768306
211.6359031894717
211.4726750990594
211.1327407065813
211.11688839978
211.0352492302697
211.0364692864881
211.4093715382329
211.1314212514448
211.0982926715249
211.1332244219812
211.2332363272312
211.382111255922
211.5363022506146
211.0993869074525
211.7470518801667
211.8587011327458
211.0204006409397
211.0290043995143
211.2373275536528
211.7439115080149
211.2370104195797
211.1929371075989
211.1040903400334
211.1347959976952
211.1041275852118
211.3487565516441
211.0681212334693
211.2549204958345
211.1791625934199
211.390780032426
211.2468020850651
211.0150582375593
211.7263378548721
211.127120738114
211.4825540901197
211.0967439969672
211.2484173164405
211.0987314310666
211.2922330713625
211.4826605301186
211.0110517030134
211.062997271051
212.0794390545936
211.0503149179108
211.4906225800718
211.0328007811004
211.6820471032682
211.04980546248
211.8346123588601
211.385066976885
211.8518189569589
211.8352260616714
211.0400844870623
211.1905059132496
211.1139501943173
211.344808290935
211.050917883048
211.3676988438695
211.2059230736825
211.6369374012852
211.0146073638566
211.0145460275293
211.0483007923196
211.0537413833796
211.5231708256823
211.5975991248941
211.2999426554263
211.2499337674338
211.0639432379295
211.7882315568047
211.426363645273
211.3633928580326
211.1587481254443
211.074143288276
211.237085317216
211.1068226503109
211.0486724301217
211.0372513612446
211.0548740494762
211.4152224832214
211.0738556042797
211.2226163305756
211.8204473332601
211.2728130762803
211.4706456156306
211.4966548896053
211.6598378077755
211.2533667838043
211.1434322740427
211.9575836377074
211.5106100307295
211.1177513231994
211.373112488074
212.3505636691686
211.1781679674662
211.0672469853635
211.2950703242805
211.0281922446044
211.0536620937195
211.1612752863955
211.1098714616859
211.6323884075302
211.1161493203209
211.0320676498821
211.1932928104876
211.0276515107546
211.1940739569592
211.0148093638581
211.215009464323
211.0144542701015
211.2040121976496
211.619600883577
211.2663256362954
211.1372264929752
211.3584018291899
211.689741352777
211.1087807955151
211.4244827229199
211.2820013407269
211.3704845338985
211.7865153849995
211.327406726998
211.1617252746405
211.1295584035434
211.0933384673914
211.0427711719034
211.3808384454361
211.686502412145
212.0731300425847
212.1011603464342
211.0043322555007
211.1694400701862
211.8747734980297
212.1386643709437
211.0211517295426
211.6570049464468
211.8716342117621
211.391952854928
211.5374680571122
211.2559535540597
211.5465918015927
211.3058762697902
211.4737358923869
211.4753416732586
211.4463368217716
211.7465728486354
211.4438266377532
211.3934176208861
211.0785449749766
211.1006274678078
211.3702506240174
211.7311241153436
211.3767686022172
211.3484790073396
211.1796921528563
211.0412248663627
211.4646038806438
211.389824422974
211.0226133206235
211.2138456954169
211.0785680839159
211.9625447057795
211.1582023796724
211.2100847852137
211.9297540789113
211.5815081436759
211.6412580977127
211.5197663689759
211.1185720972316
211.1500800121053
211.001325137806
211.2723503698277
211.0581428383368
211.2503022605638
211.3777601279989
211.6459724325319
211.1073791851831
211.0097183223544
211.568293343045
211.5301142615039
211.001925609368
211.9580287596589
211.0720916790318
211.9902370193213
211.5132019135275
211.042253866395
211.2759390585792
211.0726716735855
211.1393944054202
211.081401104003
211.0287372074786
211.4573287157381
211.1440396750079
211.0141267050633
211.020337007522
211.4242107838542
211.3556272335641
211.5910594127946
211.7074526489326
211.2133918010666
211.4191595160437
212.0243821846236
211.1384446170872
211.1854909919836
211.1199340980265
211.5807721606765
211.0097510341954
211.6816485283326
211.3681514286047
211.1536128564827
211.045280824939
211.0673017524634
211.0377905412045
211.2322759730347
211.3531071371367
211.6948912502094
211.8688749207154
211.2541364580072
211.1648388595858
211.4685161520224
211.6577111769363
211.4192961535288
211.017277203617
211.5813957068033
211.1075475872234
211.1892180987516
211.3845164179362
212.1923929916185
211.5934204684163
211.6596016755216
211.7691388462111
211.0238092853596
211.0914464406587
211.3661379485283
211.0291708226724
211.1033881332469
211.4432301996508
211.3257965642335
211.0519207279308
211.0985147641174
211.130070832896
211.6107409707422
211.2420385859808
211.1039845027713
211.0483056832369
211.2564673839621
211.0767049574021
211.3446133480731
211.0610974306505
211.2364642091032
211.1094602587212
211.3496685908776
211.0173128688535
211.2763641062189
211.0280971899593
211.0482486689626
211.4356160870847
211.107813093912
211.0716307818822
211.0697164294448
211.1819158088088
211.6131829339436
211.1792409685522
211.4934104869414
211.2437294177325
211.6754128247358
211.6392811246173
211.2558629340285
211.9273822955834
211.294305612315
212.7113031461942
211.1543145965267
211.038720832619
211.0055309851432
211.1051907210655
211.217491402161
211.2013055526479
211.2114929607305
211.053817394239
211.4262298290134
211.0018465587059
211.1618012567842
211.1435460116267
211.0560130298626
211.7042026916531
211.3664393886357
211.0728823498528
211.3021744224748
211.2755031608903
211.2187516105209
211.0015616988777
211.2189434167211
211.1741886206446
211.0632176769143
211.032088893213
211.2341279886362
211.9588625793117
211.2240512340875
211.1023904502276
211.2656046499526
211.0726092116683
211.1057004877013
211.0387870150497
211.3205093393179
211.2102161263533
211.0107567569011
211.0591813409495
211.3079469469451
211.282681675679
211.009482706953
211.7560097604522
212.0113910201047
211.7406348347488
211.0799158544465
211.1308758569841
211.0199029454783
211.1101658172539
211.0241112340885
211.1443810381321
211.2157601459491
211.0418536375514
211.5772926239335
211.2129498112189
211.2706612377858
211.0932838885728
211.4820348742043
211.3197170330843
211.5901551736582
211.7419445522841
211.1640750302346
211.1311345532342
211.233714546815
211.1774013673603
211.7360521143911
211.12982739173
211.6188075724887
211.135795355208
211.1635980612068
212.1942715491782
211.4596412484948
211.1490085194379
211.0085806192088
211.2046364879571
211.0113835480654
211.199063220657
211.5555048603135
211.3344170556916
211.071948987845
211.0221246359531
211.2228950957209
211.3293249490642
211.2550138839343
211.1142589260033
213.3098254457675
211.2553208168739
211.1023016891931
211.5256671888873
212.3629050194644
212.8692882518916
211.6244962412138
211.2102963795136
211.2876700472731
211.7202378358985
211.1662119746606
211.1392860201766
211.5882909547984
211.0973310170949
211.1897360581302
211.3615575416462
211.6424434592793
211.0787895488151
211.4352813972824
211.0518549327031
211.2760372650946
211.8217499427121
211.1091632749001
211.2450736056446
211.1968590395711
211.3158233922961
211.0347916758756
211.1343781874369
211.4893513395266
211.0120660269164
211.1510305707011
211.1195465193204
211.1728958861819
211.0182036707162
211.0858536772251
211.2574387944525
211.2867142367162
211.0240853110965
211.3703450370407
211.30306633512
211.9972948618201
211.5423356866829
211.0847672577683
211.1703751516227
211.0242492059716
211.6404781646254
211.5097076249679
211.5697082959936
211.5048551409356
211.040104604343
211.7478669957993
211.6617660688584
211.5150166000572
211.7728216168678
211.1458035307593
211.1220504593136
211.176901702458
211.2562954524826
211.2378725008348
211.0317547223919
211.349651301284
211.0829993415771
211.3159458985592
211.0857621645194
211.1176802853197
211.0201195863405
211.6793251173159
212.1367018055134
211.0273851774352
211.0706878514743
211.0083008704618
211.1934578762515
211.1202768344854
211.3341688494512
211.3399733420641
211.0054001256431
212.6384813076317
211.1943283823779
211.1116604136876
211.1761387884986
211.1809599695583
211.3391077523108
211.1871722607164
211.5357091725539
211.2461066285564
211.0594588952551
211.2929952487553
211.2899508909588
211.5649452106235
211.0015636325668
211.0174877266916
211.2999718030742
211.4227134196784
211.2092759796527
211.2244594977468
211.1351382855968
211.5927856042729
211.1197898558311
211.3056851897425
211.2747539927063
211.0747823750875
211.3876532594922
211.1171550893704
211.6135955006911
211.2387417252329
211.3993761515304
211.6028110572909
211.1718061995641
211.0955285042643
211.2545106250036
211.3891555809631
211.2308752620104
211.9701986741022
211.2408721518324
211.0566215988989
211.1092241194708
211.002547985314
211.028259875436
211.1675902037032
211.3264055650094
211.26059018687
211.5383297215756
211.3959599551763
211.0676743710889
211.0841249329805
211.1099679703325
211.91229461032
211.098124074377
211.6628358691608
211.4723501923868
211.2768607054855
211.0003178933489
211.692155380149
211.0407430727197
211.1204601926941
211.0409027463376
211.0716717743275
211.1417732241038
211.0718550889525
211.0716805876764
211.0490416348521
211.421540982702
211.0427568719518
211.1479747801283
211.108985011372
211.0618175210539
211.0425574039469
211.0861256768607
211.5380839566707
211.5111282022833
211.3543573057362
211.2800612632602
211.8194219504701
211.0467731670114
211.0596978069097
211.1836031866416
211.0236249347553
211.2485332409603
211.1053115010865
211.4119800820706
211.2129660399423
211.0299118526726
211.2867767547176
211.0366509006624
211.0395115363791
211.9589965747407
211.0766957505063
211.5749532534614
211.0313236314334
211.6555161301435
211.4533360234612
211.3504208799251
211.291828058703
211.2846118586617
211.232542719006
211.5324306937155
211.0250127506204
211.453393057952
211.2271862523103
211.2036055560079
211.5909958816473
211.3985185407301
211.3536572201927
211.1890070910797
211.1790855022112
211.0561433036546
211.0643185721846
211.7775689730146
211.3211334120835
211.0741051995029
211.1623423532157
212.3791304920324
211.2725342853896
211.2026909125961
211.0894765254102
211.1727482251638
211.0670560714905
211.0358837067694
211.1566256813985
211.128344058785
211.147272456915
211.7179230873734
211.2579571095859
211.2695646692032
211.025970026374
211.1516956671479
212.0825543820557
211.0791274359904
211.1744167414078
211.7446046837175
211.5966257207029
211.2198950202497
211.4223426562712
211.0229807390253
211.0052696602034
211.2351662626226
211.0040416389311
211.192592098115
212.5533833427898
211.106168607803
211.8596986454438
211.2339171932808
211.8192805479897
211.6480335879024
211.1987765601813
211.57873560915
212.2635038579834
211.2956215393743
211.6779181795735
211.4076140056004
211.409363873784
211.8529661371201
211.5468272533225
211.0460279501344
211.0887108955143
211.1567292550663
211.9886033009811
211.1483094603866
211.1104899232922
212.7584144652781
211.2222318444392
211.5546673387043
211.1848245904663
211.1561890554716
211.3046181195604
211.5701435512483
211.2179115912013
211.270956363961
211.1357323838311
211.0166573236274
211.1983471955565
211.077548391011
211.8180620200091
211.1102734536815
211.6766086329095
211.0958308188932
211.932403369444
211.267464168394
211.2136368754473
212.0823506184409
211.4732461805662
211.3753491483593
211.6250390765856
211.0492108734351
211.1162568775397
211.0096358503758
211.7433898006547
211.322747794274
211.132242702871
211.0718318191383
211.3187029299499
211.6704605499375
213.318888354726
211.3003161916392
212.2440857917261
212.0478499417257
211.0839688301318
211.7548389039271
211.5124949709477
211.3203326984502
211.1977938729611
211.0526929326604
211.7418910928918
211.3549377228472
212.0986673758654
211.0038466875609
211.2475512622578
211.1771266347512
211.192937884967
211.4684952435266
211.1457263314301
211.0769973677707
211.7229703836055
212.2512632677264
211.0120119698233
211.0308909291898
211.576929328538
211.0346107101551
211.0115801378968
211.127049535265
211.2352157246188
211.1761742341065
211.8960151608152
211.1342029892818
211.0933995734937
211.3378181338035
211.1211292375997
211.0589991909609
212.0551955344725
212.3509643863534
211.1120860165481
211.092346223328
211.0968308342885
211.0877372222151
211.1656420775863
211.0946554745988
211.0135911138642
211.4276441489412
211.4070551120913
211.1266389333588
211.374506059718
211.2153618001609
211.2860364292801
211.1733690801538
211.8056116619758
211.1883007479575
211.2826116160307
212.372572192295
211.1433965686783
211.1674855909842
211.1483235048401
211.0753967426908
211.0703986746283
211.0089320156736
211.6945723743731
211.4710375813831
211.4867716309901
211.1510760692299
211.0300115803721
211.0560837002942
211.0490607482763
211.1422933929587
211.0195166219581
211.7878608924717
211.1211967038795
211.0748787914493
211.0683685985757
211.4632838279593
211.4992487495665
211.0872006925001
211.1600813609089
211.0518066522153
211.6263507895143
211.3237121105787
211.1481643674812
211.7902261048108
211.8497310369782
211.0439531802712
212.1889740488099
211.5626595076421
211.1495717496092
211.2395902581542
211.1220611358854
211.0971712023901
212.0543743586882
211.3533701850141
211.7266044849032
211.689663132011
211.5366131298049
211.607939842658
211.8877571609857
211.4452575340095
211.1276393593403
211.3052057749455
211.11876035207
211.0928262966239
211.7223036057081
211.0497617768367
211.6719832504109
211.6453858304785
212.0194559584173
211.3276503952026
211.3536788673422
211.1453681627671
211.5839826279612
211.0844627205397
212.5624074553781
211.1846735316336
211.2745575752309
211.1274931507466
211.40183286414
212.2267938759161
211.3576484256009
211.5195354509308
211.1231988335966
211.1876502636163
211.1647687354949
211.0553804920705
211.1173078612539
211.2243489703408
211.8686275357645
211.829293153063
211.1070163370589
211.2699293130582
211.1071573603084
211.0249366203164
211.0122724125987
212.1212298637203
211.1370177225593
211.076678043988
211.1486378495679
211.2848633422582
211.0635374241918
211.7016497690603
212.0660445898553
211.0850828673221
211.0485479306247
211.1265836800321
211.0718804163322
211.1973342932004
211.076687371649
211.2496683195507
211.1766669366544
211.268909553221
211.5419823428438
211.1191916163247
211.2363796963933
211.0274504445277
211.0891079884168
211.4058678636119
211.6479188810522
211.2755289601141
211.2556466942494
211.5823372673282
211.0289282979323
211.900469612233
211.7731923445951
211.3582485511265
211.7777938990207
211.2815149324504
211.4259143756036
212.0443476986384
211.1771679506691
211.2649323515844
211.2154817710058
211.1955555881785
211.2105094857132
211.0191494889361
211.6052212416024
211.3483087857251
211.1949317694264
211.2659167026113
212.1722678311398
211.2450182292476
211.5763396588808
211.0514678718678
211.1729381867089
211.1838132995049
211.4289082784555
211.1052192958308
211.6093400461397
211.2131696877129
211.2286650948728
211.3618624638843
211.0272133846621
211.0311018279882
212.4837116333082
211.2226024406706
211.6712021224801
211.3153263033315
211.2369724738926
211.1466380963025
211.3720574696231
211.5992831581989
211.3194354207936
211.3109196850632
211.2757380378357
211.404009613146
211.0926844634421
211.4500257827479
212.1264528794141
211.296660491573
211.4049286872375
211.151258576746
211.3124722633621
211.8876244746169
211.0366659484673
211.1378889628988
211.8608025410972
211.4080715941498
211.2684454851474
211.6132412828722
211.1819047612913
211.3949455806704
211.0154291488247
211.1059763298884
211.223692835694
211.2943751786097
211.2963939335172
211.3014305547688
211.5375948007117
211.0557877718789
211.1486911717972
211.0846196722649
211.1677678369223
211.2974409661521
211.2131022175146
211.366737618272
212.4423196245989
211.8135601445123
211.6284686568845
211.9464521398724
211.0308023249003
211.7608012790324
211.2151991017951
211.8945652172013
211.2544387418998
211.0651191923105
211.6441478468116
211.137819224054
211.818176208158
211.3181469472518
211.7337185739884
212.160963120035
211.2467743232173
211.2835845444509
211.1121740173498
211.1936500266096
211.085041915165
211.2731637142826
211.0369132130939
211.3959698007442
211.9353887345812
211.1376096574334
211.1665357436975
211.1754572544448
211.6233277083257
211.5125936270476
211.4120820343394
211.0381977865815
211.2228429978825
211.4837482089119
211.1398210341667
212.0381819533303
212.1188683592138
211.9308658350423
211.0607658054205
211.2744242849201
211.0086405205172
211.3637948164057
212.9213570988313
211.0102453013226
211.1755009333427
211.3704800500975
211.0741943767194
211.7410199113562
211.0983845507002
211.0601331404343
211.1515598481772
211.5564926153546
211.2848225263722
212.3879685342679
211.104094838594
211.4076201578366
211.1076393938238
211.539138307358
211.0017430230065
211.4404647116033
211.3991805708092
211.1048309198139
211.2658961848391
211.113260416219
211.3114032867943
211.0979852466827
211.9487219186066
211.1497227892409
211.0172955859065
211.176417401561
211.252828877422
211.4039285329688
211.3889305631975
211.4077002152605
211.3310085659967
211.0150954493261
211.2111635592818
211.3981671254471
211.1376991286825
211.1121363001739
211.0250658547525
211.3435822990986
211.1674833902073
211.0664183316911
211.1027894171191
211.1946717567039
211.3121509764015
211.639427973726
211.6898706151549
211.0063945440364
211.3201133925561
211.3570337260287
211.1023626917307
211.2377652647575
211.1005176343508
211.4098861628245
211.2689586318416
211.4920447401423
211.4249547115797
211.4079801311319
211.1602702478225
211.1339366228836
211.1155212049166
211.0787096734723
211.014881557354
211.039399437506
211.3549182996882
211.0999381205754
211.0640486036779
211.266967887244
211.2945139977183
211.7907871308421
211.6747391653973
211.2435172664068
211.2199025401287
211.7552397248047
211.6693277863039
211.0772419805633
211.0900967908148
211.4082041647985
211.1666823132721
211.2176268337047
211.5644703621336
211.5387349547358
211.0237472051204
212.0719148686465
211.3594372955889
211.2393792777581
211.3741642253199
211.5690972355249
211.0018401577257
211.0723966918176
211.3353416243258
212.0919596659102
211.2736803250854
211.0913134191078
211.1882135949929
211.3585633689277
211.9405669354069
211.2788780991998
212.7844125752495
211.1464620065676
211.184850958785
211.0389861322836
211.2961141368718
211.285569798445
211.2380432327781
211.0034398517815
211.9706335204293
211.0533681833583
211.200590091384
211.3677014827029
211.386360181915
211.5319170519183
211.4666023632831
211.384711657862
211.0129411127599
211.1557683114446
211.0973218038134
211.1241422350826
211.5040246123397
211.0210095970062
211.1169178304194
211.4301050754297
211.699732613886
211.2726083696006
211.0678669040862
211.060479589939
211.0529381825804
211.0054777815243
211.0184576475115
211.5439543639952
211.1711327002988
211.2812750726762
211.3703234199237
211.7483176009563
211.2589690443746
211.1621596509128
211.0379719784614
211.2299480086115
211.0501534662124
211.2898121757817
211.8019088447911
211.5089086021504
211.5040385165796
211.1340492041045
211.0914029447407
211.4645265464588
211.251103933327
211.052582538251
211.1742486130638
211.4249738962727
211.0742132914348
211.1038820199062
211.1525974887354
211.0319276700051
211.1540754829876
211.0018382238384
211.1422962627406
211.560468883465
211.223682500325
211.3160363741013
211.1925949548582
211.5142265595172
211.5333750904397
211.023893781951
211.2733523165057
211.1277753741161
211.0345740523377
211.1120782678174
211.1164137044409
211.4865776784843
211.1334622660461
211.1125554270979
211.0510531805409
211.1152693932088
211.1896596700408
211.4094624354709
211.2440775159282
211.4928205972952
211.2130810580555
211.3095229254396
211.027290404412
212.8356431007839
211.8749728928831
211.3827449852513
211.0059665388661
211.5108032765537
211.4896314749006
211.0738247945119
211.7045702713351
211.3196785796824
211.8325130178031
211.4513173007554
211.0906928718574
211.6455999361833
211.6006089751536
211.3870366574066
211.1391015792674
211.1833589834988
211.9990282133953
211.0035208226963
211.0990552312526
211.270513389981
211.2822618785001
211.0762507176765
211.8898588051723
211.0324582911175
212.0927917628784
211.1867273245226
211.3140164926753
211.6413444260469
211.4303465210936
211.2723712329756
211.1763412876796
211.0091356733959
211.1476183154013
211.046775948116
212.5341125070029
211.0846657797008
211.4847780438936
211.7994834796476
211.214287704369
211.5167374603219
211.4507809598431
211.210357170861
211.103749333651
211.2074729742222
211.2255589062339
211.1062378139406
211.2121552077259
211.8400978564533
211.4693692341332
211.1705800881365
211.3021624505435
211.1074361064648
211.2631719997718
211.122796379837
211.8891492661931
211.2245241337583
211.2204441133352
211.3552436145304
211.1268263395242
211.9450529574632
211.6593789949128
211.2224153387905
211.7234435575454
211.1341679883629
211.2049408681926
211.4169385238783
211.0252806690664
211.0446999963719
211.7883538390225
211.1893574275674
211.165339766769
212.5511352098858
212.545396605933
211.6328266775544
211.1877315218081
211.7370242164607
211.0479339753264
211.0442119255775
211.2335505751939
211.5817042114921
211.1045667117891
211.3314799670359
211.7969484822436
211.443102999375
211.2378366207218
211.2559578230882
211.9867693585469
211.1793109707738
211.0456787613124
211.6209580680235
211.3841702278737
211.023226955082
211.0503487742068
211.6945286019158
211.0271111282834
211.1101344087234
211.0212036450841
212.2622287722717
211.4082375691812
211.357885956081
211.2872147434279
211.4612198159388
211.8556863757909
211.6060284994528
211.9535322181744
211.2466593307079
211.5365746271438
211.0083185364896
211.2819064412417
211.0850134132846
211.0272153193975
211.1142421441765
211.7952375242416
212.2471447692035
211.5704575388282
211.0263666595158
211.0780238674334
212.5160652302774
211.1816442016459
211.1853132466874
211.05815885809
211.7809738255255
211.0031045693869
211.4586110899658
211.3572106477255
211.5829459577774
211.0435179914654
211.6931220805212
211.1833210764793
211.5325917597934
211.2055690773549
211.5122910510324
211.3546888936144
211.4179038621146
211.5570874844262
211.0940358035288
211.0038773266167
211.2183726809721
211.781814383019
211.1940429441993
211.1816591324342
211.2638801649518
211.0204022593039
211.3178492170713
211.241290837431
211.2509085394012
211.2231159723353
211.0691584528927
211.4455737714114
211.0289815059695
211.6036516244899
211.5675888054889
211.6719219960064
211.9905270246328
211.2252948741412
211.1730502272299
211.1080694375769
211.0757438826955
211.3052596825661
211.1995043098642
211.1031584401426
211.5907243788066
211.2953834913374
211.1659187339051
211.2212844982635
211.0888662906515
211.3215242402773
211.3959398906592
211.0396297269364
211.0757771837971
212.192315880823
211.1636841812461
211.0367096799072
211.0912090216484
211.1153423400224
211.2556956791641
211.3339142166475
211.4050597929737
211.4538179085056
211.0498278212947
211.2082956912014
211.0441640654234
211.1585382932156
211.2243930491641
211.5505094438759
211.2574002427481
211.4126777093928
211.1439107721498
211.3287608399564
211.285563636531
211.3190776461269
211.2570730536356
211.1149167255655
211.0100974900436
211.2348056144053
211.0258354729173
211.1184164410248
211.0170753042169
211.1436195491813
211.1114299244285
211.049338210813
211.0360669535047
211.5545248095904
211.0740640722171
211.7497652671294
211.2165519227163
211.073158282188
211.2458497566275
211.3254316983124
211.5011177691679
211.7183386549941
211.4611479970152
211.0087731924465
211.1428925140511
211.1464007913782
211.1734605317719
211.2874938838347
211.3063943979474
211.2132458581033
211.2739377876723
211.0452280787991
211.2747121208654
211.9611770969105
211.2448864404488
211.1401189315171
211.2541562473572
212.1282310437056
211.0637018896896
211.0080825100692
211.3295016698204
211.0163320749896
211.2900602672798
211.0454747851543
211.2566981884097
211.1486828265229
211.3113122411854
211.1465501664134
211.0872256600545
211.2130190442566
211.9866301053374
211.0723156626682
211.0431216315493
211.496722420557
211.6511808958863
211.4902183777471
211.7326919135074
211.1349032480418
211.5157544925806
211.3210088258895
211.1846876094239
211.1300695948414
211.0397636919917
211.1305144907149
211.1524826292788
212.0681936442608
211.7006924839194
211.336658495784
211.247383847692
211.1471959995067
211.039293669881
211.1116220793862
211.1145648025112
212.4285687871848
211.0641805942544
211.5365927060276
211.7165068212056
211.0230685375677
211.4096619916806
211.2494330181266
211.7621702999164
211.0665452756634
211.6320526460652
211.1288205251961
211.7301738245556
211.1842016254775
211.5895258527181
211.4666345934122
211.1426598703989
211.4330106947116
211.438880957583
211.0769373165425
212.2043948112166
211.4325605277723
211.3297953322206
211.3722104353188
211.2869400587648
211.3176356129997
211.2444693624722
211.1834265619918
211.0114975847002
211.2390793504172
211.1472662505076
211.4598906749091
211.077994577374
211.1589622694986
211.6266816203099
212.4448023683303
211.0588692553058
211.2257538269585
211.4062252426017
211.8760825304605
211.3042773302343
211.7764871934182
211.4251484572912
211.0372649770792
211.7916871257653
211.3271987496876
211.5263016226658
211.3883621355042
211.0394586916198
211.2817641234474
211.5370196236623
211.1086672432867
211.2230159750389
211.294984275407
211.1765650554956
212.353170787265
211.6769975187586
211.054025243292
211.3726050895388
211.0931305772747
211.2804303259014
211.1388818853285
212.1845741272646
211.1606999547564
211.392911116829
211.2470251456415
211.5679928846756
212.1259803786177
211.1654821143412
211.040827803069
211.3296465680885
211.1184753457865
211.2693909712286
211.2067091191975
211.1952638393898
211.113580514151
211.9629215516848
211.6068696454748
211.3734623482095
212.0964448289529
211.1983174180266
211.6562449868556
211.0127352652322
211.1427349316519
211.9879514594036
212.2748301391595
211.2519515164294
211.00115203038
211.1023101859014
211.0697418932139
211.016516323595
212.1017163345743
211.3175601848712
211.1097081448344
211.1284514153275
211.519597737854
211.0980337265427
211.042653210949
211.263982234387
211.3024483619849
211.1193530690841
211.1062268737249
211.2874822389078
211.1518864365861
211.1411413980123
211.296636804183
211.0466521764197
211.0207900529799
211.2014070875441
211.4029353229201
211.0066223775711
211.7664766501408
211.0185314064951
211.8297726320317
211.0402239546071
211.0796001453031
211.0620907371977
211.1632922101723
211.0024351439055
211.1151270931592
211.1057267061225
211.5724491876183
211.2013007188587
211.5515131607488
211.1614494120288
211.1948855985814
211.025831008001
211.0449102002173
211.3305709884949
211.1329879541041
211.1728792147256
212.1775079108796
212.0348590437617
211.0305474681108
211.4343557037188
211.0357502305789
211.1508471843529
211.3408986722827
211.1589374295506
211.0154650011826
211.0836722280204
211.0356811951145
211.190648705725
211.4259824342223
211.2057590740317
211.1744210271729
211.9971598426005
211.0666809477975
211.5175451468427
211.4773340379628
211.043906903534
211.3023142490805
211.039157603281
211.0163791003224
211.1835475480158
211.0385575511821
211.2361395449946
211.4716035346235
211.114824506704
212.6093843349439
211.1977500589657
211.2722158078182
211.018028732948
211.1442305884757
212.0966823871719
212.1104370915319
211.6321742615416
211.1638654517554
211.1416406561021
211.0947023370659
211.1584419976405
211.6120796199392
211.296750510499
211.0246240970205
211.9874152147258
211.5490102648286
211.0533151297127
211.0344264543509
211.1546752471823
211.1852746865395
211.2375426549153
211.0070984322936
211.1241018408309
211.3362388270269
212.0058871092176
212.0493742520567
211.732310999067
212.4609423928422
211.3533646821732
211.0320825447039
211.313317233092
211.1339636141291
211.9499260846179
211.1229530958237
211.0999754510147
211.9732295385079
211.5215494491179
211.5159679295324
211.0291128499564
211.2912621330223
211.3953477988643
211.144842163589
211.0357120565905
211.0886214525454
212.1395956530856
211.2428302550693
211.4922387726307
211.0151407385843
211.074655834153
211.0419148153729
211.1076221828329
211.0007027083388
211.1611742121293
211.0319671521215
211.6619159412902
211.1777710716152
211.7066364024388
211.1155683654677
211.0811409284434
211.6386201178037
211.0541898816319
211.0979405024489
211.1173293632937
211.2794997148824
211.1439486190723
211.5062779668987
211.0512213518494
211.0616932550089
211.2551488318848
211.57753978346
211.2200588983692
211.9422310459496
211.377410179224
212.3163892405798
211.088480174704
212.9896524424667
212.1687904584184
211.4590683568179
211.1413004786906
211.176514770388
211.0446813156694
211.2310951526942
211.01648045308
211.4426615941419
211.7338405578249
211.3418518643215
211.0881660958643
211.0929169745296
211.1514269265165
212.0472004428659
211.3072132562656
211.1616229110437
211.7762650963797
211.2860122111279
211.1273001451471
211.011575454891
211.3000015589658
211.1367541737799
211.09337099645
211.0298214885534
211.1996389976594
211.2572185007429
211.9546132035953
211.3080402497983
211.7906234562262
211.1624582146305
211.2178905154196
211.3559535538313
211.1287165385276
211.1245147967968
211.5477026132303
211.0189037253071
211.0464723854892
211.2371988836387
211.472039651778
211.2243872942318
211.3106008096759
211.6265006138516
212.0454685377923
211.1507439797365
211.438389290572
211.0442796080509
211.1844744584454
211.4469398429721
211.0132162422249
211.0376753332687
211.2124797599693
211.0032784463808
211.7066114313101
211.2996212758838
211.1684219588206
211.1672178173855
211.0887154518859
211.0786740056683
211.1649299451441
211.1756900986896
211.1376442821776
211.5586121028425
211.6370322277047
212.0895553501148
211.3867112724659
211.9134952700428
211.1770531650633
211.1130228428658
211.268903288522
211.0546383390717
211.3487634813077
212.3771205248094
211.3714351450371
211.9375810445339
211.0884399410249
211.1360450467054
211.591833539255
211.2443978800874
212.2257234994209
211.1255228911216
211.180028765421
212.8373976760657
212.1232954062293
211.8228331587697
211.0157328737969
211.2308051128869
211.8720762637697
211.1563207006387
211.2283361658043
211.6150469491972
211.0368761536831
211.137094555713
211.0449405060702
211.1445857572023
211.3504730053614
211.3865842211825
212.8439969859254
211.1882664776359
212.1876758955139
211.3843768074985
211.584434260904
211.0262274822692
211.8510937436786
211.1169031005282
211.4297368654018
211.1088336970637
211.3319143975871
211.8565037241519
211.4822972551746
211.3989904715399
211.9297163911616
211.1288734803154
211.1807816186476
211.0804203818299
211.230380231428
211.0719230666813
211.3784543720818
211.0000888426051
211.5245225807156
211.0534914946812
211.0222571597661
211.1758170468188
211.8970011844313
211.5970836356044
211.6384411000776
211.8686278078835
211.0958663523888
212.0720291399667
211.0649877608203
211.2067645693192
211.1592842355884
211.0861887172559
211.981050573255
211.4230242495668
211.2472541332097
211.4818169749275
212.4213717610206
211.3119012177694
212.0363253974773
211.2334035474657
211.0533877472029
211.435498522777
211.0573091609815
211.0095833125931
211.2816144398802
211.8240321208982
211.0401372730117
211.3003197536471
211.0155447016194
211.0083156889063
211.3306528218418
211.5546665035
211.0590893991506
211.0986643892668
211.2163304584091
211.0781021663578
211.047148654092
211.0507495352941
211.2483492991668
211.1109683923705
211.0414774656364
211.1740914874991
211.8854714011975
211.3129827047359
211.1924731968809
212.4055807896664
211.2222954415782
211.4112489016549
211.2141056748364
211.0704053815741
211.0510016614168
211.1381780447196
211.3489432197663
212.0108128998926
211.9577955045358
212.1397781260045
211.901908402031
211.6013408039328
211.1922044806984
211.4932792920673
211.2059118105232
211.13607845258
211.2293533607012
211.2221429832839
211.1565851009315
211.1851779373971
211.4902274637913
211.4167086810241
211.057032142798
211.213474085435
211.4349077210598
211.241725819575
211.6059352076243
211.417504763856
211.2666410036659
211.0786145734069
211.0302457910803
211.4939784004576
211.08495927031
212.0879830282334
211.4128256065368
211.1259117220956
211.6583890714838
211.1456181739115
211.9626479448136
211.8195697948754
211.3648556839564
211.1749824564948
211.3533929313519
211.0280498693751
211.3725900142282
211.6898087046076
211.1131913158601
211.1188899283825
211.1135516678002
211.4339804113725
211.515841696863
211.149859355697
211.074648608908
211.2445240327172
211.4738694493939
212.0888740226838
211.1577886231399
211.0868276392572
211.0737934178699
211.0074639387143
212.1702685787866
211.1125604856121
211.6474702832271
211.0765318168673
211.0175480524868
211.2743515784167
211.218211206845
211.9767786305447
211.0749642323393
211.2603456764657
211.1202192426729
211.2592059274594
211.2799732367582
211.3223831095208
211.4294931099744
211.0237377817446
211.1132874576442
211.3126025810381
211.0453321999487
211.8189935282519
211.3002273155601
212.0555523634397
211.909313537849
211.4236965133245
211.014044840583
211.0203893268478
211.0250869806137
211.0121208619761
211.0717450517672
213.2733011472524
211.1285677584529
211.3453587822385
211.0508781256848
211.0547059515766
211.5907893035022
211.198744416944
211.080386862981
211.1769913431743
211.3838175333214
211.181465972673
211.3602268273176
211.3590019048868
211.1260999622501
211.0565626840784
211.1298823669941
211.0689486331665
211.1190372248561
211.8879087464168
211.2852815165701
211.1865632490571
211.3707540060949
211.3788962293485
211.3990792078778
212.7921426951286
211.58178677343
211.0445692603265
211.0071804495061
211.4358862522359
211.353856524448
211.2597881744518
211.0408816697023
211.4176113663135
211.2821735263138
211.4815897752467
211.6138410994068
211.0486686495872
211.0291685124751
211.1205694825932
211.3875364121927
211.011625682567
211.4191814669493
211.0131928999331
211.0404775676692
211.2091142074824
211.0270137365252
211.5850867746157
211.0368521385402
211.2525474322254
211.2101225851089
211.0633395218935
212.3762255234535
211.0864580741189
211.0028705641579
211.0841456091706
211.175814976964
211.4520927436164
212.0025721261491
211.3237442915415
211.2605725843005
211.1602576596958
211.1841577741363
211.2774696254095
211.0121530324606
211.2976067553804
211.2925097296666
212.3342400412448
211.3200542402141
211.2993007250992
211.1679999791565
211.1728237251871
211.0834905725388
211.0403329834608
211.4004517034047
211.051059603545
211.2405924891181
211.2504686268649
211.5079060002892
211.0918155967678
211.285297541269
211.0415943867199
211.5542730586466
211.4442769843644
211.2003711850458
211.4265817579529
211.2017427188121
211.1365990847154
211.2196096632965
211.440812897572
211.2500730570028
211.1742963086344
211.1238931195356
211.0482040459856
211.0997839700767
211.0478487449253
211.2408140090837
211.3268971656035
211.0183846495324
211.1479753908717
211.4747301665474
211.1293955981698
211.5955746985677
211.1340060726848
211.3257253764536
211.6398116064487
211.0622257175385
211.0132654103635
211.3767566512587
211.7552043900668
211.0731753841401
211.4908961024287
211.1084815949872
211.9992606211655
211.185736954379
211.0620685410218
211.454523917691
211.1675793484632
211.24782909194
211.4121131911986
211.6628986416498
211.0483435041255
211.0863863753241
211.2046350229016
211.0013470924654
211.9915099990385
211.9622682576927
211.0341355332773
211.0356191551167
211.327146111743
211.9070518631856
211.2107183619232
211.7842542848529
212.0270013009181
211.3459743608417
211.0488527734528
211.9292173128016
211.2641583650532
211.2877601454165
211.2482860928287
211.1275847079666
211.0955059743455
211.0186576900049
211.2370985570952
211.847700778831
211.1234691832765
211.0266123158707
211.2355060894972
211.150898410463
211.5732913036309
211.1540795924261
211.30788782335
211.2329023841295
211.2455369470968
211.7007610793133
211.5257769197947
