64.01269635681773
66.12630645838621
67.5398090529063
66.76770226928808
68.89374082660889
65.04330871321477
68.58084399971155
66.0505091883475
67.29674669873789
67.0441042857366
69.96705304717689
66.16596905980026
66.82866350162074
68.20807765931173
64.06395244976251
66.56235050846111
68.06349423457884
67.46593139098725
70.3026520272852
64.39892981234838
67.89835163139217
69.00648341127605
64.03348830159457
66.31185826032551
63.49687660191392
64.16329800887533
67.32368619482202
70.05148898178105
74.34301490424575
63.91191582116053
68.74274104203752
64.42023036597975
73.23619036911244
66.86646649531906
71.3841665492593
66.44705972602823
63.35676059921175
64.53409051644327
68.06521175620546
68.52046049578647
66.46726652515265
67.29906607118872
66.28835353624324
69.2284119754051
67.00159623152005
60.19650526173357
64.33076514834707
61.1542287998769
65.00464597074343
61.3918932242235
68.40006798822441
63.12928616594481
68.1155603000064
65.05483532576233
63.05729626090179
66.1482140643557
65.03034959581339
71.17858509157507
62.01392417869335
63.1516722236497
66.03069233076275
67.55551875718545
70.02393866759284
66.41473440068557
65.23848762483095
65.87377971856547
64.18080398717026
67.08992874644629
67.13551911770931
68.17239710378736
70.06856762531818
67.35872374296102
67.0483850500253
65.18967068285218
67.08427667538227
64.39573003039914
65.07298047817633
64.10509504035852
63.23321208865527
65.07962118778212
68.1655183330523
72.93660631180433
67.21753871937557
62.51954580813425
63.4205910990023
66.03337730172868
65.43889205788288
64.072435039271
63.28598921065659
65.65214660013852
66.93792163237175
66.81105160732315
65.77395579732486
66.8207323389211
69.1116271566901
66.20711749267267
67.25271578939694
65.07795663802825
65.26580311205419
66.36526774693401
66.28927420262224
68.43175026525238
73.03964135532796
64.23563455792187
67.2022328457721
67.02644376703071
63.38801029423007
65.00872002156815
65.08749131654464
69.01369415719553
64.19484345305837
68.15911871591051
68.07622182003881
63.57365908392467
67.46813042714086
63.03229060217576
64.07109694220141
65.44065700830755
68.26764204288658
67.32989991300305
71.86520912005345
64.12379211638182
68.85940801270863
62.2596929117765
66.26307753625728
68.30354901940893
59.20555960675099
65.63395213913307
68.2780415941472
65.81975245299125
67.4975605559672
65.34324865167707
68.30557012593454
69.04289930784074
66.15452600181428
67.18411918921204
66.30764958786307
67.45859868772101
69.29661901385306
63.14006734816713
66.11914378588767
63.41750681864104
66.59545450026968
65.3067357265802
65.50866080010745
66.1937050761429
68.24067349051278
73.01667783602197
73.18327116656933
64.39070410832201
65.14024295098027
70.32328467119886
65.16222871840436
65.16389803589746
65.14703692512388
66.20935506565061
70.74413687525418
64.08767427187662
65.1773466227951
64.14268869780778
67.31333116800988
67.26581629338993
66.67950502941997
65.63813858059379
64.64340135486844
67.98757346445736
67.0518137021369
66.20778221880894
64.34963553969928
63.249486574398
68.10012042291918
66.04367722181287
71.25720144963324
68.42657252424893
66.07157595181927
65.00908552640763
68.17763645297492
64.34042645999526
65.90858063994813
62.78640582282453
66.39009848404292
64.53824611601812
72.1041172966936
63.15253941436831
66.3863863071914
64.13572473300496
65.06898092129259
63.2314541704855
64.27005427416356
68.0929844190335
63.14918469305338
67.67641630178264
62.35228408956413
63.29316623532798
67.41018755190822
72.44851227109376
69.02995397760279
65.73555254216868
66.35779016763429
66.00013057129745
73.49207054135579
66.11751760225746
66.19233079398427
66.35761835006787
74.32402894993885
64.0531902181991
65.51951689781342
75.40180936633861
67.16447927802346
68.41121321421663
63.86862967013765
66.25148055300883
64.06456982955707
65.30784478275848
67.1482847471804
69.42183765706126
65.2681677662785
70.36252977617791
65.0286123149851
71.50439422134016
70.46109151511627
67.06341474983513
67.40116969851773
68.85955689504884
67.11644530652808
70.04018694151215
66.30744720903024
68.75229195098447
61.39052842050067
66.00324124077721
66.46663941668449
65.1680328337284
61.80319281589867
65.43322578094326
67.3627049545322
69.51410267298547
66.09291177307642
68.09628587441242
66.0992587330264
66.2438641647336
71.1746268434723
69.28999372929621
66.10651839209632
64.14575528706362
65.47825032908888
67.67454522263739
71.24794329616644
67.01489609767813
61.12180221687124
64.0825640123906
64.68163102191187
62.06739609167592
64.1365364188237
66.00903811521209
67.2361295692925
65.01182717047908
61.63186173951159
67.17284477274474
65.46424992290265
64.00251036898071
64.23190014620603
66.01181780926014
68.64091561298883
65.30016401855153
67.53894857802294
66.61120277123783
71.20688623425238
68.3050487949996
64.27639645357479
67.5199493425009
69.4859933888312
69.01118469388943
70.5192356572028
65.22548627980778
62.18569952735691
62.49264718241973
69.33602723198501
67.06588155280531
65.28229224058315
64.13769867039815
65.05117175395425
68.36767145850214
68.44604446159003
62.156776197653
67.12847506354716
69.10673179872275
67.87342071083333
65.16571665726902
64.66956359673149
62.13966999701315
63.6159149213879
68.1924069461616
68.05448779304794
65.19960597399698
66.83292255709082
68.12283269949188
69.16363920637322
66.19872599306156
65.52196630039967
64.43263533848163
71.34130137246694
70.15426361039776
64.45941450481875
72.06821196753874
68.15437952554105
67.43596839510852
65.53666539225756
66.4951761164098
68.208299587103
65.53154658012593
70.07176564447792
65.24932557886174
64.10718296892517
61.34244963209901
67.887255624008
68.60743255277997
66.53455850060793
65.11654735884079
66.5811229298405
63.24327671074121
60.5521209138299
66.3205381500618
66.02263016339525
67.0590756425662
64.10315652047731
71.06501461858987
66.40372443200658
66.49589984651959
63.08318606794826
62.14934465653231
66.14269074909757
66.30957129056438
69.20125493308113
65.12195545138022
65.62687783046263
66.31043406260926
65.50069446829619
65.12477776470195
65.81328523364601
64.49149989869473
64.50480068175865
64.08980252156984
65.76242113087145
68.4114952287466
63.03325139669335
67.1403713979892
68.8853433612607
66.05681623953262
65.11644530418332
68.44425383574777
64.41785716720952
66.18262023942144
67.23495595456481
67.02624337181761
65.061624810931
62.39515203820157
64.00807166571519
73.34351919485287
64.3964338930282
67.12415563805237
65.18888122581659
68.67782528538075
69.20936381700545
71.09511446282605
66.5768338417604
69.05135375913399
65.54522419629065
62.70451382159072
68.54364272361828
63.12497596295648
65.23419369144962
62.09715040458363
65.2222115386419
63.0077121148507
67.56300663301656
68.08097705913507
62.77350187993095
68.12332546641943
69.19031717554127
67.43951537586051
61.45820662326227
61.33330343494202
64.15623193532754
65.63758771461941
70.11542038353248
70.21596729284376
66.03784748703701
65.05254689006067
64.06036764937885
65.3440233577836
68.07923928285986
64.3203801618325
65.321359578864
67.10175554106337
71.02565866528673
64.16892395862392
66.87211925717827
63.6308743796493
67.24121669036911
63.00534471445654
69.00716222366245
69.18434018647918
65.18234963217627
62.13647170170407
68.04848317844512
64.4383587681102
67.1722977343714
64.98006105153053
64.32659037757688
64.10222326616194
64.79025646541109
66.68970029962723
64.78045134362947
69.0920694877695
64.22116800368602
66.2317751894391
65.61822447360127
63.03009192179512
64.2454786133626
67.06539527930309
66.54930658987861
61.26448282642988
66.13752441359388
68.24579701191578
64.67726725723932
65.70743401094026
62.01944444977399
62.13653646742439
63.87537967266336
67.48800527029637
68.11969603919255
65.10094435789932
62.21757606206256
66.1516072624931
64.15329040648412
63.40176817006527
66.02579069864666
69.07065169566332
68.17282494557546
65.28839333830372
66.3217641313513
64.92214225679926
70.13948386741515
61.38845372668303
68.28923301764483
72.09672107392583
68.17520965698569
63.17675927631743
60.29879468840033
67.53801495220783
61.15877903829303
68.53663268694551
70.7451020184823
66.20452227740068
64.10889361645727
63.33158632656916
69.3311010215378
63.69023489917835
69.06995999109674
68.10632133760582
63.03836877042575
68.07075615876369
71.39814415034107
64.21222763489719
65.15317083317527
65.17983698203277
64.0874654258441
67.21950456183535
70.85591889343381
61.50463607018416
64.21008320460554
64.38700733440795
64.05525662165638
66.29457518909123
64.7140734674986
65.86100780639694
65.47364903147755
67.72967048760647
65.3241578444771
70.82230971248327
70.33873305408186
62.64566487965017
66.56800482785947
66.25900261072786
63.0686324661046
66.50789274922519
66.01085429419996
70.07367958246752
67.19192322231413
66.74648833129199
65.47115993886054
62.17600640009258
69.55683416819568
69.23641447627926
65.11278528140066
63.05034252023905
65.09235812891814
65.03472508554553
64.1195862933764
69.14690517998623
64.26120398188057
65.56155340587186
64.11589113249886
69.74244971586309
68.82177897199703
65.4410150936502
67.02247906499949
66.22200583731683
72.49464759102183
63.98970812149823
66.96776465881956
64.12820638859556
68.19222814548732
68.1191811344858
65.57445590278266
64.10302422595382
66.19868113218676
66.35619690246558
70.03491462625198
66.2926257031383
61.55580754135607
65.06812124755498
64.18592905696593
74.11333957469043
68.25544244405393
67.0049597615564
68.18799736721046
68.42435896594216
64.50330950665433
66.48905630116657
67.77114396503885
64.27256112595975
65.35845023282941
66.00836816739196
70.34647406989329
70.6404687350743
61.41659606836113
67.46842288803023
66.55553685495745
65.05353392583879
67.11632155397248
64.16951593261669
69.6250180622279
67.10745568363339
63.01893474950734
72.66953785089804
65.28160066029842
65.05764154338317
71.35670228086123
73.02195928777796
65.11345878880805
65.37525163593521
65.26909979726102
61.01331762593029
65.18268820646536
66.1282476917354
71.16678415032874
66.52764345679388
68.10233825875706
73.47808529331733
68.50973598308418
68.2219159800435
68.40583050905086
67.04808880072459
67.39250734437402
65.35914427722099
68.83601391856256
67.02279391153613
63.18175226177326
65.06437155268974
63.08880305856839
65.7170063711368
66.71681285218823
66.0018345559317
65.56392724728354
65.29662199013052
75.10809731089753
69.05155431651525
62.34682996754339
64.2095154311671
64.21992457311397
68.37478146801044
69.09222066599058
70.81788699941136
62.74405937599828
67.03550116471587
62.19234969429581
69.08870583993752
66.1165760496724
66.2278842499077
67.00879972126401
61.47880060304461
69.44134554158343
65.0128019871347
64.48011845929665
65.35365536985772
65.15571214563803
68.80089119886891
65.22703912310003
68.55794022627916
62.22296315819068
75.00377372443312
63.43966858654426
67.41889863531968
63.53006956320934
65.01849248236452
60.60105796471071
67.00010932440044
63.57292845603395
68.28762964848075
71.00685557012793
65.13098722290938
65.57334523471705
65.5292669356118
68.31189953843945
61.10548593686344
66.04875755813094
66.20586564162178
68.3352229434374
61.34096195402049
67.18812914968974
69.36335799834004
60.54518370596793
64.00883005922499
67.04308976267833
68.2362854899767
65.23594318924472
66.87638863976608
63.80255628898178
63.56920730208133
63.00166466953423
64.00026546278549
69.15660374946606
65.19300109627898
68.82328858587425
65.10187593195009
68.0800927856357
68.43421598405055
65.04278484661167
63.0167968326756
64.5764971704159
67.51026919904771
63.27327672138432
67.02479083358548
67.15630657756822
67.02818333339594
67.29768863317385
67.66924565849405
66.15038338073522
68.46942093497637
68.26117401498055
63.73068069346382
61.20967415397206
66.13252145543076
62.48930598267263
67.00168491205606
62.02313505055326
68.16128628636483
64.2081848405738
67.42512259324239
64.27552549190484
69.19700772544326
63.45575615911429
64.19694521929739
66.07710894233884
70.0792133032423
68.76003315448358
67.16323160831993
65.36763441203063
66.60103226509683
67.18442080544229
62.05731202338826
65.07033129442473
63.57069584744501
63.62805166863502
64.95379772633437
65.1307476262002
65.15813868809599
66.23703312593058
64.6305629023107
70.1926905725797
66.32754272655751
64.00102286260504
62.29723817163111
67.2804351666775
68.28378566459851
71.1385319082049
68.1523439528298
67.01437665472143
66.05681219700018
65.42363062055564
66.63483582888028
66.15531425821762
71.23564454967449
68.20853337523128
68.40502634088672
70.31822677025228
66.37377785650526
66.2078929995412
64.38937078390748
66.10133131542533
68.02968499215775
64.71521509161406
65.18143360908175
63.3202522774059
66.11286704550334
69.33802126154951
67.33044216706656
65.62697966414216
65.08905069504159
70.5286687432191
66.28230228364924
65.36358035742263
66.36222191185296
66.25097893298208
67.2076230948802
65.09954565143043
61.64541552135821
63.49015939930179
71.08633270892844
62.12164708619231
65.47256729831854
64.3866223781542
67.39858466685429
69.28195071019111
64.43102763943446
67.25238414987672
66.02635266982942
71.1872240482608
65.52726379524991
68.20635157448264
69.31971694838043
65.07413606971953
69.41851477625838
66.06028639327305
64.89744180277481
62.13267615964449
63.66717532594925
61.56138909658079
68.29739436800257
64.02622954723017
67.13338148861482
67.3515060204989
65.21135637789872
66.10831424324351
65.97699611961522
68.03809564465568
70.07257094134675
65.62526294705242
74.35265553923914
65.36293019659475
65.68344306032051
64.71842444887868
67.28755410621491
71.01343448829724
62.90143458565578
69.26716432938207
70.60716886976661
66.31007058731082
64.16460673931614
64.27139927647565
67.46320454657666
68.14240542763362
65.19443114942915
68.05959442541048
64.1092328090556
68.6385901469286
65.48050762991059
68.08448681727569
62.40775895655892
71.69906615533831
68.11620267120425
69.2474346068343
68.29783759493849
70.19700495663356
62.27218060034055
64.55043637589107
63.10360894155647
68.25918488771474
64.0956231223997
65.28836217289368
66.17909868161937
67.79180590359017
67.34363452676178
63.16652448813318
64.23993891103993
68.01702110455498
67.44316700258227
67.00504446546299
65.20655477237106
66.0063796956796
68.58567378970577
62.52652460820991
68.63513104409571
67.09953016673325
68.38614809778664
69.01236324609955
64.03607571072641
64.24988944028601
70.02275086398667
64.11464649096182
71.2388344846203
73.14874766984558
67.03363660694735
67.28906976561659
69.02081178166691
65.1238712725243
66.13494258919982
63.6354102273496
63.34028985122085
64.69334561723956
65.52405131497918
67.5870479083443
66.64851444643243
69.09183041133129
65.1565208907406
68.1192345073346
62.35156503670713
61.05089864641082
70.08371825413714
65.03073166874655
67.17977201533569
64.39696174296432
63.12830358130361
67.04930896184432
64.60253942338059
67.17807183167275
71.0873919541062
67.13720100460654
63.02926781843092
71.57005919827844
71.02763064245042
70.11093863381637
68.3136524093727
65.03622432123088
69.02304038361767
68.74664370031493
65.78282881625898
67.61446779572158
67.67561956345237
68.07810958498378
65.31374505285261
66.1234051765674
67.0321956132342
62.08202815009493
66.08447093701922
64.45684188548837
63.15383873405445
63.3982065340063
62.39101306186083
66.61767046538208
67.00168485602079
68.66668181265894
65.04420662606067
68.14146561268352
71.46305179929878
64.66824243132416
63.16510127614775
65.14991381122928
63.51222525024588
64.650224868035
71.50673391937431
68.08047769180594
64.10713939846576
67.28282494039783
64.38795267445964
62.1119406033305
68.76230937974725
68.02524959686203
65.33458807148932
66.47138008584913
63.19637322359328
62.39719575364622
73.14836813680712
66.63052982307539
68.09663850632445
69.23153456314853
64.19368040411428
65.66346483032437
68.28001914335613
72.00120186212634
65.00948770518842
66.18248199871209
68.01576966095871
64.67903074632952
65.134344474915
72.68711572465045
71.34709579424944
68.00972810269671
69.08568959901687
70.04127614330635
65.53816301007602
66.17509003740338
65.34480691971737
67.93736613154888
67.66859490363326
68.0796389486644
66.6108084897537
67.33423847612424
64.14983163958874
67.25928660286071
68.4094478720021
66.03049320231479
64.09881067160576
68.28822849828721
61.10892057934553
63.34220973343349
67.06130391725326
61.04224973508463
67.01755836117663
62.32650856526812
67.32596828030911
64.15934765230925
68.55621755055562
66.10417927720671
66.03639896924246
66.67984090738284
65.29564150868406
73.09615357373806
73.13971915970188
66.57354542320262
67.03937137844218
70.10901001692847
69.69630571411267
68.15959214883914
66.10467804143586
69.79222089036195
65.89322577591085
66.62071758285786
66.12219377062989
67.01423813824401
68.56266547981146
62.24746686964861
65.26019755439667
67.20675213641462
63.0650158503659
68.26014763234427
66.00248517636761
65.67113896195396
66.05782724347192
74.21373739347428
65.338394510757
72.81562591170244
66.94874771697157
64.96280717412007
68.25228019932469
63.15044096689233
63.17345942033781
63.0395155080336
67.13731270010877
69.52657177022536
68.05310704384185
64.33062600585575
68.31864632886504
66.33673614259412
65.2070871016059
61.13382803326883
66.11793376148849
66.47601716488015
66.20612643956167
62.21812669960914
65.17570688799704
66.33923235103998
69.23799529169729
64.95593479014867
68.69411790633912
63.36785317763734
68.17228370233407
68.21136300640669
65.28524215547928
65.1675503132514
62.41342317768304
67.29173493125468
68.13936007760694
63.2282593524053
69.5395522283424
68.35281927041414
65.22171200230312
62.15908409633769
65.82801256957165
67.13775401103621
68.40957649691767
62.37245160140803
64.01701256552226
67.43095630907195
73.47147062778697
68.03718307431656
66.16257806095729
70.08246655355141
65.0924803972226
65.02928373106509
64.0178479617985
62.48993262616207
62.25871227160201
62.17365917073575
66.2893780058109
67.07865782304228
64.25421779073832
68.73627371549878
62.14631694855989
70.20846677845941
66.14819487810198
66.09051087737535
66.1899921458598
71.4679470570895
62.0217280564471
68.02347768005427
69.03493006559141
65.60197421931615
67.36852722504739
69.04782573605041
64.04742913554351
69.19764902293451
65.06623754264035
65.55582569173208
70.15292210127234
68.09172318267902
71.28246226469243
62.71934135162898
63.40394678271595
68.0752543133079
65.01629816909113
69.45022817598681
64.13564334378042
67.37081153560027
64.21683815209309
62.67002620017121
67.2117326758261
69.17537340154654
65.49439757780671
63.66236174543875
72.35912114429571
64.70275957820768
68.82139583261183
65.04761714497229
65.00637023628917
67.08424619476202
70.50333753486238
65.21243826733814
65.5768563636815
63.03318666431831
67.20004520739845
66.08994918788363
63.12463105527654
67.05978090713253
67.42344939783278
68.1540707881664
64.94856505545596
66.08873670422884
66.17588757877341
64.0821533319543
68.04014532676753
63.52886563173394
62.00377420528552
68.50649253002761
60.68555118971389
67.32842485220155
67.42459033934904
63.20648308914954
70.06087639709969
66.26011810774094
68.5221182868982
74.15678739426484
65.0523001456523
63.02885890355829
63.05554704983943
67.17595124376946
69.2889168977555
65.10517967690922
65.79528371731094
64.02354845612348
61.5603306240197
67.55445768722292
66.59952689982161
63.93451098603995
66.15242128805556
68.03731475063567
68.21843194673465
64.2093493464658
75.63044782847275
67.43713682936593
64.33582996783092
64.51459420353027
67.44210307438952
65.16050808543687
69.42282903929838
66.08150208852804
65.11187631301392
72.03239903871122
68.18479432061731
64.05601144065497
70.1663709287592
63.05436178687219
67.59314151366296
65.10993642840526
65.19141606111629
63.19154562246855
68.08086973113174
65.20539105797292
64.3112055244754
69.41544534676471
65.02351895643467
74.37758394441343
70.15565674053246
68.20598374602939
64.47001834785723
67.06520080897205
68.40882414679292
66.13018505738447
68.02456725365309
62.35479158783924
67.11693525819008
64.04232660240245
65.13556578745137
67.25521069111812
65.17195719368169
65.26916322462554
67.29696914212327
63.07075999059233
69.13264717214527
65.74925152940237
68.02617245485133
65.00630427694581
65.12370801459785
67.34105257611267
66.92405074138578
69.0460053683968
64.05083915979611
68.10508654789207
69.24061317473118
67.02577241045375
68.06328743547567
64.52045395773634
70.04974979181546
63.23648433335816
65.6234043986662
72.29598065948376
64.33624214573771
67.15318323424266
64.7302781274618
66.0228787947529
65.01414491124703
63.52236340193122
67.09366764152233
67.02864738587802
66.82938029068781
66.48045986142719
63.60837658544812
65.3217792192082
65.2809178039176
63.30807133079935
65.76827012338592
66.08669904195278
66.37878134452728
67.23261230784118
69.66805698795459
66.74308959842033
69.93504166983675
64.08570716137021
62.27579008153891
66.36062801166486
63.36959735316726
67.23881492764862
68.20122180833766
68.14961412419429
67.27976219415402
67.35071174927472
62.66685039670168
67.44474395708994
65.0344384549287
69.11449183967817
68.2132784363895
67.85746385441415
71.45177418679114
66.04545597353832
64.60643097376212
64.9767361379663
68.52960228629152
63.17618800700423
67.02304025648053
69.04205392331527
66.29544991641966
68.22001028668963
68.01471481372802
68.32210603121744
70.16566513457242
63.22080042103796
66.15384864336069
69.20764674365019
66.58503471881477
67.10796766318057
66.98600477978134
68.45157499716196
66.11570035816622
67.4270706496646
71.01830044540276
67.6801979192616
65.59273609866898
65.30953733876123
64.26364831271287
65.3350658295288
65.04897662801974
74.080210178883
67.02132620056982
65.21341432638347
64.47019613810458
66.11382590700931
67.0924600401118
66.07665878635245
64.47300905436283
67.67852193745658
69.24887090897326
69.52971215589113
65.43728024623678
70.0467509259794
66.7657179450322
67.32901082050186
66.72328597290458
66.29374984951163
68.30050242693873
67.16468896239984
64.04574755755814
64.57581639118283
66.17200571625033
70.19529075805193
69.13937842890788
68.03480812724689
63.61117036235568
68.40150241525969
68.05546732566151
70.93275636539919
68.22687311938456
67.03515810345408
67.23248993452161
64.39341830277655
65.30490763198105
69.09238184119198
61.03460622317377
67.43920213962151
66.23384406438052
63.00914626951148
63.04321713610246
69.28595866814878
65.01387148704887
65.17380694036534
66.47966421726456
68.10303885180952
66.01098772548718
66.0207054286979
64.04417495018639
69.05766058956759
65.2896238909585
68.0238217326278
66.18144394540668
64.00640659264735
69.28399955717452
66.79215198871704
65.32931655839144
67.080903289504
63.87209873836606
70.1497300872677
66.0526249393445
65.00947658960057
66.2859775254048
63.32522407830858
70.0103309977314
67.3554116057453
68.19933644898741
65.01829115816179
66.04894749063637
67.14059922487647
68.17324282644404
65.24724086823387
65.10035226219678
65.16365617040411
65.2532863907356
65.84056127905089
64.11787709005213
64.06517222120188
61.03315844584782
63.24545484908044
63.73090056852083
66.20135947942275
65.57089993402826
67.23357897267927
63.0359247599259
65.1017504073907
64.18433765746664
68.27099652201832
63.33406562778369
69.19672603506885
72.2070660996541
68.0691226641147
71.55142164875406
66.07934745672698
65.81603121979363
64.14929312377915
64.8269805824952
65.05915753430529
67.17076142897736
75.35329008186238
67.35725405987237
68.3649816096695
65.1252710286702
68.29746333714415
63.61480145270468
66.41587069462334
66.1773878285304
66.23886163673966
65.21518355350797
63.47042047415332
66.4018447169959
66.96824024112411
65.67986514007713
69.3647574943611
67.33323459418011
64.29571290644837
66.01612560341063
64.11850833428343
66.33494640954753
63.20980164120088
62.43342240838057
68.05496040159707
68.66392406437765
68.0280564183258
69.01817028593479
60.31418421263273
67.10827964900382
67.06109034470798
66.45323291406594
69.04840220358811
70.19984520107299
63.44056756210809
66.1536200182361
69.20030619419391
66.54980297423724
67.10424979479156
64.24132749479782
65.14301835355826
62.73208624989358
64.0894395422059
67.1240253650821
65.55713419369071
64.03338205971212
68.13317612135965
65.16156410316854
67.12071047456088
68.11543651740664
67.12933788744475
64.13795353314285
67.02522036949115
64.16189155959127
65.45687453916919
69.30995327127164
65.6232694929562
70.51941252077668
68.50982677106741
65.18981650265884
66.42800348660788
65.24731516423762
65.70139407374744
66.14405306378565
64.23560391044245
68.03842836396765
66.20869429204215
66.0462310248756
62.15415710348134
63.75164453146255
64.11494771687873
66.02037495339205
64.48879248335325
64.49396034081883
66.54161032649824
67.07790778247096
65.0274905575909
64.43948216091687
69.11884188392378
68.0134884944378
69.17600182953171
67.11009002602826
67.22255476310623
64.26437369740029
66.09620337254631
65.07324129018116
65.16865920665394
64.69993098476718
68.0812475521789
69.74485527189975
65.66761263372344
65.33755272553198
68.30020053564338
62.22738025101332
68.43694312621756
65.10168581668587
70.29775891651572
68.20847028695633
67.27493789605693
65.28423532792687
70.22010370397057
66.203429910245
70.82538884038387
68.1525429744709
65.11829731848873
63.39035054503874
63.29797686732202
63.89507846132567
66.05359530243368
66.12588672573901
65.48532743005929
64.11379894983838
66.04501160437582
66.43977720199933
69.02953388345215
66.00565537904505
62.10486031046547
64.2162280257432
65.09126688958375
68.05610320167396
70.16387953281175
64.04592955573116
64.48218668847076
65.78608341175553
70.33435773643073
66.67244117452451
63.0682968135928
67.14111211598797
69.24790600675311
68.24058497862441
61.13709823470856
65.29258407601948
62.00995906656912
65.33128490085113
70.4768969358521
64.00727673073597
67.46334820868235
69.40144677352558
64.30385917943399
65.21918492498187
65.43800966118128
65.37245415991518
66.63860130987986
62.25462282983341
64.10191082872228
69.28312082974936
66.1732350384547
65.18282323257323
64.85568677007878
69.99983139039466
70.30413165186087
68.93034599206068
67.37998496401323
62.23586133011355
68.83809248946883
68.00874079857363
67.64176401646036
67.15270355376255
69.15370435795433
66.30542724702691
70.20791539491549
66.04080338535798
64.07860987021567
67.00870103033343
70.30201972323538
67.69076982107661
68.35432299715318
65.04783506092234
65.12321138641356
67.84484263281172
65.09557568471128
67.05325149561993
63.34396371992603
66.6806685307672
69.53127308768013
68.09249353499376
64.0826735510075
63.14095162225059
67.50094407390156
67.01476909165264
73.84913707512037
62.18466648440941
66.78339499016042
65.26076208810879
67.20847514374431
66.46670787099724
63.10875918046766
66.46032804454468
65.18536987604975
63.29845541846592
69.24659877347536
68.44936088177438
70.75400209226565
68.20628796184687
66.43967638789019
68.13955859140911
67.19025431808416
65.05418379728764
65.25387939773087
66.06902045876491
66.3065391370624
69.15200851752824
68.03943393355536
62.23564844113002
63.29388667419985
67.07501875774811
67.43270297063242
66.7895354401512
65.09671370634943
65.34576850023495
63.37108810495604
67.44588322430829
68.51202666286756
66.28100212655927
73.15932537907855
70.38450624858778
73.32599202556891
63.90665572265677
66.05111091551775
66.28779939874819
66.0017980669135
65.05007242338095
71.08082171584984
66.49546098526042
67.45478788877169
64.59907106268234
65.2028679462994
66.16359179397904
67.00951427654041
68.18146281824922
62.18550420698356
64.04766381066872
69.13674924373241
69.30739658709082
64.41650927277252
67.09150953161931
70.72666032642772
66.63247983439035
67.50712367161168
68.3489478240451
70.35306079887597
67.17455799290761
65.89207762374352
68.14288278694424
69.22093553706205
67.42417665710352
66.27714881428248
66.291511977369
66.13239725977282
65.28389977280015
64.42596633053111
63.61037452078551
71.12541865195922
67.77779145862729
65.40074789969837
64.09022225605347
69.10854825122148
71.15014744311787
64.95579740813392
68.08560775685739
67.31875351608006
67.3954144520461
62.63895090143856
66.22451560640067
65.25218068063474
61.7888885596516
63.35506469444237
66.0082828211509
66.12750452622949
63.2427564995432
74.06420429423927
67.15653262676766
67.01496961904634
71.36799846378462
66.03912982290755
69.2530791450425
65.03123670429257
63.03955177750579
68.30008618303418
67.11492792079727
63.18530118457466
69.11908880655956
66.8267467686499
64.46053100512957
65.0300530598682
69.28268304710375
65.03928287894898
68.00156830471875
69.36702092669475
62.42177117916594
68.08414466920684
67.3227505808316
62.36359605204165
66.03228229618293
62.63029870909766
64.22571535303034
64.49986002102061
68.17701097424373
65.16901929187095
65.07765423489663
61.31234824270281
69.06489193732358
64.2416799235147
64.68379480724569
70.74718391699543
65.1734897401378
65.90724540727658
68.29726193992342
69.2950399901063
62.3731848410348
69.21772669279721
70.09118977081188
70.08957358463584
65.26025124303072
68.51643136701782
66.0058847109708
69.25154227638339
64.21285682672351
65.18178419114459
64.23529112478067
61.30074274262128
68.004169545858
68.25691302364089
64.48145822739208
68.12435115029041
66.27460652441336
70.67095615203625
69.12819884829487
60.25882888578592
68.04782741538963
71.12246326658553
66.76728274258994
65.33143298568453
64.18830826063862
67.75053556203059
65.39326540213526
66.1164620045748
63.17143399106311
69.13430927397049
63.11398304375847
68.07893662092506
64.0845814512925
61.08757123414968
68.1366623650127
64.01532458353626
62.21668844667028
67.05684800339664
68.01877520457387
66.11235791078175
70.06119993478191
64.08877443006828
65.0646129022345
67.15661645140887
64.23128499064985
68.05155248599664
66.2344985099124
66.51869197619298
65.80185436139557
71.29610819850951
69.25098930824392
67.43105092390846
68.01449920575817
66.08660459995585
64.12485005851553
68.09326141875704
66.50751150685095
64.35864336711856
67.13969621352979
66.05552748035379
67.44728647635253
67.23338893442569
64.34692750512646
72.48722128668254
66.08507708205413
66.07370122344048
67.040604647426
70.15862489682208
69.26302438099759
67.3874434493926
65.18305418929252
68.8165464642166
62.42506238217548
70.06241786972663
67.12205753904307
69.33643859137008
67.67699183974604
65.20505478243105
61.61482826945398
66.0852252307262
64.96627723888729
72.79437470515624
69.11270213580428
64.21587637597473
68.25308105750976
67.05984674905335
65.08827640481171
61.60516078415156
64.011081322016
65.34652635518631
63.15633026874455
62.02353101318144
64.55787475845531
63.41895710752149
66.85459522944812
66.0057501500618
67.40407164719937
62.28359037657854
63.37612740310285
68.11442468133114
64.19014348939191
67.13071083161894
64.19189333947855
66.31137228264103
67.35268956842417
64.26401557036867
64.23420381356513
64.03301596142035
64.73455810520146
67.64843738423579
66.40055117683953
71.08360981635039
67.0765872182277
64.31631623737174
62.06573790007891
64.24922702491907
71.07975864991958
64.51017700341902
69.1558935720166
61.11698668496821
64.10886811778293
65.7657006469226
63.10340341635524
69.51552231151828
64.13754984122768
61.20616722546482
69.27384756589214
66.17862694193164
65.02299263808428
68.68603132510833
64.26555625678604
64.79043723198838
61.0437520264345
63.12387845091839
64.64046960485832
65.31787916060291
69.0713856929543
68.84012992699891
69.23370708501737
65.25994159222512
67.07606218076495
64.93576334735562
63.10877171935294
69.27218299808493
69.3375647872364
64.56895378365702
70.29149142206585
65.4891406877354
63.02564552564015
67.1518422813325
74.44786910561436
68.01883190934521
62.23898591753405
66.07309292412542
63.31298325327751
66.25019333915083
66.33293461156686
65.01230741283855
65.05935901973153
68.46103722368524
66.25930012260147
65.28905317907798
67.03038849077667
64.31971477868032
65.70871582977776
67.01159820815799
66.0001297074102
64.10183075453605
63.0630291298456
67.65384701154574
64.05427350093608
68.27312969175334
62.22607859435234
67.20248260149683
64.81581372795239
67.05746956481971
68.04554491952774
70.10262666881188
64.16973590667382
66.22373418864072
63.35357926553374
66.24406867106265
66.04425247492776
62.06248613282261
64.55494446610346
67.27448874509189
67.36200597696097
67.2188152661037
64.62074191407594
67.24265232745243
62.16891972384018
67.23309627916822
73.1399524222257
66.4061172023659
66.4830985853454
70.24522532719406
66.30753560097163
69.68258591076795
62.72168830567887
70.36034309151451
65.30028459845241
64.36939590871661
66.05017299829223
64.02751000073755
67.30323663933282
65.04812547322172
66.20031703376883
63.11796923760626
72.06157327032341
64.29748902790726
64.78435275961724
67.16842219424096
69.57816354594269
68.34670798264985
65.11977803939376
69.06917603313391
65.10100007514521
65.09381646866031
66.67578113359713
66.0478906420646
67.36718446372095
68.02987821474713
65.2780480995107
63.05756577503762
66.43311635990358
70.18355216852595
67.68294922415015
67.40689334770246
68.12210415019234
68.35810506707324
69.6288856693845
65.06247889820138
64.14153933458496
66.0559740903269
65.12399983889716
62.0374633633606
68.7679287298012
67.11185414240185
70.1996421882744
67.36660245642275
69.12065599054479
66.1868885861416
67.02689573773002
64.0515372112537
68.38007598951553
68.28378135248583
68.48230568296667
62.57113719968316
67.38898872360947
69.1343018241006
65.06242076345944
65.90560957430887
67.6324349748472
68.36158761820332
66.24362541801585
67.42595729177684
65.28784053788895
67.35455592041735
67.18399117209444
69.70598732038945
65.01352603000424
67.40135125550367
64.3931275031461
68.0261221882498
73.17563812427608
66.04597519985144
70.45418919606524
66.76185418804313
68.72502334871427
71.38083785286385
65.06480836524419
72.01470949220712
69.97101144876959
63.54496634047482
69.05612501639028
66.35898760333006
64.30191600191353
65.78307626296348
65.20719917247263
72.06559578677376
63.15778742457627
66.45963864995956
72.15148199852345
66.88279776589884
66.1023776972735
61.03512361307089
68.2184145439808
67.20496783906974
65.1117972865344
65.0125687415966
63.83239633751384
64.40337484956582
66.08104699924881
63.69322487983563
67.6054003630203
69.16090806843226
66.01901565058627
65.01429652448597
66.49429429443865
67.3041513434479
68.08440988388942
66.61076117722166
63.35554214784731
67.48533387362487
70.52110017488147
65.60568868886182
65.08957374234932
64.26312342922587
69.26943426073908
65.01401520923866
64.80750092563795
67.4827131129377
63.18116294233594
64.46426797295047
68.40085783018374
64.64177626267809
69.5992555722944
67.26855931171008
68.00869835125073
67.11793961887106
70.10419833622392
62.80502818355619
66.02570971099631
69.19304677109496
67.29480712956065
67.32384968703369
69.12205567063125
64.0933665948779
75.34293251584653
64.1160307294653
64.14218919483054
67.24671910023066
67.27348411689313
71.0435153998915
65.18737253322064
65.07128758020194
62.80019611265674
65.38353656097537
70.0240106530262
69.0571692296851
66.21650183503861
63.07071520731004
65.97312503834974
67.07360715468705
67.02074756684615
63.51446940335578
69.2874411097945
69.13730132021202
65.1642935115621
64.0457540885696
66.78322938678723
68.27259925606762
67.43548837632177
68.26564678200636
65.25565328917762
70.30475702787288
66.10295156586292
65.15341484019284
67.00425758256428
69.26945323824097
65.60381090768408
65.01777986177049
66.47090654401295
63.32058062984006
65.30942407715656
65.01306331003354
67.74371550242326
65.14262330810743
67.02808021390048
65.02943505501132
65.07533562468653
70.75480135100204
64.35543912521553
69.08109286624264
62.69963659162815
66.66506953814394
65.1518005461866
62.26234862222704
65.06783898181264
71.3004269228262
70.45757823028549
67.10620606599065
66.10539991679109
64.44489527169196
65.58618151892276
67.16062205098305
74.47969750619237
71.24307863505103
63.01721497705187
