132.1151832174989
132.0196709261463
132.100538874783
132.0641525772243
132.5574680265128
132.0044332458994
132.2390757071178
132.9083969590764
132.0915734837249
132.1387323267399
132.6218340950154
132.4419391954131
132.1149390234611
132.5067279568468
132.0553985443934
133.4587380455917
132.6183413587672
132.1266018404861
132.0587076703131
132.9363135982564
132.2411106214683
132.0359613348078
132.1729921736127
132.5555364726166
132.3515829854165
132.0284750368269
132.0281302760632
132.0388205463159
132.3035885543482
132.3958850612793
132.2120530829071
132.3258987679778
132.0107803520684
132.1977164953708
132.3289050352159
132.0004250467634
132.0850550223358
132.6323839126011
132.3403503167542
132.0031158189551
132.19595281478
132.1360582801364
132.1426961912112
132.6626852387697
132.663852583495
132.4846358378871
132.1513442360861
132.5924450494404
132.2196213049836
132.112295392301
132.7701621538443
132.0453631404632
132.1786957659634
132.0939495842086
132.051180325308
132.8461477563265
132.0774264372251
132.3723968062334
132.3101857015232
132.2946121959036
132.4381972208058
132.05647649274
132.291676554134
132.3726600362711
132.0277630458329
132.3977698555491
132.1905236947379
132.2934825579041
132.1226063846498
132.5745627900881
132.571053413317
132.1220473612565
132.0843522081013
133.3070316296738
132.1431943281473
132.3173642400633
132.2952748807248
132.1120103760098
132.034404144908
132.3784915698058
133.1540340312641
132.2209923391122
132.0880845533011
132.2280492815594
132.3758577942081
132.2918021619045
132.0470122103614
132.0307952053003
132.164822289184
132.1589791760644
133.6995108301962
132.4109355981233
132.5480891707116
133.0811443887392
132.2259297620766
132.0844048627267
132.4527112232417
132.2346204870146
132.0933532811107
133.0034191059822
132.0049544814129
132.8837317546628
132.9841257496366
132.0120877148566
132.0567389339502
132.3214240529834
132.4499451448301
132.1620740406609
132.6970515603152
132.1364796222685
133.1267249985655
132.2926196435378
132.2826135966997
132.0389793201768
132.2869698086133
132.0913387336588
132.1625909139958
132.2348557508519
132.5838386628211
132.0330632287942
132.1537303589134
132.033171488061
132.2805154776983
132.1335573069777
132.0634947236312
132.3802152257723
132.4536845530994
132.1692885711371
132.1192269735529
132.5626837650125
132.760402367203
132.0513153002802
132.1439171322726
132.494022699613
132.420507908549
132.3482382445777
132.3584522464755
132.1728727859195
133.4418965976073
132.2968666876075
132.0567152160866
132.508280189233
132.0684173802282
133.049991634196
132.2629029022201
132.4960403439519
132.0621988183087
132.1847423834227
132.0824436421323
132.2345020643186
132.1370733327318
132.4254685903589
132.0439187183862
132.2652395414821
132.3797436938845
132.6599564626664
132.1792201806505
132.6373092156614
132.1088514676516
132.0599408287417
132.8547181760182
132.5048904764049
132.0500312619345
132.2444751462598
132.5926420486124
132.0099875347074
133.0189821808139
132.0164736769081
132.0554727083314
132.409265607313
132.5478604384522
132.1988556631569
132.2586124536678
132.3927052257762
132.7195507754489
132.3409909659514
132.342787221575
132.0820837739632
132.47694968864
132.2182173276487
132.3123496793536
132.2732366109954
132.3052255296163
132.1059815634318
132.5588367647351
132.2190687725578
133.0501713912547
132.0790835850071
132.4703349685357
132.0343385209725
132.2882375154268
132.1249563870558
132.6726425200811
132.3370268498277
132.0276648439625
132.4758000572295
132.5459322064875
132.47265940716
132.0813917524051
132.2405930626642
132.3789217924292
132.626420480048
132.3588134019974
132.0379425154904
132.2886936386309
132.673891000481
132.6992528638387
132.1451136041278
132.2517296557242
132.4783106178768
132.3651711324793
132.2108795328204
132.3387109576588
132.2199469249765
132.3943191844901
132.8694684644067
132.3106896058906
132.3390171512263
132.0166477151942
132.202622561046
132.0219846057135
132.0275309663007
132.068868473371
132.6260330887121
132.94826004452
132.2067675099067
132.0563691855198
132.1925521190648
133.514822123326
132.5173032700592
132.3582750584983
132.0246500055897
132.160140990987
132.4737389385465
132.0647900740805
132.0355233192874
132.8406818736632
132.3527472830447
132.0952351545361
132.25888947571
132.4167061260127
132.8054724179842
132.216468029855
132.0069250296427
133.1728308858391
132.4988070550614
132.4071854188445
132.0466599707971
132.066033477309
132.0560074311164
132.646820025187
132.0268755069188
132.1749513343243
132.3315047990879
132.1857515080837
132.3136714795396
132.0806031301943
132.4292881162507
132.0591031999326
132.073295665846
132.0780357489415
132.0335892290589
132.3418828214291
132.0627558867511
132.7059453842328
132.0141230080898
132.140683653582
132.1948488017849
133.1578407089224
132.406157824613
132.2111851734519
132.7894096883611
132.0685174258856
132.7757633780584
132.0410283854778
132.0114138674412
132.4513698167644
132.3363704508322
132.0236859747762
132.4502751303169
132.090440730791
132.1245390386832
132.3985237274198
132.7061775936734
132.1857471297402
132.4791304390329
132.1699484948167
132.4297634301684
132.2570154180424
132.3692965071124
132.0209521528165
132.1135118547295
132.0442410327821
132.9804814756994
132.0828135766996
132.0551855848782
132.257857791941
133.0846563925764
132.8680998379944
132.0854416059653
133.6242956575482
132.5631702736109
132.0390312546378
132.0532152486557
132.3609140458281
132.3155824362598
132.0336519923679
132.0175597154169
132.2638783793635
132.3668545958502
132.3437906691634
132.2620595469772
132.6098577618188
132.2200486621332
132.2733290319148
132.5028661809833
132.1513203694526
132.6837166753059
132.0366290451705
132.1726988598358
132.2409239059922
132.2140903814655
132.244624012703
132.3768952414983
132.0601555008199
132.1706289522434
132.0061156811384
132.9339361133838
132.395987142996
132.1183595081495
132.078521009657
132.3357376673387
132.2378842965263
132.0333110693263
132.2861622016424
132.280758279472
132.1717823026414
132.2206779565842
132.1922048397584
132.0594270295935
132.3629624670039
132.1157333472475
132.4866978268171
132.0723253548208
132.0414186063439
133.1731532875902
132.2000834767289
132.5243534711269
132.1457086724217
132.1375959341488
132.1136272061536
132.1444762576429
132.0463971096959
132.2787877713693
132.0318062543453
132.2486682592557
132.4785224754098
132.4647192648499
132.4953550152671
132.0787126030871
132.6015000455846
132.4424170293573
132.0233583264501
132.2371659789536
132.0095453063055
132.8559995599794
132.1241959180659
132.6794133623751
132.7443819700804
132.256039175705
132.5149928211534
132.0853605530514
132.4220726837072
132.323424454991
132.6186529493531
132.0311701236462
133.8841976090421
132.7522976053605
132.505162714592
132.5600066515637
132.1218826961885
132.2417914773396
132.6535182422524
132.8976440027608
132.2563871027677
132.3425569482969
132.780849298614
132.2188000543829
132.679365280881
132.4244472868265
132.2081462935727
133.223253592221
132.5934511973324
132.0000037387724
132.0854803747225
132.0830590534404
132.1171179974356
132.3507968329399
132.6454616774219
132.3840028502312
132.6313730234865
132.0799636485324
132.4002786409808
132.3384873860482
132.650254733668
132.5621199868725
132.1611794207736
133.0505098797724
132.3580239720262
132.1401081875603
132.1176565170729
132.2356859241162
132.1206929643319
132.5732740396357
132.0946917048135
132.06359952565
132.4288315468109
132.6797837274363
132.2662461740276
132.1696126061976
132.2734992391284
132.2884132779989
132.1160182594454
132.0943342199893
132.071158727667
132.0158842125568
132.791063701406
132.235663150983
132.0425985724306
132.2833807640811
132.2369543826025
132.223649215355
132.1960635966412
132.155890902766
132.6865891097755
132.0103204012679
132.4699565747266
132.2445237466997
132.2922369108625
132.0549062062567
132.0944814321154
132.4383395912502
133.3875694802356
132.5021514900545
132.1999938034774
132.1122783640566
132.2712352663652
132.7190625456498
132.3795774307684
132.0570148920374
132.0342334161431
132.0765979989438
132.1099800347128
132.1701643932209
132.0074618493705
132.290675342352
132.1812831226137
132.5341142484288
132.5308897486352
132.0209537705179
132.2346437874215
132.0139161986584
132.2602826713388
132.3782609418732
132.0271736658621
133.2048156543128
132.09278719563
132.3525893821528
132.3685803623262
132.0489578664203
132.2191115022603
132.1321599095572
132.5432734807829
132.5199349601313
132.4832119701193
132.718126415396
132.0300002861818
132.1708710137015
132.044179756968
132.0738905400903
132.0720901398319
132.6764634064275
132.3079975062415
132.0215004227842
132.468016036761
132.0047040827734
132.2258944748125
132.0132112751182
132.9602949130822
132.1493133752781
132.0927536806773
132.8845867566476
132.6461335320178
132.8623903474358
133.1785062870774
132.0060003703592
132.4156334922731
132.5047850165575
132.1510390237538
132.0294854469644
132.1492656877205
132.1927470442445
132.3146387332966
132.8449333756665
132.8241098994005
132.3100631442193
132.0453390297876
133.1749996376321
132.0475334543187
132.6919114850188
132.1063209008322
132.0175397867242
132.8417708453221
132.2520596865026
132.0029349844176
133.6432953650218
132.0767260938613
132.5035242680114
132.1764078781312
132.0779719136053
132.0101502964371
132.0695595949761
132.4003692338797
132.3206388669259
132.4461268336507
132.1093921795754
132.2428295089847
132.0877678785821
132.0982614977966
132.2598104536478
132.9046852745077
132.4184041125349
132.0162490221492
132.1500309947783
132.6895540682574
132.438575341649
132.1457906232993
132.0085316747135
132.0211082999234
132.458177215932
132.0155720753632
132.1091009362247
132.198939736161
132.205715832639
132.2768847921338
132.0879234425334
132.2023992919198
132.2320512321168
132.3112877684933
132.2261253051629
132.8107202416289
132.3328023857883
132.1880027064648
132.0671178898373
132.3626837641783
132.0381067385879
132.0917519590234
132.3939176350317
132.0624280301155
132.0879592813029
132.0044694161975
132.1299212016845
132.0529134985481
132.2498676496674
132.0558402445058
132.7469912223424
132.0906023110889
132.0868876091639
132.9103154629332
132.12220193096
132.5265118908904
132.3222811607674
132.0168626439993
132.0494600623523
132.3291754967422
132.3771344488797
132.4096704178351
132.0911574621426
132.7209258843774
132.4883486467857
132.5347488078072
132.0564402778435
133.0788983431452
132.4048732262403
133.0004207663814
132.087439028164
132.3482958929619
132.6364107283099
132.0503792665621
132.4419248405107
132.839560811741
132.5037498307366
132.0473609061228
132.1554771689557
132.2969353966698
132.4313378304771
132.1464248042545
132.125941117889
132.0652933874417
132.38110407777
132.0222942732207
132.002243180282
132.0124314045053
132.0367407045259
132.8724739499748
132.7822521181056
132.5850417757527
132.1899885057044
132.5056676243113
132.2232849625893
132.1729034173051
133.499986256906
132.8303506814242
132.9906446707495
132.0093890833205
132.2389339356006
132.0433425655431
132.5565128029414
132.2826303142105
132.6278349763169
132.3471976824165
132.2415594325729
132.1266020814749
133.0397907917319
132.0673377078707
132.0663789533607
132.0374791973149
132.2565575004054
132.1641185353452
132.0029361836849
132.3526806195862
133.1325033777904
132.5109176580711
132.0411625363079
133.4259868118813
132.0857985937604
132.0270285216532
132.1044160183452
132.2212259440282
132.0240727344504
132.1627141964362
132.88612143701
133.8626713479847
132.1629155150364
132.3717061514519
132.4124119953988
132.4753867483442
132.5894177426456
132.0254277079822
132.9778832214157
132.1191976726664
132.0522405872382
132.013626862759
132.5724581026999
132.9558190315808
132.3244492447437
132.2794046977662
132.0733037738697
132.2823460598756
132.1612639082315
132.093455201987
132.0378547115722
132.9394351059128
132.109349390467
132.37291716561
132.0525736432828
132.1320135121376
132.0381718322917
132.4081746186835
132.0182985863177
132.1303160261278
132.2412404527021
132.166641308821
132.2771279544539
132.395353358398
132.6417121927126
132.0922888443155
132.3037372411369
132.7643925872286
132.3728987724307
132.4257094546756
132.3678213618983
132.0648004101045
132.5476680796379
132.3032454110879
132.022683750355
132.1055206278538
132.4071520981304
132.5244647361858
132.4261934393712
132.2764976392309
132.0830824916404
132.486854591107
132.286759416012
132.3570540393648
133.104116113699
132.2600661945541
132.1987955600817
132.4921372071365
132.3778581679931
132.0102430170231
133.08723759857
132.7360020541183
132.2716870138692
132.4851294761194
132.4228147377599
132.0586406835207
132.4668149841842
132.2708608824449
132.1880595525583
132.0133311777867
132.014228698975
132.2709902551152
132.1135737911849
132.1331821250351
132.237051975681
132.4097818431818
132.2757658181746
132.7530683628097
132.1481686828697
132.2040516307702
132.599111191778
132.0825298060956
132.8662866062539
132.0323408394976
132.2764504218386
132.0434454522634
132.5073238095947
132.1276465080231
132.1058095156834
132.6154676268847
132.032807197991
132.4453241748526
132.0019240773204
132.0058679156881
132.0388267661619
132.2138138553119
132.5102619174023
132.2137152167811
132.2218010022599
133.0080209688946
132.1661954963194
132.2269238323643
132.3067851113146
132.2371080037968
132.0895562629217
132.2983836794192
132.2174547883707
132.1471800412654
132.1011272679573
132.0883114541861
132.5248437472326
133.2620722994652
132.4879773764247
132.2234317954362
132.6806825141259
132.1767860471105
132.2567810945843
132.0628964292183
132.5085352392683
132.2441382267574
132.3328981793794
133.3176145195152
132.2984838448917
132.152922723939
132.4551126465485
132.0707539796483
132.2326284557244
132.1383386917558
132.5675622168326
132.1495841072754
132.3873052372529
132.0401166640605
132.0911225988954
132.345182521348
132.1892120716766
132.1122593224303
132.3100880360894
132.4916170854681
133.9072684775595
132.2821304368044
132.1252425772385
132.455843064456
132.1386129882472
132.4593899484438
132.3016139001921
132.0925408111433
132.0111221389674
132.2364839417098
132.1495040557864
132.4069910293703
132.32527063145
132.1399932083874
132.3406714664659
132.2079579176694
132.1188811684708
132.1984483932728
132.0145432304697
132.7198279014317
132.1574627017606
132.8519280546633
132.0292529565405
132.2822268477892
132.5992447586921
132.9021177301066
132.039256667057
132.2602429880439
132.0289487533083
132.6835584663447
132.0747020681274
132.0710431721981
132.0432357803763
133.032099014163
132.0666504516154
132.4467511851995
132.2966872043729
132.7988979500003
132.5261758167575
133.0598043689148
132.064994117631
132.2356487627363
132.0065673555747
132.4385784589685
132.4609162601807
132.3789326512284
132.2686944808121
132.1169062379331
132.1871961070591
132.0295231049494
132.6565309779239
132.0261971501181
132.0490075299463
132.0421096623717
132.0928563550548
132.0315131036847
132.02233376376
132.045479269939
132.1379838130325
132.7881731945984
132.4863089537574
132.6428416972168
132.173831611362
132.1179136032168
132.1758528823859
132.0445958654908
132.6936732965214
132.4600056082275
132.4147856419242
132.0319548737787
132.5549955008499
132.1284963598974
132.7314472001929
132.0054462272541
132.2297624730432
132.4658868790225
132.2139692165488
133.2059399404932
132.0143633758969
132.6273102371096
132.3640485136987
132.1349798745912
132.022516909633
132.1407964209941
132.1091651910733
132.3944900851423
132.5334549907849
132.0268509866499
132.1731205575099
132.0015340080488
132.1937552487714
132.9144518109324
132.1525475105167
132.4884115748467
132.3098737171953
132.1827888966245
132.7790650237376
132.2449933307246
132.3083412140237
132.5177281538737
132.4009104237801
132.4327566276288
132.7395178794755
132.2539812973949
132.734680636166
132.9413535299269
132.7261893547467
132.1930632187145
132.1363075443942
132.4693416266261
132.2224598816163
132.2132324385526
132.6145145874306
132.32952666721
132.3563977430956
132.2192216174332
132.3198205292802
133.1070181408448
132.9327227673649
132.5695724439497
132.3464766006836
132.3792374505816
132.2725066105355
132.0929711063313
132.0202311727093
132.5220183125478
132.3767195494432
132.1067186737804
132.4467444532189
132.9457679962502
132.0720313400612
132.3189305133797
132.064481472572
132.1777786108588
132.7692858423248
132.0042322523513
132.406975017403
133.3017784426683
132.3224299028443
133.0193636109653
133.0081966518821
132.5489579852885
132.3491110511719
132.2555792462545
132.5941202400356
132.6034295666553
132.2263279744531
132.9342061507355
132.3388524449386
132.1868380285213
132.6948580940775
132.061049910147
132.8884715405374
133.1108114080236
132.0568444131397
132.0288063182435
132.3417200612111
132.4333703903364
132.2767390643133
132.0890318362917
132.7575297857494
132.1561061484223
132.1366292633577
132.0351754008553
132.4390988398657
132.3619267157151
132.3283339086496
132.3717183531815
132.1434076465773
132.1475896893959
132.4810409981359
132.0335700244738
132.0040758048017
132.3492553532685
133.6336017702753
132.2538485447382
132.103097200965
132.2805588231713
132.6965655295243
132.1110574348774
132.1501357864701
132.2314024461267
132.2892380171803
132.0314290370287
132.0944007132605
132.1832124896349
132.1090178787041
133.036454891279
132.0191577846846
132.0125175215059
132.3045664945357
133.2699777926274
132.2418099085216
132.3311816056419
132.3189562718321
132.4326738192989
133.2747513448611
132.5470804661171
132.1567904396848
132.444645953499
132.254388292838
132.7089430957542
132.4417730633998
132.1427264943089
132.0891118731984
132.0576842225767
132.6423738037994
132.5347124921921
132.0843161199765
132.1657075183543
132.3540006148371
132.448159813951
132.151028082345
132.0735894224115
132.0562819776401
132.1608152358538
132.2509852643794
132.4121482649948
132.1202666549413
132.2994818830997
134.0195271545501
132.2029806574706
132.1775627034797
132.4086900173511
132.0748718214755
132.4614989242336
132.1313181674434
132.419051537839
132.4444821457715
132.3927855303206
132.093182915172
132.2676743392595
132.0055091995062
132.3469610639066
132.6099806173483
132.4031438148245
132.2904623817065
132.0502302089101
132.415822801412
132.0876088555749
133.1091371678854
132.2706749450055
132.120332153888
132.1445671688476
132.1156278329283
133.875138330393
132.5815628157203
132.1621596261835
132.5355053546252
132.0753588584279
132.1738198697271
132.3299951158728
132.0115172650413
133.1392209130805
132.4345751866727
132.0497223309895
132.4195335745065
132.2381548004503
132.0962250856816
132.7965487816597
132.0837404423124
132.0229382466726
132.1766659519777
132.3714804995483
132.2070607616547
132.0163426428749
132.0846266352312
132.2245009239502
132.1815647065429
132.1234242919319
132.1481467864143
132.1046536607969
132.2880887227926
132.7231618496114
132.0891517508459
132.0275910664603
132.0396403321547
132.0502231839243
132.4945234711937
132.0763034235889
132.0841942800554
132.465478576622
132.2228145179452
132.3456678531239
132.2037497018711
132.0167762626654
132.000692166974
132.1809873742228
133.0697883028632
132.1947242366801
132.7175024080243
132.3812835274802
132.3590312217347
132.5751406494111
132.3455927415503
132.0665213967194
132.1911405243942
132.1471206655515
132.5691621322666
132.3925758391816
132.2824345830601
132.1604128695203
132.3315633522095
132.3054965640371
132.083954373241
132.0547450576427
132.3272212966152
132.2582668678997
132.6305906915921
132.0947472661763
132.2994127034311
132.2743813516772
132.046711433362
132.4916400131529
132.2777431575107
132.0468512446151
132.6531656225213
132.1354972387431
132.4857619932605
132.9592403757571
132.3326737869461
133.3463083551121
132.3351638354279
132.0429600030767
133.0804675757113
132.2918122074285
132.0257232010977
132.2535373937945
132.6609690198924
132.7361528300511
133.5602163558605
132.1595435578462
132.3198943952291
132.0076372644569
132.5278312106982
132.2795288757436
132.5425432978055
132.4030091862622
132.0272643462294
132.1947986673194
132.3077006270879
132.9599969581306
132.0052003209585
132.9867664945805
132.5766804839762
132.8444718661324
132.3111924695927
132.1104769353525
132.0001828390346
132.0526819932555
132.1066135046851
132.1693905653269
132.6806984966807
132.0841531308578
132.3765400835467
132.0798305064934
132.0466931217444
132.3395248583424
132.1157521844474
132.2451309135613
132.5392288482788
132.0135827097808
132.0779773283771
132.2799744330738
132.0564927722457
132.1944256735095
132.9577460897789
132.1607411449176
132.1548618011572
132.2822844199637
133.2424541734715
132.2907762667654
132.0910278525528
132.1684801609794
132.1237239075968
132.0047927561519
132.006110567044
132.9005141726414
132.3923201212795
132.4001117622163
133.3284680797924
132.1126015119487
132.0686494720836
132.1395581180201
132.2262144101067
132.4077161528832
132.1440368806714
132.0555902049191
132.479641065629
132.5547765027006
132.0095745620461
132.4355543034526
132.0620498554294
132.2503579704541
132.4553024919438
132.0821620863338
132.6567877573449
132.4386339921402
132.9434097088032
132.2919574150358
133.352703721071
132.3761162460284
132.1692628673746
132.3142030786126
132.1887570696648
132.0973299530683
132.1791910308711
132.0145364808839
132.1888098646012
133.2154706218237
132.1622381330309
132.1449413382054
132.659398666978
132.0614868260461
132.2413168168334
132.3467232772174
132.3219554282886
132.2343155436805
132.930474757885
132.4671015710152
132.577456602845
132.1488161288995
132.4984676885994
132.147281399327
132.0337482212286
132.2027645030153
132.0223463208027
132.0049648204051
132.2391258435534
132.6862208008816
132.0210758759009
132.0889593466118
132.5348520519811
132.9378867037472
132.5823998727628
132.4599538033979
133.3291360357734
132.1489902497387
133.9714815954259
132.2468213548698
132.3866521026065
132.0524448543091
132.0353194908141
132.4452446910336
132.004628043639
132.2683337509242
132.3122884542578
132.1632822687229
132.176422311955
132.2461111585231
132.2701835250294
132.3510081503853
132.2838975884182
132.1407121307831
132.0128222082333
132.1120706623568
132.1226307407744
132.1874588840765
132.0365689131608
132.3140926465575
132.6433298545782
132.0033527801317
132.0337713438858
132.0146480658841
132.0419077413523
132.8459942564349
132.1049791034712
132.2900977690815
132.5320563335401
132.2129699009323
132.8643160279156
132.4769572318585
132.2510759921724
132.1679758723758
132.2172209931261
132.0262203285965
132.2294670039129
132.5517359398264
132.0778727083987
132.2035408209547
132.2191432428037
132.2497393785632
132.1732819316842
132.1308011263321
132.9502532711038
132.0376946126663
132.2280341286247
132.09626819872
132.0326538298299
132.252142098235
133.0470943387139
132.2260712255893
132.6729879567875
132.2574762508799
132.5560363093542
132.1563589952274
132.0921047002921
132.053961445793
132.0430956368549
132.3528313825281
132.6290557375416
132.3850384853415
132.3786416227542
132.1441067177604
133.6554152811646
132.2176792383235
132.4595685166467
132.1762670475504
132.3789436039599
132.2866069068409
132.139347799533
132.0316107788369
132.253520356209
132.4776409741852
132.4408664741824
132.2885656554565
132.1178193239835
132.1986666117715
132.4003133339969
132.624032841014
132.9387251877787
132.2193564559806
132.4959982923235
132.330022818463
132.0334261576773
132.2702725321257
132.2774684775926
132.0980745660315
132.1145947980627
132.0506990069644
132.588128412073
132.1025634509082
132.3421505143346
132.3581889215777
132.3082389156405
132.3911936213489
132.1040527692499
132.3408204645201
132.1647851849245
132.0925534456105
132.1337622403533
132.1168584624199
132.0748987639048
132.1547151286966
132.5203743055402
132.2132043258505
132.0240488598396
132.2095125255635
132.6261201941723
132.0303897020503
132.6241070084938
132.0145385180085
132.4694275479702
132.0037110662279
132.3209415357816
132.1125580308482
132.0015085585848
132.8177061163444
132.016053623552
132.9717215671654
132.1573298018338
132.9020610012097
132.2359751235386
132.1998832045751
132.2892166163343
132.5259740032108
132.1311706807956
134.4791261996362
132.0336773859098
132.3946412767035
132.6366964185332
132.3127305521271
132.053530232315
132.2357833743925
132.2181609560614
132.010789042002
132.3875154349749
132.3657841275652
132.0877715543256
132.0272111748886
132.2776045215859
132.9332671072465
132.1777132733554
132.0650965319269
132.1960415053083
132.3068839302528
132.1415738476538
132.3615342333199
132.3264429747486
132.2587890588643
132.0853251298435
132.1022024146285
132.8045588001665
133.1293290411298
132.4413546130105
132.2740190919268
132.1097389624943
132.1816562067569
132.1218087986369
132.0224948588142
132.0439016117737
132.4235576527673
132.3065532673981
132.0403898042915
132.8416776599885
132.1060324821385
132.7360643174813
132.3444124450987
132.1447732827944
132.3587884538037
132.1176970850916
132.2492325042298
132.1948455271558
132.2245406373551
132.36633354259
132.0226403115367
132.2149409583438
132.1665254506366
132.2704420588283
132.3276295588417
132.6197280157304
132.1863039100719
132.1114129942767
132.160098474415
132.0573029858193
132.5478742814772
132.0593468324864
132.5800746790453
132.0939314201537
132.7584938476804
132.6999442256778
132.0962434826292
132.1941021748655
132.8001646530591
132.5498999104298
132.041363293088
132.1891637736797
132.3682500326636
132.3026653584401
132.5653018485125
132.11519915555
132.3154596863114
132.1223427380051
132.1597293724001
132.0755674496417
132.2687985381851
132.0514232276658
132.395361504579
132.1068448710148
132.1643496884973
132.0554658341314
132.7990264788279
132.0195642495083
132.4245283160418
132.1418515755196
132.8248945890078
132.1948776710288
132.1627815035617
132.5374043438962
132.1954995677592
132.2939406156918
132.1274361859821
132.6820412428386
132.7874904407667
132.0653502277752
132.1848135413853
132.0491318793194
132.3582001209772
132.8635589157147
132.3031503996122
132.0137244718961
132.300779473868
132.3825422874209
132.0680949359676
132.6489630102275
132.8841293995417
133.6069127375908
132.991904142255
132.0212936071374
132.0901963675488
132.0014822195404
132.2314053013836
132.9582722025233
132.1184457151008
132.4484636745256
132.9205827436803
132.0180996291035
132.0799870484462
132.1284505335242
132.1327384026728
132.3412735370851
132.0185516706846
132.0038063744007
132.2810874900671
132.4900194355396
132.1954876608914
132.1218871919994
132.2537144309509
132.3182741398838
132.1263377503863
132.5030542765277
132.2435353979949
132.3246531106703
132.1923254738152
132.1424515800609
132.1332278021271
132.5576579497266
132.8220310663073
132.4464416853756
132.0308219890539
132.0730571678861
132.8365340995976
132.03040048773
132.1375329050947
132.2052296850337
132.475103109571
132.3506390863122
132.2681720691366
132.4717672070104
132.7615172208479
132.2421378483832
132.0236474617012
132.6530076670641
132.0579967726559
132.4746545168962
132.0947397481727
132.2644696619501
132.4337536357305
132.8850858214521
132.5687817594199
132.5652206465202
132.0352413980437
132.1714959899367
132.463165340814
132.3078879164918
132.0254696320897
132.2027468685347
133.0753204253673
132.2335932959325
132.1056612062717
132.2384056838518
132.0836766211782
133.1257925966326
132.0791267488499
132.0708894466758
132.2379232693466
132.449395771706
132.261921627839
132.0090019970949
132.0801183406896
132.0897311328988
132.8875405414343
132.0056575724715
132.0338855051201
132.4185233373349
132.1701813634134
132.7316477887737
132.0615113905318
132.5437415218765
132.7346741026028
132.023699607093
132.2306298364416
132.7316401827697
132.8475024669801
132.0701362334757
132.4360372889073
132.2267619497271
132.0351604944294
132.2952620227202
132.1431041134989
132.3087780920229
132.2774411191779
132.0210499644658
132.2733841306061
132.8992668318138
132.1487516328928
132.1015875609903
132.5808753243389
132.1275242696076
132.0509217911752
132.0672856764905
132.1284245750371
132.4220674112473
132.6156520428416
132.5439378387641
132.1493708460038
132.1170362025759
132.249142534318
132.2466633322903
132.5280616633002
132.4312203318428
132.9319967438281
132.8661580943896
132.1653063537286
132.6062260661562
132.3205320973662
132.0945764707952
132.083432195216
132.2155833620766
132.1927706780248
132.6332171689158
132.0566437771443
132.3158142937334
133.4506540379859
132.7230011549601
135.2980577620841
132.0531718728766
132.001464195275
132.1251090739528
132.3320135884812
132.2496838211423
132.3113711338767
132.8183915244744
132.1409871969511
132.533100636946
132.0622507490608
132.1029841537099
132.4814369422913
132.1247130758113
132.5783145531353
132.155466733491
132.1490726459271
132.3838690593325
132.6664945467908
132.609175581218
132.1402230606512
132.224930000193
132.0783218994738
132.1378243715174
132.0829501828936
132.5332484910367
132.2349752549579
132.0514794105956
132.2959272495368
132.3574337574532
132.5420001315026
132.0787437680088
132.5092760316937
132.1868850183193
132.4954411089228
132.170309142923
132.1827096036613
132.5087535049615
132.2460156322491
132.2099700997414
132.2306505571999
132.4805516885056
132.4870821701073
132.8210611298443
132.1313335814743
133.1138039640378
132.5312081459489
132.0369075760785
132.1616041420306
132.323467890377
132.0376926485078
132.3559947947897
132.3021412050628
132.1589711510868
132.1170464292968
132.3313075405274
132.2449654669502
132.3104536645332
132.0522795706046
132.1141831232912
132.0668988888322
132.3367815730753
132.0696525083583
133.2594212379904
132.734815656002
132.7869834280538
132.7889484219657
132.1264943679747
132.2902440084213
132.0697226525719
132.5059227446381
132.0046004162741
132.1201720317145
133.0450133745107
132.2017149902384
133.9690982959051
132.0195638535758
132.7599115522291
132.7913907005542
132.641949098347
132.0520052507381
132.5098318265662
132.362978388944
132.0832999279879
132.1088452493403
133.3116389516541
132.1169823099144
132.1650929061276
133.402633463259
132.1339675494956
132.3245529683673
132.2268726134652
132.236185380992
132.0450618923987
132.4287645316251
132.3089521073589
132.1311648527793
132.0500673632088
132.5983028116409
132.0553905185688
132.1420227606617
132.2277798293931
132.2182657598551
132.6284528152973
132.3785773152295
132.043257586512
132.3416153857873
132.2142702375209
132.388405357736
132.5967798772294
132.080167127923
132.7359135433126
132.0743760019191
132.0957154854181
132.1610340825548
132.5114527297568
132.1849297123892
132.1576146282183
132.399195240223
132.707133247757
132.042371576616
132.0219484722055
132.5341254988776
132.7449275875546
132.7624733014668
132.0029548007873
132.1846028196629
132.1691548364269
132.4457011437558
132.350967143251
132.546577121539
132.0682403644214
132.5293725372368
132.0293936321948
132.7672626058582
132.1809747556257
132.0852588558056
132.0062359231364
132.4573158757076
132.095114941624
132.0179409586836
132.492839780084
132.0665548374559
133.4786817073125
132.6165161102253
132.9149233937143
132.5580903196502
133.2193009154706
132.1941844802451
132.1505381685272
132.0090559045284
132.0500612975227
132.7211020896772
132.4844067415606
132.7913294966173
132.0094100121278
132.6339417293026
132.1238610607517
132.0105994424326
132.0859178768006
132.0494289811455
132.3175582475422
132.2282119870845
132.464239467653
132.2326053672266
132.6918248916718
132.669597933476
132.0101724120717
132.1033794792064
132.8691960218258
132.0751215601112
132.006288825381
132.4220589691197
132.436037880927
132.1052617395332
132.7350039144706
132.0241603593756
132.0050084402467
132.1977556293558
132.2566560310378
132.5660705314428
132.9690052938127
132.0872171682071
132.9563725943797
132.3027994654656
134.1694755981122
132.1545325248064
132.9219898714735
132.4956098349347
132.4107821092142
132.0256424319942
132.0085940321443
132.2511074122105
132.220212499339
132.0681682255416
132.645672958086
132.4600455041986
132.0470908611898
132.172230215208
132.389558667808
132.215721129552
132.5643040110378
132.1278729043939
132.4319317084362
132.2913224422556
132.3453068224516
132.0373895022254
132.0099687005983
132.3791356705286
132.2334643918542
132.9075315693006
132.5270090134435
132.3490693149473
132.6728953571969
132.8495014913089
132.3238519904594
132.0233951720714
132.0072367470616
132.3199531598448
132.3542988604962
132.1120568094556
132.3979225598289
132.1426636632534
132.2023111969797
132.3229522039537
133.1510172800911
132.1470357296622
132.3330576342852
132.4333601943058
132.2671860608546
132.6459125775912
132.2008082447074
132.2071052095405
132.0516074842964
132.8987277730124
132.15367829416
132.1822130930284
132.2698103368261
132.1226873784504
132.2509671907794
132.2229470637012
132.4388854073137
132.0443255162944
132.2015830378728
132.2962867839359
132.0467998142819
132.0027935419843
132.0151484542689
132.2078934060395
132.8890715047648
132.5256600354724
132.0189486287951
133.5258737316633
132.4208974286827
132.3221293893018
133.5203052916114
132.1651019770409
132.2657199799055
132.2394903003645
132.7130101582157
132.4470323321225
132.0096918483211
133.0880703376493
132.7341810437065
132.6326354868719
132.9768786107423
132.3747934977673
132.3769273321404
132.3961128961495
132.5171762274796
132.2600781143141
132.140082850186
132.0726939585631
133.2316456905713
132.0481743658932
132.134707924019
132.0725892896085
132.2838882225163
132.1381604727953
132.0627438004194
132.1118820235708
132.5525028261509
132.0491197880253
132.3423606104664
132.0225001964082
132.0894589530126
132.0312686839443
132.2095368393676
132.0434549583792
132.0946479730322
132.0339333539955
132.0849017763046
133.100815518041
132.5844945490439
132.3785877188512
132.9993699887863
132.9381986052713
132.5783505276143
133.7477643607132
133.4237500182814
132.4395015465041
133.5402127748569
132.1416664729598
132.1615780660222
132.782084618322
132.7445049414892
132.1581004587912
132.4400375338854
132.6746630127857
132.4455378410211
132.2280087762122
132.3107716922105
132.2066062774702
132.0549152148766
132.1948254861261
132.1900739932595
132.3966673702752
132.3531171121911
132.3653646650944
132.1906931370719
132.2500967570018
132.0251314268377
132.4210909817482
133.1007396371431
132.0332914734339
132.0838173823227
132.4542761255334
132.0081015514215
132.2714161582724
132.5359311800264
132.4641260938098
132.0700426718403
132.8243067801603
132.0066298849124
132.2804879231052
132.2270686338371
133.0377671772073
132.335729399183
132.0678239818384
132.5725877923151
132.1031349912575
132.5903258057781
132.622057060682
132.1718496936544
132.0091158805536
132.1957873970564
132.4352262031877
132.2836561474181
132.5782008592875
132.7089974314657
132.5033117723915
132.5248155049002
132.4839375165161
132.5949188615677
132.2854080916287
133.395570322678
132.2383958733674
132.6161602906607
132.1065063677644
132.0790656542374
132.3999073288966
132.5748651382963
132.8536622840345
132.3910557124274
132.0557912998909
132.0012906763086
132.1520811647047
132.3154735518715
132.0644446993875
132.0520200506247
132.1062788711625
132.1061408850147
132.0801353838665
132.0447211606623
132.0054000287522
132.1438458279677
132.3057892206976
132.1253626744922
132.1737908180211
132.0452813225305
132.1470601677972
132.0074728928584
132.1923475942895
132.3178369958603
132.5884228028552
132.0735579005913
132.0347462068109
132.1891005632826
132.1666654767374
132.0476083060782
132.4388006005689
132.3253455124539
132.4277535102845
132.0145904156387
132.4781032348186
132.3763243697962
132.754134407579
132.1656231443114
132.5779918401406
132.2521314871061
132.4851322699964
132.0016295730639
132.1667070890248
132.2132189773758
132.6642158320396
132.2049677891401
132.1330014813825
132.2443211880803
132.1434963772003
132.2722090950421
132.3960138490011
132.0888381425368
132.0017549631313
132.8798007948816
132.329063426979
