148.3821415571518
150.3605978780992
150.2193734087809
148.042336117211
148.3189671302508
148.1840989867839
148.172225968284
148.0676840113077
148.293027452748
151.0632849455152
148.0310669249942
149.8883037833812
148.3030289089579
148.0833988113579
148.0800315077013
148.2783981995989
154.2063602221641
148.2402410276475
149.3423337218692
149.2668753223373
148.4379826457357
148.2058229383445
150.3022080078823
148.415736438541
148.0552641944523
148.6351494919834
148.5810011908862
148.1415451883813
148.4194982416801
153.3294082116702
148.2549259543316
148.3908215987327
148.6925816529573
148.6000670426103
152.0957692117512
148.1553265958329
148.7159371084215
149.2503591872605
148.2039518845314
148.2069558420558
151.0617837142719
151.0632175682881
150.1851052527244
148.5682151277281
148.8984268488314
148.2173394745453
149.2463245292889
148.7401990555879
148.2239374612529
148.4148073764112
148.6721599185015
148.4298495946177
149.4617926054724
148.2994944265884
148.348076067011
148.5055053829123
148.7842046712159
148.3915077919845
148.342807317481
148.255992468083
149.045236332833
148.2995367221378
148.4635146985433
148.0449799700266
149.1353874156519
148.4355127203756
148.5658353332144
148.7124709675759
149.0669444571311
148.2588343364512
148.6415781618167
148.8505561828748
149.0905060150925
148.9012938467353
148.4676625203502
148.3269325412458
149.2780747016451
148.1550563407864
149.2551077264071
148.7776217297644
148.3916621449479
148.2947814105818
148.7478646973608
148.5336370086106
149.9488782945895
155.7241793706115
148.9484275908642
148.1108758905123
148.9989869828044
148.4308109589946
148.4388236015103
148.086255986422
148.151639815214
149.0146047584556
148.5760830016173
148.0756243122127
148.5063135958268
148.657721926982
148.0983610829502
148.1268753196722
148.2762918600552
151.471424806625
148.2918279524995
148.2399609415799
148.2541902956505
150.5600255575069
151.3591109105427
148.2021402624481
148.1796611311711
150.1640358897551
148.1265197315032
148.1429668904102
148.6084497032586
154.6060215874462
148.0188265284449
150.0136071314758
152.2973612646935
148.2415546984277
148.51875560041
150.2154941523578
148.3735744776972
150.5930165125644
148.1014641418279
149.1057277206879
149.1440909570831
148.3200166122913
148.2708324274123
148.1741898350384
148.4164171707063
148.8150808007859
148.4349660338218
148.0613094052905
149.0129215581973
148.3435463134973
148.191882438476
148.5416766962055
148.3915576405148
148.070134519308
148.1298447261811
149.368606274441
148.4731932952802
148.2902332995257
149.3124775949833
148.8016261374771
148.7526205470475
148.4225941444168
151.1612021465652
148.2017186724816
148.5023320065133
151.0383492668531
148.3955709543739
148.6619612495808
148.1194276213968
148.2219640375031
148.1638705135981
149.1761475967417
155.0725248293928
152.0909938647605
148.0312973257761
148.063683431977
148.4150039758998
151.0046922385657
148.742653276434
149.2476879600365
149.0036217943087
148.3707149206286
148.2550829130761
152.7013950238429
148.7482242094609
152.203526975248
148.5289709602077
148.1457205752517
148.5068963417095
148.1131542861249
148.64787389143
148.344497078556
148.7102211189316
149.561096326046
149.1125704688338
148.5449291194655
148.3270508151789
148.2399446302198
149.1655012435584
148.1155710419404
148.2782626431
149.0407901259109
148.7762507809755
149.1955850931229
148.4874350367801
154.2259770419868
148.3899511198417
148.2835534761816
148.1634590030159
152.6871966350338
148.484721683074
148.6272627578
148.2240943857757
148.3189633815072
148.4473593543408
148.0424774444853
148.5913243559089
148.4964897845772
148.5502862993347
148.9566316561088
148.2451281855554
149.6156551729431
148.4336042185667
148.1318316939025
149.0454213225257
148.2260452257316
148.2971468963947
148.5587528208829
150.2902067010522
148.8715714051887
148.7914364426764
148.1622789087335
149.2033592121922
154.3943020279364
148.2545798550964
154.2695172372394
155.2344485343511
148.6266966193858
148.9613328485294
151.129855439466
148.5515141345236
148.6785066101513
148.2342833489295
148.2759764059851
148.9179731932262
148.2490290443139
148.0518074417838
148.4416788585598
154.3057893445998
148.9173243757529
148.273353894877
154.2647939199409
149.0440438365756
148.2544558805014
148.1559112416888
148.0605283327209
150.2947546460216
149.4121130332477
151.4359011948334
148.0816960884097
148.9204646654916
148.1729971428949
148.2441854396176
150.2552399527999
148.2098420710779
148.5248420965214
151.6283148573877
148.1192933887281
148.2981875051331
148.2828601202775
148.1138960884459
148.6812462238792
148.6429360235094
148.251707907032
149.1552059169687
148.1955630223848
149.1150575772838
148.5832158111124
153.4470273536311
148.3651008577657
148.1532837693056
149.323173298778
148.2604541380346
148.7432720860856
149.1969600678595
149.1747450382311
148.2361938315675
148.2916162154145
148.6650503872075
152.0530267022787
148.8022144264114
148.3237933805011
148.1207070129332
148.0099392169668
148.1449428562671
149.5698219385577
149.4371654656107
148.7858082239815
148.402774607295
148.4099496125891
148.5228558975427
148.1305636481607
148.8976693233466
148.1807239510521
148.7877858707277
148.3139043168358
148.2839713485192
148.3600712647179
148.8492915526007
148.2129694271289
154.0167181146009
148.2124674624937
148.4713909170631
151.0217849020577
148.3109508211046
148.1647655755275
148.6563739356443
148.2929932591037
148.2783975794954
148.6310542593316
150.0849338595471
148.4270427153155
148.1032461079995
148.2943747545662
148.8023348112236
148.4123377987508
148.1866260902096
148.8561990560411
148.4636291583425
148.1854426652234
148.0160203813163
148.2411167328285
149.2964887068576
148.4441099131621
148.4642788021177
148.1890274924873
148.483617852769
148.2969538370834
149.2655647695165
148.1455051364365
150.0709364867224
148.2133156503673
148.1266731928475
148.2193940437684
153.3217384272565
148.4380009087544
148.1754669278543
148.4561467534659
148.0835844167776
149.1605084689114
148.2394159338609
150.0344419713091
150.1588066778826
148.14781621041
148.3465813360974
148.2106736598959
148.4291097685926
148.4518605398629
148.5399300138997
153.501453258805
148.4492283312722
148.9246109825808
151.7775723566049
149.3095244958074
148.1521805705704
148.1486613599292
148.408756012533
148.0637178462117
148.823587655311
148.2800811905402
149.1048879871535
149.05918323526
148.6309464564282
148.7758839740773
148.2434435914096
148.0475785333071
149.6143151096208
148.3820085735182
148.5187297177951
148.1274701738735
148.4698916666492
150.0671692603618
148.1555729547057
148.3649053085969
149.1941724913793
148.4521500762108
148.0897064450047
149.1361184134291
150.1183954391762
149.4044903218753
149.0235092745264
150.8911014029045
151.2967006393225
148.9822343672153
148.2166830899104
148.6675540693091
153.0295269746774
148.6245859411673
148.1613963902298
148.1761166501009
148.6460636382177
148.1333586559393
148.3345963647264
148.2886118275945
148.7331824062717
153.0057891335306
151.2095762778983
148.1009266493054
148.6542615983976
149.1785011950562
148.8415389364414
148.5881526758134
148.8599321946808
148.3598950494635
148.5017886174991
148.0692480461761
148.4680583471898
148.3503467457267
148.553135463473
149.2545445810673
148.4795706241144
148.6521406983451
148.88257451042
150.3690136308069
148.4127723630259
150.4115657073495
155.2812503820845
151.5928016275999
148.1228323141283
149.1052757848127
148.5898225507137
148.6418253012289
148.6781643191106
149.4242754913392
148.1358430443022
151.1298553027954
150.5301344566554
148.4900939145258
148.2845892997932
148.324258927362
148.2570581535427
148.8843082392333
148.4635680279472
148.2919951650514
148.062725309994
150.1458943707487
148.5497875828144
148.6647198650249
150.3451050006005
151.3248544607807
148.0723727491993
148.2316805178852
148.6862250137289
148.1500743871783
148.6406671847795
148.7420899048579
148.4671674354587
148.6761623485251
148.3765383635564
148.2602717349267
148.1308033725875
148.1767495444294
148.3825244609316
155.0519558470814
148.7313869601397
150.6169951929207
148.3249482471282
148.0585205618355
148.5702427082059
148.9493651438803
148.6653077536988
148.0357358528872
148.3483268568996
148.8494115337333
148.4306132146399
148.8154693882884
148.4601162389619
153.0006934819635
148.772611976312
148.1240265778085
154.0711601896754
148.2160097645045
148.9244765993958
148.3254670597003
148.1211536472098
148.3279338007901
150.4261858597122
148.1581484020043
149.0709159239506
149.2864241704564
148.9850084465621
148.3302016882924
148.2801858414009
149.2992872603883
148.4663536529104
148.2114611269426
148.420720957949
148.2260113428998
148.6520112146569
148.0726295605405
148.082248715847
148.1126675871633
151.0744054845486
148.0974131663695
148.2115761984874
148.3485874283608
148.3953064560239
148.2831093765363
148.0949678634662
152.0379160843052
148.9683930611596
148.5144293859151
148.7000010555986
151.1838633604661
148.4058692827031
148.7718773682611
149.1973977833123
148.1215013475307
150.2156406510949
148.297537416359
149.5645464229044
148.3348792328883
148.2319856165194
148.1951145868698
152.7542318140062
148.2500023595513
148.3988118972326
153.1202267360364
148.2094979781847
148.1814443492392
150.6401941270689
148.4782743112343
148.0637533122114
148.1354641984119
148.3110845324148
148.3544004681749
148.5594350832437
148.1667221986001
148.5840775554373
149.0844705329176
149.1624341009292
148.5886971409196
149.0228473222087
155.0870011458592
148.7039750909368
148.3412432190236
151.0831059519071
148.3482909834099
148.5376207477217
148.1508416802314
151.1403541398459
148.8786826787283
149.045315178521
148.1023716188754
148.1882260680201
148.2626133017287
150.6283529435788
149.0169433168088
148.0313430842018
148.6059676616979
148.2847075471726
148.408242690964
148.4153804696145
148.0505148275545
148.081642876511
154.2065769921084
148.6619869559915
148.27054405049
148.9865978775846
148.6433319125215
148.6297088411832
151.3729522368656
148.6619962957339
149.1043078763832
148.5734859649418
149.0126120069748
148.1679971602649
148.3067484203815
152.2921206663122
148.3249233811801
155.0339767642767
148.2068184055527
148.2751612792071
148.3338141192622
148.0702155989754
148.468757429583
148.4814874094185
148.1792096154997
150.1085878912429
148.8374482426568
148.7487511228683
148.9718417432976
150.2367948618386
148.1472800678897
148.649671973959
148.5700887027411
149.0958537068222
155.3560255163264
148.3261191721605
148.3375622816462
148.3370868921834
152.0551389396556
148.1760825783677
148.3713811954091
148.5561035097097
148.1613412414784
148.2834634626873
149.8993506979471
148.3805461536494
148.5076458695554
148.3480588762785
148.309834857038
148.1533801235974
148.6204919386097
152.9130018104285
148.7272241697731
148.9029516122689
148.814050839298
150.0009091391336
148.2175745386662
148.2888815334215
148.2988605784644
148.2946579533658
148.3435004881246
148.1074196094893
153.817790263045
148.2783969698199
148.8253619142276
148.1125544556884
148.5492164760218
148.753490610103
148.4951969870089
149.8272005335572
149.5720603563572
148.1492053098932
148.9280173030897
148.3521490051729
148.4303435768122
148.2313670893263
148.109258695439
149.2344968582345
149.4473964000124
149.1478893305222
148.9195530025607
148.3357348072679
150.0306758942423
148.433618833316
148.3039395857878
148.5706094426345
148.2149099779162
148.4314735454307
155.0925804679464
150.0518029843042
148.5836856486181
148.7255740659214
148.3201124975502
148.9046968798741
148.342565246164
148.6410860524063
148.1745458322697
148.6648582507632
148.3528096756613
148.1316274849239
148.3460375361569
148.2056624404714
148.2442047270782
148.5633832853427
148.191092895831
151.0549887242449
148.0403877384155
152.1874355449399
148.0773713932977
148.3956407309792
148.8007039475095
148.3166027229097
149.0077421581011
148.262449607591
148.6740954485923
149.2852101474851
148.3417635230977
148.1287061962986
148.4400123638649
149.9055528744967
148.3424915063093
148.4774270678151
148.9036325954367
148.6459351557701
148.1181025534844
149.088461408143
149.4347835298446
148.2429998430131
148.2499845660313
148.6734999348478
148.4482068157728
148.1258521478923
148.3947845087701
148.2014449852046
148.2262064180278
148.1565952955989
148.1577852517892
148.4115132445423
148.9702763494428
148.4442216548275
149.6769920035993
148.0947852620365
148.652258634637
148.7808581896965
148.342840481461
152.4694695974565
148.2512974545454
148.6099065065076
155.6412638869952
149.0126171051779
148.7319112049158
148.4619201247644
152.0393006272446
148.2008436263286
148.8314890527946
148.8953840493878
148.5998618831568
148.7552057485695
148.6099446940608
148.1946950306118
148.3590964685134
151.1617218495525
148.583836900904
148.5856309635916
148.6541720563593
148.1010659358101
148.2822721436911
148.0682862266679
148.6109215094301
149.423135032238
148.4238491050655
148.2672158917304
148.4585135575789
148.1318612506104
148.1797866991033
148.2432322315194
148.9397734504136
152.1000088747937
149.1865921514721
151.5279754595254
148.2756185188465
149.0890767312852
148.4749867663425
148.1453492550139
148.2424032589507
153.09847245024
148.2419390373666
148.2859364032563
148.1757013774343
149.0479528388533
148.6106720600129
151.0949721275506
148.4431300404432
151.0602510001089
148.6867854419673
148.3730007915245
151.4957415676893
148.260718711754
148.3303335796163
148.3986855994374
148.9996679492667
148.5074283964659
148.7766610942177
148.2286582886767
148.0819907675669
148.2621788121394
148.6423931648971
148.3243673017398
148.4153698045832
148.4266311921814
151.9035111948205
148.4164793548526
149.3015743117419
149.0469625969036
149.0605151755665
148.3406200701567
149.1850931443893
148.3079276131547
152.4201179127372
148.152133034645
148.1141326023474
151.0470267989251
148.8084066492804
148.3080761165016
148.0636793398163
148.6248169262024
148.8030583705327
148.3051413833049
150.1541729972582
152.3614494850216
148.2092157720899
148.3154429883036
148.6127521865282
148.1867921074513
148.8442577487122
148.4339231752341
148.1678154644931
148.855039614401
151.3811225190705
150.1083382579305
148.4080346554498
148.3829845479382
148.2508859118213
148.3791797994813
148.3026458998577
148.0200681346002
148.0102455304334
150.051306638434
148.54183610747
148.3344537731426
148.1749011558197
148.1441078563607
149.1600372177852
148.1094499437473
150.1419722295007
148.5140556941876
148.6761305888356
148.1036708552986
148.4909352254629
148.3742028613888
148.1875639638631
148.426708366023
148.1423377319736
148.1278031877272
148.7133828299458
148.5433608604492
148.6692072731408
148.1365792815696
148.5844168344931
148.3581960392488
151.1562129659823
148.5881760349877
152.0021850516198
148.8379763462745
152.1570585335028
148.4794854178622
148.1858694805713
148.2094465894169
148.4574650675241
148.4096045211174
148.3307374157429
148.5610185787083
148.1314326551473
148.1018472321296
148.7466541882588
148.2544318883199
149.4156418134937
149.3192589964625
148.2849134576692
148.6156136789519
148.4668411958133
148.7273072336613
148.6001680910537
148.3196921770868
148.573796516645
148.4866179310426
148.2551766691157
148.2522292335017
150.396473388268
154.8709035481769
151.0566419620976
148.9627719879271
148.5418856367059
148.4877888737079
149.0921891928964
148.2332363424385
148.0881883446088
153.1229969607857
148.0677335520295
150.4036266689055
150.4099371918919
148.5658338027944
148.3727075422798
148.2912614963405
148.6958298049483
148.7280998753965
148.3355226401764
149.1310709570843
148.291375426089
148.5908878361187
148.4333242177346
148.4551789141228
148.2126520414452
148.1275976445886
148.3358274776557
148.6527860643985
151.0124699339221
148.2901434943374
148.7556843164406
149.336574131456
148.1424248718948
148.4361563014841
148.6141093992745
148.9863764242488
148.7732604526863
149.1267736249413
148.8379298499403
148.2569999454516
148.9848984529739
148.0453063362916
148.2176618372043
148.1081141226151
148.3801345509252
148.4518467971237
149.696248104681
151.0049394340988
148.2654209264331
148.2044069424416
148.6036609791117
153.46183756178
148.9731393357483
148.2140995143203
148.3910643566503
148.7605507380382
149.2720693515016
148.897226977516
150.158694632624
148.0292196773921
148.5203492739704
150.6520366807158
148.0314364457325
148.2068707931076
148.2265180997316
148.3360723087391
152.1466203911712
148.0897845921106
148.2366292592173
148.0993137972465
148.2663341252163
150.0760975630849
148.6078645428534
149.0797191299373
149.0567392388325
148.5311461678325
148.2132427787375
148.1431159123229
149.4887384856852
149.1300223594321
148.0994466514695
148.8236589318234
148.5269474686325
149.0693422459304
148.5226476430428
148.4554926562822
148.2048834960383
148.5429742376915
148.2689974693179
148.2153712221432
150.0550328534445
148.6133905911126
148.2944924038421
148.1659009069363
148.4151100969621
148.4591374179663
148.3273812860211
148.339846849762
148.1807250027053
148.4460955187675
148.4743353624869
148.5566044839197
148.2693490282819
148.3165713234251
151.6489259860053
148.6189460115777
148.1844881229671
148.4320560226061
148.9538021586329
148.6441727918255
148.1565265290016
152.0281359267462
148.5847952889055
148.2970313979634
148.3951818840527
148.5077777224434
148.3116876468902
148.937080639225
148.2832257129038
148.139021716765
148.258191082309
149.5065552176741
154.731521092111
148.4413851967895
149.0756441773373
148.1186311821396
148.1627005375175
148.8665571327728
148.374786571781
148.8328876710503
148.7012120834062
148.2740422971015
148.2369498241798
148.1151512915465
148.4780440616368
148.0584866165945
148.8830765678646
148.4406667940164
148.6907703511795
150.1441292565225
148.0309602632005
152.1123535474257
148.1025305984254
148.4161711445837
148.3885058011175
148.1625625833039
148.2294853115633
148.3307119652581
148.643583474599
150.3162863719077
148.3771483263111
148.2105658507323
148.4277676712352
148.2880302848603
151.6883457443737
148.408068423516
148.8823803914908
148.2454795419587
148.5241333159769
152.0089726385728
148.4484208275013
148.1943550742919
148.345520866649
148.6087632158502
151.0422479816781
149.2430982539362
151.2859586668845
150.4770456664687
148.0755953530237
154.1677030348856
148.2154685185793
148.4696452204909
148.1265025505037
148.2474918414435
148.3672341839628
148.5447241100686
148.0609167461448
149.6281035639378
148.097334617112
148.2449436635653
151.2354289844048
148.2309113735313
148.4330823085561
148.1513123446515
148.5993956251097
154.0600079583918
148.3899392274301
148.3067106438419
149.2918414631506
148.1439831980372
148.3221806958127
148.6703218673899
149.1692131666138
148.4317871078561
148.6357204263348
152.1557208144523
148.3413982690888
148.3703834130327
148.1367556144592
149.0264413004843
148.8692859548283
148.0642802276894
148.4063302197223
148.6756309034483
148.2310804641993
152.0933384552906
148.7129967985287
148.1710635326444
148.6480153505325
148.4859610803103
150.3016056432986
148.4763427210717
148.5106945411639
148.0498731150144
153.1954301826497
149.7532240260051
150.2002543270781
151.1747314471016
148.0136900280571
148.5106885418821
148.1686329287134
148.56713685454
148.6959938726859
148.9748133230841
148.5231613036751
148.1254019402035
148.1210188024318
148.4385047126356
150.2209690353297
148.3502187603337
149.520258930918
148.3936709232265
150.3072943415285
148.4925797598557
148.502712973383
151.1417194813604
149.0778518712327
148.2356475394908
148.1763156789096
148.4574506254171
148.3346592255036
148.0495189000295
148.2253639016961
148.831080170668
150.2884940632255
149.3679824693493
148.47923473139
148.5321971031163
148.116575964337
148.1789296388988
149.566810668927
148.1610582973098
148.2072140527634
148.3503334996012
148.3733063060179
148.2104955945083
149.573032467325
149.0835044545654
148.3115542478245
148.284762250629
148.4777359677728
148.5042774433174
155.1519523961158
148.918314957212
148.6256419992646
148.6689641233505
148.331789170728
148.2198906808575
148.1113710441718
148.4777983593175
149.1816003444989
148.7143186450876
148.1258052950887
148.0138909312142
153.398693259938
148.3819275033554
148.6427841012892
148.749937953946
148.0357645439355
148.2031269929867
148.7096146582167
148.6231164754708
148.5776040534285
151.1558098179593
149.1461854064331
148.1684855802207
148.8172503490117
148.5938779853946
148.4113866283367
148.296008808614
148.5340742290889
148.732024263355
150.4247539016524
148.7788676157102
149.1477178893592
148.4539629926294
148.4212189186531
148.2379774414691
149.9038403379122
148.2179940455654
150.1316201961528
148.429888325764
148.194165696726
149.604813112574
155.6031350959576
148.7265145808905
149.465917908981
151.0900211298215
148.2273194488824
151.3153116662519
148.6554259582672
152.2766715343769
148.3552896491931
153.2482782003701
148.1312810996464
148.9024547805439
148.6623129335152
148.0760358275581
153.0508799198982
148.4869325929747
148.3855200570574
149.0208412514473
152.1144120649411
148.0857596484555
148.7913820541852
148.2394014394607
153.7821509862682
148.1479864654497
148.3539088487958
148.4546981556013
154.040180972209
148.3075155583995
148.3147371659345
148.5423686671777
148.1357589546373
148.0866510955245
148.9319486301661
148.2461042619394
148.6237541235975
151.0800145742795
148.3223016737325
148.9933248935357
149.1380965554315
148.7324687700775
148.6057560797069
149.7078530540114
148.6692386329592
148.3362830838227
150.0548547626281
148.2717725425198
149.0301784607641
148.6719101237047
148.5747170780381
148.7481360769154
149.1140044713212
148.5302219852603
151.0025453367378
148.4024387035631
151.258276484222
148.2745691112708
148.4349415833519
148.4413766435311
148.3552197789027
148.4642252708626
148.4945581156351
148.2234127349838
148.9761656819295
150.0224502610101
148.9015851972411
148.5526738844347
148.1241006974084
148.5958615585585
153.5230369424654
148.4135641280795
148.4039545825497
148.3612314378889
150.2253924209778
148.3655685757477
149.0653012111717
148.1126395102721
148.5063313664395
149.2707874523687
148.3330525777768
148.0686846813785
149.0609688608735
148.7945085207624
148.7946547000811
148.7237459406914
148.5877780710726
148.6089099368488
148.2614534147737
148.8077206862822
148.2572861120544
149.1946336632715
151.0643259310896
148.42093946907
148.5299571776118
153.1264653187432
148.0906934112877
148.3787008393573
148.4933836149063
148.9941854164629
148.1354459424776
148.5266411903668
152.129341595849
150.2424861370452
154.0603686810751
148.4668881188596
148.5960645575121
148.9120704268093
148.8386992180232
154.2146706254561
148.3102561901364
148.1818156194849
148.3665640107241
148.382365170692
148.5289044983211
151.0908490743085
148.2988066542896
148.2969840074904
149.1509262753477
148.6784433025666
149.1570273007439
148.0319006477023
153.11544352155
148.3345334148151
148.8412433941931
148.4201348001419
149.160762874665
153.4965169006361
148.1815001931336
148.9631113602126
148.0149753591033
148.0591444804685
148.2231617801182
152.3648011066721
154.7397372962581
148.594036721693
153.0806402328846
148.2457278582699
148.8067735692573
148.9370426581129
148.904779508441
148.5894820564311
151.0034856237175
148.2065535290576
148.6166574196693
148.5426143315568
149.7416468422295
148.5407253193328
148.1062376895618
148.3299430220405
150.0975286058161
151.5080471673855
148.3910349132332
153.218202767668
148.2834443040371
148.0441794610098
152.1008061590813
148.3278198135849
151.3284063505458
149.1374829886273
148.3608681638837
148.1810231922493
148.7403202143127
148.9333065182699
148.4830793693955
148.2709599097533
148.7041390152501
154.8548349296627
148.1843946700672
148.3256453302941
153.3712615888909
148.8027864487692
148.0778430774146
150.6678469849639
148.5780377576129
148.7127974190155
148.1137948160054
148.2752028070116
153.354200433802
148.890697254294
148.0944686916055
148.206925989757
148.6215176178675
148.1640964692321
148.1133755838868
148.1246040590766
149.2745037183496
148.3932017954586
148.8758630658629
148.5292671244419
148.3386890082414
148.9283636779538
148.883035218162
148.4805261379995
148.6394463238503
148.1316459298061
148.475166596645
148.1906090760702
148.2885854728519
148.5540739645842
154.2562861793911
150.119912543809
148.1420852116984
155.7640057073417
151.9818236055368
153.075504767064
148.3262142260558
148.6034719572397
148.4538266420065
148.4732738952139
148.4757246298996
148.6558830834919
148.3180567306345
148.4612730011316
148.492491097811
149.0521607533666
148.1693029347444
149.4808397496512
148.1499213722178
149.2156074709044
148.2707359944477
148.4479247157872
148.0889793756648
148.1235643652291
148.409696517738
155.0262340328611
148.5937153011449
148.9642942737109
148.7064002763583
148.1962480396246
148.1567595017162
148.8028238821469
148.084199820198
153.2946770123329
148.5862534369449
148.0742613320273
148.1514808384869
151.0145294984869
148.5607634828231
148.4196680423757
150.1295087912074
148.5555514345712
149.2615386693189
148.567355055318
148.5432195642503
148.8580510354416
148.6129322552069
148.7409694266483
148.2196560143287
150.0843756833402
148.4521170510411
148.2102337224481
149.3363102242378
148.5490746269258
150.2090388822568
151.1268038060165
148.6390139530014
149.0995132093171
148.1336731630183
153.0593287510884
153.3257494974238
148.2714285368616
148.4993738580871
153.211243687138
148.2326385678696
148.2535271817833
148.7801927162634
148.3221058241715
148.3865791046447
149.4928417687674
148.3400068755889
155.0446091419016
148.2318051402111
148.1014352278141
148.8824610518821
148.6474101404253
148.2690573027327
148.3638529793718
150.1746247493811
155.1700465514368
148.3492554755788
148.4452501930658
148.2564979258302
148.2142611330549
148.8414070087123
152.1763968928823
148.2047875194607
148.2080667556462
155.3600797358629
153.0973308484422
148.6907005666186
148.3357447651905
148.1098439723299
148.2670165425504
148.1586492829165
151.8158419836919
149.3674882546192
153.6365336875041
148.3029400368337
148.2252950739135
148.3772522348557
148.3982666198927
148.2330843780473
150.0081260177017
152.9960012244744
148.2988403964507
148.4603232361636
151.1798098964258
148.640437741216
149.1125283476246
148.3642660679151
148.0709081115275
148.3543372602445
155.5664608663696
148.7224939559289
148.1969044249695
148.1556773903757
152.3326993032087
148.9195484029785
148.2031396338253
148.5738067275625
148.4827887436799
148.6555121033032
148.5231364153407
148.099284013587
148.624895280811
149.1092547131519
148.5275139703738
148.2939205258554
148.4499723010436
148.4427452210351
148.7423627755533
148.0412074939739
148.8620755368921
149.4528474449238
148.83588629324
148.3761897079022
148.2836692129255
148.7741524198681
149.1049271841481
148.4035574776387
148.0224284564318
148.0686497041852
148.1279687809701
149.420402851626
148.8662291191984
148.3170768260857
148.4291847938242
148.4374448070996
148.1509809804988
150.3438946411655
148.49357985359
148.0482964603814
148.3521288587663
148.2084218154421
148.3555826012816
149.0691027666996
148.4879484983101
148.953596103458
149.0553785521309
148.1949823593845
148.456166261728
148.2467686620161
154.059654662992
149.2466489317301
148.5718544696433
150.7544036556113
148.1403753037429
148.1855341782231
149.1485106013672
148.1475283574699
148.9051419665356
148.1366288628253
148.3733247511092
148.3310674500641
148.9125032832382
148.7010600439324
148.2470657605023
148.4190484649181
148.6629525542875
151.2899500567236
148.3286148971081
154.8081042806732
148.1822823757144
148.7692933032639
148.1796203144373
148.3835150148176
148.1859162126899
148.5161996331223
148.1941860693599
148.1422898441718
148.5087143334992
148.6074956087711
148.396943676464
151.0399965204975
149.7281684831143
148.2470602371557
153.4030478167676
148.2917377669765
148.2192483216658
150.6671191641692
149.218170469784
148.4933661922707
148.2314853691397
148.4426564200467
148.2785729307754
148.760403168888
148.4920472285394
148.251734172001
148.0585706566777
148.2010455262116
149.3587990478623
151.6049419778294
148.2703415548812
149.2187139650862
149.2051739944742
148.401860074841
148.0895958316725
148.8352080266133
148.4300308794794
149.302775316492
148.1113956893445
148.2283654564767
148.0268003869054
148.2870494199379
148.2470268766569
148.0505040775215
148.2819111485243
148.1337896710916
151.6332937667328
149.0321826885204
148.4916420555539
148.3090301794741
148.1725124393915
148.8162199397029
148.2927248370627
148.4958359960679
148.4580293541386
148.0813635601539
148.7993112840834
148.7132336902336
148.1502134529716
148.6473066842674
148.746179020644
150.0974389495275
148.1015069640168
148.1750713326308
148.4288931272582
153.1196437918875
148.6184230428194
148.0621202263709
149.0584567409276
152.146567136493
148.1772305901233
148.938807848524
148.4619018513387
148.2008154369851
148.4048718730314
154.4137982135261
148.5965933969575
148.5817797388026
148.7258521504424
148.2402758997999
148.1295103467582
148.0971194296729
148.5687519089226
148.3383043798404
148.294240767498
148.1991641533958
148.6149724259961
148.2679318621824
148.4108328711258
148.4739383557277
148.301806792966
148.1949331161341
148.363317315447
148.1565718780947
148.7038764936028
148.6192382173074
148.3669980793927
150.2655717958065
148.3631047293973
148.6951066122596
148.5883630468577
148.6105778261344
148.7943210788708
148.2793100625647
149.0437675833977
148.0683168467711
149.1093881020787
150.0136094642727
152.1094275966342
148.4307276707968
148.5964577466883
148.0299313884408
148.422972059318
150.1958132101248
148.5264853895386
148.4037376930324
148.1422816289768
148.118667227069
148.8102779802425
148.0770730271727
148.3212972456317
149.3426458356302
148.0973273371694
148.1677425554773
148.0894398081052
151.0035023571893
148.2568323450409
151.2354304847917
148.0695773279675
148.7655324302038
148.0489935043477
148.2752855047778
151.044524104139
148.5826015815031
148.1368594052177
152.0085481512863
150.7270899225995
148.3405780777744
148.5320400314286
148.6245101796046
148.3028667635382
148.3342130157926
148.9506528307125
148.1400191739839
153.1332731299641
148.2830376948894
148.2990880265404
148.08025685721
148.1249226892217
149.2698111140063
148.217040615896
151.9184574645633
150.8136177085951
148.5522456858235
148.1615839542845
148.0908098407076
149.1913556049988
148.5227549198047
151.023453961073
148.3527722970903
148.2839581444828
149.286325304264
148.2442441547211
148.2247542116341
148.6839843870801
148.1126548953028
148.7064704820311
149.6445844001072
155.4918819605656
148.269074252267
153.4545741014905
148.154305112913
149.128826081567
148.6868046244144
148.6246918083928
148.3721635170236
149.078538402321
148.1503986566745
148.4341029249615
148.2691985451338
148.1810602239445
148.5414244522225
151.1961355201784
150.1541234759995
148.0774919346262
148.1904053455599
148.9329670867846
149.0459423639614
148.86697922492
148.163523759218
149.6370473695925
148.1232028537322
148.1645479870077
152.2736130928351
151.537376199175
152.3356519861441
148.6038829739836
149.0058798702383
148.5927949850255
149.1952928613359
148.8575154361343
148.1576713596842
148.56293936649
148.4292812438572
148.3188102320747
148.9963146323554
148.7661156502529
148.2668291879119
148.1321176766237
148.2126208777406
150.1331574441322
150.4092907366329
148.2027707511188
148.0744040717522
148.4851686213208
148.6283378165489
148.0904061050665
148.2852815321076
148.2385443821435
148.1767899930199
148.1774395775383
151.0018007978874
148.2421758201258
148.4742172306715
148.2219303922019
151.3499149042975
148.3829793971969
152.1435731171831
148.562874047076
148.6666706476991
152.2328328958308
148.6494834212095
148.6558750701934
148.0706882624909
153.1043847478615
148.3249810990687
154.0454603255134
148.3635166910266
148.3227989885171
148.1752674339614
148.460020676509
148.4564800063669
149.4312492595785
148.2980855333832
148.1654645904457
148.3138591225629
153.3135247967186
149.4699615233116
149.2635383871016
148.5266991929574
148.6089438817119
149.1793121446144
153.6468104611273
153.0500756958834
149.1609652720941
148.1957643275063
148.4773210541392
151.2233996034133
148.6907465315682
148.193038970298
148.4046845680572
150.2479115280704
148.8825661109522
148.5936788302926
148.7199602638809
149.8770284666453
148.2385483530425
148.0834387177092
150.0322445023135
154.0310419561536
148.1803040091256
148.6713283675753
152.6288336669752
149.2349477192375
148.2801687216142
148.5432069662932
148.5076446177765
148.0024352781006
148.4990455542621
148.2558788474444
148.6271812700849
148.2144305843694
148.2274416360052
148.2847650298132
148.5191454273042
148.4654993920483
148.2287796900006
148.2410331058152
148.1439211301074
148.3398630006008
150.0127877014003
148.3514627865939
148.2825710074214
149.3036646008906
148.6197740487363
148.3217276045901
148.5638341945382
148.0798021176396
148.3365473851787
148.1599401682641
152.3600924479752
149.0347030350788
148.2724601370519
148.1195529968206
148.0729343109146
148.2332366293251
148.2042722290649
150.2420758767213
148.21088443363
148.500493578353
148.1679374243869
150.5378158882571
148.1672527561405
148.7489902952662
148.0163053704632
148.1010899821476
153.7649580739398
148.5588106352732
148.7745674703704
148.1184043729531
150.0342760179934
148.3634409748458
148.714853266296
148.2318909866111
151.0783438147682
148.3895710601658
148.4889045903719
148.6007678455087
148.9760314258491
148.6930493766119
148.0525910394832
148.4681091764635
148.914378318921
149.1122531884427
148.2316871214291
148.329412433983
149.1614827517455
148.501228514488
148.3021721613074
149.4939912504934
148.6436765072372
148.344621928979
148.4218816653983
148.2840418690977
149.4836035925487
148.4366075309131
153.2104930627996
148.6448631304008
148.2791126877392
148.1859789381356
148.2968740335695
148.1068284935395
148.6294603624881
148.2358787963049
151.6662444220062
148.3244922964515
148.1433129369719
148.4846296446109
150.4390619366598
