226.6370810791083
226.6039360284386
226.2244835327891
226.4148021017617
226.5227968470069
226.0944559025573
226.0839646579792
226.0139808632273
226.2013159000049
226.073204482782
226.0877022853833
226.1289150387455
226.1600361943943
226.3635396330318
226.1287282181218
227.2231536145982
226.2817527509314
226.3629665096069
226.5993156476295
226.2372186432436
226.2578063872965
226.5042899853646
226.016823864177
226.0497907249882
226.0486531411802
226.3150013628919
226.0142163247801
226.0849306793442
226.3765850584374
226.0031125503208
226.0582957506259
226.4046111208133
226.5803888972247
226.4617494102548
226.01096667178
226.0303176369994
226.224282740964
226.4642562771506
226.139966426221
226.474547718155
226.1474988849136
227.222158690647
226.6679335594152
226.0845395423054
226.1589695587477
226.017181729656
226.3398541861381
226.0416489064272
226.2980646997651
226.944092713571
226.2768094926998
226.5651998055435
226.1373678219162
226.1175051437311
226.2926879035213
226.3617077226772
226.1363283787246
227.0239709063373
226.1160521465268
226.8892214099482
226.0068977232932
226.4524167726387
227.4387211174205
226.3942318417155
227.0181397364203
226.0930472934206
226.0346678458023
226.0675146712796
226.2580601685904
226.7946307449329
226.1414981778276
226.1322899916122
226.4534049457392
226.3038983732442
226.344359093815
226.5139166030121
226.1761466983788
226.689819755457
226.4637363641068
226.239410506579
227.0541639013854
226.2968889069939
226.2365798179544
226.8052107721952
226.316536364393
226.2774646568067
226.0164126673955
226.5082055255784
226.0248429624228
227.5607499732441
226.1032632758971
226.0458243692196
226.0203237946718
226.8326669921513
226.304247118019
226.2631010869334
226.0390865553886
226.2651760173326
226.4325678571137
226.8348448914847
226.6898145208742
226.3498417750514
226.4010200932386
226.1767997717629
226.4188740997068
226.2170112778412
226.0524889554964
226.3393772550658
226.410259045087
226.1992253911191
226.2418343167375
226.9728606045798
226.0000261608844
226.0133134809417
226.8728875093449
226.724700197648
226.0088804630747
226.3372711013561
226.2730912115814
226.2750517706222
226.1561371856677
226.0828707519497
226.2680219087826
226.2389454106959
226.2631838005391
226.080907551454
226.3233060626256
226.5787420808489
226.6250330670844
226.089086432701
226.2140324876166
226.1729245751357
226.8448574875803
226.0812255560861
226.4528903018252
226.0407696551572
226.3197087902315
226.0323788224105
226.2880890114378
226.1510059825704
226.2018846033506
226.1359236318706
226.4208804594871
226.1232084104748
226.2501297129918
226.4394695213459
226.1817339229725
226.5049494465431
226.1149376331044
226.5195703171264
226.0265924840712
226.009890056933
226.0426238262395
226.2714512384151
226.2211570552331
226.0940672545475
226.0003588769092
226.1712903920696
226.2977795881045
226.1967195263747
226.1819446148431
226.0284057654852
226.1490694683591
226.2609416305283
226.0565067490188
226.255600438941
226.5732130608617
226.0682550516734
226.274795092913
226.2627039892122
226.2841005767085
226.3371028087749
226.3557681247473
226.3358735555477
226.4488451727971
226.2339555201722
226.0383725239946
226.6015074090235
226.7720584620194
226.4539616945544
226.0720386485669
226.0130951852845
226.3092479105846
226.8017542460356
227.02338474518
226.2524462760498
226.0888905926698
226.4002853623008
227.1314223311138
226.1495742807498
226.2953923665412
226.3752117730649
226.1586864567164
226.3041904403813
226.0651907313637
226.6920952316235
226.1084410419327
226.518624502226
226.0678077949773
226.3070183483263
226.2788733602882
226.3545799320017
226.3572636742882
227.0551112984941
226.0793637144198
226.2265687267477
226.1168150385988
226.2017275362026
226.2156215722995
226.4963047469259
226.467472966501
226.2305922975301
226.2816207491078
226.0577986105252
226.3614392114128
226.1615789746825
226.1968220017099
226.7582174691995
226.0007390497017
226.8348826133178
226.3341622719417
226.2001393362877
226.1956805252145
226.090369294598
226.4389983096239
226.0521744200648
226.6911240276735
226.1730249066592
226.515158489102
226.2536674622609
226.0539494553466
226.2345708225603
226.9564238943904
226.5105633185769
226.5477781471228
226.0027275647748
226.2999954451575
226.3238080446584
226.0212236616982
226.3527428534607
226.2896579336198
226.442416666818
226.7193522406503
226.1982139561315
227.2481766431285
226.1266283065484
226.2241228655898
226.1126548027255
226.4362367816445
226.5191046635188
226.173846014906
228.0919658798431
226.8891698175047
226.3814113121597
226.0402218722257
226.04915437679
226.1538250562922
226.2629997138193
226.0564573602622
226.1740342766863
226.8608550431955
226.0598592574946
226.5520623585905
226.2227394523617
226.0681243758391
226.0666124278548
226.7566066255352
226.1624148804826
226.0336217860845
226.4981276065026
226.1646099886256
226.3067291378837
226.8179658599552
226.1432282373638
226.4700297364066
226.5029807517281
226.2398482122871
226.2443151153553
226.7781611151647
226.3690116587104
226.5492468180711
226.2904585579635
226.1889605910373
227.574090522429
226.3134714076122
226.6630653347725
226.8239369590972
226.4035243872451
227.059830699893
226.1281057492355
226.563188961047
226.2010689602209
227.0345656791094
226.3699741277873
227.8545855625339
226.3131376898729
226.0646171854941
226.4140832967792
226.4616842096071
226.1029523244733
226.3017924101037
226.4733560020305
226.4137140123206
226.4415080628984
226.3826733991044
226.0638761537245
226.2060382017186
227.014917735755
226.2550157630249
226.4302952790776
226.6611779480415
226.2560169304583
226.4151709772394
226.243242682434
226.2462734496486
226.1616396474249
226.0290172608403
226.6619630908004
226.2340405557852
226.8450725041922
226.4292185496456
226.6219336152129
227.3670080196537
226.3337293941566
226.1331918763534
226.0506506690033
226.217212757704
226.1708390505791
226.0054128378258
226.4773787933934
226.0200839185982
226.5798116985629
226.0887361527668
226.0855756167374
226.6816107860521
226.001858351811
226.3079817951664
226.1757233456119
226.8264940320444
226.1798436686249
226.1172681094744
226.4332579089906
226.115499827211
226.4495679955123
226.4256419735567
226.0158144198291
226.0686412175061
226.2166832773791
226.0229095625229
226.0315002103927
226.4992762519634
226.000303651782
226.213444163843
226.1032062397929
226.1698232220186
226.6039626513005
226.0509854833026
226.6190385641325
226.0915945742362
226.075180330507
226.1061626012672
226.4137134058778
226.240838130444
226.0568478579384
226.5364906099255
226.0058346620441
226.4466788290448
226.439049847233
226.0829072497585
226.3478652839784
226.3460733666907
226.1428607654737
226.5553478786803
226.2498269776927
227.0005421521608
226.354298410494
226.3966839915284
226.6229467598992
226.2210411129338
226.0819649154073
226.0913693236917
226.0197578759112
226.0059608983617
226.0555711597858
226.7827539070914
226.2689508993951
226.4574673714037
226.1332332442925
226.1112727718256
226.596576272163
226.3771185806805
227.188846205651
226.4015575426648
226.1380438677987
226.1681230834802
226.4186323756134
226.3774662001118
226.2985573638234
226.0660942273723
226.0467199126142
226.0816183228035
227.9628083791686
226.1798393589831
226.2374168212578
226.236975055107
226.0366052206467
226.0082298034286
226.3327545430014
226.1774384827083
226.6883157100169
226.1654471851732
226.2025242694861
226.0196463920007
226.3793557207113
226.022266660737
226.1587557753055
226.2325007996306
226.31783002975
226.1455289869619
226.6498220051671
226.0628126234596
226.6457961620587
226.6389748073953
226.1469411976681
226.087909883494
226.0602668790019
228.8022721734063
226.4652318024337
226.8313695919543
226.242100234732
226.0802804485237
226.4705421561759
226.1752891137762
226.3739036457594
227.0123947664454
226.2312060680738
226.0719063134817
227.1935612420672
226.5888847266088
226.3377779077696
226.2844540464901
226.0349544489408
226.1063934988123
226.5856688037206
226.0271573723734
226.4709636828585
226.3507153519231
226.0948102738494
226.6499657543785
226.2222308454013
226.2128295504765
226.1749024338119
226.4603183797953
226.3169065653637
226.1146405003274
226.388671805264
226.0878694937348
226.2709454606173
226.0025759601885
226.0280607236404
226.1010306234295
226.0276473579418
226.0653591350265
226.1458193248037
226.5549206710122
226.1810901636631
226.0207925214038
226.1326829310079
226.3307625562966
226.4595383379647
226.0167457708874
226.3870454561376
226.0163577662738
226.558329296184
226.2702262775107
226.8706675767667
226.0197730268246
226.1534759463238
226.4878907788862
226.0716556302335
226.1235528582353
226.41936774391
226.5075766084648
226.172850785394
226.0463848013449
226.4525895647221
226.5533560555453
226.5742156753371
226.220113930078
226.2421745223532
226.7176135827233
226.1044165070867
226.3759288135923
226.3942368251067
226.2822018446881
226.1731421230056
226.3158867303207
226.0097858580753
226.4267961643615
226.2123632853307
226.6842122027224
226.1900255825565
226.0116777780106
226.4554160369088
226.3000241231748
226.1075685157164
227.1445573241463
228.9286231497306
227.8084785140032
226.0404153167193
226.9578419456452
226.0594692343762
226.028577444244
226.0410173294818
226.135881739644
226.0270052598362
226.0841073128876
226.2112351435501
226.277916120048
226.8202605545667
226.0386089342817
227.031244463448
226.0188599536729
226.0167821581844
226.0273501981434
226.0612449602364
226.3063528068274
226.117801764871
226.7156086558352
226.4920266575326
226.272556541226
226.4917981359619
226.0495685753354
226.1957964758129
226.2657660497546
226.0237912043258
227.3517290847269
226.4121893558676
226.4070943749055
226.2654721262671
226.0646839442882
226.0724378432412
226.0928305962883
226.7188907965842
226.8929059548837
226.0824936778945
226.0122543046647
226.2245183897393
226.082808053416
226.0099202088072
226.3333264343905
226.0861662426565
226.1153872718567
226.5152249060233
226.0818206144609
226.5368206857547
226.0286596451337
226.2902325134548
226.3173234232857
226.0433935304885
226.6470705649749
226.7092210715128
226.0972565770175
226.0978330209594
226.0414834349514
226.0562982232446
226.018965120802
226.0355869218211
226.2562872588201
226.2447374512619
226.3197508244388
226.0674542134638
226.1207229026809
226.0442969318717
226.1638717117904
226.2520783247281
226.4993380760096
226.2995461096336
226.0463692241575
226.1840057267111
226.017938767732
226.0197084426829
226.088311275412
226.1110171407859
226.2353587769599
226.7640683494033
226.3646903953386
226.0503529649623
226.1099423039784
226.6627630897823
226.1462977820639
226.1806734747399
226.1248296891652
226.4482000701827
226.3725198316807
226.0075977823335
226.154871286436
226.0016036926278
226.5060425115103
226.5447760610168
226.3940073521428
226.2649891730829
226.1851513043579
226.4058756765733
226.7231661061722
226.6427150248999
226.361855002309
226.225017043233
226.5625188294386
226.5204617801043
227.3583627439725
226.0450365956468
226.0449582848354
226.6767378593706
226.0950979085625
226.3988197578405
227.4636198689954
226.0645189252715
226.0100508312244
227.3928113786587
226.2357825180977
226.7706604003007
226.1138801863833
227.01826645482
226.0383476892063
226.2279407617909
226.3550056296096
226.1650862222092
226.0619425104799
226.062441984326
226.1721296445475
226.0561771460068
226.1056550443102
226.2973422340148
226.0788570036781
226.0454827393451
226.2772540987801
226.554176543092
226.1008781605253
226.1009322520218
226.0221128920463
226.5859882385302
226.125842767334
226.2818868375217
226.1337827605567
226.3079954668275
226.1917332253732
226.4548462082499
226.3742942187889
226.0163847797495
226.0359429835048
226.1609581289789
226.1121720265744
226.1970107282406
226.2607677593738
226.1572842104578
226.3096249777315
226.0791209671423
226.808137017467
226.0078585348555
226.3401430711495
226.2109394652064
226.6511931170199
226.7030244573968
226.7432891047457
226.4134086871011
226.4983231786455
226.2040317949743
226.40037775721
226.0244508987363
226.9880159261371
226.205689000865
226.3999599577448
226.3751363212531
226.2982202556285
226.0535404801064
226.5484562119732
226.1646503578236
226.7200697500634
226.2728406421051
226.0292046645684
226.1483817442939
226.0291594722159
226.1217666778423
226.2165498764954
226.5935103619776
226.0042008308975
226.5550796418364
226.0261980989259
226.391892535008
226.3938312122831
226.672387272623
226.5342340801035
226.2873523463143
226.6116896235012
226.9822965754577
226.7248779073362
226.3514131357016
226.2560230298438
226.2649238601154
226.4800940873899
226.3243727680951
226.0593210416102
226.0433657388898
226.009832480195
226.4042730563575
226.1101378789023
226.0265459314611
226.0048177093322
226.0572208872346
226.2368785904042
226.3174389969651
226.1463338851863
226.4971539870405
226.2444901028648
226.2189042657569
226.3344782359457
226.6320497692413
226.095880609379
226.2527289606711
226.1984726496892
226.9305720010809
226.2476005611019
226.0592902444604
226.138507312511
226.6345200176023
226.3533876816201
226.1060371788926
226.3650746228458
226.8260696626605
226.1786736937113
226.3006656889997
226.0798948326562
226.1726916523945
226.132317321677
226.3396740888959
226.183401540666
226.0233899507873
226.7679105255478
226.1005558920077
226.1730315109693
226.4333661818699
226.2015352937603
226.0108976539751
226.2853625097037
226.0752600015053
226.1910945515661
226.0415729781369
226.2170750682131
226.3458589215099
226.5699546071248
226.694415916621
226.2143057982362
226.0259675536477
226.3870396343654
227.0556391815217
226.062536289875
226.11253299529
226.2767809037765
226.0366844319987
227.5240047343825
226.2113948626084
226.3919143963135
226.6866205154982
226.0026630528239
226.0942559366552
226.3646205830359
226.3422883079607
227.3456604432086
226.113642617526
226.2838509967849
227.6042386244861
226.2852659237443
226.2289247114396
226.0845318985106
226.0212597775602
227.0874013236722
226.3151821905093
226.3451957983872
226.1706164694644
226.5401234298427
226.3986074432258
226.1979125210464
228.000891487374
226.2122430140085
227.0959749936407
226.7303679796032
226.021853742917
226.5131273735962
226.6570624329811
226.1931394242876
226.1812935782887
226.3406683646613
226.0597772470593
226.6353119643072
226.8225304114964
226.0019501735881
226.9290689535932
226.1861087869062
226.6589055761739
226.5054889992072
226.6533052348402
226.2924057153162
226.3509568009425
226.3000280704713
226.7370193028817
226.4402765330413
226.0205714875167
226.7734245733004
226.2735317516515
226.0154161271318
226.0907996264996
226.1998403664102
226.1226720642736
226.7892921289161
226.0779854807762
226.1557444436145
226.4531454321016
226.0508141980254
226.1634860592453
226.0367550884562
226.5306013407907
226.1091010369425
226.8105763037856
226.0993871338378
226.3210614741691
226.2088902071531
226.3264621919275
226.1463056478467
226.7058225475854
226.7250438161475
226.4280202603961
226.1917595987825
226.3135933825952
226.1452985560155
226.1634947310834
226.3700880091272
226.1002846320457
226.7915557735736
226.9264152635961
226.6564124068841
226.1885916746272
226.2164668237653
226.6146466924376
226.0750563388245
226.0828306111113
226.3022984558712
226.7706899404085
226.4936036749562
226.4417446077402
226.7798711012804
226.4449106542439
226.346287718403
226.0164227523506
226.3252902508651
226.8842416173885
226.8661780118964
226.2263776729099
227.6290777840019
226.0355040479661
226.1854837340172
226.697943444399
226.1547433542194
226.1901235588265
226.2238397669634
227.0546340872955
226.2218130055153
226.6725492667201
227.4059764363868
226.5989562277069
226.1080755986594
226.5141431089401
226.1965060068146
226.2999472993086
226.1332674198993
226.3090769977025
226.1166244276351
226.6992891985172
226.2101411101704
226.2386844469572
226.1877531292006
226.4112169422291
226.6338370615275
226.7919060578595
226.0136214812876
226.1417037008164
226.6918164551273
227.093113541706
226.1739431938494
226.4305046128556
226.4935873421237
226.896265338908
226.3992372053054
226.568120442524
226.1133654846898
226.4371628902367
226.118778415374
226.2826360998499
226.0413152041736
227.4685680632668
226.2364010565334
226.5542369950784
226.0289182565665
226.6799191372887
226.1113600120617
226.1845919849344
226.1192926461749
226.0910264803009
226.3909291106345
226.9629473165731
227.3211806673638
226.0889222378812
226.1678550509741
227.3194440710276
226.1893983706939
226.3783863376294
226.0515079445217
226.1771533034345
226.7239545577177
226.5603578388252
226.7002177163051
226.0227320056902
226.6378826446624
226.1985440535377
226.2007103787161
226.7019508798471
226.2390804936925
226.0011336269513
226.1437548414184
226.4226907942652
226.2290616897857
226.104121590473
226.825198859915
226.4886946597857
226.4544792823743
226.0445772242938
226.8198579205301
226.1428334191002
226.0271017145494
226.3115733999655
226.6862313498064
226.4383739149196
226.3600115273576
226.1273685592319
226.5063827964452
226.0714621883004
226.0120802679956
226.3082496908204
226.1180171575283
226.8900235621322
227.246579238834
226.2733419984991
226.7959689032425
226.1455327165779
226.121080792715
226.3868096528989
227.0046059973323
226.3071159917814
226.1727817214826
226.3592075448383
226.2925674285962
226.4547963419829
226.0185129443945
226.2675506775869
226.9180175630218
226.1043626690529
226.0979713117568
226.1554644145672
226.034027756144
226.2862973142424
226.0299635856287
226.0262122445578
226.2772807251525
226.0936004549156
226.1466296316344
226.2155133103208
226.4357348684568
226.8582880825751
227.4322735649089
226.6986610209371
226.0965783432632
226.4352155561777
226.1199274668317
226.0573695036422
226.7545495630895
227.5866678866174
226.2667339564445
227.1013036817084
226.3924857333412
226.062557455663
226.3823805160773
226.708645188336
226.2617410441771
226.4322369247505
226.101001534803
226.574253676825
227.1251401729167
226.177045562181
226.2573283386059
226.0776351910812
226.0848562165426
226.3962904914
226.1095955066026
226.3271507453479
226.5059603715783
226.0213099478292
226.07898471672
226.2261363705758
226.1034783736219
226.5427531387317
226.2831831790451
226.1499231294134
226.0635284133379
226.2644435473324
226.5785436691233
226.052832367911
226.8601073772722
226.0447464982754
226.1163061934836
226.0287779867616
227.1271899032457
226.3812176907613
226.1001636836743
226.192421985852
226.0671699856113
226.0217667516931
226.1336218481067
226.0711192004688
226.1505906354041
226.1092711389746
226.1179204401266
226.2349376474071
226.051921267755
226.8652988561938
226.1914392778311
226.3048756065346
226.036977542749
226.0718794938695
226.7749096618403
226.134101462195
226.4448681117057
226.1798982923372
226.3983559805915
226.0078410825422
226.494891524718
226.7239020698793
226.0276801450132
226.022878949456
226.1711771136093
226.0138805946392
226.1575584540395
226.2592400412014
226.0749051961849
226.1142621915072
226.1686665750341
226.2271994186484
226.0279807230703
226.4999736083151
226.5776333077561
226.574354592243
226.7094588401637
226.1992757749044
226.0133844541719
226.2598421447954
228.1690087270238
226.3742617131743
227.0333724509284
226.0643533868222
226.0183363133759
226.5317873687195
226.2346241753582
226.1864612311701
226.2001817009883
226.0389636487356
226.9612038967101
226.1146870997675
226.7227026880975
226.1868755169602
226.2594840527246
226.1957264202178
226.2091772671137
226.005863525352
226.2085251334233
226.414186029656
226.3424077799392
226.7364475943604
226.0179807297231
226.1021025421406
226.36710505375
226.2817499358604
226.0585984619308
226.0988604074812
226.1933749153577
226.235507087703
226.0358094840302
226.4075740038338
226.5206030443119
226.2144773925407
226.1453172631458
226.0522264554012
226.083649609674
226.5835417119578
227.0988366860186
226.0763583310971
226.1768317833306
226.1375255943487
226.0394220631308
228.0599680612941
226.2178636636407
226.0106895471381
226.1555781181931
226.1757735821135
226.2035251512797
226.0847784776382
226.7127503404588
227.2558479365453
226.0132047834593
226.2984433637294
226.6820741016364
226.3594007087197
226.1479711570731
226.1693568681064
226.4072732970044
227.1170249972394
226.0348003137072
226.4345787645317
226.4207098720281
226.0307473113118
226.3824295313276
226.0047467465289
226.1603802538686
226.1088721541805
226.0037899161836
226.1615858671161
226.0714406804322
226.5918314736146
226.3281870522104
226.0099648439828
226.1347778741862
226.4111980188164
226.447103201182
226.498170104819
226.1561124700452
226.3418452605456
226.6466395237893
226.1342174198689
226.120999581041
226.5613404551242
226.4620856010458
226.0860584429862
226.0960640074916
226.0259567084114
226.1038563762186
226.6938311080424
226.4669927744023
226.3554687450962
226.1403618001278
226.0176238350789
226.3376124902682
226.1536051159324
226.0345089177575
226.1112148776519
226.0048751207786
226.3110980548612
226.0489756170844
226.416998425095
226.3899357966718
226.8886195392848
226.064370302731
226.1033665445702
226.3230899127638
226.3502108091583
226.0006889887274
226.4807430325816
226.4351990579054
226.8200514817742
227.276829603062
226.3942980523662
226.6517768569594
226.1663207811169
226.0015955103285
226.0566350968186
226.0484654685602
226.2689912904619
226.0411685755197
226.0935896521673
226.2257903943461
226.0647504865441
226.2416073166609
226.1713955135384
227.3017155180122
226.1928724762758
226.3520495110509
226.399655581247
226.7442868848638
226.0660132081593
226.5585825398399
226.3052552718686
226.0139294899259
226.1642760516149
226.3005654223981
226.0350801534899
226.0437790326366
227.5567016479807
226.2168384301171
226.0311487055575
226.4513699857468
226.0633381512122
226.0277506333704
226.3209206635364
226.2256833334277
226.0822365614268
226.0897796864973
226.2365812077488
226.1067394380819
227.4304285047008
226.5145014067889
226.2262288830043
226.2184259368645
226.3155371856612
226.1795849392398
226.334621418947
226.2127265805221
226.3664458965711
226.1653469894403
226.6574760541132
226.8336195621649
226.0880443019824
226.8234532222196
226.2720295692754
226.1094055674327
226.3836138452798
226.8711551557575
226.0373217176775
226.015813051619
226.0165587725469
226.3525469205407
226.8660444941003
226.0456692489456
226.3777170522629
226.1061336055599
226.9000684795946
228.202384983425
226.3085774602098
226.0331941246556
226.0412769857347
226.0565337876582
226.0693946116223
226.1873510565704
226.478007663566
226.1572327465845
226.0247539363986
226.2236109609639
226.1245606756131
226.0586322598
226.0473037750012
226.0383861323358
226.060588536085
226.1223956785407
226.2404461247824
226.0603517254536
226.0388375442295
226.099631391872
226.0864766011258
226.4736599145843
226.1762414802037
226.0792251742666
226.7269028285469
226.034859439946
226.0838070155225
226.2181517105639
226.098179492281
226.1350682791695
226.1426182436539
226.8340895814733
226.1030794954449
226.5429464515375
226.1094683878714
226.0793519043436
226.2757078015384
226.0683725590608
226.1033661543191
226.1789149753818
226.0116404699238
226.5888583553582
226.0590327113914
226.7046527727192
226.6859843335949
226.5826030784708
226.0239177355489
226.0028363068341
226.1966390172394
226.3492359939359
226.023773138555
226.2947607415113
226.3531006141127
226.337008162216
226.387623732742
226.5969953996358
226.2837256872581
226.4108091980378
226.1813008180162
227.1639783025856
226.6326563628126
226.3179011075997
226.148350209016
226.6822256831513
226.1397269359097
226.1549532156061
226.6220255572184
226.1074727786856
226.1606408704602
226.0642450525478
226.0969996095633
226.0245197254209
226.0461115944861
226.3106417531979
226.1093895483754
226.7064443187544
226.0175126351968
226.0793597654083
226.2154255397889
226.5777548963141
226.7110944006808
227.6480594757992
226.0617802528809
226.350564729356
226.106922585341
226.1099422291603
226.7850157379558
227.2037610756826
226.2885213112084
226.0657448766711
226.47545362202
226.0657167287953
226.1056069948158
226.0839841016564
226.2301428481497
226.1922357782644
226.3028793345634
227.2323455150283
226.2139586376873
226.1418692996915
226.1012325839376
226.0222677458577
226.4047017166567
226.0198064614013
226.524346446871
226.0766519846328
226.1319357565861
226.0492395185932
226.1092509745838
226.1936168091135
226.3037026755924
226.6159025043243
226.0870700196307
226.191324490443
226.0097913430695
227.5363829859274
226.5789723467606
226.2784523374654
226.8935355843083
226.2786149338742
226.0394512766374
226.1165779927615
226.7271770713591
226.4286286918371
226.406460926123
226.0288777513325
226.7658399081733
226.4135316839162
226.1527668920499
226.1558302068976
226.3227297633818
226.3791060259208
226.7210598880149
226.0073155022135
226.0996841351011
226.0709867753735
226.729902776241
226.2043339519642
226.7795676066819
226.5636966060793
226.2306270248572
226.2137674697451
226.3535018167294
226.4984731214812
226.0350210655303
226.345823086135
226.0429477303022
226.4513968617792
226.8671332030341
226.1123760288041
226.0896042267489
226.0779009416798
226.3357177915409
226.1141395309737
226.0834023555421
226.4057086767946
226.2339090332167
226.8701757229617
226.0385386070099
226.097167791053
226.8769447501567
226.0104320200185
226.0582543742094
226.3890006513554
226.3109789265965
226.1322377473964
227.1090454588832
226.1031814371876
226.1446418744739
226.9557150317874
226.0820499157776
226.098213261932
226.3361128151633
226.0539144763275
226.0014859536923
226.5493117402608
226.0877296938182
226.1983349960529
227.0746879299463
226.666965010007
226.1121304720775
226.6227178976942
226.5420223301925
226.0138834513793
226.1547733533255
226.1223128136619
226.0709789857708
226.1462934511759
226.0100860829716
226.6129250355628
226.070948668231
227.0761614961952
226.3871026842586
226.1358780908256
226.2729183298228
226.3834482137349
226.1240817624453
226.6853224175477
226.3525194065167
226.3584891302978
226.0410342690246
226.955072947557
226.0996624519106
226.0683048868055
226.008807861411
226.3762736777991
226.0648132697385
226.4835763867972
227.6359743438376
226.0076834645712
226.8106634838701
226.5611476505271
226.2064387403479
226.1575673201549
226.5072749556664
226.2187215276988
226.0257979979191
226.3047603430632
226.1362118410393
227.1474389307776
226.2118260157961
226.3394484646462
226.0706844185911
226.1484762400699
227.5815187493493
226.6365932434086
226.1710822535636
226.2686662495876
226.178689615928
226.055975123606
226.0484670617636
226.3043492174534
226.5308774993635
226.2654713307036
226.3692327443158
226.0678873473331
226.9457856651786
227.2167080337145
226.395015197525
226.1170593229081
226.5345153627014
226.1116667488139
226.3462284701824
226.3046346941651
226.0200300050456
226.6047254831815
226.2726320053366
226.0022195933658
226.0402808465473
226.1779607820548
226.0306206900953
226.5971246646373
226.7214126732069
226.2301542726176
226.3451606251693
226.171237833879
226.6637734051937
226.2116861848735
226.321523721442
226.0400133736542
226.0240340961624
226.0875160643457
226.3019217571475
226.5737511618868
226.4396889151351
226.3686636311862
226.1818278807091
226.3262139393858
226.184225979606
226.481927689396
226.9378090342976
226.3097189092904
226.0576600725467
227.1336360531041
226.3230213667995
226.2185035011323
226.843701756807
226.0508369364304
226.3581334685122
226.4806301052656
226.1916797249832
227.101310078117
226.8063941676247
226.0644149597171
226.0391993934233
226.0255343309797
226.1606563400548
226.3342486884404
226.4806339911882
226.1094565108666
226.2369235387514
226.287181100414
226.2143732174416
226.237528267499
226.0789309563238
226.7391201776057
226.208584526291
226.0635183687815
226.2164390562589
226.5144600585299
226.0567773552478
226.171087321797
226.0937989422351
226.5460732480423
226.8133586469303
226.4338371019301
226.6902620764086
226.0533779394647
226.028797789037
226.0743170216555
226.0438526263708
226.4662679155518
226.041945914462
226.2825694409802
226.1286662154412
226.3912830931678
226.3480183301102
226.6297562341189
226.0571959606827
226.3361451017214
226.1335100517396
226.2044861596592
226.009814279211
226.5256536055861
228.0700843356269
226.2958027350659
226.6170902822625
226.1776117172766
226.6010408687007
226.2464603482222
226.1697183574512
226.2291307403555
226.6670022105086
226.8575798081038
226.3534636179484
226.5272498333386
226.121157316726
226.1540084969109
226.2407395351185
226.1613632424209
226.9267032332209
226.04339890394
226.0615632327386
226.548558119719
226.0741697782488
226.1341799325835
226.1084643589359
226.2810982464127
226.0447941903463
226.3678032295011
226.1465512369984
226.0204179875411
226.1990678067624
226.0699736034103
226.0878338181507
226.2941046910973
226.4023509650402
226.1910935945368
226.3415440483853
226.1070271973728
226.247063240588
226.6850015239547
226.0026783390898
226.2706703810813
226.6349473432001
226.166047280015
226.1179067733307
226.1263848375859
227.0797218238877
226.02406937208
226.0040874270947
226.2283861991259
226.9103830802128
226.3137990606077
226.2155317406631
226.272019067665
226.0647589063401
226.1497472325919
226.0385392640141
226.1625722858363
226.2443535792625
226.1529414425943
226.3649846457076
226.0144296940624
226.2929730751034
226.4422081844337
227.2035877278611
226.2062981087395
226.3763640763444
226.1874552085515
226.9495845544421
226.4299824934456
226.4620134963378
226.1277610843956
226.3042377891621
226.24234245735
226.3610750623812
226.2311894356721
226.0336075778707
226.6332291616545
226.3174134269874
226.2444138884267
226.1179146262334
226.2400056532116
226.0628379060677
227.8941402004295
226.6580983841744
226.8267423833303
226.51906956879
226.2009078414279
226.3026760919914
226.039304580622
226.6619497605111
226.1945778337158
226.223039654255
226.0167648697099
226.0529022629887
226.4353769430237
227.09022003466
226.0199754020481
226.6149789732006
226.1320264246603
226.153582259793
226.0133276540719
226.3636782221234
226.5270677845006
226.1318950222168
226.3922360353266
226.0883819606537
227.5557598285749
226.0215395222109
226.6482837504119
226.0510862124262
226.0591185926618
226.3591711464775
226.0377846212131
226.1596440621634
226.4294237892199
226.2864400571692
226.0614931306702
226.1723766639969
226.4636137673913
226.2889325313969
226.0463650338612
227.0064918684554
226.1318214205458
226.0397915499505
226.1493893797278
226.6850644649383
226.3155238053683
226.3153343385571
226.375549856559
226.972517890128
226.3968591779789
226.4138979220986
226.4132173020316
226.5202650820567
226.0356995626231
226.1432788757535
226.089965588184
226.0251147197805
226.0599387213913
226.2224333262182
226.544649944471
226.068605280639
226.1480963250345
226.0233035794784
226.1878508111556
226.1126293430482
226.699620341814
226.5809680922019
226.0436788615457
226.010403284496
226.7872805925143
226.2306169456176
226.5597643447825
226.0088199558758
226.3917481361622
227.1808718374621
226.0291924512345
226.2889522743147
227.8712218343474
226.5212619728546
226.2096667840411
226.397577830821
226.6259402306128
227.0123022242013
226.0241016016751
226.1079213003584
226.2498559020768
226.3675979428963
226.3519414886209
226.780231092259
226.0260972956677
226.144784261003
226.1445199987967
226.2729033894233
226.2606652735746
226.2709748613131
226.0972079315095
226.0634051138126
226.4299872789393
226.4890783685432
226.8838660642251
226.1685198707125
226.5066861718423
226.4558128023715
226.7456566332656
226.7714500427624
226.9211355994477
227.189184700041
226.5022473843665
226.3971675821952
226.3181085369484
226.040008119508
226.6628397629518
226.0687731220223
226.009327841266
226.3366635547705
226.3399306831102
226.5046812981002
226.0251258126935
226.38862661756
226.1476877200952
226.1610473904133
226.1064147737557
226.2516095826697
226.5978556708318
227.6976632412267
226.0252457419823
226.2386329720378
226.2004935118314
226.402579063684
227.0711722162046
226.2629032978034
226.5946705436301
226.062264050315
227.5510262807811
226.2616559603469
226.4897491964292
226.245284530465
226.294177685846
226.0129840491846
226.1218562408748
226.2308053405934
226.5625786992038
226.6288581265988
226.0397110749953
226.2998104685911
226.3684147748599
226.0285902242382
226.0361671595427
226.3183760565441
226.9004189983396
226.0244498445729
226.5161044403279
226.0520877071304
226.1357221833372
226.3298862488833
226.3822325202034
226.5077850078556
226.2032554237244
226.1815597708472
226.0422869372882
227.0253478282673
226.1577832022323
226.3967056564734
226.4371988030315
226.0964617225884
226.4856426695139
226.1527945479566
226.0857384589773
226.0387758554087
226.4425728302676
226.0525837709317
226.2719768050086
226.5382414990202
226.0367188793177
226.2335346291169
226.2039906492466
226.5681851306919
226.5685132261008
226.3544041138076
226.0652185595405
226.1794348501265
226.6574995288589
227.079205745924
226.0383497077973
226.0319222001398
226.2258352906215
226.1991084848982
226.2888655226137
226.616064078287
226.0178580164172
227.2556852342809
226.4050653152845
226.0577524257043
226.2515269932206
227.0572769191328
226.5368499005809
226.01197324379
226.23065369619
226.4073541546262
226.9467341554919
226.1319772944101
226.8059570950428
226.0614808501432
226.1984250009763
226.1398491573131
226.0145581778125
226.0654799718152
226.2804262898074
226.8118999033376
226.2035423309337
226.0541296337972
226.5865785863765
226.0600452668965
226.5402751892387
226.2854771018812
226.1781505165796
226.4217154185011
226.2991011216585
226.0621514210643
226.5832312203643
226.5674315297482
226.3826760392051
226.2242367182616
226.8988556122732
226.0725621298917
226.1636963907185
226.2350863757333
226.2993706047347
226.0620235251903
226.2417684705223
226.0144103472349
226.1659764038336
226.5063901683349
226.3177237696657
226.4442796981765
226.3162464775641
226.0519483649557
226.9552084764323
226.4331117474079
226.0645749147388
226.6210389347809
226.0582533862245
226.2329749507872
226.3293450897507
226.3462773080671
226.4936849977008
226.8170831166799
226.2352686389068
226.0453114593897
226.4863031158356
226.2954115315787
226.6705520581247
226.4385929210744
226.4548755800953
226.007562260658
226.0068205373244
226.1391203272972
226.1943927241505
226.3642569292355
226.6833878115229
226.2385109967921
226.0088128312208
226.3163125791086
226.2665508665933
226.6713570871863
226.4037057342626
226.3074425317721
226.2449311873205
226.8456467254646
227.4149027375436
226.0556432237153
226.0565194749389
226.3068235757687
226.0728951565837
226.1646079893393
226.4223568684619
226.037884700966
226.1320988405112
226.0405215266976
226.5785663335821
226.7082610637059
226.6566173645956
227.1054185409276
226.174864783558
226.2947114353619
226.5813081663371
226.1348287395608
227.1972595928272
226.3163546476182
226.0882417778915
226.2994464629641
226.0021327624837
226.7088480822637
226.1203222649297
226.2458508969432
226.0553791888231
226.0672326992351
226.102642846423
226.0352725591466
226.8981710804805
226.053211726566
226.0584501063439
226.0392689971273
226.1915035592148
226.0170733605904
226.3950974689775
226.5016201660722
226.1728460311915
226.6183293866076
226.2463580936972
226.0801601611693
226.362284245448
227.3305711743006
226.166962309926
226.0766342947276
226.145057513917
226.1278958893619
226.0419861345197
226.2676698369762
226.2450395789221
226.3840542896358
226.2037682573554
226.2953581631986
226.3407228211517
226.1137433545172
226.2556148682035
226.3967299104047
226.0808050730849
226.4877690262573
226.4867747137734
226.262833981256
226.2630884872761
226.0937843565078
226.5159032622824
226.1312069142172
226.1907624337074
226.4887975052248
226.0454193759688
226.2197490891186
226.2319906972731
226.2072830392918
226.0494663988047
226.2471578399409
226.1004398726207
226.0703720866351
226.2260415890955
226.4113266676343
226.2233375918846
226.3892147124153
226.0085190103358
226.2931199227008
226.0006426651511
