130.2659582563643
130.0645217458144
130.2779975149285
130.0109503672864
130.2412954408031
130.5455289497731
130.0102004519595
130.477521877103
130.3051916445264
130.0120016152267
130.2203327240258
130.3143974074865
130.0571379916792
130.5593490583572
130.3290037298373
130.0370511137772
130.0351282826924
130.2171137575683
130.9615882518634
130.42509803975
130.1761478604666
130.0728761321524
130.029736905607
130.375544008927
130.760968723386
130.3343923089413
130.0665744633976
130.498998031799
130.1812749275155
130.7700061429816
130.2055114004056
130.0355316131162
130.2134459001929
130.2889673713831
130.1212506052375
130.8173562790078
130.4585413186481
130.2056477793859
130.2784670811239
130.1775115673131
130.1210811624342
130.1915594590631
130.1646634763765
130.0741297796187
130.0487892441728
130.4852637477423
130.1906469803673
130.0428209303155
130.8016394133797
130.0364113417394
130.4035946460038
130.0655804854584
130.3133937480206
130.087207564192
130.061091269411
130.2666279273991
130.0900042510307
130.9859762009905
130.4361342253738
130.0589876268356
130.140170091437
130.4079234981515
130.6403174835469
130.2782800713449
130.7326136038862
130.6172335210685
130.1757846576903
130.2791163361839
130.3472766723193
130.2629667967944
130.1882261399883
130.4249116728269
130.1736320256215
130.3209417233358
130.4886404755093
130.0358030340345
130.9185686764699
130.0961900550504
130.0229069680157
130.5798015491801
130.4675969270625
130.2897822173978
130.2297605855455
130.1957382682111
130.2355622402906
130.1960372844017
130.0317722407643
130.254033584633
130.2663514988025
130.6385794760291
130.1820182771666
130.3784376834254
130.017299640175
130.2322256837732
130.776503558002
130.2138450287759
130.8625379246846
130.868512105755
130.2843216569173
130.0194517115965
130.061377360933
130.1862341630106
130.2299474661893
130.6768512871863
130.0954729866636
130.2324908138074
130.0081914921344
130.2319744867731
130.2523895230715
130.3285131218194
130.3015016039363
130.2580899399028
130.0813835033091
130.3298754483788
130.2912576239783
130.0305819495163
130.2635621229599
130.1935039193893
130.0593092983985
130.0323752330619
130.0686776948272
130.3831027442139
130.0634202849686
130.2864585687637
130.016039612732
130.2526818628929
130.1996787235294
130.1671370620147
130.137921851614
130.3247995226083
130.1731560037544
130.7284079305753
130.295263570457
130.6299409674683
130.2381835202415
130.3406892980816
130.1602374626681
130.9021305020265
130.0863504239053
130.166247807493
130.52626096575
130.3546243330609
130.4236379184997
130.3287141933583
130.058101766415
130.4015913451133
130.4372023669405
130.0170679352365
130.0541647213253
130.2477407688573
130.1160797098121
130.7123705515151
130.1309172166648
130.7133296817158
130.6091102317891
130.1007197835514
130.9464111996188
130.1118445507423
130.2674253108939
130.011073086399
130.2433684454914
130.1499677757721
130.1586841412302
130.5199434885907
130.3047895426207
130.4815116780621
130.0687362600528
130.3965160474214
130.796500830582
130.1443710766426
130.0686025990136
130.21638074042
130.3255291312219
130.1424279244489
130.4818153322609
130.1070824862662
130.3983616920709
130.2623047865041
130.279054944875
130.1777412981743
130.2590008862702
130.1894626146199
130.2521399638192
130.676246162649
130.7251567719181
130.3195754372802
130.10970527415
130.049177404241
130.880481878597
130.440821970268
130.0509007913828
130.0612056545434
130.6486597677577
130.3108109040967
130.1096098484315
130.7525230273305
130.0805213698143
130.1833067899993
130.4930496474611
130.3600194292857
130.1586699263017
130.0578361513022
130.0252816284624
130.2030654088059
130.3269157097907
130.365291262469
130.7332875069823
130.0415310304401
130.0490058187359
130.1897269495824
130.3827704415459
130.0204888688339
130.071401256341
130.522849407719
130.058162017968
130.0447973926336
130.1478290536276
130.0296796656218
130.1219555252383
130.1651655256613
130.3375629670119
130.0441541195762
130.9954865438927
130.2165109268346
130.0302382091781
130.2715488569604
130.4715705215433
130.1925847860922
130.0620667470535
130.4397732572674
130.4772848048058
130.1575737093112
130.3850947387366
130.4722112059787
130.0481818099013
130.1499890228391
130.0663023949916
130.5504356184426
130.1826228512101
130.1647741121566
130.0696140341102
130.8634723473695
130.0045827405308
130.2805204818908
130.1630305761379
130.9764305637007
130.1992900934434
130.2827816587973
130.0534107202072
130.7695307390622
130.4939439642057
130.1996504175966
130.2821385767139
130.0988415060282
130.5745551419338
130.075588666621
130.1369888982505
130.2966096894515
130.0077674890004
130.2503287731294
130.0626125106473
130.0538968144209
130.8112971770987
130.0026722182449
130.5549479305965
130.0401571944924
130.3632922161208
130.5156074779202
130.453393192032
130.9303580550201
130.0386776079626
130.5733265883782
130.3191712130894
130.797195373319
130.0610138236014
130.0547792648565
130.1452334448832
130.9715981369699
130.0829918676577
130.3970011207951
130.3510056661891
130.0006991006886
130.0095528201742
130.3143414352216
130.2105722605969
130.2734723194885
130.2966661591115
130.2906130560459
130.2771260350197
130.2273498668746
130.3227384327103
130.3548118083881
130.6692800955794
130.3987882828812
130.0174662344567
130.0056181784899
130.8179887535313
130.074299364813
130.0231947260501
130.1210498961396
130.7567165199665
130.1908597061569
130.3665455658777
130.9618795787182
130.308732694208
130.6037044824456
130.4340661375166
130.2103586004444
130.0227922402465
130.100206709937
130.6790663759039
130.0158394584841
130.3225722155654
130.0561491134579
130.2207041869672
130.1162542469868
130.2498369715922
130.0435251428206
130.7876932682148
130.145655320774
130.1126460925648
130.6812137217806
130.0586578930304
130.0214788650601
130.6461102960221
130.1351285147203
130.0997928616054
130.0871836660583
130.0957158052366
130.2124663343477
130.8144194492801
130.2531135022965
130.2498920728425
130.328528917421
130.3726568978996
130.2394692557351
130.2662853672764
130.3705485180085
130.3629574315576
130.2307768032494
130.0109409557521
130.0245832438195
130.0475591955336
130.1097915486791
130.0159836191786
130.0932926041332
130.0500295641878
130.1675198516745
130.0209782228785
130.1003170481169
130.1429255260316
130.0376860404897
130.6028078149369
130.2459249964697
130.4470395950983
130.2721950762467
130.0217540801984
130.2213617292687
130.4316017253499
130.0651702389123
130.1101072918219
130.2746042428714
130.1814929955086
130.6237644684185
130.0858876980715
130.5816381425177
130.030924649471
130.3030089089623
130.3202990897003
130.6103605023651
130.8739994321641
130.917957036241
130.148181235927
130.7680169749722
130.2119942286479
130.5718912862524
130.0432122403387
130.1893479332809
130.1379633950862
130.5979280965172
130.5232081895856
130.7790424505034
130.1591993417534
130.0394617494488
130.2616082520145
130.0056290435083
130.3475321709431
130.4528461109493
130.6088181768913
130.6743524082842
130.7917407733667
130.0841619766402
130.1897282591668
130.5162285232589
130.2917698084258
130.0928105473847
130.0950199011587
130.8078694678232
130.0673233235745
130.2801235309565
130.4735534069479
130.0578592866309
130.0039122030812
130.2183495686449
130.8480083778981
130.1540061773924
130.4530194146497
130.0689113166381
130.3807681386608
130.1862281258019
130.216948084584
130.4131683595355
130.0310474048683
130.5161194964384
130.974737312845
130.1377958797136
130.3086553340279
130.2458317824299
130.4118220783906
130.3915410792411
130.5822315688916
130.2351071387924
130.0569477724834
130.2585770753743
130.3419290140572
130.1103385447966
130.3745863224284
130.0509471766892
130.2436784541783
130.4798619796499
130.1338351692411
130.9504827976432
130.9964445109585
130.6937418796038
130.1154532039913
130.2220116692293
130.4499552777273
130.5044988400788
130.2950571746563
130.0856076739721
130.6901996960823
130.5112185223017
130.9070368194327
130.0222376743939
130.0467788378801
130.2204255929241
130.4397866021926
130.0699699863227
130.0933442762093
130.1129297238102
130.0402799958892
130.6845831969034
130.1324658219848
130.2357920705867
130.7699933584629
130.399734746801
130.0727304191243
130.0179369608786
130.3813789235298
130.8062107197713
130.213058034132
130.0409245807749
130.0930947049969
130.7840080492152
130.4341619584305
130.478072084564
130.0395926602143
130.2405039540012
130.4399424841122
130.1558608119561
130.2839502202339
130.6968959939736
130.2281859500215
130.0142026493879
130.130421617927
130.1611665083706
130.5125804145485
130.0737884035597
130.947016602167
130.2125015854967
130.2710869276901
130.5384388058187
130.5141445149528
130.25436366074
130.0047118682077
130.02236584649
130.2061862358489
130.0521432331306
130.3416147766798
130.8516412907125
130.039838398737
130.009867175546
130.4297081214347
130.0644982138817
130.0543438996745
130.0685759389486
130.1446508353065
130.1542394210037
130.0927751357067
130.140271814849
130.4275953677319
130.101160669838
130.2373059233626
130.6139325372678
130.0277398935039
130.3741368942364
130.8373316642302
130.1057562644188
130.2702796656322
130.5534072847809
130.0352138649649
130.1275814175144
130.1151450312278
130.0570690097906
130.0411002002394
130.117460503047
130.2327121927434
130.1196148331145
130.0749370296896
130.2002380724687
130.2753160025332
130.6565842909379
130.3141269791512
130.211590365412
130.5064751103077
130.0527009868596
130.6290646616431
130.0669385595832
130.8337734226571
130.298898405123
130.6947388914116
130.136485252829
130.3210319988636
130.954970164671
130.1301248816764
130.1146639388619
130.1852469377903
130.4402217655884
130.588070068184
130.1234624001555
130.011883657493
130.0373890342881
130.2576303132465
130.4441501802058
130.4077324886877
130.216815190582
130.4427095612706
130.3301599772836
130.2397932498951
130.1799648063175
130.0577656353906
130.9513584318257
130.3144487909165
130.2099502201011
130.1078208644919
130.2826593434653
130.259132283674
130.2610714450198
130.199974229747
130.6011995054162
130.0721443273917
130.7525023409042
130.2829676165244
130.3666500275055
130.1741063538253
130.7775371077492
130.12569797765
130.2186868248947
130.5806336151572
130.7412012833826
130.0432868607339
130.2696920308353
130.3394046958653
130.3322255594063
130.7718759906244
130.0879085530739
130.8432974836465
130.2901472632972
130.3773746186252
130.2818503965719
130.4889523632874
130.1766380350152
130.4302458858787
130.0074458138827
130.221343081709
130.4864451137021
130.0403767916344
130.290167179102
130.1886719956102
130.2361475177797
130.2347875785007
130.3033817372209
130.056675738817
130.2781204914251
130.5874331988347
130.1216344010142
130.1192183706102
130.0922846527346
130.0118718662907
130.4356099440165
130.1765364352868
130.1491836360851
130.269603083094
130.1463587465341
130.3420072413088
130.5014634512235
130.3165326450827
130.0291679646676
130.0135543962177
130.5011357950355
130.7454033525729
130.0046830683456
130.0391449833245
130.1299620602292
130.0296970062614
130.0522073597171
130.3017192311364
130.0261700214671
130.3817852572794
130.5233419749162
130.2097982961204
130.7451806989056
130.228585151404
130.3697871034145
130.4975744248649
130.6758985663476
130.301020361209
130.8822611691364
130.0856849406344
130.1911197043399
130.7223631966837
130.2286691203221
130.3004331912607
130.2096501606787
130.2312811001262
130.9871305823411
130.4537635769782
130.4816432665817
130.106526216346
130.0747634150482
130.3369936816401
130.0821503138193
130.3521745015368
130.0486308321298
130.5387261976686
130.4396431231413
130.0701376410823
130.0472448756406
130.4764716061351
130.0793826261376
130.5196909497056
130.3659106848729
130.0231880768638
130.546570556208
130.2756868004768
130.5171842851567
130.2122633563517
130.3002059737591
130.8251324548388
130.223537457237
130.2986282237155
130.834333660327
130.0849686465073
130.0675925220717
130.4376138281062
130.8911968368202
130.5995437804806
130.473283231939
130.5634143177619
130.3952992817091
130.9989739869559
130.3065986222328
130.647471402004
130.9554265697519
130.049725862774
130.3388679170572
130.3883001906399
130.0306863790564
130.1423319702565
130.0152797524228
130.3409611137949
130.0913536188291
130.4230860541976
130.0369297088526
130.0094435345527
130.8564884541763
130.241684945883
130.1532630642982
130.6687263018526
130.0456575533097
130.9198947821065
130.3758016195104
130.8268713550737
130.295185061725
130.002072283614
130.127278863827
130.4905885421019
130.4609666471141
130.1585944728921
130.6573208736947
130.2402743689046
130.005685824874
130.1293992312559
130.3777008963305
130.3255949059488
130.0035902872562
130.255381570074
130.2175477414656
130.1578559139818
130.1968450142265
130.4119243399523
130.1787852476762
130.6483037545908
130.1770986290464
130.8402457183299
130.0331106122388
130.2745983824025
130.0105637375408
130.0156569052892
130.092170921763
130.2158282873988
130.2324772578564
130.0135659731596
130.4176165285821
130.2292070425454
130.4486944993539
130.1125614937986
130.0619146526145
130.2962878058182
130.4841728630373
130.5868827653375
130.1501908462356
130.2085828541261
130.0320183506986
130.1763194861158
130.0277877250283
130.3484828676011
130.2050811150633
130.2188464921408
130.3875967217463
130.2410019223822
130.3360005218257
130.1466506279036
130.1937522476711
130.2210952410829
130.0124082601236
130.0531715629584
130.0157627551982
130.5143517782434
130.1195088374136
130.4559168987223
130.4451493036006
130.2791243232584
130.653494438224
130.0064601257975
130.2400007730224
130.1426980984888
130.5858488763897
130.0963454229919
130.630918862593
130.2977871023184
130.3828582804443
130.026174742629
130.4639192041771
130.6023283533045
130.8882562947209
130.4752350299902
130.4796556039059
130.02505920297
130.2586180280633
130.2996691511207
130.0549886052309
130.098694708758
130.4686012969148
130.3115496616677
130.0108108432673
130.0655986291301
130.2665678154235
130.1597411585027
130.0911657944499
130.306564024977
130.1354092628901
130.0496445364844
130.3980617147943
130.4942193761237
130.7235629459469
130.0278313731844
130.0258541997715
130.1371959626705
130.0250609504131
130.7606917634808
130.4320599238801
130.0710531752246
130.3377773093464
130.9170460351251
130.2720251644346
130.2504034066612
130.0069367031671
130.7807061932743
130.1812619218914
130.1787543079801
130.504106468663
130.2939019877357
130.2109333476089
130.2474238739144
130.3667146962996
130.0638711963423
130.23300020444
130.1237227071461
130.4956137071877
130.2551635785532
130.0153146964653
130.2705593852384
130.1838295953231
130.3996681625276
130.415276810344
130.082669001295
130.0764500261839
130.0539801781318
130.1156458652515
130.2137160146371
130.0894384882766
130.3055865248323
130.9054365906883
130.1159716827105
130.0446704302412
130.4684223421561
130.128412453675
130.4965405304746
130.2117055944848
130.0750681625263
130.2188418202205
130.0512944024233
130.1096517743345
130.0992335556029
130.0451090889819
130.0634747557681
130.3120434603111
130.0667748110117
130.5414775293111
130.3089843823897
130.1832036696964
130.6168277994382
130.4502526935705
130.5442448372231
130.240078848554
130.225582025102
130.7522426213148
130.1003431877812
130.4719576123263
130.9566588786667
130.159175212733
130.8968933815546
130.4589222174839
130.2192599777458
130.0034193798052
130.3647485098638
130.6200902684519
130.1846846973031
130.3286094270649
130.0278417317243
130.2511222738439
130.1781957363433
130.1879244717419
130.2457302639327
130.414381399743
130.0450584710731
130.0453614476527
130.3422676286937
130.0819886241697
130.1945053003035
130.3833501096797
130.1622013384897
130.2161769844371
130.3259634383586
130.0630465642783
130.7614604300401
130.3726846874426
130.3734786836269
130.2363371569936
130.0479083844155
130.1645872648531
130.0401393494394
130.1631989238163
130.2470167736128
130.9010419130961
130.4743462430025
130.0568487462934
130.2065996358212
130.3399754227353
130.1093621931466
130.2999531299681
130.1270474500281
130.7048743848303
130.35702163115
130.1174560067624
130.1201630092151
130.3711870006772
130.0818532934639
130.1165424538262
130.0037520000347
130.2607733116853
130.1808661277591
130.3553411666614
130.5307981446871
130.0737506509068
130.3797658788721
130.41365567883
130.6084285571283
130.1252601417856
130.0885288635737
130.4114548056774
130.1766865096626
130.171677962206
130.4598146744596
130.7238636757021
130.0690169378547
130.3009268096998
130.2894013478718
130.2745702213367
130.2419256580504
130.005356202281
130.1667795021764
130.2919500293131
130.2469247915513
130.0424969134458
130.2098330279724
130.0578756970119
130.0855085687626
130.3876747190474
130.0581121926664
130.1253955085591
130.2520099235179
130.050203705517
130.0324241305464
130.2015589847136
130.0061004518016
130.0768914346379
130.2298279698005
130.7552737392447
130.3862810892147
130.061337715347
130.078760557979
130.24604880229
130.1800206144964
130.1678105484716
130.6837476083352
130.3826493107597
130.1371851957699
130.2487492906887
130.1140353427085
130.3496166162825
130.2183798058989
130.8109101271508
130.6536914413892
130.6822158863017
130.4419688736722
130.7826977965063
130.1660217964165
130.0438436295127
130.8843265303474
130.3137457278612
130.6906787976633
130.034516324036
130.1826177518734
130.5179156989356
130.9477104972269
130.6505534062572
130.3069859957968
130.544827703362
130.2471153821487
130.4928544097073
130.1528765889392
130.8882177185114
130.1044606316859
130.1825604070482
130.0682485395918
130.1123355132617
130.5216999799798
130.0420217089211
130.1263965150362
130.175165727664
130.4155514222948
130.0820161462701
130.0551269093875
130.2567937638593
130.4626554252119
130.7940289170677
130.3662627349441
130.2584113462546
130.4889024770245
130.106372065599
130.3882077172677
130.0923003293414
130.1289109790722
130.020038462698
130.7182647582401
130.2783892542062
130.081600996717
130.7324627410914
130.5061404033359
130.0721425019746
130.0503843453897
130.6847956485887
130.3429580491372
130.0122710473923
130.007878324928
130.2797455042316
130.0471518067806
130.8713367362514
130.3365746846886
130.0115675498891
130.8156420938762
130.014257096755
130.0970094121139
130.0082971291465
130.0319189713212
130.2368612001993
130.1931010104263
130.525374912394
130.0661561004701
130.3197464201504
130.1669314221737
130.0360637541538
130.8652642415664
130.0426606141864
130.244937471872
130.1876622775357
130.9999503123751
130.0462284245813
130.2862953247967
130.6719840730404
130.176344600253
130.7116558705877
130.2077793203585
130.6906566055415
130.2439951228981
130.5867992541218
130.1264479079655
130.0875878370246
130.7639452316925
130.1893058866265
130.2752916856709
130.0150224702016
130.7171630622327
130.4958251789983
130.2683746592753
130.4881273522811
130.4796179399111
130.1750682415285
130.0674567408031
130.0606052262661
130.2401714313014
130.6087125168408
130.1218791795191
130.3232256789195
130.1629408786546
130.3750487550194
130.5341740013939
130.1533849479802
130.316116563833
130.8487777293653
130.1836534352591
130.9842890522322
130.06062356255
130.5162128591507
130.103554444999
130.4586103652887
130.0704133647985
130.0467226446165
130.4001768494767
130.2255021342461
130.2491803323133
130.0018871743715
130.1521159060906
130.2567904452
130.1693398747449
130.2016861623056
130.2130844043891
130.0363776705791
130.0660243327546
130.5180089566668
130.0550967414504
130.2280893058752
130.0972728660701
130.2378526541657
130.0270161528224
130.4417090305806
130.2634878562217
130.2950276428662
130.2241186417825
130.1268035427697
130.3160450996494
130.1031490434097
130.2632466033588
130.642010034036
130.2580385687097
130.0458971759244
130.3783747286334
130.1776925318243
130.2815750163782
130.0871030959252
130.7497055636503
130.8788912373261
130.5593026458301
130.1283614453909
130.6860875550553
130.0406927099927
130.2037804155951
130.5128161432729
130.0822939980008
130.2125259903568
130.1877131379766
130.7043128195919
130.3300374725452
130.3126440710591
130.1543205284312
130.0109441691226
130.913982591382
130.7649246709335
130.2828611077026
130.0222670252022
130.025737858262
130.3688502706176
130.7310877347942
130.0959298707937
130.6352354771494
130.078768359138
130.3645147500505
130.2830308238315
130.1133648616429
130.2786158828829
130.0544819712144
130.0467311375175
130.224785571816
130.1550967420196
130.3257195471525
130.3474848109411
130.1548814305341
130.4215094658852
130.0610068572493
130.2539404221856
130.3363131214657
130.080737712655
130.3747590955297
130.349592650205
130.5761610088636
130.0526220541967
130.1184657021439
130.0034484490142
130.3453704616325
130.0298346620768
130.3922185768544
130.3247564234912
130.6158471308083
130.0379056484223
130.5096842628621
130.0655059708699
130.7102978032831
130.0795346919058
130.0828913445141
130.9998965466555
130.0290698585611
130.0793796728514
130.7009809439629
130.0009538641193
130.083619391974
130.1419392683997
130.0974287930352
130.8280931073119
130.0435356395207
130.5938119532183
130.5204996030202
130.2438857199797
130.1998357223915
130.3184775153974
130.2197661349339
130.3887648190385
130.2129288007206
130.800390163488
130.5104696716691
130.0086053744946
130.5123359105257
130.5189493959121
130.3389024188448
130.0824962024649
130.0549562069114
130.0099866066356
130.3058351747207
130.3824032963161
130.497368050175
130.6169652512599
130.2832152339991
130.0312370815514
130.2566278839067
130.8176842630015
130.5641065933388
130.7449034533195
130.7088225325393
130.5648551342965
130.0189903234005
130.0041783028982
130.2833779644289
130.2672423273275
130.0529741227617
130.4978295778216
130.3361322662261
130.426788417554
130.2017556461074
130.70502893394
130.4371642963185
130.9599542003958
130.332020493395
130.1866879587186
130.3037736687367
130.1488045344034
130.0200073810199
130.1181125085607
130.0690755955202
130.1723354176981
130.1301787118729
130.0117758670831
130.1245797848493
130.0514664726874
130.3401306633049
130.5221253342381
130.3599254033599
130.1426721897741
130.0185797486678
130.3227756965711
130.1738464640572
130.0091600055711
130.3267079323785
130.1496461341436
130.0481467308723
130.0456619374849
130.3230202249587
130.259368705899
130.5322902645524
130.2124802215775
130.1339060100334
130.5113149073627
130.2768602317998
130.1091970703612
130.3356479008871
130.1412315887549
130.1255418272058
130.3078560568032
130.8183618973339
130.1270804840696
130.7754516316784
130.0879990527144
130.4310358378512
130.2697047492682
130.1381257536088
130.1881582848854
130.1223323632662
130.5561329653038
130.2018269602566
130.081518231872
130.0572071631683
130.4963727548132
130.5912026646258
130.0910155679437
130.0748135498957
130.3357087860043
130.2812291915816
130.2571401600142
130.0387864337997
130.0477362836152
130.055615800659
130.0461547642886
130.0713245625404
130.1085767137013
130.0210707339786
130.0599900970214
130.2359733687003
130.4366382420269
130.8265569967269
130.2568937545684
130.0662034512459
130.4183945201432
130.2735389466309
130.0625993079891
130.1580857811244
130.0373056669123
130.1292910493492
130.6469646743645
130.0485221427791
130.3911514206816
130.0235314479179
130.4030315815305
130.5819651106873
130.5660050757257
130.7353803262559
130.0047273374968
130.0336094452028
130.3833840733215
130.5028337802064
130.1237060456001
130.0891376367883
130.1553341453011
130.3212330274214
130.5461477345555
130.608705924627
130.3849094128244
130.3210339388287
130.2468542592014
130.5031759999289
130.2493992859472
130.9320968080331
130.0708869591186
130.0418613960547
130.4037319915722
130.0216737961971
130.6797866655014
130.9509153780435
130.7262425109484
130.0299639206538
130.3856917719369
130.144002665463
130.2870972469221
130.211049455613
130.1809759402382
130.3338066681677
130.6404935805102
130.1084664907777
130.0835854726545
130.0682762352513
130.1827392291652
130.449478846753
130.808038109716
130.0841070880982
130.155251213792
130.6222076445342
130.1762097167518
130.5466604233884
130.0950167615073
130.2681525720755
130.0849710737116
130.1224930738807
130.1698019365941
130.3152939437155
130.0025160048281
130.1542348674376
130.9938190210986
130.7401955977306
130.1811573928125
130.0931846789287
130.0861977252518
130.569847860079
130.0488437473473
130.7344060575616
130.0153473611071
130.1604276618991
130.0619473747599
130.3934973672468
130.0857721658868
130.1744207285516
130.5271935074436
130.4115853285458
130.3755968544429
130.2756359455267
130.7582050736457
130.0875190315025
130.0388517919996
130.0169425513634
130.4684084176429
130.0466931503912
130.166749330215
130.4452546523546
130.1113311130181
130.4168312036273
130.8848079533193
130.1772918927642
130.2789404408884
130.3236522896473
130.1268036887494
130.3328508747434
130.2242805273728
130.4924100052874
130.2488011804454
130.8198664243062
130.2425819949491
130.022987985333
130.5610393149198
130.0329553496115
130.2608555133813
130.0131571441086
130.0216571022837
130.1366725841859
130.4161519198981
130.0789484936899
130.5424416966334
130.6064026676498
130.2777334378346
130.163242394278
130.5439562811598
130.6056695145898
130.0536695285318
130.0950909158248
130.3421620652323
130.1740760647678
130.0889292822106
130.744125831048
130.4816896486829
130.3667662892317
130.3857206549307
130.6817807518025
130.0544373863417
130.0062112966996
130.4091074411918
130.1521227600897
130.2985105582156
130.3737729896789
130.8377885990612
130.2056155380861
130.21156274978
130.0903924136722
130.7687689226513
130.2069192077669
130.1418454717511
130.082022554974
130.2252667019615
130.5262341545132
130.0829265671198
130.1741236830828
130.5898991328005
130.0609125829269
130.5294247007869
130.0011602429135
130.0313368265568
130.1663244407731
130.1018924046588
130.6322775739703
130.8199302717982
130.2401866385276
130.2283383369903
130.4996068269595
130.1242791653457
130.0754794523914
130.0059816180628
130.1409223206121
130.0287314417421
130.1449228478681
130.1267877194484
130.3013417265985
130.0446926318168
130.1624763662572
130.233351236708
130.016299471155
130.5548425839494
130.6482855040644
130.3754726329435
130.0554378454021
130.9360982775118
130.5443667702068
130.7893673169708
130.5614286641606
130.540259054119
130.2198838231409
130.469228458547
130.2378268582708
130.2366659324262
130.2341445096622
130.1005467668436
130.1623807373124
130.2258725050564
130.210810452894
130.5143871449497
130.325429369506
130.2059198668977
130.1226578172592
130.6828231704166
130.6423652368453
130.1515259792561
130.0241031967123
130.5262846986515
130.0711659277151
130.0062209779716
130.2854274935647
130.3510730424589
130.6944258577938
130.2010121493175
130.5852024552904
130.1310947319905
130.0040369972889
130.106837723117
130.1130142292266
130.9033573127905
130.067108474755
130.327739468446
130.7699162647114
130.1785782951407
130.4923319360202
130.5410316961307
130.5052230275078
130.133167636518
130.1900519521932
130.1372756547609
130.0318498403126
130.3075776586732
130.31722145519
130.1898443224631
130.2666595784488
130.3751466956829
130.2716325833638
130.6985762695689
130.1304146826068
130.8804136348295
130.0715690914762
130.1319738142099
130.2470754102958
130.9008037391765
130.3529532456222
130.0048986077366
130.201041773396
130.1746285080876
130.1817957632702
130.0179158134577
130.4776024848646
130.5798123013771
130.0548526739576
130.6596088741736
130.0305791911692
130.2400281293081
130.0357234145791
130.1236328499353
130.12972675091
130.4936474056991
130.2851321705925
130.6688200525195
130.0620032227442
130.0666410198878
130.1648442381999
130.0715323296561
130.0522443844712
130.0302188960044
130.0637882156999
130.0076150021288
130.4980987879509
130.0388847370013
130.0673155463769
130.17947789717
130.0372007323526
130.689140930621
130.0693355924166
130.0782739192732
130.3080497083972
130.4107793091582
130.2572697993266
130.2435193633024
130.0474839264571
130.4817004256282
130.0160423018382
130.0017815780126
130.1185370001551
130.1373827054153
130.680989879008
130.0829279403347
130.5526419379108
130.3326328485075
130.0690388087539
130.2042428959563
130.003455371107
130.0646544329938
130.049090323144
130.2981095422577
130.4963487425931
130.4258599988284
130.3325518494561
130.1353602098725
130.3066362509469
130.0548146554633
130.8080558747172
130.276294710883
130.037305690832
130.0019365915468
130.2067343412001
130.0194038225041
130.2475266484738
130.2148289895371
130.4019876221056
130.9354922980831
130.1511667498314
130.1740790297943
130.1380255011402
130.634843974644
130.1829536366899
130.2758163210443
130.7113575187565
130.2831690338084
130.0740330475182
130.2059831977415
130.1820644608975
130.1050542900079
130.1987691539337
130.2387898740029
130.324088926394
130.0696549178386
130.9406808026681
130.3839924324303
130.2390923855533
130.450678329944
130.0074834926038
130.4630823581757
130.1788377693477
130.1731029856969
130.1177751325713
130.4988303371379
130.5601442122
130.1604673504635
130.8614901304065
130.0163340144117
130.2987855750857
130.4177350632428
130.3726471088517
130.60137759009
130.9012024933769
130.3403117867707
130.9334669111756
130.0941111709954
130.5192091351339
130.2050616351527
130.636130183303
130.4531857277443
130.5823106972863
130.2103260879462
130.0196221962104
130.1502359852653
130.5088193033639
130.0063070822665
130.0626471335314
130.6311095642368
130.595456171664
130.3193297189516
130.3582095009055
130.4546289596629
130.1385950547292
130.4498802184715
130.0610204818394
130.0257275756846
130.0005882081752
130.1072869312818
130.6973198652071
130.2094376276844
130.4539377428727
130.1550105416952
130.5775771105839
130.1016361149856
130.1125437152192
130.1205328441063
130.0202712970533
130.1678742755783
130.5188845588069
130.080591001329
130.1715200493938
130.4618913768061
130.3917260395686
130.3422974981594
130.2788294344526
130.3915738004557
130.426525022394
130.6639756397028
130.1897323416097
130.1588293951847
130.1669142918493
130.3712087552017
130.3640384157613
130.0130016958572
130.6711550613801
130.1768717526536
130.092516394505
130.2548617577331
130.1513936829811
130.1972621493102
130.0100374674643
130.1501577516912
130.2060478223434
130.8276080906492
130.0298820190498
130.397403651282
130.3336982240431
130.013683175166
130.0734105391165
130.3235918483791
130.0888263660813
130.2717246663853
130.5239579748786
130.0990718328757
130.4227785082011
130.3785751193748
130.0789840184854
130.1022714954366
130.2694139303329
130.2950991148203
130.2963582658242
130.0083580828437
130.3505237623343
130.1683857812849
130.3905145694563
130.2786006004154
130.0155696868015
130.5924238304876
130.174055003697
130.700572673672
130.2544999477366
130.0714629322932
130.5781884094111
130.1562193359626
130.1107691764832
130.0484676667457
130.6523439737883
130.071613812418
130.0001305619791
130.2852361572897
130.1368162460517
130.5585325436807
130.2553597583515
130.1160345653244
130.13812554576
130.2237084903904
130.2118199492981
130.1008387128767
130.5176457999408
130.065917988248
130.0505249403986
130.2692769523558
130.0652625477048
130.1688714383462
130.2809734519885
130.2927225137091
130.6490170777647
130.0577439178883
130.0120524580449
130.3070914497971
130.287428152306
130.1266444776994
130.3707346241428
130.3752776699923
130.4078374361395
130.7266428583506
130.0367591070906
130.0341124906286
130.0512927531344
130.1352286693485
130.5240314946623
130.3991758942257
130.3395658500731
130.1112236407979
130.0189547316089
130.1229447118959
130.1743533029674
130.6097364716114
130.1039487444793
130.8196160638973
130.1461455756661
130.0560459495526
130.2742480925097
130.7163485802319
130.0404196874516
130.4870683841263
130.1751508926738
130.0412501180148
130.4446089498505
130.2717220866063
130.4456573704193
130.0695844254828
130.1057972839002
130.2790437983544
130.169856508036
130.1857449346462
130.1899421407493
130.109050863704
130.0506108994292
130.0788108500031
130.1761611753061
130.2303473513546
130.42753777119
130.0035632621245
130.1486224158094
130.1309102556294
130.1182850893
130.0182677973543
130.9133971755865
130.5575423346297
130.2678000550524
130.3921842430244
130.1950946413351
130.4032867183221
130.3147676635829
130.1482652784484
130.4572040560088
130.3637218928901
130.9289145214331
130.0662706116315
130.6703745285262
130.5892819507987
130.1713831502093
130.1329532513576
130.0356055673686
130.3231551552394
130.81646948442
130.5505560169424
130.048128263751
130.2229922968699
130.389986304568
130.0226592162363
130.2920558414468
130.6231447646354
130.4164062627624
130.3461209032922
130.5861452665488
130.1243890125805
130.062315486486
130.9957604213009
130.0119861664932
130.3180756909855
130.0848225588465
130.1019456933234
130.6492318867164
130.3466261532562
130.6340996693224
130.3504514473092
130.171183538866
130.4935735444801
130.094809908387
130.2159484363513
130.3360378524715
130.2330695766589
130.173054988424
130.0839333181866
130.5366528047631
130.9303203973129
130.5870173542871
130.0508594536334
130.1073860481574
130.166880329506
130.1284929526049
130.2735262580662
130.3601956169414
130.0171374899519
130.054820538676
130.6050769422405
130.5582308264834
130.3300464707058
130.2076937572021
130.5634528558175
130.1749998547182
130.0753081242144
130.3036593127606
130.2124173397702
130.9955002526677
130.8846360275562
130.0093283463573
130.1239069153674
130.3508054288843
130.0722354133534
130.3009451599683
130.1429689473259
130.6124261685996
130.726005002694
130.2067381230349
130.5271120893606
130.221253381315
130.3662422921854
130.1629348599863
130.1300185607253
130.2829421972936
130.150718791091
130.2434869850491
130.5790255519135
130.1321945126898
130.1104261847028
130.8029680640887
130.2502879201126
130.1419006862588
130.2319004789097
130.2237450558081
130.0567883847844
130.1237973108793
130.0030827318967
130.3370081700504
130.1649581992238
130.272031627721
130.2099976201367
130.4066023386188
130.1573058045221
130.1304131408221
130.4088786486689
