183.818706057857
183.1729491776207
183.0738153199233
183.1980415947176
183.6487325982457
184.0585404757893
184.0076898384331
183.2912483505117
183.1560150865197
183.1097158657571
184.3376796692121
184.0259412649535
183.5584092210744
183.0895793588823
183.2288819618346
183.0190812730593
183.2792536385298
183.130870720266
183.1441699161176
183.7822649161198
183.0149235560806
183.6313083066612
183.2689490989475
183.1093216889383
183.0886383449129
183.0457904434295
183.3114385133001
183.0377142298324
183.1031038240843
184.788096416865
183.1888764633224
183.0724439056409
183.0478857881003
183.502877977934
183.058429482629
183.0882811162872
184.3761024178463
184.0487384916312
183.1365528432459
184.6854424936924
183.8036391283613
183.7292373028323
184.0555563284159
183.2321303035197
183.098944383558
183.4413201055439
183.5730167573471
183.0011605296868
183.9365844206164
183.0980619648984
183.123333438661
183.3868936054265
183.4490470125046
183.086902963288
184.0704443221385
183.4134801987944
184.3970572612365
183.4088668184023
183.0609742825562
184.2773449505677
183.0815902097157
183.3796680409458
184.0020681950274
183.0170049956799
183.1630394252308
183.3328834739405
183.144889532778
184.0198009460279
183.5306202145635
184.3221413547571
183.3776597320883
183.1194529179924
183.2119556254945
183.2781342863
183.8361302881725
183.1280723407775
183.4022759030019
183.0429657107363
183.0510130229997
183.2888694084958
184.2004390445089
184.1991515436667
184.2188686574717
183.0852813063493
183.8191024685979
184.3108189290868
184.4900676720775
183.0346043073495
184.155616610987
184.1714515356825
184.3498210632146
183.384111273731
183.7479002531789
183.2597554728128
183.1438544168149
183.0803908808885
183.3984102009968
184.3386317430013
183.0395403876556
184.1832391301242
184.1311084720151
184.4357129976229
183.6566417340819
183.4507106784546
183.5760567322324
183.4268047963834
183.6411103451881
183.0246062549286
183.1682678228781
183.0891792790511
184.0479348320177
184.6674083407637
183.9062284090563
183.17416245003
184.1615982498691
183.4557973905957
183.6224834890988
183.641724384328
183.0362599802623
183.269498882191
183.3966210494709
183.6402660819843
183.4822133769032
183.1796720649918
183.0966063937818
183.6203794326738
183.0822111004421
183.339640178626
185.0766849167299
183.3511498418295
183.0279057001064
184.3151492659718
183.5545100865526
183.6960693508563
183.0639154361924
183.8263620384124
184.024301786952
183.5449001295538
184.1537410700324
183.1801087460446
184.0874903003031
184.3438120760339
183.2832037940558
184.1184854017389
183.207770246339
183.1929405052691
183.3156721167208
183.1431830108911
184.2494588547978
183.6725900628677
184.3496960695026
184.7320120299514
183.4732401360529
184.619366501951
184.0230900813198
183.5495622371968
184.1753141598508
184.376822717953
183.4350865632003
183.0786478177751
183.0672347874151
183.9662052492637
183.118587554621
183.0298542817103
185.1364872413892
184.7627388052667
183.2987930010876
183.1913030686481
183.00437450605
183.0267582542642
183.4253452655814
183.2355852384786
185.821561555337
183.6550383146484
183.0150572866123
184.1493161194239
183.3252198461899
184.0584418056633
183.0127314889411
183.9733187603205
183.4217575925986
183.144314471492
184.0188028498357
183.6889153741687
183.0331354120281
183.4133641573756
183.4223146698268
183.4914040482914
183.5945697534661
183.1304251506695
183.5756777883378
183.2331378897873
183.5840230554649
183.4665539905596
183.096460377975
184.2272314438392
183.1630395258593
183.0858226995036
183.5410292132756
183.0866367074068
183.0442394011035
183.043032930739
183.1013599581371
183.45484551076
183.6039778498915
183.011684015288
183.3420533179796
183.2285120424206
183.0289062904928
183.3065610881898
183.5471231574764
183.3028262459116
183.2274686586802
184.3798848917473
184.3268487004507
183.0377268286854
183.3322596331847
183.3210170087096
183.6654940281377
183.3889569639574
183.2396593397453
183.2772522923418
184.0353293814932
183.0399638792334
183.1065392127528
184.1528935107987
183.0584071648788
183.2357320713194
183.0023692740193
183.6601359511126
184.1132077300932
183.4310368121028
183.2135813471861
184.0565465678873
183.6338556290917
183.2976827071325
183.3635292736771
184.1703477728095
183.3864570269033
184.0770240029763
183.2822704474946
183.3357857721529
184.077334386594
183.1963804119105
183.4042720358519
183.1028207942848
184.1195769809564
184.3732745279748
184.5092427866739
183.1358462897116
183.1903351817201
183.1743915337552
183.1073258732007
183.1386903955083
183.1947443129976
183.0891368691838
183.4808993872762
183.0855431819336
184.495358510763
183.1285390502266
183.9570869266659
184.0314142685509
183.027074307368
183.6957232498934
183.1624023761878
183.0808720348858
183.3858548353818
183.0825789124365
183.1550012389113
183.8984438209264
183.4897267896077
188.8994783834944
185.4662750013854
183.1594209677038
183.3359331422344
183.3495537451005
183.1534939898226
183.6227264966207
183.001951043805
183.0767110929289
183.592940345752
184.1854897557254
183.6277375117965
183.0298651086526
183.0417517226259
183.3170597984908
183.1876595017659
183.2160385042299
183.465138890657
184.3969915831369
184.2006422046841
183.2663377328904
183.1634688196924
183.3186748098694
185.6713407680633
183.1282893890863
184.6131003205346
183.5428015816538
183.104061629917
183.3039656240076
184.1357581256614
183.1209161808116
183.0741924139753
184.313528607047
183.2790481485209
184.7730160903959
183.0844188132206
183.259619986002
183.2644466309366
183.0288321994506
183.6660712633336
183.1567767553529
183.0097271753174
183.0551711601628
183.7449664138778
183.4137216091911
183.1128255255908
184.2860137984437
183.0632094310608
184.2272837385052
183.5320313668329
183.0471399292651
183.0612577610181
183.1282168385291
183.6263463727262
183.1549298682824
183.1482485380318
183.4358079612391
183.2047338463835
183.4598543112391
184.9971841777378
183.0298925591727
183.1516992210165
183.6995837261934
185.930032576409
184.0068273571876
183.0211821984756
183.060214427569
183.2200397523738
183.4922688359653
183.0411722495951
184.3224042518873
183.8004319170478
183.0165069027756
183.5994898610247
183.7432318126156
183.0741149082709
183.5545436919717
183.2409743476519
184.0418869955987
183.0088561869596
183.0609552642387
183.5104687168395
183.1286821923071
183.5387888747713
183.4149940738637
183.1910300381046
183.6331004312188
183.6979403593574
184.1517852820414
183.3152059534611
183.9592775910375
183.0230833644373
183.0749789793019
184.6429080226448
183.1835851174905
184.5161292342945
183.6681321420781
183.1885876895832
184.3318989267943
183.0809405212009
183.2675679954429
183.6723029253418
183.6461193556026
184.2362623412651
183.6676304395599
183.0119335022753
183.8663269960985
184.3484168999155
186.1873544000439
183.36128313129
183.2885288110648
183.0157211082786
185.2956289692187
183.2992047065977
183.6355040147072
183.9067284428963
183.5020692942845
184.4290719566075
183.0454306277354
183.212365610624
183.1975953773664
184.1173139047501
184.1841438945782
184.2018395424946
184.4943202536547
183.3147829141343
183.0439564049042
183.2568388914355
184.5030130835043
183.3977606471891
183.1432580657654
183.3787843398475
183.1631398329582
183.0686948256714
183.2006279428719
183.0581744480159
183.4207700743652
184.5316737408864
184.196705428472
183.2601474480759
183.2758373552745
183.4770429200896
183.7658577022742
183.2684842735396
183.355862068265
183.2438557231303
183.9650249697545
183.059111165901
183.4403514827303
183.2286555518657
183.1150254426731
184.003916825664
184.1414887274187
184.0483258381611
183.8220814617312
183.016817371288
183.0133180586531
183.1703481026763
183.1429609504016
183.1291329857816
184.0480182094293
183.3571523902367
184.1677309847313
183.5730240478896
184.1564528443445
184.3890732758366
184.6027299267403
183.2959219705741
183.3027778505877
184.1274371549913
183.0794370113783
183.4282704459364
184.207917452206
183.213713592655
183.4505906781623
183.287825226461
183.4416381785327
184.202157453495
183.1495269706743
183.5065317350986
183.7258470821826
183.17810794163
183.2274851472183
184.6316599243205
183.1889461819118
183.3336084633091
183.0409711966675
183.0966266163988
183.3179460492526
183.0559298305215
184.6872157672426
183.8073330550656
183.9297161624015
184.0578244720769
183.1051889779457
183.3009223746713
183.64445157969
183.1311967347716
183.172519174717
184.3772069708639
184.2631897833924
184.0522093812714
188.5954755659662
183.5724024080695
183.4841534734168
183.3703390645028
183.0720320137654
183.3149926777389
183.6093303827286
183.1122768309673
183.1856506287878
183.8358882331003
184.1374194944569
183.1195382081079
184.277293890756
184.3379518052324
183.1642344719561
183.1659668606122
183.0513988166703
184.3268259817391
183.1615316966837
183.0071205710777
184.012236098844
183.3308050307145
183.3581478868974
184.0130015553679
183.6065874309674
183.2953613686869
183.0551424467876
183.4891727792693
183.4153742675267
183.165095085056
183.1964813702425
183.1184806394188
184.4866520670141
183.0818066701226
183.5813269636656
183.0430653083778
183.0969923081106
183.1678381842007
183.3217113333153
183.3786798322025
183.0669718791021
183.2046236227565
183.0494239598401
184.0334426317923
183.0172731895357
183.2195015551787
183.0003574779545
183.2405175327688
183.7517946350771
183.2368716168279
183.1177956352068
183.0629338871823
183.5343647013042
183.115849359467
183.5300379567914
183.2141850614065
183.3180452404623
183.4832381240044
184.2077144905932
183.404664127804
183.3114429720411
184.1720790883155
183.0735101580359
183.1406493137983
183.0146293962436
183.6406241348004
184.2615415881621
183.0796875664331
183.2165641464964
183.0769775534693
183.0959199648367
183.2417118581976
183.8287151262391
183.1053076471319
183.0862066051974
183.2301785999146
184.3314382914545
183.3763489221832
184.0584143849089
183.4552236367853
183.6438503687528
184.4620185190268
183.8698274385457
183.4533839591972
184.2028126427743
184.2845971489051
184.2283922368023
184.1321584065148
184.1340869510575
183.25943657472
183.4463260195319
183.7298045909148
183.2316133578328
184.2766352784809
183.0642100399756
183.1075605660608
183.2350124590464
183.7171610827514
183.0714950058949
183.0755203367721
183.0568170388223
183.5543491516484
183.0465124191032
183.1566984240582
184.0093547909457
183.1581984821723
183.392183081793
184.0717154553171
183.2734669077421
183.2895466026304
183.0663478977469
183.2337567306704
184.3673245722328
184.4031008915781
183.4963677307642
183.3132208520859
184.8837954714736
183.2229551475745
183.2014740254704
183.6328139283136
183.1520978783829
184.0946828774657
183.2386755259775
183.2247548697767
183.1458444526115
183.2328086950849
183.1360368808659
184.3581668240155
184.5591627786887
183.110455199115
183.613555571223
184.3715662812029
183.0663541145016
184.0764039480018
183.1266640584481
184.2009032100486
183.0911114713433
183.2446255925031
183.5938597728685
184.0019298284917
183.4555772161888
184.0045510563054
183.4585709424634
184.6434822850253
183.2672635589674
183.0407488644168
185.0114096993982
183.3553012671686
184.2185276360078
184.1336538570083
183.2354689232738
183.3641711712611
184.1427356140968
183.3966980997564
183.0441670799865
183.5940668761966
184.1132096820506
183.2443815821118
183.3840361165132
183.2993165594051
183.8570349328781
183.7192076117794
183.2497249680239
183.0750526363083
183.7946929416318
183.3358299000047
184.4211335766564
183.7125873938029
183.2745382167973
183.5227762242163
183.2586329425709
185.7146184718574
183.2778823391252
183.3114692793683
184.0312432958813
183.065115046711
183.0593379645443
183.0683451286482
183.4010629641495
183.2678608496416
184.2004117806318
184.1210194068816
183.1987079026341
183.6100712621993
184.0156780767461
183.2580217191885
184.6923925929122
183.4550367891598
184.2466516133474
183.0013939465249
184.9419061332564
183.6891237075509
183.3416595627012
184.1216662203111
184.18729474709
184.3156669837066
183.2020560806902
183.1095319217486
183.5786400151937
183.1100552552013
183.8287298073932
183.5804019149057
183.7617708842681
183.3078347739328
183.2896357573393
183.3465954021866
183.1278077126264
183.0174698981634
184.0637147958567
183.1617818154466
184.0580424655679
183.0070704693506
183.4432687665821
183.0535996601496
183.0071668823529
183.0683297467351
183.428445256621
183.2947752268362
183.1850919750207
183.4509850863253
183.0814038067738
184.2706679511912
185.0166413464323
183.2646872341801
183.5099244794035
183.5533034139834
184.3810410318186
183.1073259613695
184.1484421288222
183.1771537114124
183.0039416679092
183.1677046406543
183.0634636416792
183.0736604169066
183.201982370478
183.2662671120328
184.2481775698435
183.0273859129106
183.4869184140366
183.0888239187795
183.1971882485856
183.4538020023613
184.3899812748722
184.3482390756214
183.6307018715054
184.1743015503983
183.2064675163504
183.1389686330893
183.0492133472064
183.3231021889685
184.725211217801
183.9147468406099
183.1168421455966
183.5914339254402
184.3799392033606
183.8952290764873
183.0786103264346
184.4924156544263
183.1023602563989
183.1033921255904
183.0691456150658
183.2980325667438
184.4518748327606
185.0888406604903
183.2966759069061
184.0165387261713
183.122115155063
183.1768319428379
183.269665378061
184.5164015947051
183.1030975926859
183.2409399574721
183.0046332071804
183.06779527971
184.1434703382422
183.8744650971562
183.2995083422714
184.0603320009798
183.5203037171723
183.5511531913269
183.0149810575608
183.2918693546171
183.6099617651026
183.3482790591211
183.0418137445773
183.1662754598761
186.4395698352198
183.0807443688856
183.3472305352824
183.044138149375
183.3219520061746
183.7828527204341
184.5329592915351
184.9285818627577
184.0458302779567
183.606759055198
183.037016460381
183.2101752734282
183.0079613417292
183.0300298984856
183.1449986365265
183.2039656184517
184.0505013092368
183.008104373151
183.6181213929169
183.5187743999443
183.8258413383967
183.0366472474318
183.1957615577897
183.5233089722987
184.1113650515398
183.1052488628229
183.0500316977125
183.2934814355277
184.0460302693943
183.1278899801651
183.2072078005178
183.143419640559
184.2098783330972
184.627132005092
183.7134669735542
183.3569567278763
183.6567763167475
183.0793831918034
183.4004515546186
183.2202272053623
184.1547587277164
183.5843232578655
183.0768612142658
183.5953919557673
183.428201412954
183.1965265934548
183.2920498743599
183.5065986758912
184.2447199646177
184.1174848800171
183.0558072131726
183.3982812739991
183.417894117482
183.6990563622404
183.4011064895823
183.4495628852058
183.1431726751022
183.9074506014011
183.1160709151216
183.0209163207504
183.0848027696976
183.0616732664301
183.0515328692988
184.0944915246581
183.0393590923425
183.0202675559997
183.4084344779625
183.2246169915177
184.1523735395716
183.1726091225198
183.1008333788626
183.1882378854455
183.8649788607965
184.2588929437499
183.2574324103467
183.4779397018066
183.5124699448871
183.2546493693693
183.6049711890197
183.2265724672932
183.2745886212615
183.2674958091495
183.1876838730348
183.2346578550447
184.0143671359278
183.2068129910748
184.187608804778
183.4322825898037
183.2400208025182
184.5250485371944
189.0790622484997
183.076351411367
185.1230038179957
184.5902625024821
184.1235995691295
183.119471562072
184.5476454887205
183.2233577275902
183.0558054620527
183.1095819106056
183.2127015742777
183.3135863937982
183.1172853530474
183.1312960583198
183.0155541635509
183.0124671588763
183.1757733460597
183.0545793835519
184.2494877190937
183.7632772736526
184.2565434069653
183.1836639747795
183.1111848808239
183.0293143123444
183.1941726281806
183.2704362697102
183.0256632746379
183.9166224954722
183.0456190114527
183.2449089589792
183.7804289374516
183.0160713862184
183.0582580380512
183.300018601506
183.0053792725943
183.2871817192762
183.7884486374926
183.0235071364125
187.0644702436868
183.0960592068812
183.0641780760605
183.0496678529687
185.1703964089834
183.0806358650977
183.1493464389197
184.8445826413077
184.1455217727684
184.3854241393499
183.8626227150238
185.0318575601407
183.3187543277668
184.4567769697159
183.0665945821124
185.0429410832305
183.26231135896
183.1627703933388
183.6617648804162
183.3386988309105
183.0818740863128
184.2033007935765
185.2067704160152
183.0562949332378
183.1368110701306
183.2136972784416
183.5067588708981
183.0396833291917
183.539858678703
184.52141195614
183.0277741197173
183.2412519320536
183.1537525666159
183.305962242294
183.3367090799894
183.2180679901466
183.1263578134918
184.1012967625753
183.2663982473294
183.0013910924449
183.403499473119
183.0300805438401
185.6362071838293
184.2995428988519
183.0954400823815
184.7483453922257
183.1954161973876
183.0624854747985
183.2213018901508
183.2022959325712
183.4261920151105
183.2655907921193
183.078231506073
184.0491240649018
183.3954713444074
184.3293778761436
183.068349856721
184.5497234008064
183.3048787182226
183.1135425380461
183.0983730692023
184.442751810363
183.0292592939322
183.1076484761516
184.1841555103399
183.2959414173477
183.0871668835217
183.1638738309967
183.7997683260603
183.4869134926019
183.5290066358741
183.0750728743513
183.5967037147065
183.5308632698215
183.0573718461342
183.463716032449
183.1152033660442
183.1057632546769
183.3511027271678
183.0769127348311
184.1301562974238
183.0633789141577
184.5324633309739
183.0866345717101
183.1435138446806
184.125780864886
183.1095336326408
183.5427113746483
184.9667575389196
183.26935245567
183.5300891966646
184.0998942475257
183.0104886697791
184.2220819732172
183.2871557953163
183.0341335631632
183.139210712966
183.0935824817669
183.3828394034707
183.3706662455845
183.1239905785785
183.3506524175598
183.0762457505711
185.6283890225019
184.3754118607378
183.0904991219753
184.5427773909252
183.0946932733683
183.2986036494524
183.0675600846586
183.1949480706828
183.4653721948359
183.2515185685166
183.8936629855169
183.0297024660924
183.2561033245847
183.2250707711295
184.2154275495246
183.0780504522315
184.1231591465436
183.3225693714289
183.0707629030468
183.0661140738417
183.0813479045312
183.1611890737208
183.144419609647
183.5748195670234
183.0010550077345
185.676333994093
183.0021320921419
183.1549831329469
184.3136428691702
183.3951905404555
183.8388190876349
183.1231695511881
183.4840504753898
183.791210052559
184.1094653334174
183.2566726966573
183.5487042904594
183.7734987720995
183.4226096330531
184.5431598893122
189.6172767000587
183.8646444374007
183.245220704628
183.9210664484285
183.2760774963015
184.4615030416585
183.1569993375338
183.7181311391258
184.2420720723501
183.1845900811595
183.0341070491153
183.0416724895797
183.6907970828568
183.0321399356494
183.1575948275084
183.0017063178307
183.0108879988033
183.0019649199133
183.0877972186005
184.8740512997911
183.1646438470788
183.7331200444621
183.2156373906182
183.1716357595832
184.1183900688672
183.0668077266449
183.1469749827364
183.1772867134069
184.6245884636292
183.6060358234663
184.1017501415422
183.0410033403186
183.9728243633884
183.235992340047
184.1671413195288
183.0426262977771
184.5513847483193
183.2112735035256
183.381614865847
183.0106790375621
184.1581715339563
183.5350099130966
184.116142435632
183.0969360894682
184.1216112892448
183.5886208516028
184.2115626367858
183.104111752573
183.5000791449275
183.2433013231928
183.4515340156216
183.0236434431532
183.0106670791072
183.0530882783564
183.0213174545927
183.0763092644301
188.2714031730565
183.0070545045692
183.097491479911
183.4758971249632
183.1659507363714
183.3696168605373
183.1664840994595
183.4476299086873
184.3208441017712
183.203346822384
184.0737334729459
183.0102914759551
183.3620023707625
183.7828851565932
183.0028935466135
183.1616091219857
183.8657443979731
183.1980509898822
183.3177525659567
183.3422897715537
184.3003399012014
184.0116565684719
183.5609373974209
183.2556383114142
183.3441228521993
183.962731901363
183.7443368642741
184.0159908193845
184.397130590054
183.7080822628966
183.6427694426897
183.02510864111
183.0178746074806
183.1336517199182
183.0317287973359
183.1344471128862
183.1147063245834
183.0319865059668
183.4452349209459
184.0421662358082
183.2135666656899
183.2954868102971
183.5829390573421
184.2888262409395
183.0904052421722
183.7827059640634
183.1288044576455
183.1085140655554
184.3218201191893
183.2938349108904
183.2858601888107
183.3862660777038
183.0723613787515
183.3333952274565
183.855825917325
183.0067757868297
183.0005616101556
183.4061319532445
183.0279269826021
183.101503152962
183.204969681987
184.0504625856089
183.8203941705585
183.2158952877872
183.4425976450475
183.2738192454663
183.1721431588166
184.5039734774287
183.3344193914137
183.0963255552642
184.3746812898723
183.4112161819629
184.2759900579854
183.0090517303979
184.0277453613527
183.7794799655465
183.2112110323717
183.1272620512908
184.629574978706
184.1241772391663
183.0041608324573
183.0973196476063
183.9768578411386
183.047901750634
183.213137133639
183.4295805141187
183.1066013471925
183.2464681923364
183.2690197163319
184.6968579542952
183.0998232393491
183.2368489191955
183.8461095472527
183.2160952047893
183.0297388874462
184.1780952296371
183.363014002543
184.3618270145085
183.2851948735324
183.5677162281578
184.4528114917437
183.0702325972723
184.3094284420639
183.4592440026397
187.8160166735046
183.1244650099175
183.4279731638701
183.2759650402006
183.2612900032388
183.2437810051992
183.0260678900748
183.2009602795933
183.2254048722436
183.1909323086395
183.4829691527008
183.2944848888309
183.4610430151847
184.1685079464998
183.1140823958429
183.0440422208885
183.0517360447155
183.0124380879537
183.4137167964
183.0764456259132
183.0473209957418
184.1886066330235
183.5213758957831
183.1459063322715
183.4587635089313
184.2972020484576
184.0000017752558
183.6066131479591
183.2281050031814
186.16099268455
183.5389948448943
183.0341613158715
183.0284432069938
184.1913115285654
183.7619113869727
183.0637665168398
183.713119290288
183.1555805941182
183.3491491095229
183.7250204401557
184.6942095721379
184.4776793766892
183.1027317724077
183.3232187729822
183.5805595700489
183.1486398367929
183.1518460259324
183.5452603751497
183.045391329248
183.721978714285
183.0250016425145
183.9926251950733
183.5286603111438
183.128814042701
183.0623864835047
183.2389202747101
183.0767427954779
183.0665025778779
187.1641112513834
183.2932497389413
183.1030478727625
183.8506711822621
183.5063038763881
183.1493537787082
183.1374526845761
184.0359159098067
183.6355333863534
184.0266023714059
183.4928740525558
183.5188746468932
183.4635260284334
183.1560829298416
183.4961851717161
183.2785461206339
183.1070763786011
183.2435558461931
183.353368053442
183.0419162656505
183.0935301350727
183.9965319474025
183.0939208842605
185.330110825484
183.8523463718679
183.051730158713
183.735779924469
183.0231873341236
183.5524739646666
183.5584912625134
183.3156158006105
183.4644018082291
183.1459167506107
183.0394998749987
183.2355491584171
183.1518746639604
183.0703923437432
183.1258698950023
183.6304268341462
183.0003736761905
183.7200271942683
183.4644487051833
184.7473612406138
183.2324369165214
183.3164236684626
183.1339857728351
183.5080574380108
184.243308168747
184.0268624204992
183.5999262394297
183.3791900957397
183.2757865506704
183.3705403120492
183.0875346069278
183.0665795434492
183.1494392959197
183.0682723078968
183.5632334038227
183.862485221542
183.1601701280389
183.3101198802069
183.5068017624398
183.2373062221347
183.130575987035
184.119093656542
183.1495801746065
184.6319536925928
183.066556920377
183.0918794164159
184.2955892368948
183.2902728311104
183.4964111651002
183.318600348416
183.2061024961698
184.0947745613535
183.1773793269351
183.1508104796931
183.0779763619025
183.0792406986053
183.2353656849257
184.3863651296615
183.0216181374144
184.1817410368775
183.2367191780126
183.1881483982983
183.2299041226743
183.430018832366
184.8214729366342
183.1794460359476
183.1475678197497
184.0345723222809
183.4389930296601
183.2380324432469
183.1275344286012
183.189295082861
183.1007442023119
183.0883696895775
183.2976963732821
183.3227494209161
183.1306704722435
184.3294132963308
183.0769086465241
183.2817720192439
184.9245361928311
183.2539063226426
183.0315278636981
184.2317371118466
184.174491715441
183.6201885787183
183.1528156528709
183.0644364041648
184.032657895849
184.3190823546134
183.4187663592235
183.9874809696192
183.0258531958496
183.4172021354603
183.8778153055383
183.3320337729334
183.192074133827
183.1720671820922
183.756806395132
183.130311625871
184.3042859893903
183.6351787088738
184.0285441444444
183.1410037506871
183.0371119343415
183.2295012214666
184.2519994848585
184.3810305346377
184.1707858603642
183.2567849020215
184.3138805691084
183.4420389580668
184.1303921754318
183.0817346845529
184.1018545405041
183.5947580191796
183.096545872935
183.3675416955319
184.1858867724911
183.0682535619574
183.2804272563931
184.0028006209997
183.0336404858957
183.2226505368851
183.6013445400828
183.3950152015097
183.1729362669086
183.0993933144951
183.2164891217147
183.1703358340587
183.0026515559122
183.5055545709712
183.0648733000152
183.6810586439002
183.8397548672064
183.6861018835207
183.5685684386447
183.2356744618428
183.8185784488745
183.0065316107577
183.0656732740521
183.3394233788652
183.0959458540135
183.3947230483198
183.7003625494742
184.3798277848441
184.9319437568561
183.1925340196515
186.3695754385535
183.6403562925264
184.1410359923257
183.3323345717145
183.1095724739068
183.0271027385738
183.0323263443672
184.2424151763497
183.0082375446258
184.1206538353456
183.8414417439741
184.1308446662977
184.0081305846503
184.0839156158042
183.3335898815095
183.2586564003112
183.0026852511591
184.4391108624602
184.2156331144912
183.0235615635025
183.1298350186055
183.287449119794
183.0898091383298
183.1236079293038
183.8925952031842
183.6205490268111
183.490160207698
183.0843516475992
183.0503723232937
183.2598183414231
184.0416810604901
184.3959398549706
184.2286637393058
183.7949598626446
183.0078905692539
183.092912306015
183.1113604595469
183.0193334238216
183.1061258937368
184.0142419709257
183.3305130039665
183.1834307992632
183.4950163911415
183.3775693713319
183.0116743531709
183.1347242551959
183.0697370626394
183.3133103232129
183.0906491326199
183.0685395058997
183.5330616570756
183.0068347088534
183.4404731268991
183.2157097348883
183.3484178121997
184.3369855364173
184.0992681868835
183.0646231402142
183.1705069941599
183.8738633885797
184.1555131523253
183.1912182448258
184.5529427433983
183.8832222857315
183.0596978023161
183.0162411441126
183.5652289881229
183.1319551819818
184.1041472534966
183.3013080756359
184.4457588776456
183.2837787725895
184.0600885780677
183.3265306677928
183.0696208266316
183.6358249032182
183.0202670745548
183.0110603542168
183.2425627959472
183.2092002030583
183.475733648405
183.0146762552326
183.0502325999386
183.0044217143123
183.1433999105622
183.1974822760874
183.7733069582145
184.0923339784254
183.056174260755
183.0380723909363
183.2340295792008
183.1779777346186
183.109644409287
183.3652306928217
183.4468726036804
183.0308689736274
184.1135858996898
183.0148397043397
183.5220872868949
184.0397403041972
184.1748764540188
183.0311456442942
183.2274765915862
183.4272636487739
183.0191371531651
184.0507566929951
184.134731323788
183.0823150168621
184.6561679183233
183.3512243624077
183.0873780140979
183.2107047005694
183.4768529791633
183.492385353649
185.1757089126567
183.3776686476948
183.0650332666327
183.0108338989694
183.2345944918387
184.8421440461914
183.0743893781223
183.8227147439499
183.043626430782
184.0725938552648
183.2363690036913
184.0257070400912
183.3858371165405
183.4098807238996
183.0607782518294
183.0362281481677
184.575482524296
183.0488693831456
183.173396109182
184.6547858889766
183.419211387857
183.0333833983035
183.0962235034302
184.7622304359259
183.4538149749298
184.9380072703365
184.2702210476016
183.2556431499614
184.1384452416985
183.0689840665495
183.0648160085061
184.8555843033534
183.2283267269038
183.1394956509746
183.706608981317
183.1080434682242
183.3753967480065
183.1206021361166
183.0399753095576
183.2062461300092
183.0214572223211
183.1302048602874
183.2000603824064
183.4786544972147
183.8240812372316
183.0668313341563
184.3620104289893
183.0053980960559
183.1653732542002
183.406202718287
183.2579807889499
184.3269775389219
183.3481389446911
184.587500708529
183.3480616044968
184.0148572849952
183.2378257980194
184.9627239191452
183.2203507624909
183.433905768793
183.3687836140747
183.3467271886577
183.4526118971594
183.3580281702636
183.0739606424493
184.6168694144502
183.3019030501743
183.4610919936291
183.0348599387417
183.3868799890196
184.4675404950084
183.7938907901115
183.0545359472746
183.5913774569383
183.1864770711927
183.070019844641
183.6956648731629
183.2586242538113
184.022845338441
183.4357075747172
183.4349996836753
183.657789732717
183.3022443480598
184.0368603504471
183.0269747755868
183.4470474545225
184.3472082898041
183.1781304055594
183.2597687655443
183.2513193846403
183.1489002962813
183.0950878878981
183.4827747241254
183.0473838507257
183.4108435204447
184.7412154807147
184.4167537087327
183.1425773946565
183.1557482688055
183.3877487660538
184.0614207072409
183.2292784416222
183.0061587663274
183.1157010456851
183.4096575270347
183.2017574322423
183.194708853081
183.1846914017601
183.0376604175157
183.4336862345243
183.0724921787269
184.0327230252056
183.0711039537237
184.179010152536
183.5695887591466
183.2576006828962
183.098829416154
185.0714843859167
185.0859515203593
183.1569096022936
183.0789606425638
184.5091198830478
183.1683429970655
183.2366468139308
183.0533641576698
183.0488567468611
183.2170171501899
183.2535344030667
183.1829429092214
184.2120653196802
183.3057087557277
183.1394014646179
183.0652788272785
184.265836649344
183.091537997699
183.4610206678658
183.7149175685182
183.7813048156088
183.1752940682386
183.3029216674364
183.5790355032042
183.0813459437036
183.9062699600619
183.012453145064
183.4308302535082
183.7649191300022
183.148457533426
183.1426172402096
183.2481291923691
183.3114411139196
183.2296647162803
184.1760434480614
183.54610436099
183.0070610610426
183.0073916555554
183.4280788540437
183.7968976987807
184.2825537597855
183.0913721154937
183.4053984524373
183.0315613409468
184.2086055136626
183.013876179843
183.5646159687505
183.0817272138834
183.6067901004518
183.0427004429537
184.3192356613778
183.560222009777
183.4350466580426
183.132239252159
183.2495319922638
184.1051120921371
183.5367008986907
183.3712077476869
183.9111450543468
183.0878414115556
184.7440461592218
184.1817724882109
183.2012269407955
183.0453680361661
183.3824921570695
183.1491976149705
183.5059858277958
184.1753515186477
183.6389205910673
184.1279985431775
183.7244613309012
183.7118956364786
183.2640322951574
183.1941476969076
183.2695240774342
183.1703609234231
183.3015084877431
183.2237249973892
183.1268631262009
184.2657613759474
183.4753414614066
184.0502652387775
183.1369369080336
183.1145361114656
183.0536562548336
183.2458834340874
184.0102502453008
183.4063654538414
183.5236822399778
183.1529580397832
183.3352266969729
183.1794343132736
183.2737954529202
183.1557163920642
183.517125455805
184.8781825685375
183.2162597016689
184.5523793742306
184.0161423853626
183.2095202328372
183.099335919647
184.1797634503436
183.504624117359
183.5591531485266
183.0170785653551
184.0459905526421
183.3107985126435
183.0254626789411
183.5760213623113
183.4976910385039
183.0078291235874
183.1359460947028
184.3069811271671
183.0075735388826
183.5885531812294
184.1333775072401
183.1404402840389
183.0354267028623
183.1414438179836
183.3658600259619
183.2274303945705
183.0479929125626
183.0434447680713
183.0839569875557
183.0356878261344
183.3013417616258
183.1126182948416
183.2954097719522
183.072201164055
184.1248430468007
183.1553404867289
184.1878614945857
183.630183527135
183.0172544160244
183.0933944913521
184.3857141251646
184.4204960420154
183.3260879657036
183.0233437821169
183.0612653807049
184.0034445753611
183.3322987897784
183.1082754754927
183.4505680677094
183.1325782292597
184.8562350712722
183.086794611739
184.6563371248677
183.1957816110639
184.3916194483024
183.0533412706367
184.0981114495046
184.2743368503151
183.6873534852782
184.1548488014235
184.0441876914722
183.8147277600419
183.3893873568184
184.2617367589712
183.0061369374181
184.1342172723335
183.411617783018
183.1296262582787
183.03159530337
183.0373703873011
184.4253680780441
183.0150522260635
183.1514998705256
183.1500758806781
183.5876177314881
183.4570247368662
184.0673073200753
183.0848310308419
183.3992455949393
183.6627830201282
183.4828287504498
183.2063504513642
183.1790937571501
184.0959021849642
183.1046956804013
183.1127376519551
183.3225629884114
183.1558861923083
183.1841445394603
184.0407099939084
183.0482595981993
183.0035721505436
183.3127018486686
183.1746206191495
183.3791976217854
183.1516013995373
183.0715232832432
184.7276170623709
183.5208149137181
183.0346884203468
184.3570437895625
183.7196075650319
183.1557145951516
184.574171790459
183.1682080190553
183.4987149152819
184.1177102413148
183.1226185867831
184.1223846055781
185.1185969992841
183.0471913516421
183.6404898791415
183.4312989353923
184.5374854736461
184.1049239208769
184.1850099761387
183.2838403596305
183.0632632784796
183.4836815947968
183.629851067576
183.370122330937
183.028932998121
184.0837470518933
183.4150554755719
184.5887996648653
183.1702046961207
183.5610184551906
183.6620482936717
183.0547511317282
183.031642958216
184.090793292555
183.008751713728
183.3890212257068
183.6166894713642
183.3175789377257
183.1887416414893
183.2468052829224
183.0408600002779
183.6342231787386
183.2714883310942
183.5737834627293
183.0468197641169
183.3752248955959
183.1064827041373
184.0997342499252
183.0031215493612
183.6425962398973
184.2372400621193
183.0772427580986
183.3303500430826
184.6902378916359
183.459395408719
183.1724084783999
184.0571530526069
183.3843892518997
183.0788365025096
183.2800122581488
183.1293096270553
183.3321473848761
184.578392098693
183.2754181112049
183.5525147991228
183.007769682481
183.2807007152685
183.0504660244005
183.1185175000353
183.3552729802255
183.851408638137
184.0430571084781
183.4319766509414
183.2024860858139
183.748596704233
184.4451748809676
183.1164040757653
183.6713506943915
184.0642238523871
183.1110297471899
183.0394249238074
183.1536005681928
183.2109347136445
183.8621575867744
183.6064614787736
183.8267485410442
183.0141377855782
183.3030432375446
184.4395242301367
183.2176587487735
183.228504181351
183.3675901603763
183.347079272579
189.6692584641174
184.089380525336
183.7935434396119
183.0264851720989
183.0783949639909
184.1351786648846
183.0704943052221
183.0475814245647
183.1944834227553
183.6790248859409
183.4451648745341
184.1472958282969
183.132316146608
184.0124772939084
183.4118014174338
183.1217821268665
184.1319559319275
183.418349744371
183.1545022372379
183.9883307871599
183.7653783446698
183.0477652774803
183.5491485877655
183.0190632341541
184.3994321890195
184.1094871745738
183.8715722842655
184.065738603952
183.6102964141305
183.147288827762
184.1777965560269
183.4009672428698
183.465041728533
183.8926343985109
184.1141723337202
184.1783171387917
183.1163047346241
183.3655818469522
183.2052145072082
183.0837161757487
184.0690316653887
183.1742040964009
183.05955893597
183.1647965969345
183.0637179579572
183.3697770309375
183.0594177497796
183.2594046296055
184.0183513364964
183.1100633289573
183.8459036549511
183.0140013506311
183.0100867720894
184.005409108019
183.1586939294242
183.1541295888014
183.1757806618598
183.4607555081214
183.1937439952449
184.095313422374
183.3828841831882
183.1364898980412
183.0830350555238
183.3537828207124
