1217
1228
1231
1222
1225
1210
1222
1215
1233
1225
1225
1229
1210
1217
1225
1211
1227
1217
1223
1220
1217
1214
1231
1227
1212
1229
1221
1220
1233
1213
1226
1232
1233
1237
1234
1222
1223
1228
1223
1225
1214
1213
1213
1222
1220
1219
1232
1223
1223
1225
1216
1224
1226
1210
1238
1220
1219
1213
1225
1223
1212
1222
1225
1228
1215
1227
1215
1210
1236
1220
1227
1216
1252
1226
1224
1232
1227
1223
1219
1223
1218
1223
1216
1215
1222
1220
1217
1224
1222
1221
1214
1226
1224
1233
1225
1217
1227
1229
1229
1225
