1259
1256
1255
1254
1252
1255
1256
1253
1253
1251
1258
1254
1256
1255
1252
1255
1259
1252
1253
1261
1255
1253
1252
1260
1254
1252
1258
1252
1253
1252
1253
1261
1253
1256
1253
1253
1252
1252
1252
1252
1257
1256
1263
1252
1253
1255
1253
1258
1254
1259
1253
1253
1253
1252
1259
1251
1262
1255
1267
1261
1253
1253
1259
1253
1253
1255
1253
1251
1256
1262
1254
1257
1251
1254
1257
1251
1251
1255
1253
1253
1256
1257
1253
1258
1251
1261
1253
1257
1253
1254
1256
1254
1251
1251
1254
1253
1253
1254
1256
1259
