1174
1171
1155
1162
1162
1157
1164
1168
1155
1155
1169
1155
1156
1162
1155
1157
1157
1157
1158
1166
1158
1158
1155
1182
1157
1166
1160
1155
1157
1155
1178
1158
1161
1155
1155
1155
1154
1154
1158
1157
1157
1173
1158
1158
1160
1156
1155
1160
1158
1155
1155
1154
1156
1157
1182
1158
1165
1167
1156
1155
1157
1155
1156
1156
1155
1154
1156
1156
1162
1158
1154
1159
1156
1160
1165
1154
1156
1158
1157
1156
1168
1161
1169
1164
1155
1157
1160
1156
1157
1168
1158
1157
1157
1154
1156
1155
1172
1161
1156
1157
