1530
1528
1536
1537
1528
1528
1532
1531
1532
1528
1528
1534
1533
1530
1533
1545
1527
1528
1540
1528
1547
1530
1529
1531
1527
1529
1530
1537
1531
1532
1528
1543
1547
1533
1532
1530
1529
1536
1533
1527
1531
1528
1529
1531
1531
1531
1537
1530
1535
1529
1538
1531
1535
1530
1532
1538
1532
1534
1534
1529
1531
1530
1538
1542
1529
1529
1553
1532
1531
1531
1533
1529
1532
1528
1527
1528
1528
1539
1529
1533
1537
1531
1528
1533
1535
1540
1533
1528
1534
1532
1540
1528
1528
1531
1530
1532
1532
1546
1529
1548
