1523
1525
1524
1524
1526
1524
1525
1522
1521
1522
1525
1523
1525
1521
1522
1521
1521
1524
1521
1521
1522
1522
1520
1522
1522
1520
1522
1522
1521
1522
1523
1521
1520
1521
1527
1525
1522
1524
1520
1523
1525
1522
1521
1525
1521
1525
1524
1522
1526
1521
1532
1521
1521
1521
1522
1522
1528
1523
1529
1521
1520
1522
1522
1526
1526
1521
1527
1524
1521
1525
1531
1523
1524
1522
1522
1520
1521
1526
1528
1521
1524
1522
1527
1529
1520
1522
1523
1520
1524
1525
1522
1522
1521
1528
1525
1523
1523
1522
1520
1523
