883.2662735091121
883.5127959522358
888.0023532427067
884.1703135421744
883.3302544221234
894.0304700697858
886.1204499011682
891.6565169396498
884.0879934690017
887.0595515775973
883.4382950969787
883.3806635836343
883.1545908216534
883.1462958753339
887.2080918204699
886.2321200246258
886.1337502501331
883.0006893356734
883.3115839803999
883.1649631166781
887.1239868163715
886.3385555112159
888.2197886818625
883.112083992218
883.573940294266
890.3695098583413
883.0432103669411
884.0101529518549
884.3466937353263
883.0324630726249
883.1079951709487
884.1556878079347
884.0950056773233
885.5451645509639
884.2052386091667
883.2373676941681
888.3852714416084
883.0491542684514
884.0024864925673
887.1299085648327
883.3592083512921
883.0736166297578
883.1210283603451
883.3138114539942
883.3829988532212
883.1428780344676
883.3717091495167
887.4316216892327
883.0377893213423
890.2863283168713
884.4900489196864
884.618812251612
883.0289081674952
883.1873731981767
883.1085094996267
885.5060539947041
886.0193999293563
887.9992688232678
883.0583693327371
883.3940451152243
883.1772559904083
883.3961951831913
883.115256367461
884.0138603321227
888.3925610446108
886.3597311310838
884.7524098750082
886.1060260114344
890.69154946772
890.3024922333072
884.0851194416059
884.1400999308735
884.1033735131487
883.3027008811202
883.9967938674303
884.9301002731834
884.17698855132
887.1625873894386
883.4125819129767
883.0104499540118
883.2601886958558
886.0543138432947
893.5953784963842
883.4101021506887
885.1451928350939
883.3393606180013
884.3328914263224
883.2802570595821
885.8123879861249
883.3943280966625
894.0699104048138
884.3859438206221
883.012234338877
883.1557663326756
891.237238962695
883.3531840940565
883.1378906403272
886.4830536843178
887.092118299561
884.1814032036499
884.1532450756915
884.0681168161143
884.2103939628705
883.0998258210325
885.0683954341748
885.9367746775441
883.8521770671277
885.104387780236
883.1707328150242
883.2704931628722
884.2440927244988
883.5601746170435
884.1699373486038
884.3406710075936
886.0348041294557
885.4161913178544
885.2600062420037
883.0553077146913
883.1513932511383
886.0759308005715
888.1692908314212
886.1014206873563
887.3285649665199
883.1366039497202
885.2406742639948
883.0061190285908
883.1961381730331
884.0381690309914
886.3641367768712
883.5294519236007
883.4696955994187
883.1026899283764
883.0366287337011
885.5858734474579
883.2034634427484
888.2343400703538
883.5439597064803
889.2638120645987
883.0851360292903
884.1034877468255
883.0402732561373
883.140242288483
884.0385516227014
884.1834906761535
883.7035928826698
883.0135623563622
883.5129743928303
886.7192816691884
884.7685157920935
883.3660317142933
884.0042911412285
887.0801036598886
888.3848934713384
883.2781321432133
883.1989208602147
883.2303904552754
883.5451504655503
887.0362019693129
884.0614512842174
883.6139982264906
883.0621294799678
883.3225484779502
886.302660536571
883.4932985919156
885.5245553679086
889.6388232211534
883.7228516748164
884.9225425357773
883.0464506350305
885.1109257709358
885.0286992412389
885.346706395426
883.3960262081122
883.7040601208976
883.2100946968224
883.0138049579971
891.5167462038261
887.3297970931695
885.1194690506716
886.3076230962995
883.5304191797068
887.1877951297685
883.1221407476669
883.8918710867814
883.4463766599682
884.1422278406793
887.128913260179
890.5909772151717
884.346028131183
884.3949877598254
889.7830919792186
888.2934594997853
883.1951473142494
885.1274682626895
883.0276489869182
883.0356842146568
883.0253117423027
883.4754251998186
883.0571306358087
883.0060140426954
885.646182322456
889.1293742204795
885.6808519793625
883.4394491738096
883.6779847034883
883.0164911883174
883.8191100318049
883.012708632448
886.2894541354385
889.7378174844966
883.3633224556763
890.0177824853795
884.006426622849
886.2660713193684
892.5106378158447
883.0546702209164
886.3178105860228
883.258101392852
883.1591301114096
886.1185903367196
883.575705382136
885.653245176746
884.4008566509779
883.3326767000494
883.1050755773753
889.4368677864588
889.5195165260602
887.7437143850015
883.0054564861123
884.1870766445763
883.6715960342825
883.6645840223981
883.2342521948068
888.7276106174406
883.568171893278
885.4635686758454
883.7249128002775
883.4252401115839
885.1400509058459
886.3146478219281
883.2398116466695
884.0325270765791
884.6478710673264
883.0469480654936
883.0750753208941
884.4680062175837
883.0924697705184
885.5430061389727
884.070033550532
883.3276144671017
884.1980642314896
889.1567885519487
887.1876831196561
883.2778198169415
891.4455091702375
886.0861372763648
883.8000644475217
883.8936417844382
883.6586274428428
883.6263125644178
883.2035817900766
883.3450348094452
883.3708349157779
883.4623334895
891.0772407693246
883.5983789316517
886.2344288880264
887.9721365876023
884.2463409365018
886.0674152571939
885.2100855636539
884.1004949707822
883.18400364242
884.2424829542377
883.5812878354731
883.0453830648675
883.7780772084568
889.0637966867002
888.633852444092
885.6892815081122
885.209479208249
883.5810883439535
884.5075414091311
890.0017622980413
883.3590597331236
883.2150960444176
888.4111622349983
883.4685714361326
890.1143078363689
884.0431525988051
894.354590921708
885.0275146882258
883.0781796692148
883.3061514430733
888.1183987720184
886.1506366254908
883.6908428594076
884.146609842793
883.5700941785908
891.1356010789891
883.3198552970653
883.1046366974373
889.7271767177452
891.0101946801694
884.4352112120836
883.2375207632529
889.0496473695987
886.0217848503084
883.0484021345114
884.0012297252126
884.3570146479354
885.0025677922791
884.122761544321
883.2384370953788
883.0303077140121
883.7481889666158
886.2338756117257
883.5257732444164
883.542854514578
883.2588705807641
885.2256200768636
883.0239364954772
889.6075708527688
884.2319285855607
884.3929412407093
883.0040048957574
884.3445355636962
889.1596776935612
886.1538308787025
883.2398380550131
883.1606655887394
890.2863026788579
883.7475907649382
883.3555363990564
883.2293841460499
890.590560655554
883.3891102384603
884.2026483163665
883.075315874393
889.0251462850257
892.3143868933088
883.173371598152
884.1510802982535
888.2311214430661
886.0464069643969
884.2242200933161
883.1056312603002
884.1160846090559
883.1826601932607
887.2681150159167
889.1026480248605
884.5800222714162
883.1377620573289
883.3548520307348
884.4025314568489
883.3164412611044
884.759114372013
884.2676892325574
884.0655580752621
883.5195830341636
883.1616471398254
883.0660926223585
883.3579347876336
887.2507684511666
883.5651388033688
883.6193037658112
884.2090562556002
888.0286420046552
884.0255393736327
883.0638858399257
884.2008543146524
883.037588586109
883.0856469367378
886.2297006832836
885.092857026748
884.1510396993586
883.0222989965968
890.3477669373638
886.2959334350468
883.0851591419579
889.3560324421946
887.3812162317606
885.0184443765893
884.8462519675423
883.1045768489954
883.2135779811819
886.4023113963468
883.0845396355553
883.3748661682299
883.0932573676638
885.3200533896473
883.6136527633633
887.6762604584231
883.2458003712222
883.2416778591488
889.7884276854187
893.5769406839646
891.601781727233
893.0094078328999
884.8951868285586
884.0576036378521
883.0895685222076
883.7697207047709
884.0480448506302
883.4555721447573
883.1056755175586
889.0250378800929
883.1748766130427
887.0434071849404
883.2831999279119
883.7833730597462
885.0569177069615
884.4813637694473
883.2283568147151
886.1682388087894
883.1123360266945
885.1635301368541
887.1344826495059
886.188080539856
883.2333829032399
884.0757663567539
883.2217982973448
888.0724529298652
883.1563939891109
886.7575359864392
883.053504924091
887.0767159154564
890.5216421864026
886.2044492475598
885.5322529270767
885.1724167017619
887.1837754578427
884.3469785635333
883.1303476600148
883.1473950875646
885.1737957040679
883.3697837124095
890.0783001018483
887.2634309919556
883.0167056241619
885.556516749709
889.8666449229123
883.0555786975217
888.1582409069333
883.2644437342187
884.0498748587205
885.2525713416114
883.0215488205885
884.1983067694224
883.409232890903
887.0521055005198
889.6726016321563
884.1576007158254
884.9414566888154
884.3678074721776
891.6489364669337
883.1408241340104
883.2424581149867
884.0718653651634
886.192280541063
883.275817372569
885.4349027721456
884.1675459018816
883.0963696863414
883.7330528072015
886.2245899654223
883.832046207614
884.1657173256564
892.0197918262751
883.2494870561511
885.8245012273364
884.250641280429
884.1150849215188
885.3353083064598
883.193202606941
883.805603683962
889.4837443830947
884.1527091431411
883.535408041467
884.1407717342561
883.4928074404409
888.7927658875973
883.0023018888938
889.1565151452907
885.3918176759506
884.6640941638893
884.3921582886416
884.0516286663968
884.1808524986089
883.7677448888971
889.4341825381591
883.1822144096074
884.3633258711587
883.2446581307563
883.0451324885956
892.5362146939613
883.0865999632509
884.2048875881817
883.0584539511489
884.4080339668755
884.149583682017
883.0890513922732
883.2352246435779
883.2824675863906
883.6764976561166
883.3138160256012
888.1714687340825
883.3950187573897
883.343449573369
885.527946742406
884.7359094577397
890.1768776594752
891.8273596212186
883.7072530823696
884.3542524829908
883.0933208715079
885.0897627718778
883.3345943966815
889.1825749631203
889.0137975505662
884.8948342528502
883.3664529087582
883.1448244799553
884.3844041952034
883.2692768526973
886.0510697180354
883.1716700751477
883.3119849768366
887.310665013605
883.29076052156
883.2674857563047
883.5503971592524
883.0499824839253
883.0357177200713
884.2147262489949
889.4026249883641
883.1487636968288
886.1668685694951
885.4308063872693
891.0225899072764
883.2723719588298
883.4294151581736
887.0924808282138
883.2887830475606
883.5869687949906
884.6110509928635
886.1999257776641
884.17597943896
883.106081807461
883.6583864205135
883.0963593656802
886.0420703809116
885.3301327697349
883.0872405999512
885.2521060907271
883.1161663264136
883.5510987610576
883.057357821805
883.0062694025851
884.4959831778576
883.1972169147703
883.0040187127773
886.2910319704688
886.6337493369565
883.3867216834378
883.0722480248528
885.0951619311941
883.1698600218659
883.1129335352226
886.301420815588
886.9145391246121
885.4332684346197
887.2718331707196
887.1728617520863
883.534428911672
887.28687164418
883.1235851038632
883.6172079824565
883.1386004396429
886.4658458331136
884.0048485248867
886.2905151523754
883.5520430969582
883.1111303423733
885.042699226434
883.4619661961057
883.5613301594053
883.0019690446841
883.0555983194776
883.1377885047166
883.2316020304274
883.1842682829599
885.0486515942271
883.2070780726802
889.5430954446546
883.2475284850732
883.5808801007028
884.446997710732
889.2435407783283
888.2636568018445
883.1773374405981
884.2354080862088
884.3693270189491
883.1518976350802
883.2328460039085
883.1541557853684
885.0943755349997
885.2326368204183
883.4153791931337
885.4709044540211
883.4240981886126
883.5521451020154
886.2874447313164
884.216736990602
890.06256496587
884.0207815459836
888.1826021820057
883.3060680197622
883.5841664377714
889.1829698535403
883.156197963776
883.7282042573848
883.2238260136907
885.4222345898852
884.2339556286676
886.0258459051619
886.1389534208369
885.0057731379316
885.1859650325623
883.0890884551694
883.1492941596259
885.1523082149533
884.1504499826171
883.9297766935059
884.4163260990659
884.3081322076581
884.6390982097864
887.4059529171155
883.2393246935802
883.2437926931127
885.41578590282
883.6886850825248
883.1389402664436
885.8941873599695
884.3385552265711
883.1893663607373
886.0900885512465
891.0434017940248
883.000603073987
884.4762398408334
885.1741758189407
886.0295731675317
886.66730017952
883.3607921311665
883.5787942415114
884.0282018768208
887.1597725502253
890.0977066394295
891.3103369958405
889.3065522527803
883.5516974735419
888.1171468613006
883.0622906057197
884.0504547638697
886.9800703607449
884.1208601854722
883.2536893874662
883.5653367640754
885.2259534035067
895.1260805429522
886.092210762777
884.128821796498
887.075545183403
883.046448748464
884.1938753771045
883.5096131389877
883.7348595641771
883.0520110111503
886.0343872110475
883.143165811936
886.1226655199399
885.0158861693442
887.1025508354435
883.3882304707978
884.0239427865412
883.6604764513826
888.0550249728233
883.1072120177125
883.2806777242427
883.2806056573901
883.1770156437117
888.3683096358984
884.4047342953744
883.2587239121965
883.2341854186014
889.490155039613
891.0345506722049
884.2919659610305
883.2929521133756
883.1212849976674
883.2955547994069
883.1236279085342
887.0755992173589
884.1842111785455
884.1083001362518
884.5399056840124
883.1809647684566
884.4373114511028
883.3507626854918
885.1220363053881
883.6777631285772
886.1770652927956
889.2682436727487
887.1113755327815
883.0280454317395
883.6324554437409
887.0843652528523
884.0193143672311
883.2068707025777
883.379385976576
884.0530484625384
886.1634036501108
886.1421851630689
886.1160289750421
885.8017425216251
890.334430239474
883.0207516536252
884.1717319390217
889.4268495060224
885.0048992897508
885.1773840126178
883.2226653686979
883.7568758549087
887.1076948929948
884.0656878213254
885.0977569381606
885.4525560469148
887.302059862497
885.1642305964207
885.9577634613312
883.4920411441185
883.3498634975878
886.0760563646406
884.2330868420354
883.1287361847502
884.287125106251
883.0944923598996
886.1314872603234
883.432055383781
886.6355051640528
891.0015231435184
890.2332863851775
883.1654294225167
884.2979151495804
883.531552255828
887.103744793106
889.183401103702
884.4850424306562
888.1224062423423
883.2081504496172
885.0785818864995
884.4242106483041
885.1075669224056
884.1646671055896
884.0786148969634
883.5643750793249
885.1637009275511
891.5017043494089
886.7837568616105
884.2468712008098
883.0524788167999
884.1736655409452
883.1870649440134
883.2577681129668
883.6668300051847
883.1382946992629
884.7589520445986
884.9209649501346
886.0238762949069
883.2596006348417
884.8738399257992
883.0146002278399
883.0570549778256
883.8699985837185
888.2086237078129
883.2335485675198
883.4607156954935
885.2893092264246
884.0986516417337
887.1093920396997
889.0781526787968
888.1738285997542
893.0898517595296
885.4059703507692
887.1387897220228
883.4001684431624
883.0655624329687
883.3206539914286
883.7645617599788
884.6669377037256
883.1277095125395
886.0228608757249
883.114917391611
883.3248323137319
883.3742499937225
883.5400491407836
883.073523482235
886.0621241670586
885.3587344329302
890.1125218929641
884.2214324428298
886.520352275642
883.0535864315359
884.5177990896116
885.1603755466617
887.2376306586675
887.103562565619
887.6390153980948
885.1168830249287
887.0313664703272
883.2568174107151
884.0745014985429
884.327415456697
883.0889493546194
888.6582483494321
884.2456938597875
883.2279502530354
887.0586245851551
884.00950763307
883.514737039871
883.050941246277
884.3206885236178
883.1292742808349
884.3802477461394
895.5376975623918
884.5475645156729
883.0860469638444
890.0035876799689
885.4289175358188
883.145682587252
885.5782993100232
886.0482702525022
883.2820503095635
886.6318109280294
884.6380811975604
883.5236341060909
885.5148716536814
886.011538550114
889.093841672436
884.0242215270932
883.1109052358846
886.393818934111
884.3972526435468
885.4749205496665
883.1935147748336
886.4754260357507
885.1763746351227
884.2641314458918
883.8460980794905
892.0053987598811
885.079564274763
887.2772933494681
884.5626917160497
883.3291719960748
885.3239341451851
889.0742977953147
884.0861944271785
883.9843178527708
884.1002470942872
889.3771561638794
883.1378408520715
883.4294359447026
884.1403262551028
883.1605916651811
884.5767039652142
886.0945098103962
887.6816044224387
886.1540384154346
884.1972398133415
883.2792655881668
884.2729778869191
886.034171340311
884.3507194310959
885.930499523896
884.1734927677759
886.0676686152585
886.2749448913507
883.1397556450745
885.3528038194162
883.6819146586216
885.1819073584684
883.0585263969973
886.1288535904038
887.0596346526797
883.0161933517836
893.3109334999778
883.3342609474735
883.0089912980335
883.1150151183691
888.0492434575057
883.477086400694
883.0909734813041
884.1205792582516
883.075730507165
885.1991645673963
890.6911584440832
885.6631282578742
883.5152790566174
885.5851645372815
883.4902072198544
884.2481602382207
883.0946752606717
883.2714067677099
886.7890976384534
883.6520318320694
884.7829090040038
883.0988005584209
883.185124089405
884.3383848241748
883.5415130248261
884.1878521919926
884.9095644174948
883.1800371681353
884.2689008168884
885.006279974791
883.4682159375136
883.7183079901001
883.6797001821927
883.4533385999649
883.0244672388484
884.2937822315878
886.1741941430747
883.369983866534
883.0781106273713
887.0100978024503
883.0218546011483
883.0442088344101
886.2332546672101
884.6770862481274
886.3308745740461
883.3038925370065
883.2785794999173
883.1242629505989
883.1499267484837
884.3126965385046
884.406973868285
890.6828971832065
883.9126080435267
893.0901370104892
883.4385525187903
883.5317428099063
883.0592884529453
884.0347103332539
884.0340338087894
885.5367222011772
883.7231402855695
884.2187321844217
883.3734383332435
890.1709889604905
883.248529249603
883.1019763928753
883.4375199174499
884.1611460192124
883.5646546170553
886.2434626235149
883.8165348490946
884.4484661703815
883.0509600094366
884.1152089569664
883.1019310357628
886.1020194427381
893.4281201010039
884.1830618644132
883.2089274829158
883.197464489293
883.3843102068909
884.1746076173587
885.0516908968458
883.360924381696
885.4960194501665
886.287356861024
884.4430965213841
883.0987916399346
883.2175968766009
884.4306690125401
883.0020074308153
884.1902983872824
886.1289393063255
883.0620320375563
886.2438896727042
887.474317019553
883.5922229216795
884.0306547750647
884.3738573369933
884.2884467014029
887.0916419078391
884.1485965835993
883.0967771892701
887.588269694716
883.4723983841013
883.1412444377396
890.0006318715784
883.0430087751603
886.790912628429
883.1649324277544
890.1385846617535
887.3766877806314
885.434980176874
892.0394986742527
885.0004077629006
883.6747034882409
883.4363757628859
883.1780164310038
883.2811089297979
883.3822593278273
884.0443612760597
887.544801982753
884.0662944881722
884.0419517148963
887.2466707178636
885.4997037077208
885.300765759909
883.8622410037835
886.1612564991262
885.4632803235054
883.3093707584264
885.2863870046606
883.0102446177825
884.740378357084
883.3246900964693
884.0198983880632
883.6215328984345
883.331167087821
884.3472318428816
883.1064852771757
885.2132900155657
888.1915551118393
885.2881015225719
883.8161702890566
883.4358544818297
888.9813944081059
883.3061249901327
888.0028067070449
884.2966551278498
883.2160108982391
883.3892682661588
883.1570036745643
889.399344776842
883.5021607185878
883.1097063050825
883.0464571935663
883.1075921622594
885.1203835488039
884.8325771434952
888.3485760714702
886.7345701903645
885.1273264536761
883.6125246139928
883.0430221551209
883.1951006232533
884.4121134130754
885.1305599918641
884.2128149552178
883.3208536640469
884.2434957073908
883.1884062628599
892.2703248646283
883.4575557541818
883.1241654355878
893.0953592515247
889.171899080471
888.007532986875
884.697334541497
883.8671381448652
885.0040829629421
885.0068524064286
883.809441285822
883.0839313486533
883.2985343230006
883.0998594833375
886.3715729715057
883.177768923993
883.0126484276749
883.6338872705807
885.363899179075
883.1387050965425
883.131250131252
887.2350718582926
883.6265948028164
885.1301049590438
885.2048705144679
889.0209871822419
883.631409165278
884.2177016102997
883.1076908493775
885.9553915749397
891.6238870809544
888.1427171116883
886.887470123201
884.1072989298591
885.013490292769
888.3933777154286
883.0143207834024
883.2588084475894
883.0418262356606
883.1573479954488
884.031817853895
883.0769332703892
883.3980608347529
887.4853888859789
890.150835299682
883.1295463920809
884.9788853519128
883.1024116551605
883.3701595014808
886.5046040059991
883.1506362900946
883.0796256260176
884.50757725616
885.0256731173946
885.0254482345051
883.6401128682378
883.6714377430811
885.5507194093275
884.2250308407782
888.0238487171107
883.4742111114184
884.664829963638
884.2812475554445
885.2113534346853
883.0268603405382
884.0770701074877
883.1392385050694
892.2722457125128
884.5275392040918
883.720081377603
883.0306988695125
883.4744066043769
884.9198812497482
891.0845057568928
888.5675818301219
884.2120401550139
885.8928203167076
883.1843959320106
883.4196548661657
890.0672475991308
883.1757020045665
884.1827091971909
887.0148487714264
883.489625583216
890.3567442912502
883.2590650647712
884.2353993199557
883.6744894118699
886.3769547457206
884.0895135826813
884.2792719603057
885.4068909026975
885.7565453151808
883.5858176905671
883.8755013923942
892.0687875577617
884.5391894913262
887.2301144204692
883.5812276439677
883.1427372612885
883.5023454158584
886.6382902418113
883.0510292773125
894.0146300604689
891.6340335097112
886.6378798438682
883.2993042020786
883.3659075516152
889.3101571447444
884.0924373156212
883.7309659085839
885.1865347594271
886.1763360228337
886.1654796700872
884.3347580535626
886.0164083340139
884.0400431355773
886.0734077639626
883.3193464857217
883.0425824095337
889.1401885193286
884.1670106445443
883.1585896169402
885.1187985830035
883.0677089040311
883.4598352210743
885.1210186308812
883.7528564967538
883.4803872885999
884.7432629144461
883.3258304138375
885.9784908530655
883.3880670376246
890.1409995287497
888.3552403408953
883.3562028646195
883.3549633931124
883.3923813716754
883.0488710393721
883.8610852361775
886.2771222967699
890.3631899326082
883.5888304243296
883.8216331296596
884.2259143743952
887.8263435444331
884.2811201802031
883.1409174905137
886.1589345835707
883.0442723298361
883.6048605804172
883.0725274477479
891.3189139728657
884.2542597845636
885.280288245313
890.103990780134
885.1818907298999
889.1216082444149
887.2063297046897
883.2998020656431
883.3479689908348
883.6376795288008
884.203266171662
884.7302415914461
885.1702700119819
884.3202400212233
883.440615820999
884.0665513606109
886.3910413842237
887.0750282312464
884.5947094799108
886.4732988297498
883.4537842741325
884.1672567250753
883.4253336735525
883.1541866962732
885.1009943045146
886.4652045512042
883.1424557620567
885.5537663818237
883.1935697500094
885.3892721883298
887.492862850059
883.3270064915552
883.3565921429955
885.2537145848353
885.4930739361656
883.3324364268983
883.1101330983919
884.1534515013551
883.5189748200062
883.1449571893772
883.3008880739026
893.2851806427515
885.1092048189126
885.0906180218852
883.3900027709258
883.175513221753
887.7545214500634
883.2462673305098
883.5575054478345
883.0158602542504
883.479572617058
883.1908920806873
887.4135322627958
883.4842179088406
890.1533856844851
883.3445715507386
886.3357138177265
893.1027707778022
883.2258961410434
883.0789073265142
886.0119308391912
883.5468860515224
890.2545551532337
884.100937075464
883.8662307789822
883.0142563089684
883.9536023093102
886.746779970836
885.1293659835774
883.500981502667
884.1110884819824
884.4410794559368
884.0574202980841
883.330047014695
884.2384525779108
883.4471480212309
883.1687632039411
885.7736810948278
884.1305297295164
885.4565120902031
889.4833034925098
883.8640474755629
884.1045076361414
883.2636694191586
883.3810316997408
884.1629492408543
883.414891278295
883.2615563602942
883.3088334238302
883.0775931494269
891.0062414227331
883.8429731254821
883.5221778175384
883.2631572728679
884.4040501261777
883.3250145170995
883.5373175606433
884.2559304038452
883.6982143317982
885.5243045245559
888.0624352487531
883.1346811290043
884.2109954591214
885.1735717033806
886.0422957050394
885.0562008390414
886.0260148060113
883.1371579266425
885.4874158489469
883.1018600873069
884.3279542285718
886.4689338414586
883.6735516062788
883.2109552492193
892.4072530763818
889.0279870469631
883.8271694680068
884.4527128605675
884.653374357825
889.0618150777742
883.1109557118325
890.6503077965315
884.5919730386228
883.7527851855281
886.0234192394589
883.0385640105914
883.0804147432062
889.3834760019657
883.089580568642
883.339748079682
883.1442331898776
883.1539334057361
883.2109372389631
884.5995495301514
883.006480399262
891.1016509490765
884.0621317590233
883.1002724993447
883.3272843974411
885.1659600060253
884.6337581201332
886.0124769652138
893.2895246488062
884.1954762029993
883.47230838451
883.3863524034432
883.0598257536112
883.0192018125614
885.004918326468
883.2141013274816
883.5093930629083
883.0081039025715
888.0579655906557
883.6922610442803
884.1865410673676
883.3531465473641
883.2602936674538
889.4346807148241
883.108233259772
885.1890594866397
894.6791246979793
883.0972706949752
884.1201780309588
886.2158280884016
885.093657302767
885.132276891042
885.2805098643579
884.2921864747757
890.0343652655637
895.6687282044422
883.2972674225575
883.3983062392815
887.4260048492209
883.016937197
893.343675417021
884.8583241233866
889.1349937067819
885.0377392454599
885.2666286398551
888.9188939309574
883.0322019981039
883.04405867298
888.1718720005738
884.1127707764991
889.0390550898302
883.1636338166902
883.0617851049633
891.3333627831439
883.053740509019
883.5739890551464
884.9015278373253
884.052767029833
884.1725408809145
889.3942391719379
883.9424224036129
884.3177467252124
883.6479936004768
883.0085167967271
888.0329282642059
883.1908518175983
883.110643336021
887.523291206346
884.2396058283562
888.1504319890747
886.0118662089151
889.0594466310112
884.5106143591074
890.5071549329543
883.0472863005543
886.4422303048009
883.1171274866743
889.0984532999497
885.2434392567174
883.2549076639563
885.7687449899425
885.7510970971687
884.2987159281176
890.3249553770988
883.065691672256
889.4116243786991
883.4255476751432
883.781255319962
883.0109702623254
885.0131630412515
886.3901293789519
883.8151189337023
885.2232791437242
884.6631936419708
887.2906231870361
883.0225536226758
883.0256501700279
892.1655707079105
889.0937388256582
884.002066923795
883.0989406713692
885.531208742978
883.0927051734138
883.8917454888436
890.0331156400881
889.1145420792809
883.390897422508
883.0863710144891
883.4159079098308
883.9591370712143
883.5777748317892
884.9875657419902
883.12630080494
885.1754037444252
887.1241531442515
885.6884303649932
884.0147320302214
883.7165562795951
883.0743445265175
889.1697636650148
883.3568479772955
889.1458268605429
890.3995395896455
883.0322325310409
883.334034534259
886.0650353241917
883.2024692422551
884.0527371357364
884.2027926701891
883.7376773182426
883.3728062962301
883.2549851934502
883.4230681774181
883.6866566127089
883.1180339170866
883.0316828569211
883.1645257902886
883.266145682062
886.4767823055156
883.0214950907406
883.1142870587805
885.1583912411573
886.2154371682315
886.1416011879137
883.1306225787745
883.2456417846997
883.2371538888267
888.6136867615849
883.6884118387777
886.0569311422217
888.2767132686847
883.6247628766973
884.7043879700976
883.2033301511495
883.1994276139459
885.3918445119983
883.0879373471632
883.3437138621919
884.1409969247288
884.005017456561
890.2104513488572
886.2429265664609
883.3130166737061
884.6727448276711
883.0138736813644
883.3624652461504
886.3089077711093
884.0498760539087
884.0170060899072
883.284552529124
890.524831307809
883.240365654529
886.706512747926
883.4392066950046
883.1566114220484
883.4955756494917
883.1236911909523
890.2535334222937
883.0554076017071
885.1579970245477
884.0081582388137
890.3439492805993
891.0189619772815
883.3035644214825
883.0502115501206
883.7293820600382
885.0269595900645
884.0535028029558
883.9776482774535
886.0667561959127
888.1285009084228
885.2198295834893
884.238571684668
888.248607027831
883.2629073132704
883.1207924499228
883.2155636975059
887.3437625521332
884.2704367622681
883.3317657823361
886.889227538304
887.4849135270587
884.6124853307309
887.6655957553329
890.2022955859145
890.1041230203751
883.5892138563639
885.1408586293978
886.0135396101616
883.1540335548209
884.037749509829
883.296483160441
884.0782742981927
889.1628396463814
883.9269759923508
883.024471238318
883.1738161966322
883.1450999855462
883.0969101052547
883.0775959897807
883.1307950034029
889.2621627193722
883.0497273876786
883.2863273587911
883.0203668271826
883.0513403928254
883.427704106598
885.076164419855
887.6073464051653
883.427590423081
890.0963728504595
885.5560695384906
883.4367712485152
883.1602074169996
883.3361251977785
886.0959798765061
883.1778009155106
884.2025602557719
883.3572424886478
883.3605087745955
884.6190028838909
883.109470610125
886.2528955053317
884.753012310188
883.9875250211519
888.4424197229328
885.1259289577002
884.3346802996845
888.389621824156
884.2264951564566
883.5128449821908
884.1445792364785
887.2689011322383
885.836773686506
884.232986913957
883.096419102403
883.3592218104374
883.2476210851644
883.0982274670805
887.1574675789643
883.3622481949562
883.41840589559
889.1627023944206
883.1064468698602
887.0786429291934
892.3489810072489
883.4883895462775
883.7093914503541
883.4961103407892
883.3484991878162
883.0857306415091
883.4717045958166
885.5632395159347
883.1804891045949
883.0679718049992
884.2179171627554
887.0880651324983
892.2668043354108
891.8273291908939
887.1884965204418
883.2604568092527
884.3065129829286
883.5703772669924
883.4842798343258
883.4565492907565
884.5462584732302
883.465462249017
883.0491113844201
886.1804475384325
885.0846079249278
886.0210115915972
886.8586580976906
885.906453933152
884.4232038219033
885.3249191033613
884.2226775553543
883.030297215227
883.0404938506201
883.6797847743424
884.4123559069127
884.1291528905208
883.0692202549325
883.2201409143556
887.1399426831775
885.0768516796095
883.8326119738691
884.0503223024584
886.3317035697598
883.7937773431228
883.1130823126082
883.2428635236446
885.0861631578418
887.2182065512498
884.7809828359233
887.0829306933593
883.4487041029004
884.9682675208203
886.0074715210301
883.3630334725038
884.1478687762252
885.5973842432294
883.2181650651671
883.1371978660565
883.1632795652464
885.0012409503797
883.5736418723773
883.6550093388811
884.0753965757652
885.2900548425388
885.2083931286796
883.1162871330976
884.0060322197066
885.4196778829576
894.1535269212877
883.4020894431885
883.0909453446142
883.0079135185622
883.0151145554966
883.1009599692527
885.1186076031421
887.1769630388221
884.3160396662482
890.5579562884653
883.2991072919667
884.5574639915973
885.0746072580024
883.1395789778146
885.1738889468187
891.0397187099454
886.0968515905163
886.3858177266824
883.6222007596348
885.2207551736318
883.3855521704651
885.7514409931927
888.9156210509701
884.9389842550977
884.2915545228162
883.0515220613279
883.5376213203756
883.4216651049377
886.1273099933169
884.5343016421078
890.528560741262
887.3528722580074
884.5761780789129
891.1122529665586
890.0634687807627
884.5466090986805
884.6597084448978
885.3105175508807
883.5519453330731
883.3717089370451
883.0563152540686
894.0544155678887
883.2544118127418
885.0710174677941
888.3508763037587
883.445448648708
884.1537621152073
883.1240095047821
886.0225118418786
883.5396572185085
883.1672445903173
884.3871494429739
883.3645511744048
885.4530589414676
886.0835098426267
883.9593734203692
883.0549519630408
885.0488255011195
885.0119870003375
889.1333370528118
883.6206589618032
883.7073896791442
883.4779438878259
883.3421039530391
887.049361322625
884.025345225699
885.6470618772838
883.4383392771726
883.7317440085014
883.0566745841261
883.0961820080599
884.2136755027833
883.4900032934426
885.2135438291452
894.0207582070186
891.2406629782062
883.1577923768583
883.2841907186057
884.0562450737011
886.4253816944671
885.164566782526
883.2950663794741
885.5725720689363
884.3408445127371
883.6267135584471
884.3280129015159
883.1692898116221
885.1576572315876
883.1090215947072
883.7964012229162
884.8815877611997
884.5805512998185
883.0243386891794
885.1916334608825
886.5142195269594
883.1158818977706
883.0415404947014
883.2194842038181
883.4287179004167
885.4184884538282
889.3233733949274
883.6880304766207
887.7655122074157
884.2847401958026
887.601501986754
892.5764906626571
886.6986953750661
884.2455072523016
884.0201030322405
884.0594553309627
884.1743491314603
886.142461236245
885.2384697680438
883.2321843226262
884.1787189823594
887.0629333523327
891.8697996679052
883.5437479632508
883.1676388256121
888.06820881278
884.0039734415388
887.6121485922425
886.0072796150033
884.0916489393891
883.0244901523618
886.0018699066079
883.0509224503771
883.5882007885294
883.3589075914829
886.0111030042139
883.3933855843882
886.1915458769014
883.3153123898526
883.9734549206257
886.8685899603099
885.0566496221727
883.3564894139646
884.3287569084272
883.3669791372214
885.1751986442928
883.1561641899376
883.4754636101717
886.3064653850203
883.0943622660463
884.3322369064309
883.1894529627644
893.3020546132087
883.1576342185853
884.0953970681019
886.1663391440718
884.5634320113353
883.023186294059
887.2096178487045
883.0992881046476
890.1901436694194
883.8679269454009
884.4699780032798
883.3807106141171
885.1081625108844
886.038828586446
885.0694627136378
885.0316772169961
883.3573395482856
883.1908369218777
888.4611484266088
883.2864216006282
883.7982493584406
885.0343806386865
886.0061558609757
883.2185209881285
885.2073737606214
886.2883857939761
885.176542475632
884.4483273302696
883.0392926869251
885.391959860777
883.3372916716175
885.556320099721
885.2717923743188
883.1088195411535
883.1605738709976
884.4595544666242
884.2177048697723
886.380459758973
883.1694408617765
883.2231177020668
883.2498763661849
883.0542276555776
885.2896653439722
886.36925992957
886.2805343387877
885.2272208530878
883.3561303564938
886.6866448288679
884.5971322960035
883.0770378075197
883.5453535737192
884.3926785416895
883.4687290125362
883.1169709620945
883.5563529816365
883.662123722647
883.6851688786053
883.8317231513663
883.8717207673939
885.2970997426393
885.5942881219196
884.0361874980512
884.272010774416
883.4859961695698
892.1129814391272
883.0138014241815
884.4920440621671
883.1594172620959
888.0002987566606
883.0021024395887
883.0400410668158
883.9384981995796
883.098796994354
887.1032210801354
885.7110009810476
883.3775431509861
889.4471267162639
883.0869088198933
883.0367703600699
883.1736733228286
883.3958889343173
883.4546697334098
883.0356226203679
883.0084772099515
885.0885246728194
883.4255143198478
883.2679575872847
884.0735148147872
883.1336962012545
884.386391884637
883.0843429074864
884.2624675436582
883.248432466989
884.0908861462608
883.1998401458231
887.269916082912
888.1149141179279
886.4018903543504
883.3408953840996
883.5492362092125
885.1061809608157
888.0010391396697
884.4092218336842
885.1509417182602
885.2639527428066
883.5617884178569
883.2947648165357
883.5127870771948
883.4266246547721
887.0519309170903
885.0250689643141
883.2193053315698
883.0022948519613
884.278903334302
883.008610526894
886.06714397783
884.147887977625
883.6655427693154
883.2041276724475
883.1269252068279
884.3702660536939
883.8706489687811
886.0736689685785
887.8750659667173
884.1619034803059
883.1079773764199
884.2459801646822
884.0217383855091
883.0772645031029
885.6809436173802
890.0482732801717
892.2656892187507
886.2279663746128
883.0110867343911
885.0425574136023
885.0542434625478
883.099083879485
883.6926230682433
887.0171877278736
886.1322462005106
883.0968832735958
884.5272964491164
884.1907071265741
883.2907609205125
883.6098398402492
895.1190816654736
883.7428265883696
889.8135695429686
886.8770425648136
893.0272030990908
886.5406684529514
889.7690359234005
892.0980663734974
883.0623054412642
890.5108105001366
889.4056104017991
883.0259919916225
883.0597536082106
884.1460302327539
883.584358815703
884.1173234293797
883.1324761639629
884.6008138136327
883.3551647799854
886.5010098946972
884.2633630049576
883.1720169027758
888.3323356612765
