261.860093797455
261.186297377141
261.3401423548619
262.3424865305316
261.2156837748914
262.1625745334824
263.09580838313
261.4559196599523
261.1622233890027
263.0180940495385
262.3207143227505
261.7576923627282
261.0198652186922
263.2601529423118
261.5871101750136
262.0730082643054
261.4851632088566
261.1036719668836
262.3342264455782
263.343465071826
261.0171662996495
263.4288181162366
264.1563392007984
261.3367338147605
261.4311235025152
261.024139311198
261.2218912783311
260.6878562780097
261.0081358421988
263.7102547192288
261.1533626162457
264.2223703620597
261.7342826563162
261.6046050370605
263.004363352512
263.1732425854259
261.2035140658317
261.3965968677193
262.0986443009209
262.2402330137106
262.1625325199252
263.0209663117487
262.514951041751
262.783576084119
262.0208421458415
263.4032316854609
262.8672751661687
261.6186706116755
262.001309592629
262.3015005236437
261.0234866672561
261.4374614166092
262.3243191009604
261.3117124466382
263.2194353427775
261.0748216242872
262.4786767073953
262.2183841159751
262.9031336754501
261.1168488901167
263.2981192419436
263.2468460332446
263.1788040630196
261.6319066377301
261.0542357486003
261.669182666694
262.106709483566
261.2191318870404
261.3799648065859
262.3839049139703
264.0133100070553
262.2248820877601
262.5763364515012
262.5163779286048
261.1556244724209
262.1744210613209
261.1213998686941
262.2168254159859
261.0353749971471
262.0882878393128
261.5610381201829
262.106823354895
263.0821955460008
263.0672694794452
262.5732636128147
262.1782734007681
261.0165771460181
261.742290569541
261.3015691495572
262.0235010303988
261.5477671350222
262.9718395290163
261.2591373731825
263.0839526156049
263.873264915123
262.2740078885623
262.0595544163177
262.0158991400265
262.624513647105
261.5498147892854
263.8210424378476
262.1953023417353
261.3360770926367
263.1338867715747
261.3924391631991
262.0972934720868
262.2111301901724
262.0916507197802
262.0706332548173
262.6022178462683
261.1629526565192
262.0354961780678
261.4778381631083
262.1497321138644
261.0178616222456
262.1927035436621
263.7377529348275
261.2226844134219
261.3432381538049
262.4121593227608
264.4128885102996
261.2776889564036
260.3316615418582
261.0247332889053
263.0632888650316
262.9161881847629
261.0216124769868
261.4833097710112
260.0237478919416
261.38811143343
263.2620837463912
263.2069277125589
262.0381628500253
261.1800858108977
261.3093501873892
263.0190883235564
262.2658934713408
262.3463664777077
261.0767366996259
261.5729093358147
262.3914466628298
261.0005957150435
262.2811678240733
262.1152266160541
261.0070607771686
261.5676776191344
263.1280300588791
262.1948826394921
262.3075555930221
262.8382969612046
261.0452880830942
261.5699891829809
262.8852764190229
261.9272143531422
263.230250731282
262.0059525389734
264.1399335489456
261.1932982432467
263.0528003937488
262.351668009144
261.4754195997992
261.1999777374864
263.2765428614522
262.1159121631042
262.5074715417016
262.5552120486162
263.7987718926681
262.0214404137513
262.0963636403591
261.682646104434
263.0242772862115
262.0063698652359
262.1022021288671
260.4879111786185
262.0764235655312
263.2619942395767
260.51063018483
261.1541015099164
260.0903854993633
262.5646712369596
262.0766033793937
261.3474706064438
262.3472289351514
261.098752815037
261.3163775023648
263.260655011485
261.3445791918776
261.0954098909797
263.100429895332
261.1632562077768
262.0877766274604
262.6616162522938
262.5884426053425
263.1439520653655
261.0314197155313
262.461360462082
263.099946997451
262.543955360991
261.0962574455906
263.4466360391882
263.9567925797718
261.055266594871
262.8436878102337
263.7313499915213
261.0693520060584
262.2916996272499
262.2126607693579
261.0312384217467
261.1353700972617
262.1429387281553
260.1312263973728
261.3214483654592
263.957809283542
262.3619136875055
263.3119531513632
263.1560639166798
262.2772678047091
261.4876870725166
262.2135615769114
265.1181058736962
262.3372784281513
263.0018006939971
262.4522600729504
262.0090726335252
262.2115651865301
262.2301842182591
262.2576541615908
262.118628818869
262.0181455709081
263.2836121383193
263.3204965599299
262.1123042635207
261.0139451611409
263.11341894395
261.2323297586661
263.0326707917955
262.1826814025289
262.1872245679058
261.4233799697067
262.1648941888984
261.3088886082815
261.304906040185
260.0638771151571
262.0873120141636
264.1331842708821
261.6020356064092
262.0341193719917
262.0192729955722
262.1986005043111
265.219779620667
261.2956815547014
264.1015631973835
261.1512666325858
262.2171515773595
263.0812720975417
262.1237985928286
262.3914303891279
262.2475701095288
262.1852470199563
263.1667854503399
262.1720504732141
263.517525200186
261.3351625168599
262.6792719727346
263.3380720483788
261.3510398242546
262.6224910550718
262.0953316148183
261.1929171537556
261.2818528961739
262.130724247058
262.124511951027
263.7404395333024
262.1002504744686
262.7174743689971
261.7612860452193
262.1266327391725
261.3556227979012
263.1209050717886
263.1167873298099
262.6559627359103
262.1102606795713
261.1814213102626
262.0745108614276
261.4769289397047
262.9128880795823
261.6910392876309
263.5062953248922
263.0024436364069
262.0044340658969
262.2704151413163
262.7472511242464
262.1289702172381
262.0857509880989
262.1395960346207
261.0326063539435
261.0679532089931
260.2142433045211
262.4099557468955
262.4479770631311
262.2059900896242
265.0075537663887
262.6727989271785
262.2498226002769
261.0768200044108
262.9741113804077
261.4529537638771
261.3325857860057
264.3865425326715
262.9445274312929
262.7977237934377
262.2121200330476
262.3305222184917
262.0599105981269
263.5902998265053
262.2134783034529
260.431592408351
261.0734051964218
262.0674911150261
263.1935123387409
262.0815819894891
262.2619476081524
261.0371707361404
263.1115542299025
261.136648461249
263.2974109375426
261.0935500918906
262.6643812972152
262.133286674927
261.4333124358237
264.1259456651975
261.3493914042011
262.4034655781494
261.6490899892454
262.0608425599272
261.590281234253
261.0025176608797
261.3620204606007
261.1171716201575
264.1278727337743
262.0256522352823
262.3987128561631
262.5041184355508
262.206496879213
260.3230096216106
262.0284174174939
262.0213615984114
261.0374990700261
262.3600587433783
262.257268747278
263.0566151637742
262.4890084669216
260.1849239915193
262.918780748141
261.4231107088061
262.0608896851769
262.0601607776071
262.191461818067
261.2353286528587
260.1804843057621
264.0176306663434
260.0630264024854
263.060331772132
261.5039630533203
261.0020646356672
261.0142644794009
264.2164283040233
262.0211646245817
261.1179437042977
262.0020260082368
262.0909365816701
263.1690507921493
261.4413796471957
262.2492941567645
263.31158371301
261.1285699256563
262.0616616235381
262.4090318860789
265.1399721873435
261.3428903600966
262.9562418215807
263.1930243810801
261.3924625278732
261.4199668288969
263.0483507596182
262.1450119784755
262.1659281225717
262.1591787757513
261.1556191773643
261.1019363376852
262.3203326819711
262.2924684321003
262.6845303815538
260.1073300406704
261.0694899369093
263.0850463705546
262.1057749858207
261.6241823409169
264.2215668073518
261.9569727722292
263.3893252205243
263.2867312582463
262.2593017268601
261.3519181505197
263.2100496439347
261.3976970761909
262.6523995257799
261.3042702447368
262.5885994301477
261.4687451259297
262.0277836895311
262.0879063155693
261.3810393989115
260.5925309165319
260.1338819025352
262.1496340681677
261.5731985139549
262.0429844627141
261.5220336544398
262.0734900862511
261.0238280492836
262.3290311856572
263.126823221829
263.2992916108486
261.120134426043
261.524629986705
261.5234900393884
263.0878640983578
262.3520315478185
261.3629542937419
261.0143504062151
262.083427534463
262.851003212693
261.2072881920225
261.5818662051659
262.2547370665934
262.0913728660129
262.3950497338796
262.0740102564384
262.5345645689222
262.1092378772602
261.091875345458
262.3788751509528
262.0259647338412
261.3810508367039
261.2990795134997
262.2886333673819
261.8585124632306
261.6852221776525
262.8767068461147
266.0399182021707
261.1910008248697
262.6174930258593
261.8330059080338
261.2545059427162
261.1695879744714
262.0072883988551
261.097581110095
261.3255741368949
262.3105694448104
263.8820840378301
260.5596084900018
262.1053620668858
263.1295679808597
263.2306704267568
263.2427960899952
261.1077249009947
260.4325590136293
262.0755285513191
263.0197558759849
264.0158103902742
262.3568473426083
262.1941256074442
262.0528879220831
262.2101439151211
263.4468529051864
262.0727681500593
262.8394953310996
262.1407654988315
262.3613681918582
262.4932639364548
263.0891751930584
262.3159598960796
260.4945023043231
262.0982865619191
261.0404150950156
262.5354713856137
261.4155721649762
262.1389282362942
261.3355829492073
261.0030888042207
260.2254039063419
261.2008917752748
264.6561742799227
262.0097598151107
261.352995126055
262.3145001133789
262.7600042124485
261.0570848953231
261.5657385664694
264.510768968881
261.2138932297572
261.4546939392252
261.142783601961
261.3366080474765
262.1891672212236
261.4764352360457
261.7644581856728
261.6192415136342
261.0025722990413
261.2887173892276
263.1266306282357
263.5633271940616
261.7270027193301
262.0200979040207
260.1496180079374
262.9697355353849
261.0328747230623
260.445208585159
261.169270241659
262.2743938256598
262.7133616749095
262.4523627244685
262.1638400153768
261.4054526209519
263.5800737405411
262.0525558413811
261.5782740926102
261.2662121430104
263.018461678352
261.3081923112506
262.265550837356
262.0328959729243
263.0389002420106
262.4854097846466
261.2926749614268
261.2441083760939
261.263381281938
263.3714381724153
260.5233148180232
262.4594765923298
261.4809980930085
262.1773636304644
262.0780569635232
262.0383418422437
262.0938245904123
263.9083918250466
262.8080213298776
261.4991882292531
263.1975997923584
261.2675743133745
263.4996163982053
262.1486219047902
261.3146532402712
261.5571921669998
264.0715183053903
263.0158302811213
261.5115095667344
262.1335216791029
262.096453512433
261.7629905304645
262.2577680284834
262.6923472582574
262.1222451386128
262.7725178766718
261.2227689114379
263.364809416386
262.5503801906472
263.728558299281
261.2816584238617
262.1867183511378
262.7904094413849
260.3295152970578
262.1547545673586
261.1421655200185
261.4036380539336
261.2150254844667
263.1513365400913
261.3764183573549
262.3352898376946
261.1582075730266
262.624158270964
262.5380434881873
262.2807577665569
262.0430343358939
262.010535477478
262.5619367433519
265.1041059955884
261.048669415443
261.3065945572465
262.9103131615983
262.3312523359181
262.1655009320723
261.1724613078966
262.2678501747141
263.5042668234089
261.2476203951334
262.1261554261315
263.0581591653821
262.3560603673162
263.1159562295653
263.1940747232435
262.0197059489325
261.2853345826481
261.4227415531486
262.2621178341765
261.0217013401742
262.9620256739997
261.3959661200238
261.2526861395246
263.0450321029713
262.830460081016
262.2237707926058
261.0088123466759
261.0068455608287
261.0652240928728
261.0197220040519
261.764103676511
261.8911639775653
262.2399554363919
261.0046518539606
261.1655896629679
263.026988227936
261.0220459312275
260.1470367473498
262.1241789888714
262.3338711298935
262.009874852169
263.172379796994
266.0027913305444
263.0053935843197
262.0086542548885
261.4782388073331
261.3483040815268
262.2171241449142
261.274835422477
264.6912815286862
261.585843003096
263.6077836775092
261.0221184032032
261.1760180662729
263.3378842591756
263.2081437604263
262.16264344668
260.2068933401617
262.3588423149443
263.1267818695665
262.2208999324016
261.1960006514894
263.1089683773838
261.4992061948782
264.1258098485885
263.3327562694562
262.4178468608557
263.0228910664519
260.6067018904694
261.0352422393964
262.341341293968
261.7434134685899
261.4456416142313
261.2653330550433
262.0282001814449
262.029313798594
260.3548784682949
261.200596750674
263.5262546423596
262.0486018934378
262.2616024272419
261.6331646954754
262.03180724345
260.2741817516306
261.2608844896459
261.3198670855555
263.1394015733321
262.3163864434397
260.2674990566891
262.0118315916966
262.4622060120592
262.1873632458095
262.6554633735062
261.3694170493984
261.5020936391739
261.012573703119
261.08336734205
261.0700303858107
260.2701242281728
262.4897242133031
261.0682304198056
262.6004162547974
261.095408822079
260.2815198641624
261.5244409214002
262.1253742231002
260.8066491415522
261.2767322221069
262.512588770083
264.3542783398281
263.050461287174
262.0050339111213
261.2880111229731
262.5513213039362
262.0840911973721
262.576588117427
261.5699591402764
261.2880536229989
261.203974348299
260.2641211707065
263.1272034785413
262.0933924677427
262.3669456421663
261.014480614157
262.3319672589249
260.712855912931
262.2064984045188
261.2355013673638
262.1856589327535
262.362868557617
261.0107162356884
263.3088006916677
262.1901394677209
262.0766808882696
262.0900843645557
261.0038994769461
263.5702422144854
262.1631842569892
262.2123089005024
263.0127342854229
262.263280093385
266.15097366793
261.3485079317315
261.1549838318162
262.0683085707554
262.0550859258371
261.3190607179738
261.2381829603102
264.1975666288245
261.3897834400943
262.6653909890128
261.3999301111832
260.5108441963799
261.007672982537
260.7776937359341
262.0025042685997
261.0636209900818
262.2753576164878
262.2767845616577
262.2848005106295
262.6916671270035
262.2106624606954
261.016929206321
261.1108311612176
262.2291236222794
261.6278215348211
263.0264055414789
261.5032963829887
262.013915724473
261.3099160598166
262.1717479134369
261.6192053273039
263.4250933474738
262.4340920700984
260.0759318157425
262.2308161433615
261.0858887383252
263.1123765409311
261.9947975537256
262.3633647159243
263.4803026665371
262.1179722085342
260.0553861336944
262.201228884235
262.4678864277186
262.4317500700702
261.1132805587259
261.0480152434225
261.0678187524827
263.8659324949448
262.0213825965361
265.0141971101095
261.0723765592183
262.3158226368011
263.2801222042751
263.3247272072051
261.2748644295956
260.1200849851519
262.1988062978544
262.3035540123007
262.1010343654126
260.2570253415507
261.519261361473
262.1362270792482
262.1772646603906
261.9651725345053
263.1962297613969
262.0517136621073
260.9467688694093
261.2158342651294
261.3323137005102
262.2315791736476
262.2999804918334
261.1456870728105
262.1421343554649
261.8180527875286
262.1041502922143
262.2431374140928
261.3687627149925
261.131392847588
261.6053735661755
261.0923568217622
262.8486910111858
261.1566579955129
261.0024979184059
262.1228920419558
261.2792314851848
261.0349610008578
263.0628780296504
261.3637560630726
262.0969030950292
262.1248092958184
263.0447312996023
262.4829761810415
262.0697654684926
263.0418067859253
262.4579511665756
261.308214558254
261.2853432395351
262.1958105704978
261.0637101628613
263.3201493700307
261.3490369951303
262.2173894971057
262.6841353756932
262.0330360276168
262.1592621353338
263.2408762419151
261.2091617345071
263.2549847416025
262.0594252442095
262.0148840441777
262.063117073433
261.2137028648185
262.2230009332069
261.2710064718593
263.0560380764746
263.7254396929924
263.1555412419009
262.047237613185
261.121417835455
262.1425178732244
261.4341651266187
262.0716258817133
262.218268063836
263.4013119939392
262.1858000782622
261.9839537192152
262.6691020739705
263.1349621347784
263.1299801232584
262.1460895164494
263.2327878131977
264.5224127873563
262.8619019320283
262.2822701617747
261.2412815102861
262.6403037807013
261.5795298303983
263.1100712655678
262.2635340062686
263.0422873805851
261.4628612283669
260.8501463013072
261.5276439372392
262.3638576740061
263.0917199500711
261.1762024391975
261.2012938413121
262.5060173861899
262.6378677599627
262.1694197435247
262.1957125371231
262.2734641931131
261.0174719848604
261.6210651439252
262.0926337792699
261.2355225156397
261.6185610888305
262.2047692404779
262.5134981950744
262.8105526162413
263.2087699825527
260.0965846943354
263.0505054150076
262.0065034301757
260.3058973557303
261.7705457755225
261.0883692982798
262.0906952992694
265.42777760261
261.370102969813
263.2585333672808
263.1429763886597
261.2117836662824
262.21434326243
262.1729825857612
263.4273727263075
261.1471558295825
261.8197906444677
262.0410802947204
261.0411538488772
261.1477243168565
262.3453225307705
262.1611169831411
263.4526795729339
262.3328874908544
261.2836034297459
262.0264219144143
261.7449947772431
262.3466397434665
262.6013127985549
263.2307010357996
261.921471447487
262.7108741603344
262.0466425308231
262.0238630462533
261.1503675139818
261.0867341794919
263.5578990721543
261.021807792144
262.717118238171
262.1663226817184
261.25295976091
261.2313591668029
261.9015489527237
261.2678966120545
261.7493377823188
262.8900917158472
262.1817426757206
262.4077948131616
261.959824550549
262.2888728031435
262.3483006833224
261.203073499169
262.2398051658287
262.5951023421185
264.0637452065939
261.2544671317128
262.2500214263187
263.1452045542508
261.1271460164632
262.7425020298363
261.2625970580015
263.8350907547741
261.3636656092385
262.3759794512667
262.367435569448
261.8092274362758
263.1855025665614
262.5936967852895
263.2112604566983
262.6189784627235
262.105665069009
261.0568696394132
263.4445822362246
261.1163781299454
261.0038053113723
262.1776213418173
263.0010442028615
261.0800569451007
262.1876471413125
261.5815030597135
263.5466702350492
261.1530431189511
262.0270008218467
260.5482856233606
263.4458349859026
262.9598576455742
262.2155329177556
261.0899182756107
261.2330713860864
261.4486909384693
262.1564558192552
262.428434192721
261.4075274178923
261.534069221213
261.8677871872698
263.3935914478931
262.3950931244866
263.2740720761287
263.2301116885349
263.3318104070071
260.7626292300213
260.0071663524144
261.0010352244978
264.1946001779502
261.0234426172233
261.3188599440212
262.0404171192349
262.1126448250801
262.0062433948503
263.9139809066435
262.3912633630297
262.4256114070881
261.042187026351
261.4472279333178
261.4032024900459
262.0530618748592
262.1593983449532
261.1157428841365
261.4521078953715
264.3946294378461
261.2231602743113
261.0159454780141
263.1636889786184
261.0451298195919
262.1689585812122
261.0564358468324
262.6914749475352
262.2831610774068
262.2349223645929
261.0324042463658
262.7223183811468
262.1999924390664
263.4022083731177
261.1798502575056
263.2078469868265
261.1440858907086
261.6284544971
263.008336784936
261.22298303645
260.4747941638803
261.0108243882819
262.3121812349207
262.0680527253826
262.3228111862767
261.0814778912976
261.6376182402187
261.2126747803049
262.0395662557426
261.0331348249725
262.090952177027
262.0844245151732
261.0693222738778
262.1709452990849
261.6762931721883
263.3299663406863
262.0086639577165
261.276102526372
263.5470743033502
264.0176791246246
262.1596362395232
262.4122268961072
263.1159637561765
262.0197982386387
262.4900232088229
261.5176476043832
262.0729396817874
261.5040889971666
261.1872194568513
262.2937366310057
262.1051730371401
262.0482362851396
264.0071048292743
262.3961559283051
261.4680079570362
263.2668660353138
261.1411514625702
260.18670736522
262.3153900705225
262.0421002504381
262.3468661211588
262.0916312089412
260.2274573292896
263.3450544597875
262.1702979787682
261.1608653318546
262.1858191160945
262.3438583434025
261.3881036782303
262.1428851670877
262.3852735192846
262.2751253550568
261.1873583157856
261.1864167184503
262.0680037380666
262.3568090993589
261.1811980135599
262.4599510093516
260.3729676891966
263.1168869462178
262.5290806414831
262.331695510061
262.1695504469371
262.1303573534684
261.1018332105043
261.3387842474291
261.0245297262994
262.3637115229015
261.1905436499642
262.0050076313736
262.3894444818296
262.8026441954071
262.1753348213917
264.9881826316382
262.2708189749966
261.5931349214544
263.0114013749438
262.341956391002
262.0139645699546
261.1730202101891
262.5733172891447
261.7290327678793
261.0268853250023
262.3902147180183
263.388710344539
261.3909775874506
260.0278374454115
260.11788447455
263.0077595295033
262.0314880602538
262.5386448379238
261.0123317453882
262.0450456256033
261.4999141156405
261.2265223436301
262.4565377046645
262.0508248408661
263.0147075656421
261.041549393027
261.2456681841998
262.080339511688
263.3796354256105
262.184348342544
261.2588379815405
262.0003231175695
261.1722284618367
261.341804289959
262.8194038814703
262.3307806568877
261.0012782265627
262.3701547129324
263.159825715391
262.1046370125246
261.0633433683452
261.2852971571486
261.4066960804747
262.578662678531
261.140381926057
262.0044735813495
263.0946775917417
262.2924145306357
263.5789406284529
262.3355324127055
261.1638560649097
260.268804030312
263.3093507256379
262.3300557710123
262.2728743549774
262.1941047845996
261.0052878209166
261.0591597642716
261.0435384496171
261.0021165476056
260.1024093247598
263.1405887081275
260.2908438934661
262.0126496941342
261.5324261033265
261.5870607154772
263.101835426795
261.1429371537889
262.1583912642769
261.5746920226225
261.4957248296726
262.3614377590335
261.3252211420399
263.5089011824834
262.4260085612408
261.0074087899426
263.0684975533499
262.2370873013012
262.3845112656613
261.7958576707792
262.542781896752
261.3107212274171
262.0690666774308
263.160594415692
264.5478955599659
261.1907968745554
262.1431091675893
263.1858934888797
262.536559662688
261.0144547583907
262.6828371101416
262.3153607655233
261.1341387752733
261.1153888858288
264.6574480597204
263.9424900537733
262.5364438444543
263.1192981958573
262.0545987200957
263.2146820676587
261.071022023237
261.2623880098253
263.5548521114378
263.8237896684555
263.269029381668
263.4701676838448
262.3196550776721
260.3248792765502
261.5815170911387
261.4225190117072
261.4474440752089
261.29725218543
262.3366216149657
263.0506956095844
262.6523115135706
260.8181950541158
261.0461863149587
263.1483397463697
263.0132602275908
262.0374235171737
262.3820064665463
262.0399431619483
262.0081569623473
261.1265065004341
262.0558132867523
262.0445833313956
261.1604319186424
260.1155529746536
262.2891125728934
262.1212238694787
262.1694294414018
264.013473468003
261.1507516777534
262.8367516066319
260.1521056214212
262.2267739741549
262.2140828397431
261.0275677351125
261.0549583487186
262.2845769458606
262.0609893667659
261.4525458189715
260.0101153525098
262.1318910279728
261.7349203487681
263.238837888973
264.6777325781428
262.09234837573
262.1146664570747
263.0080184588886
263.0182337592825
262.4141245285575
262.872533514943
262.6946348377239
262.3465049729456
261.9822823878284
262.2577486803099
261.8607829499404
261.5095083585311
261.1850293057863
262.4774502199733
263.2830066841441
261.0558403274608
261.0943710750576
261.0498109620145
262.1174916877998
263.0438255016838
261.1272362179437
261.0862249357554
261.4128799389998
261.0208935768531
261.7521482940716
264.2078307985453
262.5404508970478
261.0814466072258
262.177574727546
264.0323407902777
266.357569689268
262.2886212922784
262.1179736469709
262.0181545224639
261.0772221986931
263.2564254653355
263.2473128634601
262.9034222862246
264.8350670661222
262.2574300409211
260.067441277479
262.1973367184813
263.6448092969546
261.0505568563078
262.5239945181393
261.2000568040806
262.5075793590635
262.4521782442957
261.3187556430424
262.304048754042
262.5473170424606
262.0847278432609
262.2916766807988
263.3190767362739
262.3062809464853
262.0341698699192
263.2157459885392
261.9436389224402
262.4080857849736
262.0620390231405
261.1437713431435
263.3858981721468
262.2420642756337
262.6762374890001
262.0650629806541
261.8008388577142
261.2563132170294
262.4812399199325
260.0046514732117
262.8337436594991
261.0161342283482
261.4744005275531
262.1769904071425
262.0262259072877
261.3511509310738
262.4349193250476
263.2562414511088
261.031275184878
261.3177818917982
263.070083563079
261.9432400111057
261.0519387330221
261.0576676129922
262.1062626564391
262.0059642170984
261.3194414664712
261.4613681995094
262.1407530737494
262.1989111248339
262.0743023840887
261.5107490793923
263.1572453219055
263.4342712076867
262.0257963780396
262.2726739939495
261.0026407352904
262.0025299679016
262.4249552567547
264.0470557314765
261.4577423126773
261.1339588737087
261.3510278337051
261.2938759708617
262.5514302589659
262.1951142445004
261.1113769175377
261.8838863660654
262.0862439955943
263.8798490817317
262.1869774126948
262.2928557299286
263.0150591167338
262.0433102352796
261.8047277975602
262.1310339031385
261.1549090547509
262.2984141188173
262.0894509447076
264.5168143054796
261.9799194935376
261.4488384169675
265.5071923669734
261.2749268713594
262.3374638149276
261.1809781462379
262.2094666231021
263.7976078184079
263.1821915808383
262.1654260798948
263.1527690006294
262.3322711177169
262.0683949301506
262.0037793904721
262.3042783609893
261.1171339659375
262.1470497688678
261.0020691540048
262.1210796179378
262.506614354925
261.1291190588831
262.1192130286996
262.0471044254147
261.6521815846103
260.7496505978129
261.0829256283399
261.1433786150819
262.4886593134918
262.0102120040602
261.6464344984078
262.2959973916335
261.75014471604
263.5854124549654
261.1926824044585
261.0543428280022
262.6107803843693
262.1942890609209
261.6688718209311
260.1067086274661
263.6335734427455
261.604413107204
266.6651651398261
262.2306232795324
262.5672775756703
261.3620683274092
263.1667909050072
261.1433516649546
262.7048977972036
262.4939608955257
262.3640621199338
262.284616449905
262.364189258893
262.2184943593521
262.8104312435632
262.4904661278789
261.7372325706099
263.5266525001059
263.0620522283866
263.230877240944
261.2286332383315
262.8340516686484
263.399674405971
261.3637453477815
263.0453616075949
262.0126209686723
262.3870717447162
263.3562112703039
263.0340135025581
261.226172766321
261.3504545391106
264.348938657535
261.0363569092264
262.6421926153714
261.0760441630823
261.1717280928848
261.1827430530419
261.0369298602002
263.0953129786229
261.048590183313
262.3218387563708
261.118914274804
263.0288855572375
261.1153286826724
261.3390474865247
263.3007952499373
263.3259505626946
260.2555887942603
261.7803981555098
261.0279344905533
261.1210135226417
263.3120977450699
261.3989729880325
261.9620404368143
261.1003049533253
260.1028039257988
261.0652337808117
263.014254228079
262.0761374742719
263.0536209156971
262.1975858581057
263.0830432170301
262.7762657834438
261.256937420437
262.4095930586075
261.1118687548992
261.6934003151392
263.4987284443463
262.0474258724156
263.4339229695253
261.1992005491654
261.2710723437849
260.4551552848469
262.6988206620874
262.131074916259
262.1358657541509
263.2245166453875
262.1901341250509
261.1646423932509
260.4921971958765
262.1849449421217
262.1632695332024
261.3594924701911
262.1368037387132
260.099775915079
261.6972469292586
261.2123566376113
264.0596649872729
261.1135864358487
261.3596352244054
262.1399138717118
262.1742112019349
260.1063868698862
262.0025709540292
263.3324237259133
262.0151270289617
262.2660727956281
261.1543248051612
261.0098756075835
262.2619955528484
260.6610994321596
261.1739977736671
262.5049490052006
262.1383365091622
263.1972554514008
261.2055958671034
262.5098505220575
261.0528778322919
261.1981327809477
260.2616850325197
262.0563515718966
261.1355617635039
261.7711640787468
262.5563386198441
262.0186315505268
263.4125279648613
260.3388800826964
263.017450791926
260.1270953725563
263.1110455737181
261.1669304054974
262.9209682212035
261.1456443646816
262.0929677446669
264.1493417020477
261.0229776499161
262.2198989465494
262.0123859756561
263.3421428058354
261.2275158031804
261.0937602998703
261.3004477078292
261.0160784977307
262.0035621475662
262.0907142908642
262.9612407083255
262.7561218856672
261.013384229107
264.0059154072423
262.1456554149111
262.035819929552
262.447072231866
262.2659332670693
261.834533117221
262.4101769619052
260.1899700851474
261.27155043827
262.537915878325
261.0927809116362
261.1495777898116
262.4468062409748
261.3099625599374
262.8593995145167
262.1020624499141
262.4982386983729
261.0931038628692
262.4331328520256
261.2630888024908
262.0352899697962
262.0514125624861
262.6437026619153
262.1496785522351
261.3400797988248
262.1714035302588
260.0462369088103
261.274849071068
261.1289387108926
261.6879558505045
262.1670364544392
261.1287642582118
262.193793247365
262.0182431208834
261.1370583751153
262.3708828937902
262.0321991551961
261.3299741157817
262.1550857484584
260.0349877523687
261.1094755988243
262.3086491075771
260.0941938013048
261.6152267793618
261.3465045796729
262.466888645878
261.2581319313285
261.6223724426124
261.0593797524721
261.3141185541905
262.4202280718165
262.3902949378297
263.483904735443
262.1151587042167
261.5072273443275
261.4081254659012
262.2794099956448
261.1379061707672
261.4452208504092
263.7147119401149
261.1545462527908
262.4908741323301
262.376862177832
261.1451930285791
261.4201917474621
262.1231135849767
262.2425857265026
262.8627922311502
263.4894442500631
261.2525937492945
263.057835602006
265.6481442218682
264.2427769491395
262.1721595118201
262.1504147416496
262.165788758013
262.1766264777979
262.1324573071586
262.1130985205538
260.2910214660174
263.0948350301615
262.0575656619746
262.0871823619476
263.0654920645202
261.1062912885104
262.5237257693398
260.0930694661811
262.486611586291
261.1857610056524
263.3486622230014
261.0418135431876
262.2429920841175
262.0737531159473
261.1097337873864
261.5031895056342
262.1823412236852
260.0807852031425
261.4962350402633
262.0058710897349
263.5043773180005
260.1428430820558
261.2952469575011
262.0152103930344
260.1567013794343
261.6533532361285
261.0644748188254
263.3383401491635
262.2080314208211
262.0134221398735
262.077964921103
262.422033617747
261.4981361722472
261.0745535107178
263.2952232221945
261.0669135881041
262.1764144683042
262.2404808051305
261.1429246522909
261.3073553892805
261.0716876284378
262.0453145014145
262.2130811810706
261.1219855103324
262.5975274033752
263.1684874032046
260.0847101211625
260.1645853831954
260.2036814252116
263.3271150028338
261.3252846641327
263.3401406651901
261.5053821628815
263.058883635421
261.3355413056986
262.0055352381804
263.0522684269568
262.1002485346378
261.1374289652816
263.3295333917912
261.3656003105135
262.0053661020547
262.0079513378948
262.040633960102
261.1802010090543
262.770445077542
261.2703961042096
261.0660095783188
261.2964237744379
262.2794706623152
261.6431283664871
264.1458415506295
263.3586067398531
262.1391260700211
261.007692243188
261.0669491365115
261.0494871558841
261.2431219658545
261.4426361349202
261.4743458376427
263.3765169361238
262.1020501950661
262.1940150643404
261.3216092539637
264.0381768322884
262.23161209735
262.1699223971369
261.2236739015605
261.0414950963895
263.1283819374435
263.253016712365
262.7329366014076
262.3397446255721
261.4839246512167
260.0334058047184
266.0095286524536
261.3039472682286
261.2018324030002
261.3598335993239
261.0887750329138
262.1423756348106
261.0269920314586
262.3761014179714
262.2361865767213
263.4114176719859
263.2191935056489
264.0187138341878
263.6171361910316
262.2018943670593
261.1401776937965
261.061366051962
263.1782328136694
262.6369967249332
262.7411113966856
261.7221446189737
261.0055302373793
261.0585158047136
262.0637512901736
262.8963098039962
261.0649038153226
260.0741796959381
261.452007153764
262.1654066621861
260.2477653282949
262.0522965627624
263.1897250408474
264.1234807955697
261.328091936706
262.0349435901944
260.1153348462441
262.076550014623
261.1085605573775
261.0170562659374
262.9109683500624
262.2048440710043
263.1820901197354
262.1576974266361
261.2806557605796
262.5556205295609
262.0370866936219
262.5347503048307
262.0634091431613
260.1859393567328
263.3512988103993
261.0074628937627
263.0253812838712
261.2485828874833
261.4045498021601
261.1149852542096
262.0670874973862
262.1104141693941
262.2336314186775
261.8532510710181
261.5654760734953
262.039951077817
261.0913788204297
261.6482255078869
261.1554757473753
263.0332792770438
263.0083836753747
262.4914261846486
260.0295886149417
261.4109375523381
261.1414163482247
262.5538551311532
262.0251525116338
262.2463070777818
261.4984773922851
261.0048662540145
263.7887549689873
262.0181996031586
261.7447257366293
262.4821220776593
262.7630131478101
263.3131108524013
265.1281729510245
263.2103628666209
261.5066408237493
261.0496922368585
261.1410108360881
260.2985569685859
263.1083032686348
260.1708696335896
262.6652466276553
262.0599546244899
262.4654201500837
261.4683030556656
263.4631047404202
262.4206675664734
261.8065596808082
262.1464199464472
262.2177815402118
261.0837544878806
262.0724282454929
262.5211080997465
264.5308477221599
263.3737585530419
262.3480860117313
263.2227170938093
264.2762563826309
264.0046383533369
262.1112147962145
263.2334452407385
263.3372052318159
261.2143296372429
263.2194017542681
262.0569465468171
261.1071847756364
260.0327113380592
261.2637295235225
262.5535769266328
261.0101285479876
262.0773008881067
261.4100812700976
261.4273681940799
261.2987656337027
263.0498132878631
261.1338106683735
261.3075746501189
264.0232649806763
262.0085402617227
262.0782379226487
261.1539829202673
264.975476906026
262.2044148455018
261.4670031362244
261.0670815459362
261.2106994557451
261.0863673797271
262.0642787589949
261.0597049654212
262.0339409098825
261.1079186520669
262.7322081668937
261.065298909701
261.2871135351915
262.3189490800908
263.0235854322365
261.0238782885534
262.3096852686689
262.0911509658713
263.0139840172439
262.0130484510824
262.7865775444353
266.6222763094228
261.8071306432042
261.497253622618
262.6616345710798
262.6168918027345
263.0084724652598
262.1125175973618
262.8150524576847
262.1300309720494
262.2935153193051
262.7871567418195
261.0410181273448
261.2986363869797
261.9764623390678
262.3986224038458
261.1941874822321
261.703443604526
262.5432328223658
261.214375414554
261.6980791816859
263.0346153151852
261.6691204719388
260.289229679986
261.6060124148111
262.7206822496633
261.1516491428641
262.4908276106964
263.0018141362676
261.2194020864965
262.1752730471605
262.3527117988024
261.2645307595644
261.3393862268793
263.0667254896786
262.1329332699472
263.2070248788287
260.9896400426653
262.2898438901265
262.8019655026112
261.0157727764061
263.1404703870996
262.1696564148443
260.0103920462416
261.2657922525752
262.0246553663315
261.7895908203118
262.4785129469623
262.8845050763534
262.0104924911507
263.3004682403853
262.6587554312703
261.0680684264337
263.4867275130744
262.026115903135
261.0558929573947
262.320257051087
261.2405556032052
263.0275470734331
261.023955190843
262.1653348669169
263.4474366699746
261.5498991199063
261.1855025955061
261.28459638582
262.2279650294217
262.8628792288039
262.092057976594
262.3901934565222
262.4155914551785
261.091231619611
263.0152000465362
261.1183287189149
261.5239692616497
261.0792991892982
262.3326652086807
262.2399979071218
262.4939462004014
261.376265128818
262.6168682579861
261.1548805071585
261.1028212191545
263.1386155771215
261.5489927226722
262.0883243347816
262.1416785066997
261.3863559863128
261.2615157307734
261.0078816584669
262.1005747242257
262.5103766548481
262.0895149025839
263.2437496405431
262.4488268236445
263.9664121010321
262.4639323927538
263.3751906933928
262.2636608638568
262.4222438063477
262.0969848926075
262.1975138968082
263.0293361418852
260.4410085437669
263.2250595672248
261.3087238919566
261.0658328313222
263.3550060537543
262.6536346326304
261.1227339705861
261.4674158063754
262.3614972530739
262.130358294862
261.7544395967585
261.1304379339934
261.4559456238633
260.2139925412869
264.4753650159558
264.1904291851271
261.6218849536934
261.0393605215568
262.436470231578
261.3587160393914
261.0706298790448
262.6363123088174
263.9130744892288
262.0641945262372
262.4573501244157
263.1374114583163
261.057194959223
262.2677542920957
261.6643658841213
262.2315834358886
