275.0778474998609
275.1548644056649
275.2288423925602
276.3237198056194
275.0425451917483
275.5096932164512
275.5323650898341
275.1901311774579
275.3864926422706
275.5038701871525
275.7766245856033
275.1093158551836
276.5071092508307
275.8878937366968
275.1770886690169
275.0081810221836
275.7717495026066
275.0998990826267
275.1174158782309
275.2347369402415
275.3202428619135
275.1123944467401
275.285321856133
275.4998050024275
275.2347252458745
275.1281998546773
275.3873227692196
275.0833823827736
275.2951372262066
275.1192650775417
275.0755015640186
275.4257054806723
275.6461797990116
275.1079996310341
275.0466584857745
275.5098129135468
275.3560269655412
275.0047346962587
275.4428097340037
275.0889512388729
275.7674065257632
275.2363099531836
275.2159496697051
275.2441534149848
275.2970322794775
275.200800197118
275.1685231263784
275.5352071153504
275.2747551786199
275.0045355872211
275.2951956211629
275.8748352069
275.0178749924902
275.3464747832936
275.2055878563144
275.0351189487613
275.0198656096592
275.4858270130923
275.0780423433251
276.3410865548622
275.3365284761704
275.0009776351519
275.6210807472583
275.1210379393415
276.1945154873217
275.2625914599344
275.3262844787479
275.2964321441694
275.3726458721644
275.189932895843
275.1601425005214
275.6812407894961
275.0456355193004
275.0563784180934
275.367391935352
275.5852770436653
276.3428411064487
275.2450875078257
275.0640078897234
275.0092607693778
275.0035811457407
275.1535476988598
275.0814279942934
275.4057586186889
275.012794211571
275.1546358160944
275.4289971038326
275.3474677818022
275.0815082583212
275.875037242723
275.5699164238996
275.2915152763945
275.6096926061397
275.0961489450232
275.248910966576
275.7507385441842
275.4423817132532
275.1285623164653
275.1166513543154
275.213146213042
275.1152060643767
275.3892034228526
275.7905734409248
275.3420430520744
275.0824783322474
275.0814556248162
275.5888782705733
275.0746612567688
275.6963954452244
275.2006074078106
275.1516283885076
275.3058013166826
275.412781138531
275.0223490884607
275.9049527133813
275.4328848983433
275.0550878716475
275.3490069969884
275.0458732761348
275.0372921156374
275.0509386305349
275.32543649683
275.4893324904094
275.294431048434
275.0463409989713
275.1596097349918
275.5137217956055
275.4211252468466
275.5805718045572
275.0799915621575
275.0080741367225
275.279016645751
275.4002079277765
275.3527465701748
275.8234129644462
275.0356405568054
275.1116561775476
275.3839368795133
276.3694419593859
275.1459206462989
275.4070050773479
275.0374250322778
275.4952360172876
275.0730436135083
275.602223912717
275.262626504042
275.4293857544828
275.5763217567073
275.9789259601478
275.4607382194695
275.043884298576
275.2221856411505
275.2293521001849
275.2243125164939
275.3237942009101
275.5687120334058
275.4107119700614
275.0604196980919
275.1530214950523
275.1997201762439
275.6328430731579
276.0426969626587
275.210793866558
275.1349187268052
275.0540857775674
275.3443827283724
275.3875517748003
275.7684900905386
275.5091460678242
275.4118045670404
275.5214356656478
275.2129374737059
275.0230114614972
275.4038790171181
275.2919206671908
275.0125092935629
275.2994694464716
275.3907233273073
275.5225608523805
275.6995288523891
275.1800905652753
275.0898299809303
275.1096214700701
275.3253701758174
275.1253105838777
275.3933742493664
275.2002964067266
275.8888233896219
275.0112378670965
275.3078402953
275.5425072506049
275.0487028990351
275.1481370668274
275.8096869970209
275.3788543763562
275.129098671077
275.1159029122122
275.6085257685912
275.5602071806159
275.0638912038277
275.4129136694152
275.221159053722
275.1001202491593
275.2250234069184
275.3080455922919
275.0892659597426
275.1337557611802
275.0512107240388
275.0468761998562
276.0018941452809
275.1545195751761
275.8812849167908
275.1634339928122
275.0249092209061
275.7088778685971
275.1843608070121
275.0886081646673
275.2464445656174
275.2760202794617
275.0539446617752
275.3865541147175
275.5355435827692
275.8577597197834
275.2160645282839
275.1116893742222
275.0621855096905
275.0460644395334
275.3558964824314
275.030999582389
275.2086787725159
275.6419621455781
275.1775545275254
275.0715450945746
275.4903064787609
275.2145753567528
275.1063377141774
275.2356950458298
275.1144175581739
275.1674424615983
275.1508702426402
275.9786667735714
275.1197479925635
275.6776721139829
275.0166879190967
275.2794392863157
276.1855226003152
275.3175853485074
275.1810283517274
275.0161591783384
275.1708918179845
275.0703637839103
275.0218323049573
275.3849933667718
275.1639206349254
275.3474994294742
275.1706902797948
275.0743418471764
275.1881766220617
275.2955438207293
275.1914194974732
275.0278663195703
275.1998766679724
275.1779361346527
275.2061683884825
275.1667743976148
275.5908147182517
275.8878359469084
275.1664010851189
275.3788213219087
275.0516164293319
275.1856147449938
275.0078854887605
275.0001242773961
275.3781014606478
275.8440036087845
275.2768074021952
275.1272772980677
275.5375211544831
275.0607254874496
275.1189747785985
275.8395972768992
275.442049739903
275.6660637409803
275.0079685989897
275.0250345374891
275.0729026913128
275.3702206675482
275.322231228275
275.1815905175123
275.2950372063464
275.851646228235
275.3750068551886
277.914782059743
275.473800797876
275.3667166561609
275.4961076809443
275.1607431831822
275.5932711333529
275.2743599935479
275.0939059970877
275.3200095349685
275.4860075471506
275.0610379360528
275.6613910988876
275.100760327384
275.4222636486289
275.2207790620608
275.2493943807055
275.5820456930028
275.0267818106647
275.1019767810869
275.4827146889395
276.1440817957955
275.8273899263934
275.2132731695968
275.0876986359072
275.0467512472118
275.0607948219078
275.0956431713418
275.3757538841854
275.1306956577444
275.0671636191116
275.62695272859
275.1491815696462
275.2302968063857
275.5821346698129
275.2806899766172
275.0355826474123
275.532162946284
275.9276885331708
275.7322203049699
275.4855759702982
275.0127862973495
276.0561585948658
275.6447376379799
275.001823564943
275.3941223999845
275.0760974255997
275.1500806965251
275.3158801906227
275.3897785965715
275.6037529069109
275.3602531381973
275.0099907376775
275.4705862313996
275.1403654342779
275.1727839704967
275.3020248279442
275.3269124100856
275.3285570259289
276.1749241993047
275.1325533720317
275.2352587005672
275.3708841075176
275.195627388871
275.5712768051457
275.7206618558526
275.1643357498119
275.2938799931142
275.5048864315339
275.0244306264673
275.2627685372112
276.2792955920033
275.2427967727475
275.7346281276967
275.0626668174318
275.4250230767302
275.5748373404745
275.1104115427082
275.036502947932
275.068828562036
275.0677794648865
275.114273294221
275.6343152938625
275.6419157732264
275.5066141394212
275.1824426966555
275.1594838717899
275.1360665238119
275.0040334324129
275.1022495869319
275.7316512323277
275.1335448462888
275.1926950238611
275.6813109720413
275.1446981606647
275.0077863301651
275.6433507652248
275.2624210524615
275.142182493902
275.0556328881401
276.0392880047316
275.794923731763
275.795777658606
275.5429033501494
275.0020690190929
275.0684244330251
275.0014382914457
275.2218503381692
275.0221031251191
275.6983222448044
276.7161964797888
275.0400534359981
275.121884452231
275.1258781316832
275.2717651348529
275.7400174656491
275.0785739722259
275.2429257392942
275.4724960442589
275.0492576299325
275.2276434040115
275.443939996521
275.0721444268247
275.1377910828231
275.2398375557086
275.6272970905223
275.3044510834561
275.4120063792251
276.2075611220285
275.8726035998366
275.4618066223685
275.0264197065501
276.066967042798
275.2052080284481
275.1529325787136
275.6280147902537
275.134385431379
275.2247483930758
275.236459973697
275.1022556336325
276.5383547647205
275.7468804092434
275.100564394676
275.1604759546398
275.021646249857
275.4503236749001
275.0091303055897
275.3330166320372
276.0683476749584
275.4545608289868
275.147880232855
275.368313978207
275.53528824304
275.0205615826538
275.2142222225934
275.1296175227109
275.3286456906242
275.166521735649
275.3548201803006
275.4133633793786
276.0872916027487
275.303475030949
275.0004253291801
275.3648611178629
275.3491720130601
275.0926380988592
275.3105630461395
275.2277937865164
275.4357321703876
275.1859296910771
275.260009069868
275.6515247313182
275.2703302682252
276.2971705608674
275.3484818709268
275.1440345609453
275.9386060946159
275.8208353559169
275.2056557277286
275.4583992865788
275.1355034695496
275.1754927763971
275.0333335782533
275.0458106426253
275.6762013793014
275.0195718807044
275.0117408850991
275.0396413628492
275.0523725583971
275.1075216586082
275.297068076144
275.0970641144461
275.3613704969396
275.7633888167635
276.1384435826671
275.1601744117405
275.2620743882784
275.1482404880792
275.093761413094
275.6841142387085
275.026964225205
275.3742952189583
276.1585994818424
275.0575234199313
275.0191103433258
275.5958719062966
275.4110744385978
275.0897010557324
275.1791589933242
275.1459832805237
275.5412577128348
275.1006416107532
275.1085155224468
275.0507230626704
275.2315115926145
275.9985619378783
275.3291661213076
275.1553066183455
275.1525700286877
275.4258584213072
275.613776787857
275.2467497070153
275.1072727515236
275.1552804286291
275.188119723175
276.7474766385245
275.5408902852132
275.0982568424988
275.4289338795953
275.054467915409
275.2267213845264
275.0546060863622
275.2670811838757
275.0632912296574
275.8388469763689
275.100416653056
275.2948389707041
275.5015569546012
275.1919225381467
275.5689599417194
275.169896854434
276.2877369028882
275.4055251888239
275.1527970283461
275.3784992193058
275.2530929470983
275.3442463232823
276.0510830553192
275.3809967486586
275.1503216345358
275.7809542393449
275.2094841932407
275.2097805431061
275.3620394926648
275.3567279162213
275.1502538504109
275.0217162579852
275.3037908990597
275.1285861683182
275.8669053522918
275.2069913015741
275.2647181475535
275.2618555802716
275.2150939015277
275.1151176858889
275.3150042886138
275.0085037348941
275.0235748827137
275.1280912252712
275.0154659741916
276.2181166374895
275.4349671284218
275.4861139337834
275.1733542590881
275.7375731935944
275.1207804202141
275.0852041113563
275.0570357449585
275.0270948840143
275.250918712619
275.0840282118376
275.2757240171281
275.3329265293656
275.6499100106619
275.0871867821581
275.0115677132166
275.2535191896808
275.1341394588595
275.0415884947352
275.2204502797818
275.3232992307065
275.0325587292234
275.3143545501506
275.1517998062021
275.0588185910653
275.3475618909404
275.2513912431213
276.8018496320504
275.262857896913
275.26126333758
275.3834684508251
276.0160277617619
275.0148572782858
275.4583778959744
275.0204728443792
275.8361890638129
275.1309768182393
275.1820358776429
275.2698434639677
275.5616155304677
275.1411198659021
275.0242272821788
275.0564468741485
275.4732885748576
276.1796437251661
275.8793081771509
275.1563934399599
275.7663828340754
275.1442705876271
275.2522698202476
275.528262867416
276.203142504932
275.1383992945208
275.03093096451
275.5658980527938
275.2651615400285
275.1624183875466
275.2731662512924
275.1319453584568
275.1202167535187
275.2959552254162
275.0824275229608
275.1327208622927
276.0700203961036
275.4202594518417
275.0342823160943
275.2409015945521
275.1237999688547
275.2233083079126
275.1779427103326
275.7870703333907
275.9257138886336
275.0104649720719
275.2519817821617
275.0813406049278
275.2888005583986
275.0542654190756
275.1783066355409
275.2848802183051
275.4270405472589
275.2363626302515
275.5046363257197
275.3698164816423
275.0660479355616
275.4079409838271
275.1968232241287
275.3313244969386
275.1578619350049
275.5919836005355
275.3545975235785
275.7617470355766
275.0305146086711
275.002759662231
275.0250290793642
275.597013607087
275.0880878406973
275.6105623238504
275.0246779081282
276.4705617880462
276.3188824651123
275.6232670478007
275.0058371088944
275.0015178563238
276.7049044897331
275.5148314752408
275.2285192842391
275.9128570985259
275.4461984351181
275.1958094860262
275.1086556723551
275.0733747538739
275.2655295734447
275.0907751135362
275.1312844329613
275.9888167485578
276.3195128397975
275.5910578619872
275.5069719018106
275.0681291659404
275.0896436377504
275.024973429171
275.1212103533558
275.1922003420795
275.2884636633567
275.2412500367396
275.0922011637972
275.2460437615895
275.0933694314809
275.204703998802
275.0328955292183
275.0094321648538
275.2097418995056
275.0239831678147
275.0985266713614
275.0622898520918
276.2089514616337
275.1635542528279
275.1910987802905
275.2723927731102
275.7059057275557
276.313849849184
275.062470917097
275.878316519197
275.1052158338555
275.4091320139391
275.3832526315817
275.5892847305978
275.0164626746504
275.1922202204674
275.1144008067383
275.2195750249698
275.2821698676813
275.4945924424946
275.1705398392017
275.1044147527334
275.3317643258745
275.4276784858295
275.1172913271713
275.2042746843642
275.1582331164227
275.3411253046467
276.0970077345748
275.0101446282844
275.0667156340922
275.0477205234656
275.4330727633252
275.3019814306438
275.2058903372647
275.0628540153414
275.0012503829633
275.0492432402494
275.3665861204444
275.6989493787477
275.3204629722322
275.1470136259859
275.0148086715511
275.0294257741951
275.3875130152531
275.3440358461085
275.4561155601974
275.1315170802785
275.0330431983521
275.0417162655185
275.0184771662236
275.2306598803228
275.3974056466062
275.5115014575362
275.3046578753217
275.5566168420709
275.2110627516027
275.958290820584
275.1918574622958
275.0031177921221
275.7569897007884
275.0705841999005
275.2121549809053
275.1773720784343
275.6479712598043
275.7195708555528
275.8341294040947
275.691274475409
276.1125035410727
275.2580596158635
275.0299569677372
275.0573638214876
275.5287285066669
276.1833722718313
275.4039495054878
275.9472131052669
275.477484614544
275.0639575872107
276.1960208640799
275.0252082969549
275.1476777540331
275.2807524699169
275.065651258455
275.7084179899214
275.434083076099
275.2343475595441
275.34247521154
275.0742764412715
275.516237244685
275.4863762923066
275.5847497379162
275.1891455249531
275.3426467588536
275.0758550512334
275.0414144030141
275.1532201978035
275.0690218372363
275.1174789533904
275.6228825831539
275.1044119817478
275.2959788442424
275.5661185159399
275.3708354295307
275.1216599703708
275.6361474179499
275.3008076295836
275.1389186009164
277.0339531230645
275.0676881608256
275.0629743952095
275.0355234035582
275.1764409001
275.1696921089685
275.7296347140436
276.0454467395331
275.1980172643563
276.0318736284411
275.0039919704953
275.3420375595378
275.1350685706787
275.2815453190917
275.2798727750588
275.0703827162876
275.0934173032434
275.3321565236088
275.0847349174036
275.1636415776343
275.1456790420395
275.2121442710652
275.0137797303535
275.5163741956831
275.11278119785
275.5203254504001
275.1484878782129
275.3145879641742
275.0832387512759
275.379755680145
275.1271027805621
275.033849654718
275.3795112998085
275.2463695484487
275.1012518336773
276.3462796865014
275.6240282623028
275.049478988746
275.3978308648303
275.1547970580542
275.9029272883366
275.6927190582034
275.0683146407039
275.2946677386173
275.3283215876048
275.5108225336156
275.950518456742
275.0760430559763
275.4623012966361
275.6005193828178
276.3304074486539
275.1700066589145
276.0254976211074
275.0566203139209
275.0349687288232
275.4678886624064
275.0527556280477
275.3548074865844
275.7679313512659
275.0493557104959
275.0637596289683
275.393341009628
275.679215194387
277.2931992804566
275.1574843896973
275.086374152076
275.1107714103712
276.2128586325712
275.1865913537865
275.1939711756955
275.8544695400653
277.1816401961889
275.1226136515315
275.1532481925476
275.0415536760627
275.8975176482942
275.0341696809317
275.3632176988423
275.5263740532577
275.054345974599
275.4737886782499
275.074676556656
275.0072405608738
275.2145107426717
275.2603679330267
275.0684976266403
275.1353111576034
275.1390780934769
275.2313787552033
275.0595935804096
275.1537826220418
275.0878027398949
275.0541976919467
275.1307502406908
275.2134179467451
275.5762052593442
276.1221620682583
275.4452096149309
275.150994020443
275.0455660254852
275.3885003181534
275.0342970523922
275.2031096969635
275.514801566506
275.0905124394627
276.0731576282089
275.2886505196528
275.2296202352042
275.4269607798718
275.4388568083418
275.8078446552526
275.8275063680729
275.1783197333618
275.4079888043454
275.1161388384317
276.2739432760566
275.3784266219145
275.3798302356715
275.1075466960457
275.0655377658949
275.0201565297294
275.0489771533564
275.2746799105174
275.170519713166
275.2130639132394
275.0975371205253
275.0736120438335
275.0786129181818
275.0795900744156
275.5189742130031
275.1573650032441
275.1925260303156
275.0824206326404
275.2660379611271
275.0803317110509
275.7825099243764
275.0860391223586
275.0019785657702
275.4013173689117
275.419947667094
275.5984038678071
275.6021644538239
275.0332266162401
275.0112244284525
275.2574745417529
275.5935126142808
275.8232636408284
275.0513241143809
275.0183439501366
275.0327603184817
275.8505467205429
275.3485438323101
275.1324894582284
275.0209326171257
276.0417264938793
275.3766002410117
275.0198981790264
275.1513562638861
275.1928721879976
275.1790666612188
275.9167643186645
275.6559523155919
275.1598922375383
275.0006603269706
275.6414800143006
275.3000232981025
275.4113046538772
275.0445710124969
275.4373867716587
275.6134764705948
275.1306049473165
275.9813788976222
275.2808739767255
275.2934614848386
275.3303925651169
275.5912505345171
275.1285540602011
275.0756551958016
275.1253662902529
275.5192662938538
275.3550390869461
275.2578183883317
276.0107391398632
275.8528362089804
275.4854165508067
275.0452058324971
275.3201790127859
275.0357893502112
275.1315534125121
275.1651674531457
275.215877212096
275.0614083561095
275.0771985333828
275.1963068975307
275.2290655913421
275.1409654869947
275.5282417930791
275.0001546373429
275.7922198487707
275.4740718835664
275.6122162122725
276.2131713870989
275.1289801981603
275.2739759725433
276.2703298445078
275.0462228507628
275.4416201240233
275.2153234171641
275.2533008022223
275.1810814944664
275.1130360961422
275.1031799200849
275.1855892072258
275.4961850580628
275.3116823638738
275.1018690577282
275.1176950358741
275.410856546659
275.2782782516957
275.5305214090185
275.4078888328878
275.368303404815
275.0568534641501
275.6370153111062
275.3455415740019
275.2070124286602
275.1250434410899
275.04172441128
275.0931140611497
275.2887400743297
275.0153809777027
275.1278174633494
275.8536557389992
275.0968385132961
275.9621744323584
275.8553336650768
275.4582245493623
275.6501623786461
275.4152800944284
275.1948946569211
275.1065817014502
275.1921342207605
275.8125249017269
275.2313629113335
275.2520511685765
275.0129837918055
275.1028960018237
275.0927659810798
275.0947370519829
275.2234023914165
275.9820287496051
275.0948839528119
276.5579017558128
276.1259798346042
275.4335007688371
275.5082593786984
275.0578280668884
275.5991628884579
275.3049591000669
275.551234611195
275.1690254177101
275.1151251952843
275.0094721052323
275.96485192134
275.0163892805394
275.4784107619482
275.4130443552156
275.1295557752047
275.3640270075059
275.0650906282252
275.313797069812
276.0903551100312
275.905280560301
275.398382407521
275.4419553695164
275.7247301480163
275.0030073454802
275.5518704239866
275.0726013532404
275.3611217292539
275.5390183402735
275.0869391031804
275.2013192381525
275.9296993077213
275.0074163095024
275.2566620435936
276.0957956873851
275.9563317067925
275.5703867221141
275.4141386539339
275.0641588861223
275.3426633672008
275.2373931855353
275.2151889986764
275.805469645732
275.1470728960866
275.1394941722866
275.0742726409036
275.4646539740058
275.0196131606201
275.2969456120896
275.0508343204144
275.5801124788951
275.1569960009834
275.0992488436368
275.2771386375688
275.4313230432137
275.1362305922452
275.6727493988175
275.4693681704513
275.0076245545244
275.7592715863892
275.2337667708717
275.0127037361142
275.1773992386196
275.2794082559014
275.2790025939094
275.3797494062343
276.0293555770378
276.2114269682301
275.3099276271816
275.0657581839607
275.3600906083099
275.0773772392436
275.4522984884934
275.0779033366316
275.3384896716972
275.1600162108961
275.2102661405285
275.0395540195469
275.0578480343354
275.3179000143882
276.1734480168437
275.5935613761571
275.0348975314147
275.0230390865584
275.3198252636859
275.4361083960314
275.8455767584592
276.1897185061658
275.1723583661911
275.5586259052887
275.1283294897573
275.022383835194
275.0239573175354
275.6277775322982
275.1229641003521
275.3057371806138
275.0413848703624
275.1265613334123
275.2992446893633
275.1014222075559
275.3061399807125
275.0805480190162
275.4021034145409
275.7603971397585
275.0074765535315
275.1301965366662
275.1543714411525
275.3056782201154
275.2781138288561
275.1111977015123
275.1252234372251
275.4786300096713
275.213091693067
275.0818015140157
275.5903172326092
275.5727816025425
275.0486077739611
275.0267223941724
275.0181978997817
276.0813447024403
275.1606547517773
275.4173624568404
275.0556212999438
275.1864175111116
275.1992959602634
275.7868475071021
275.4382229236931
275.4400058894573
275.0950808749451
275.3424763112018
275.2193741892837
275.3176618509059
275.295730815481
275.2841657332266
275.254370253081
275.0498737103919
275.1949443979914
276.128638442997
275.0022497494307
275.6530937920537
275.3619521899663
275.0797377988821
275.2908546567691
275.1795256986288
275.0611035193756
275.0221026164941
275.0689626844585
275.3421263484479
275.0603464925435
275.2475265543524
275.1200072660028
275.1392650270425
275.1514118515273
275.2669309690288
275.4090065977995
275.0901710939514
275.0422308775636
275.935075163283
275.5412344887459
275.8295599981863
275.2524741163948
275.2377929406864
275.0806827605362
275.4055597528497
275.2220770027382
276.1564904780225
275.0557080670064
276.0433975273547
275.690430594892
275.0896102191682
275.1564921167263
275.0709613291079
275.0810062066854
275.4883207168031
276.1696485690779
275.5826082236979
275.0218465812432
275.7989446920744
275.4608705209413
275.6051291244593
275.1163803361191
275.4403988361598
275.0576207081082
275.2610690555344
275.2928963829517
275.0878018835147
275.089192865383
275.0525342720846
276.1989318896958
275.1547204657242
275.0665085708566
276.1071157660746
275.2452235941362
275.2651304718249
275.2036426319193
275.4067252428493
275.0177365537056
275.4762007355552
275.5914428049587
275.1292131052256
275.5517920856137
275.068433232472
275.5280911561917
275.2835060366202
275.9635855962345
275.2457340652994
275.5032680089666
275.0167099413615
275.0321798416877
275.2221597025224
275.0142150728038
275.6143692477671
275.5732958634
275.1922573509134
275.0252438635791
275.1075546199971
275.564730411698
275.3896898549123
275.114250105352
275.1618890249181
275.526311282814
275.273068521647
275.3460354885083
275.0114380632297
275.5000528052981
275.1475442627674
275.0285255521302
275.3419473020795
275.1494044722529
275.0359741296917
275.334666604053
275.3119784898271
275.0325597714552
275.0458771957381
275.3975388519659
275.4013291458691
275.0036889615045
275.6284425822095
275.9347504980001
275.1458034636772
275.035169385305
275.5168006600615
275.0168285105151
276.0772677437491
275.543415382742
275.0075653674862
275.1684034492592
275.0569463527722
275.0113020965572
275.374650591428
275.0518104758121
275.605716329737
275.2097780355319
275.233216804138
275.0069513618192
275.1057067739583
275.6085924874574
275.073902091139
275.2989977801107
275.1158310111543
275.0316571042164
275.0337702733787
275.1007775719585
276.0103636896988
275.0709559893893
275.5655935471758
275.1381108361906
275.14256475765
275.1239584758881
275.2232030288029
275.136645954991
275.8789399717722
275.2371962952918
275.2067145197067
275.1691183259741
275.3979013537728
275.0712118420794
275.0220576940213
275.1201063236471
275.1588493276775
275.0516646299944
275.0950845121661
275.3288350921466
275.9153097189536
275.8329015302321
275.1281297461063
275.0501184580673
275.4293812606505
275.0566127582114
275.1701594358374
275.3995407809485
275.0326200068483
275.0423480928387
275.7529952347172
275.0181353954063
275.2414440022335
275.2125137302621
275.3570738969598
275.0228851125524
275.136992177644
275.4746008387789
275.6832372466619
275.3978671900871
275.2205338417563
275.0594349651727
275.1359484538349
275.7583968630186
275.0309862332712
275.3903727371178
275.0986820379655
275.1214644422627
275.802295484217
275.0303638314933
275.0910375861632
275.3335406547262
276.0320453260816
275.3079712065129
275.3463104238972
275.3509369785948
275.1001589128313
275.1728412079452
275.1327466944611
275.108611409913
275.1804376262097
275.0741168122248
275.1171267966816
275.2281324826774
275.2019083532853
275.0789681517963
275.0257109692407
275.3160311454584
275.1763250920325
275.5901005746342
275.0062138824928
275.2004446985765
275.1472712209706
275.1066851350761
275.2862906724792
275.2171998187561
275.0593468045776
275.2431398073144
275.2377868234719
275.0715268886611
276.0388890177504
275.3644391577998
275.1425716183031
275.0437185152618
275.4940064954999
275.6704842111305
275.2157320769942
275.10456176919
275.0568303991872
275.0294654634263
275.1561884034118
275.3409836019656
275.570509552442
275.2121830179593
275.1179839554373
275.2507590853064
275.2375779002117
275.4728924770221
275.4352872255542
275.1330635347604
275.0871510807207
275.4722417016119
275.034410270197
275.1259835865132
275.0565949576414
275.2935925076203
275.0245729939967
275.5609406789644
275.122276288836
275.0037903161877
275.4403551678283
275.1503269306884
275.5504852467177
275.0664303293558
275.0728893740652
275.0369537817422
275.4135460115057
275.0058387461128
275.0831918843513
275.0387843321378
275.2241700225106
275.2777664116818
275.0824527265042
275.3953621219508
275.1529094483548
275.3222375016215
275.0251965830488
275.5654659406783
275.5021538136563
275.0218608438714
275.3781690761833
275.443503165179
275.9647780324192
275.2581592259378
275.0122975127899
275.2822976349012
275.4564508709109
275.1714634550694
275.6895129936235
276.2316419807087
275.8151595830936
275.0214183475354
275.4293968613684
275.0584478421295
275.3190009697917
275.1669688195188
275.0391137803635
275.1409421701165
275.0011754156189
275.1962200903642
275.0353019919287
275.796646440788
275.2972162530424
275.2060272421785
275.775153105047
275.2035615956673
275.0920041951336
275.0870628370334
275.6458917828988
276.0002496622777
275.9794336148302
275.5964323688948
275.3826453881476
275.0244022061808
275.0163006255974
275.0422345597894
275.2834465616019
275.6149211982307
275.7290026209473
275.62088795238
275.7274480739741
275.3219982480303
275.1627761468343
275.0282533587447
275.4038506150854
275.7016205419511
275.7290418601576
275.0065104730058
275.4471694449953
275.0623832422121
275.7728068544443
275.1272004894636
275.5508017543705
275.1498981070964
275.1076390420333
275.9990883910568
275.088394900326
275.1149011570983
275.289169191535
275.3400835088859
275.1814510536487
276.0079586520687
275.1214022326126
275.0286992322755
275.5768085358868
275.3125085859116
275.6959306245527
275.4875597934566
275.0230974828082
275.2682284173666
275.4133620912918
275.1029727905188
275.2658493289368
275.4312784367889
275.8897649615969
275.3989260794808
275.5170212613147
275.4386148658743
275.3717063287174
275.0169084294174
275.1195582691639
275.0132583105697
275.3515173050941
275.5929164895201
275.0322041359211
275.1135241105274
275.4058880451146
275.0532164556953
275.2224349406471
275.0819924085557
275.1465409380941
275.1297646240847
275.2743392278852
275.0147267283452
275.0275376559723
275.1749250673802
275.2266816507911
275.2479285266336
275.1883592773208
275.5930351349969
275.2037214129527
275.166551189559
275.0109363555613
275.096177360783
275.0984622824181
275.0249729582431
275.0260843505046
275.2925863347523
275.6459858680881
275.0489668722932
275.292861874267
275.0165114661668
276.5743031188464
275.4080634996799
275.5950509325409
275.1114856975886
275.1720400117365
276.21433646873
275.6414693516352
275.2123462942091
275.111528166736
275.0098678344278
275.6451807445041
275.1644107258137
275.1404736384716
275.6987153700974
275.0574543893995
275.0578429348298
275.174243374942
275.0220550467874
275.2446615472335
275.0653250554665
275.4046252505336
275.2237128313519
275.2182996819791
275.6635391025315
276.2579169592132
275.141738686645
275.0466049680131
275.0024606105861
275.191935920255
275.0818032246601
275.0820689502479
275.0109289200859
275.3051779710984
275.0695172370035
275.4954505904353
275.4219041706486
275.2811373127301
275.2863310126451
275.3439645423459
275.0330801040914
275.4107379465771
275.3260047905255
275.1105231083139
275.2410715843312
275.9294675051663
275.0936484889794
275.1171637359869
275.0199500618307
275.1652818887948
275.5075927543667
275.6001830777001
275.055913440798
275.5351121507885
275.0137979464412
275.2369710520945
275.226271518873
275.0061890275346
275.146623034251
275.3940526506229
275.0332160309517
275.1115523077005
275.4350941120006
275.1616928199347
275.2517161768056
275.5358483324986
275.1731401452471
275.249417415996
275.2635792477687
275.1898258125748
275.2078251201651
275.0363420748882
275.4112539271737
275.4844671723039
275.2480868055946
276.0745313390865
275.5573140477252
275.0553345336073
275.1219926307344
275.2858419780068
275.6327483504011
275.0068316002665
275.1300690994652
275.2976539702481
275.5369956242429
275.1007511280332
275.3017185433354
275.1464743855603
275.4278505001376
275.0948657399156
275.0209274515537
275.1631392646972
275.4576803625058
275.0251548695016
275.3256294648079
275.0418337122707
275.0090987284934
275.9389543955156
275.3903791992551
275.0037140883102
275.3317305450325
275.3607983220363
275.1394507554322
275.0699619610095
275.3058788401468
275.526762012797
275.5531505236488
275.4450316544828
275.147431993963
275.1983486524458
275.4345881819923
275.2025425312314
275.0451184736742
275.469569107726
275.129102479285
275.5640658878571
275.9726816762887
275.2691602346709
275.5708634594334
275.5733198581943
275.4498235867161
275.7259623695426
275.0979167580286
275.0999289277046
275.3791111600592
275.0799066910339
275.5731156690104
275.099362239852
275.0111913790352
275.1941844350756
275.1526481654311
275.5416357361108
275.1365251678548
275.3475706874738
275.1099383488698
275.5542405283254
275.2535968421191
275.1753771808606
275.013570832104
275.045964958112
275.5114137010205
275.0816381283974
275.9952737919483
275.1229509573134
275.1591434510541
275.3448108600834
275.3648601415674
275.0803699398001
275.1943700847048
275.5509966409537
275.2318257637791
275.0954701867145
275.2789203637433
275.1758870881959
275.1374464418471
275.1100099645622
275.5442604549895
275.4477051739368
275.6342600818767
275.5415796661859
275.2822525055456
275.0066239260031
275.6041696837281
276.0565584133927
275.302101616987
275.2093135966192
275.277248759098
275.1507603598737
275.8498717864259
275.4687037468731
275.3120088540098
275.0146760891153
276.1305942966945
275.6649732297869
275.3504502702269
275.0297273150716
275.1358072760133
275.7690522566395
275.1814784605438
275.4122276298426
275.4775177527301
275.1097914380225
275.2403040675223
275.4575011262324
275.0191200026554
275.1973226822337
275.0485445479329
275.7529993204133
275.2320026523679
275.4683202008144
275.0780438364413
275.1810887270926
275.3028710709752
275.1092831223839
275.2289906396043
275.0963315601838
275.3985747809139
275.9615808547436
275.6855383920823
275.2896604003938
275.0954419531488
275.1103319015285
275.2566237296957
275.7710323052872
275.5825673017049
275.6394943753906
275.0412073146099
275.0404903239257
275.030994610984
275.5825761146315
275.4117001647606
275.0368458825415
275.280134225095
275.1424462966933
275.7873089616369
275.1591573841741
275.118948322242
275.4293201392058
275.1173281102151
275.4762051380158
276.3651909526454
275.6878421512233
275.0303132435672
275.0530827556785
275.532785862833
275.3395188772681
275.3072597399054
275.2008499954117
275.7435523153292
275.0025840870302
275.3277858753783
276.7123245204089
275.0964704010474
275.5867337068173
275.1538464751577
275.3148794946436
275.0970947063382
275.3064481509154
275.0684199521083
275.085602700536
275.180668728994
275.0414954796451
275.7077968436239
275.3842809788105
275.2129919244312
276.0455101291821
275.438171799362
276.2981570108675
275.6256066978954
275.0035626087524
275.4561004890829
275.317150995014
275.1151292702434
275.0850708133394
275.0742136709082
275.0782172085358
275.135455443353
275.0698164343301
275.0088623084596
275.5254320888068
275.026372988458
275.0029427230178
275.3913266639935
275.3082764930107
275.0653020731121
275.0181762018938
275.0092617776868
275.5137506823229
275.4849732173322
275.3192363233765
275.0082448960184
275.0050402937001
275.032241047415
275.6157360418192
275.0666483772837
275.1388071472623
275.1733655932714
275.150954760385
275.9063360182189
275.4413803513071
275.0737495046325
275.4835594537498
275.119817662456
275.1570756794314
276.3047782533394
275.4543167455714
275.1334283673169
275.3182637287165
275.606134473611
275.0492660202693
275.0182113885599
276.5684315949778
275.3129701576044
275.0595372167148
275.3912276981414
275.2126297392056
275.0978611605059
275.2974970574224
275.7743587666835
275.2026008103761
275.6840483058478
275.4994383670405
278.3942422407005
275.6439880683386
275.0002174868581
275.6990166529749
275.0621654083545
275.0785600126841
276.1764774239176
275.0853812022505
275.0799238804418
275.1672553194084
275.1251074814996
275.2355557727551
276.1544261954519
275.3598144262996
275.2682421616399
275.4958415265762
275.4338846612557
275.6855964580481
275.0557852279932
275.3188670415556
275.0564904568635
275.1131457802065
275.2109835151091
275.0245489946849
275.2423975022342
275.6371600784908
275.1040228190591
275.2368038043156
275.182434251182
275.0709241731082
275.0009713703326
275.6038026841801
275.2475938658129
275.012720462292
275.0372218400008
275.3064072992915
275.092893040814
276.1248829702505
276.6727173658795
275.0386762519386
275.0713507046348
275.121602599809
275.0051013122305
275.4992308525532
275.4949411027888
275.1961660220571
275.4571831389743
275.0587333821553
275.48389929657
275.417612484309
275.0286633241516
275.2996232201843
275.0532984598821
275.8665380977856
275.0990995126292
275.3383477617928
275.2046547145953
275.5266849576726
275.5804024696258
275.2283559113163
275.4855474251669
275.1153796585608
275.0916598376086
275.8451004009564
275.320998539785
275.5923474352352
275.5623559883779
275.271085797331
275.0705436985209
275.5194844724742
275.3362263110979
275.2526109482897
275.5040503132429
275.1903130774766
275.079767080885
275.1490765308452
275.2909673824033
275.3852774675144
276.073602182361
275.0708485381473
275.0973210278818
275.0105218548601
275.2144460886095
276.4104401969262
275.2212497804196
275.4665459987194
275.4433526854099
275.3352577453068
275.3194737837744
275.2049229537754
275.0238204990818
275.6604342134828
275.3592152406593
276.0219521167169
275.0370275169951
275.8395449963782
275.0471086973254
275.2621795474649
275.4784519610272
275.5127009516503
275.3573751236249
275.1068286478485
275.194765363363
275.4039035919349
275.0677297266013
275.0350165694352
275.0542916397268
275.2740333260148
275.099094304664
275.2655715550919
275.0355887892575
275.0006235605913
275.2515912921231
275.2043411273949
275.0159390598166
275.4013419597588
275.2898056326183
275.1260732357531
275.4794962922454
275.1535846218808
275.1997178883721
275.4322457706213
275.3784639893945
275.1493596562532
275.0303682016624
276.1696103513822
275.0257526710984
275.1864136101628
275.5890284475379
275.1944231653446
275.0056591248058
275.6501409333654
275.2231034631054
275.5402536153822
275.3349352552999
275.053840731778
275.4558140992716
275.6441747610072
275.2912067203244
275.2450319218847
