1541.365718959298
1540.264369719475
1540.047046448638
1543.10860844723
1542.933936431315
1542.004491640072
1540.160465771301
1541.316385170367
1544.488236482624
1541.643982816785
1540.116144174293
1547.038476518896
1540.11874784475
1543.34523806454
1543.635300318575
1542.005468596212
1541.793894498388
1544.741353074096
1540.201353891498
1540.266495002053
1541.003613152016
1542.422368063428
1541.181409370841
1540.45202060616
1548.191862236528
1541.198061426288
1543.754743615662
1540.011875622753
1542.320885737036
1541.522209465369
1542.359509528097
1542.046860948415
1540.182905124446
1541.302327839509
1542.232889599302
1543.489612478838
1540.611196191641
1543.205063634939
1544.345157577817
1543.076846601856
1554.612530256351
1540.040818340053
1541.572504330442
1543.492295565312
1553.700423433243
1542.412601902029
1541.36348330106
1542.040521069412
1544.036863731886
1541.329313325024
1540.05315934705
1552.033399625057
1545.427444923896
1540.211228793728
1540.760275958532
1542.723858138485
1544.412218082976
1541.095740951827
1540.339055078367
1540.580591802167
1540.115213652495
1544.639008975913
1540.20952543334
1542.030361966989
1540.047256765687
1543.04892855407
1543.76310018243
1541.208880228483
1548.017512680829
1540.176066967936
1543.475467857935
1547.449153997507
1541.36938599109
1540.378793389211
1544.073498677605
1541.123785384764
1544.050070888754
1542.71345405263
1544.145271460155
1542.246262611045
1544.903560303683
1542.177269996432
1541.03277027673
1543.049770631164
1542.086399931674
1542.377551018632
1543.768161647072
1540.052744896979
1541.757818204301
1540.622079409149
1541.176188597595
1541.410167616557
1540.302836314563
1541.637345726297
1540.301016536248
1543.14943787347
1540.681662452419
1540.93480477623
1541.506263721586
1544.596822470513
1541.032638358093
1541.312605773477
1540.282340785579
1540.58255684781
1540.10258683936
1540.207471461231
1541.274705105579
1540.250996523351
1541.024617993112
1540.583222910261
1543.539260743957
1541.011744179164
1541.647330470979
1542.019462906166
1541.039762008039
1543.066825963916
1540.251145457082
1549.274420911516
1541.65990912785
1541.237184672909
1540.560698055359
1540.82965069725
1543.064844528684
1541.532658965039
1540.092722944271
1545.16297180173
1540.694553114189
1543.056946334995
1541.167910064839
1541.134045179221
1540.094434657304
1540.445571175088
1545.780011149478
1543.214970321033
1540.173993458559
1542.076527517941
1541.607058528307
1540.417782419879
1540.074130236016
1546.238724423376
1542.423167013632
1541.245931506223
1545.066544355616
1541.465545812446
1541.134652187263
1541.309460076963
1540.083858751852
1540.133941448832
1541.158960864983
1541.126004938127
1541.087419934811
1542.198836499751
1543.299144800347
1548.444752171127
1544.040742301564
1540.109999027105
1542.080426293321
1541.0897339918
1540.210701238263
1542.051119700184
1540.373757258976
1541.303098880266
1544.639530340934
1542.319670821578
1541.186563323341
1540.920885868858
1541.019767595321
1542.875811621096
1542.063131343269
1541.025799353948
1541.072573515619
1541.453563905133
1546.235591087019
1540.090957540719
1542.063413819637
1543.939347199612
1540.3473046198
1542.047787812598
1540.061843470493
1540.080978228135
1540.290763754895
1545.23315560106
1541.718770358547
1542.480428585955
1541.422885710773
1540.100111742512
1541.749268890731
1543.265077256036
1542.309562700123
1540.954945615094
1540.062083655839
1545.277244517304
1542.103831653249
1548.265915739603
1540.274513732996
1540.898665954399
1542.021634465998
1549.674426993152
1541.06570012197
1541.465550600424
1540.102326256436
1545.185793984391
1542.182879716971
1542.233043379281
1540.128094336566
1549.327259414094
1542.314299493097
1540.767969411428
1542.456113876375
1541.145139235005
1542.272163279579
1541.967091583988
1542.21551714195
1548.116431243877
1544.415584458518
1541.427420646382
1544.209356701119
1540.02345088312
1545.00597141321
1540.24878602025
1542.250436973588
1543.045987025814
1542.71821682013
1540.12818778179
1540.01657604149
1550.460027001871
1540.504553569196
1541.027781670882
1540.560019976317
1549.077363180265
1541.089543429235
1540.310367758266
1541.124241262174
1544.157308737772
1544.285731893328
1540.308999350419
1545.545496415876
1544.121295302065
1541.188864483049
1540.100385818904
1540.1440437544
1545.13262419749
1541.10624151164
1543.144105101071
1544.121837115258
1543.199531626836
1540.082945253207
1543.11965323818
1540.198270418854
1543.452970567621
1541.133238220086
1549.070396360309
1540.617192715904
1543.027114166548
1552.519100772744
1549.056873151326
1541.040970832059
1546.207976393668
1544.304522217559
1540.108873894676
1542.451075876433
1542.080204014447
1542.115716012994
1541.021618479313
1547.492283482703
1540.203032579279
1541.305302838213
1540.287709303041
1540.587175807973
1543.723922703035
1541.459346881343
1541.268994128618
1540.085014252146
1542.113613146994
1540.620038122402
1541.399683365043
1542.272861524546
1541.36704216646
1541.59380620139
1540.194463173258
1541.158399871092
1543.269735414926
1541.282141363152
1548.067073202867
1545.15455125782
1541.071786518946
1541.380982364587
1554.435482136874
1540.024029344724
1540.056620927718
1541.028254696948
1542.011246366629
1541.69215224016
1546.430814151352
1546.155750215002
1544.745815474941
1543.05447886474
1541.216330154358
1540.298794701834
1541.507221863505
1541.073462936145
1541.081761683171
1541.108662956026
1542.092808058733
1542.115035519018
1543.230917246349
1540.109512909428
1542.938627377634
1541.068203825804
1540.413927271691
1540.472151254484
1541.19377918118
1540.021862235504
1552.311318726382
1541.091364420798
1542.133604760128
1542.003586003995
1552.416339877121
1541.506564328947
1540.833882663194
1545.449677712903
1540.18393437727
1540.203063800697
1542.04240211708
1540.584018752574
1542.581801287961
1540.932884280144
1544.21226972494
1541.038457248086
1540.043381255116
1540.698005896278
1541.166722185976
1540.182117840791
1540.152509621299
1541.211623186893
1542.651001943332
1543.531485843149
1545.188851923861
1540.264146685107
1541.044624269264
1541.149464775162
1543.10466928436
1542.123991779046
1542.346217807251
1541.022460245517
1544.199479767447
1540.009061263059
1548.232855284892
1543.217963785817
1540.040979795951
1540.414433305451
1541.293038135448
1543.105191541159
1540.272350384361
1541.261674431157
1542.097224397178
1542.026829250802
1542.765038990475
1544.047346611839
1540.984819560806
1541.176469038693
1540.346410733113
1542.035916857634
1545.10660753232
1540.011635967158
1540.487040609848
1546.045884415986
1542.091177292699
1541.008634813486
1543.084540901471
1543.7178755647
1540.223014893708
1540.52923795258
1541.000020955558
1541.040744783661
1543.335532627863
1546.634360768423
1540.360440670009
1543.098806734512
1541.125490156856
1541.067321051413
1541.010630750797
1540.107844645293
1540.218218612447
1540.614907187003
1545.287109249637
1546.264384256007
1543.036220327861
1542.048118972598
1545.124103650475
1540.00910332503
1541.153678322445
1544.206094030813
1548.071345129383
1552.060130042411
1540.054291347918
1541.016299987919
1545.39124853039
1540.476461674978
1546.393297377895
1546.033395826652
1542.096363229777
1540.66845437816
1541.235183208246
1544.504152795382
1540.024290750937
1541.312362335399
1540.760326147283
1541.166888309639
1542.24316642759
1541.025011424367
1546.032535848843
1544.079540448889
1542.222225670253
1540.654320471779
1541.408899675198
1541.185310190657
1547.23208778183
1541.065289222815
1544.638541971269
1541.021921402719
1541.242749838001
1541.040354680751
1541.110569336284
1542.126308948974
1543.287343221541
1540.090640848948
1540.829154782361
1540.186111183637
1543.356045718527
1549.046021271198
1549.022001098556
1540.167486013507
1541.077773388161
1544.21970206541
1548.031984299821
1545.182085776324
1541.001655614329
1545.763672974266
1544.111260601348
1542.411246530814
1545.085099029302
1543.143990264571
1540.347793554197
1543.486029001724
1542.878119503933
1540.008146373492
1544.103905293515
1540.084107062101
1542.194115292389
1541.57040439737
1541.33960719269
1540.262625499998
1546.052400559533
1549.176927884927
1542.150303060157
1540.372276739631
1540.086176327516
1540.177870382906
1540.401610683968
1540.228835972473
1540.059347871877
1541.056340850155
1543.740940120861
1540.25976900852
1548.159886704684
1545.045276565488
1540.145070725977
1548.018122231857
1540.110502133427
1543.571596721742
1541.260340126288
1541.052642083405
1543.111235264689
1543.183448663091
1541.119326776396
1542.117975905134
1543.025880315409
1544.261521303783
1549.026447264174
1541.217852532761
1541.220832908568
1541.238675874958
1544.03407878045
1543.356811246042
1544.029574402507
1541.553716243631
1551.620284413508
1540.499155268051
1540.221079964021
1540.05741736861
1544.180729171447
1541.914177067202
1541.95456780612
1541.193376595226
1543.041828120382
1542.353110905372
1541.049710062181
1541.394409483863
1541.300839342697
1541.022592271243
1540.12121546767
1541.739401152775
1542.298497246637
1542.324345360305
1543.171240773864
1545.115539508747
1541.120987886333
1543.377861591508
1542.900779922169
1541.777163364016
1541.671168240846
1544.030025313072
1542.030708849954
1544.286757648983
1542.340127620776
1550.485420177322
1543.104660452128
1542.013774201752
1546.000707579417
1543.002229217878
1543.031612228973
1540.291533995056
1541.306222652918
1540.298674166142
1543.087129791421
1540.333961333689
1541.078874079288
1546.485447684996
1541.29760870765
1540.607139405437
1541.327500785493
1540.41190904973
1546.07871219904
1540.418255083629
1541.192055308732
1541.140353318456
1552.383265314663
1541.763392727961
1543.122931174804
1546.823702163052
1544.056936787698
1541.141146383204
1540.047760631177
1547.040843910856
1540.038169669083
1542.063603102579
1540.465241186215
1543.054321041733
1540.025366844232
1541.302048007051
1543.398030426628
1541.152123120473
1542.074932467946
1540.006776523353
1541.529393895725
1548.037432071066
1552.258723544336
1541.114506431929
1545.072992481283
1540.315499844843
1540.857828425675
1547.232587833296
1542.162764562461
1542.534490988123
1544.376496297325
1540.603284907167
1546.528350396066
1542.806703266873
1541.00272235542
1541.375917452392
1542.010929241358
1543.220911774752
1542.080573146486
1540.191722157119
1541.177387412704
1544.115615666173
1540.077499271171
1541.102853864809
1541.010934574689
1542.121762000334
1542.062816345968
1546.149885354409
1540.103820056001
1541.076015559486
1540.034927444319
1541.186619971584
1540.083174447294
1542.282984538154
1540.767526000184
1540.317565165274
1542.215202037692
1540.602013674645
1541.022559861091
1541.461203395593
1540.504043511985
1542.816546400534
1547.065920025888
1540.059197956279
1541.584145393237
1546.00763534574
1540.127914394353
1540.339331907054
1544.325145969789
1540.071461850136
1541.089629981641
1540.129104862397
1541.09977834436
1541.912884869321
1545.036666848515
1540.037498826328
1543.385375062768
1541.306851044362
1551.020453345171
1540.324666332176
1544.245445914806
1540.376761578788
1540.100706218466
1540.642149306422
1540.136359464683
1544.241806721903
1541.821637569165
1540.991147809971
1541.32645933249
1540.337744599535
1544.048498562362
1540.2154688606
1542.606359109816
1540.022009603647
1542.404553190583
1544.092527350987
1540.003745242668
1543.195014956375
1543.414396484231
1541.152980780116
1541.363810760643
1541.028704395814
1554.233730540612
1540.10145027125
1541.218583676448
1540.437777307506
1545.0407956184
1540.113325670706
1541.175743357305
1542.735816703016
1541.135962077343
1543.115624158072
1541.114511730809
1545.166369776362
1541.004239029803
1541.039652439769
1540.758291766075
1540.105361565211
1544.463756231582
1547.363582396565
1542.625101854261
1541.076275725234
1541.37524872754
1540.866333879572
1544.109566049601
1541.157271406046
1544.175053917216
1546.170858079694
1542.016183783662
1541.334383236146
1541.078083042363
1543.232697584944
1540.167518679074
1541.195910842184
1541.034568149268
1543.197414740611
1540.075257863941
1540.17206379667
1540.064143428099
1543.107921360218
1541.259144337871
1547.055590209533
1540.616367780155
1542.414122275845
1541.208899407289
1542.450442738695
1541.266373083228
1542.171171217433
1540.509643590254
1551.125701036666
1542.206360642919
1540.213719356166
1544.165421840856
1540.817662120312
1543.045022433766
1540.430299713944
1540.392724968844
1540.042160377503
1544.094047485775
1541.399252091695
1541.011982012472
1542.46395333213
1540.212294876339
1544.157452084357
1542.901090221599
1541.39334215682
1544.167918554708
1540.125652749315
1540.460494777066
1542.809646959753
1545.245706673371
1540.616132721246
1543.120964959225
1542.118133126446
1542.272766814422
1543.411723555898
1540.080499812216
1547.040116145889
1543.534198871924
1542.541789565172
1541.005221847033
1545.020526009897
1541.20538133438
1541.060545601833
1542.792038454942
1541.362935214239
1541.312393175348
1540.65564253133
1540.033361049285
1540.142546619445
1540.471830140153
1544.325628732526
1542.256328897583
1542.480623951367
1543.065612864134
1541.395158857549
1541.174934163728
1542.203845895412
1540.453219487478
1545.07121968338
1540.486130246945
1540.209580006238
1542.756501195197
1540.136227556617
1545.111028087942
1541.388469728292
1540.190841105639
1548.172406693243
1540.065707092893
1542.359918836034
1542.190598075101
1542.280498586531
1543.477823889083
1541.805983192185
1544.723998740609
1541.150101241742
1541.128318322735
1540.182904966235
1549.068744353859
1542.378168713753
1541.560841437178
1541.027870430747
1540.466523846005
1542.538522754805
1545.977982799184
1541.064723924023
1541.463518982443
1540.196018942969
1540.090607367729
1540.463812025461
1543.270079123532
1547.799352007512
1540.099989324066
1547.409007646826
1541.024211893793
1543.828195588227
1541.070705889577
1543.346149442234
1542.1423152904
1540.125264080012
1546.027559419901
1540.088081770277
1541.363550130634
1544.842691300887
1541.016543965048
1542.703859410685
1554.805208758316
1542.53760159003
1541.183027726479
1541.606114691125
1541.019846200623
1542.099018594381
1540.078404249184
1543.335448873154
1541.390041007171
1540.456853660205
1542.268930411395
1541.171181654279
1541.189229110366
1542.43296609201
1541.51772641762
1541.250766471335
1551.206862262658
1541.539611151066
1541.042484181378
1541.230009531047
1541.039897450169
1541.080509547696
1542.332872814886
1540.129995782003
1540.184675508229
1542.232854366767
1540.494983052156
1547.045473237466
1543.160662840427
1540.019238578168
1541.459090035487
1541.249383466193
1541.113667062219
1544.658143843712
1541.36659875027
1543.210550223969
1540.012677365756
1540.195598656463
1540.201328242502
1546.39714992426
1541.110103637705
1545.034935789053
1540.25375848324
1540.043847091944
1548.119688321802
1547.439666278922
1541.002936919977
1540.218224645415
1540.424242032998
1547.024681301238
1540.169300962212
1540.333544397671
1545.220278257196
1541.351630184793
1541.279789629181
1541.06438301402
1540.06529109001
1542.068197293407
1540.305850819664
1540.015300554639
1541.985216804469
1541.035963992678
1541.101601493513
1541.308157063216
1540.011547982612
1542.729045305046
1541.165421290417
1542.078396188056
1540.072518541372
1543.097350560937
1541.237021565288
1540.111143471976
1545.310360014314
1540.380031231478
1541.096255197749
1541.068724851821
1548.697097577611
1546.169722511639
1545.238962718574
1541.028730248375
1540.17992963303
1541.800712145992
1541.078390540549
1546.550223975663
1544.038392233963
1542.406109761739
1543.129898101116
1545.641026038136
1544.402197571454
1547.19997702501
1541.309625647577
1541.473629674285
1542.088236523469
1541.822547191371
1551.075537912465
1540.484891253005
1540.120380285515
1540.022975733032
1552.231049458471
1540.191009983776
1541.030200906954
1541.022249547812
1541.221392999453
1544.10225281851
1540.096537094343
1542.093563870343
1541.373044098111
1540.029601692205
1540.223565409278
1546.142937779958
1540.223012208355
1540.347506607698
1542.037664229261
1540.173795111133
1544.237042787409
1541.182898504313
1542.357705066612
1540.10412660869
1542.028327366038
1546.019908452151
1541.083477245491
1547.055922327067
1541.196515645635
1546.064225370107
1544.66482205658
1552.032080671234
1540.163428591905
1543.372875124483
1541.675976121185
1541.032347035937
1543.548519913534
1542.166703229724
1541.052556571406
1543.83742681777
1540.159718471825
1541.421791732882
1541.285025158876
1544.405452066769
1543.380937270882
1540.649118266193
1544.07634956037
1541.60890366794
1541.051561370081
1545.54436343613
1544.549772520981
1541.267640985199
1545.048118158018
1540.556528598744
1540.248404220933
1542.114919509246
1543.068228702963
1543.001365559423
1549.452382337061
1543.245747659416
1544.406095976682
1549.149245779438
1545.251595299393
1544.433448594932
1541.26664068833
1544.130856434539
1540.25518057288
1540.13134571118
1540.285870363346
1542.010746298216
1541.569028526422
1546.262168507636
1544.124355718399
1544.164244280074
1541.380040677509
1541.086233783363
1540.113934261078
1541.108086427013
1541.007604429125
1542.429286948009
1543.0963386105
1541.057867263944
1541.711585635664
1548.068181416776
1543.298870978971
1541.985792049905
1540.028134247812
1541.374943788466
1543.139296332922
1541.321066346714
1540.285681235628
1541.2668235027
1546.208949105094
1543.009465874786
1540.355303301168
1544.001846431018
1547.113611256637
1543.253868739326
1543.01369667729
1543.097149859682
1541.090123442729
1541.331641807129
1540.059507365138
1554.145792703175
1542.199038930092
1541.093445020944
1541.110626934004
1541.03946866462
1541.219748467114
1548.010189033707
1540.587215571346
1542.001725178467
1542.329236846634
1541.107460147656
1546.073084666746
1541.133801432204
1543.002931346751
1542.17459972494
1540.519778596886
1541.846115615501
1541.529249886414
1541.277149550658
1540.021893807334
1540.43548105489
1541.022728431953
1544.912835327332
1541.17224912616
1541.487430742238
1540.65571583875
1540.033492307664
1541.432129367489
1552.154664241933
1543.365523002524
1548.148051752873
1546.014511568591
1540.113806000471
1541.276903204484
1540.048467335719
1540.240673036185
1544.916744603565
1541.164591905561
1544.400053237322
1540.179484030967
1540.0644965869
1541.782253650902
1542.467856923148
1540.423412314464
1544.180096174079
1540.056066504831
1541.255391163448
1542.723529022931
1543.483521390858
1546.109011526691
1540.027646620864
1541.204153771376
1540.154021905534
1552.254645090534
1544.008003942695
1540.207610876962
1542.434180591979
1541.687625457947
1542.180742543344
1540.232353756169
1541.055369771475
1547.260868216661
1541.084897665361
1542.295955677639
1546.225407377246
1544.360180838542
1544.328594382287
1545.215702713993
1541.493896602941
1543.061915580328
1540.011535602089
1540.188176938304
1544.191661324596
1541.228816394514
1540.444636528957
1542.357493921963
1542.061486232738
1542.156822365014
1546.113315566816
1545.429813796547
1541.000846767161
1542.084375335814
1554.285006652436
1540.242471772405
1540.423235815476
1540.183883442607
1541.151592836474
1547.291820947066
1540.41177536927
1544.319981832576
1543.193507271455
1540.412005494318
1540.144849390704
1540.221237513213
1541.826480840161
1541.284840693731
1540.155092436961
1546.434991326511
1548.819741569592
1540.805334136882
1541.600251886958
1548.35946555147
1540.203945868059
1544.240615142231
1540.093305128557
1541.01116004303
1540.02693180248
1542.03202115707
1541.194409134254
1541.285512296552
1541.063674012411
1542.468395613843
1547.446241262113
1549.014488710656
1544.002209532783
1540.063282385882
1540.44820477385
1541.652207573056
1551.258356807032
1543.003121134091
1540.269479232833
1543.847412358653
1541.240353756206
1541.655436213747
1543.131437093658
1541.760969493571
1546.341688409278
1545.127254222627
1540.329070240353
1540.147056510474
1540.046177894814
1540.173807810444
1542.208248926058
1540.416217286121
1540.022739536689
1542.275074661368
1544.174262978652
1541.157461591306
1548.257579698141
1541.155414457307
1540.086281182942
1542.256524883981
1540.366068393934
1548.419809875366
1548.126051463099
1541.325527414894
1541.021101278935
1542.730197480184
1541.137309460102
1542.279489090416
1540.294064171307
1540.634397437905
1544.218842969635
1541.26340729756
1541.288928577344
1548.554106798784
1540.524198430952
1541.01734092596
1542.547315208906
1542.040843040546
1547.889579837341
1541.074550890674
1541.39231123741
1542.121505988272
1541.301677380831
1541.275932127408
1543.343373312455
1540.049111277789
1540.326508511583
1541.528675939271
1542.230260720156
1540.234124982414
1543.030696100145
1542.055204828539
1540.426570076551
1541.37785454699
1541.048024680616
1540.562791160395
1540.111778598356
1544.403940625108
1542.13710418385
1540.399175474694
1540.043138897958
1544.299426583711
1544.318874979949
1541.049321534579
1540.663584294786
1541.413555936679
1546.730418523049
1541.468299164367
1542.195043423489
1541.487252937405
1541.187926397784
1544.432874504437
1546.640054069392
1543.279444594022
1541.261729551594
1540.753528016973
1540.299600613813
1541.573850800888
1541.414745759423
1540.251949419996
1542.03276047936
1543.290221373539
1540.443446016586
1540.188680828256
1541.002363364624
1541.040315985539
1540.125316028596
1542.251620995027
1540.257717220075
1547.150846576613
1541.105740789994
1541.230257807411
1541.365271985021
1541.567756639807
1540.414531498663
1540.169448985618
1548.028357909323
1543.189289625901
1543.296297448291
1543.695019670982
1540.224412049845
1540.102404717316
1540.224277715472
1545.420073680542
1548.170557173391
1544.362871394104
1541.861543579148
1541.494993057757
1542.038133340193
1544.031776615936
1546.146259330907
1545.136000988168
1545.337391254835
1541.189381503276
1541.191453114502
1543.102656132595
1542.15514574593
1541.208634467823
1544.571343221104
1540.147257162769
1540.232210788146
1541.379818364426
1540.228113056023
1541.065517210593
1544.353264700268
1543.265328872865
1542.036949835332
1540.806181775554
1541.681377920135
1540.590912761784
1540.320588475586
1544.869483384709
1545.051426595518
1542.28846219303
1540.047199306653
1540.350098865217
1546.192416777768
1541.382354078047
1540.971577999401
1554.25497266669
1544.223362672732
1550.159852839523
1546.018639014304
1548.258660755154
1540.166028699646
1540.196970565063
1548.149232859363
1540.046933661761
1546.102800621451
1545.018939543876
1542.17504695812
1550.121744693534
1543.26743095433
1541.207133902001
1541.062056894645
1541.000456797103
1546.783148168537
1540.023575323192
1541.202276645584
1543.02772833138
1542.277929304873
1542.197446999473
1551.556638058344
1546.114800189998
1540.578386181945
1541.07065546662
1540.528593415883
1540.330641762404
1542.356955210256
1541.468991572187
1541.060180581357
1541.085421013489
1542.035756347706
1542.216729972047
1541.151581390492
1542.172520915677
1541.225948869527
1540.382960421068
1540.483604200391
1543.590373675718
1541.076753680432
1541.509907028991
1540.548082291126
1540.008474155868
1540.170729652868
1540.884420622298
1540.509497467659
1541.52044198436
1540.108268040828
1541.102746841076
1541.030675827411
1546.902384117051
1540.263996750073
1541.126668304142
1552.287995272602
1547.456260013273
1541.191445342791
1541.846931692422
1541.683162157582
1540.04968999655
1541.05517849081
1541.231169221132
1547.263868764483
1541.835786922096
1543.030142284418
1547.216085799099
1544.01871405003
1541.039962513154
1540.088441688995
1542.114394486535
1540.247851757126
1541.487377515341
1540.221942868483
1541.524945061134
1541.551983371175
1541.234252372428
1542.461087497511
1545.592925219838
1540.021461386386
1542.116831450422
1545.424130985773
1544.130130227785
1547.145498862177
1540.042728565604
1540.217741130993
1545.108795980042
1541.21527345303
1541.342828882403
1542.000721196185
1541.12013162089
1543.688653906253
1541.033978903246
1540.15354001767
1540.339094214882
1540.746149670944
1540.667884085018
1541.184368006207
1541.137804041674
1541.258320099982
1547.236005135232
1540.792426815585
1542.753784974063
1541.700432614204
1548.199192039149
1540.957157149505
1541.239073577166
1548.163730692138
1540.004699692779
1540.01972583376
1541.287296793479
1541.82533413759
1542.229737912206
1544.043393256789
1541.0258646556
1541.076257293672
1542.036273020367
1542.692564621094
1541.312490084622
1541.568018958016
1541.124355640731
1542.120455397896
1541.19772836988
1540.125971484194
1540.302796896025
1540.001821004108
1542.057275837579
1541.073616866721
1541.103840164547
1541.030356737749
1541.447598041762
1543.107379756465
1541.236747032512
1542.276769925139
1541.402313442316
1540.474836490177
1541.026846983076
1541.002922772911
1545.313919609436
1540.176509877393
1542.05680709394
1542.308378760659
1544.121647898907
1541.252446239014
1541.012992602736
1545.31881199779
1542.449621589069
1542.033805184007
1545.722481095697
1540.205387367338
1541.126013144988
1546.340959558511
1541.55448309298
1543.679134399933
1545.480293118553
1540.292020152725
1540.049979037114
1541.284205701973
1548.352949551382
1546.395785074892
1540.468559944809
1545.075025594845
1542.14956811894
1540.300921891759
1540.022948677716
1542.659935928109
1545.191695059587
1542.287748470257
1542.088222548424
1540.317989000863
1541.546750962716
1542.418845838419
1548.013304646047
1540.237602568108
1544.166950327714
1540.468724267723
1543.14359689107
1541.198143460584
1543.161117735464
1541.140394675828
1540.689152335101
1540.409241153294
1540.192047994842
1541.060730982846
1542.083212482379
1541.577173913664
1541.10257811448
1544.261274901187
1544.016929672604
1541.058836013908
1543.239562017848
1541.714336839779
1545.658221926545
1541.521149421477
1541.0625327316
1541.998735666095
1543.307043083521
1541.192334925848
1540.279232683529
1543.09939108807
1540.003479251061
1541.181321503561
1544.189209402149
1548.404492867126
1546.092710232765
1540.011750946888
1546.194632606805
1542.169417821946
1540.418236531951
1540.076556977455
1541.106570843159
1542.148208325374
1542.197582022659
1545.033280223445
1543.314184386679
1544.819475788335
1541.078500963809
1545.03379499429
1545.900562103608
1540.162459500583
1540.045019917229
1547.099863432693
1541.136267853426
1545.37791435263
1540.111738970814
1541.384387278032
1540.086923985471
1541.314907266288
1550.29781496126
1542.757945305741
1540.416537171186
1549.416866777222
1541.083010086913
1547.308132318406
1541.30942638284
1543.467993522337
1542.435479840422
1542.060343147467
1540.368434936941
1543.235168593473
1541.018708336658
1541.997056633075
1542.521105601674
1540.161723752771
1540.012157390239
1543.483225283078
1542.11207098222
1547.321114232898
1542.426520012174
1541.46431180172
1542.129802452809
1541.062961516541
1541.366899224751
1541.029880327001
1540.379750859998
1544.548089716946
1541.351269147163
1547.243862134633
1540.001300251701
1540.103238132623
1541.278072079444
1540.153882230758
1542.243451255281
1544.114789074222
1541.031151676428
1541.721643627562
1540.022959289232
1548.082765417388
1548.4820087865
1546.148659301242
1540.696560044169
1540.72068820224
1541.23370142081
1543.304231519618
1540.287056859585
1542.532404267331
1541.413050346559
1541.027330990023
1540.008877042177
1547.335609036575
1540.040845052009
1540.096882341175
1540.522905635779
1541.160781891583
1541.099949724042
1541.01812841524
1542.053898237589
1546.194573369832
1540.273945328763
1540.071343083857
1544.416825666117
1544.100032228422
1540.289139084263
1540.589332897184
1544.566105788388
1541.357530928761
1540.013713266197
1544.628284123948
1543.500530988954
1541.012183893506
1540.649841199161
1540.593320489428
1547.079891459229
1541.201724984512
1540.100725407443
1540.076255436374
1549.249203145962
1543.397435750581
1541.040490263862
1540.644245958269
1541.052922341964
1541.592184395677
1540.339180092326
1541.160442158259
1540.100680504087
1540.348915704742
1540.246901194788
1542.314660255118
1543.680880938527
1541.657015343822
1543.330564249121
1540.201397737323
1543.81111100052
1541.280960413331
1543.243365600259
1544.624414968718
1541.561574420125
1540.059867961258
1541.889762036969
1540.035873843781
1540.12481805114
1540.069610893251
1541.006148476974
1542.428772696225
1542.307337377429
1541.075595862383
1544.683568651
1541.01727454131
1548.052072862633
1542.155774428488
1552.281717587452
1545.534036987544
1540.899883574905
1543.401339045842
1547.335372038414
1541.648637719693
1540.422123484454
1540.032595624292
1546.124937293146
1540.148594874091
1543.038441788064
1541.140222254299
1540.804881623993
1543.274500325277
1541.328392446568
1541.447251700082
1541.400105972829
1540.016832805159
1540.133276933547
1546.524762385262
1544.004262973506
1541.148464098032
1540.020816710574
1540.030455186503
1540.020568051385
1542.5461267031
1542.391446068742
1541.05025321932
1541.406453822062
1542.40248564275
1543.087980139027
1541.104951608361
1542.081890275612
1544.031292207836
1541.158493340142
1544.442533688778
1542.378608840061
1540.083758306661
1542.283497811033
1542.293021145724
1541.138943245895
1541.091565048868
1547.02961000354
1540.038021937853
1541.531924262378
1540.599797473091
1541.744404076803
1541.116719207123
1541.602212519617
1543.116576320603
1541.560725686542
1544.620172928867
1540.377322086231
1541.487024994336
1544.692554179589
1540.10922675309
1540.01590471516
1541.172713151687
1544.189141102413
1543.351595216641
1540.374186584392
1541.639741879407
1541.135910617607
1540.188592951266
1542.542760411625
1541.095405217985
1542.068928505751
1541.302634832598
1540.012636198899
1541.359425056415
1546.507770862684
1541.523412182386
1544.079604383558
1540.364432914248
1542.075275508026
1542.540775937835
1541.911139699892
1540.476930284232
1541.03161582052
1541.245926416321
1542.940467871417
1541.671216555686
1540.024741481664
1543.064189902603
1545.111655576228
1544.019698828986
1547.148987859013
1547.012420764253
1541.170691312779
1542.14165609476
1541.41921074457
1540.094995451358
1547.345917579681
1543.261484573744
1542.139214592309
1546.260598811086
1540.238849062247
1540.40543294437
1543.019486465939
1547.052509617985
1545.698540234872
1543.084387047991
1542.015207868146
1541.312047204641
1541.088688880502
1542.065872515302
1544.390125543944
1542.684463199125
1543.1638352138
1542.112866489806
1541.79954918476
1541.228889226658
1541.748127472136
1542.826119042252
1540.010050023415
1540.157301420008
1540.073404296892
1546.218153720452
1544.209956798526
1544.054044172821
1547.094004986626
1548.022237977382
1540.418335330327
1542.620813407055
1544.044096790358
1541.740015789739
1541.497330749619
1545.20162165103
1544.153460018803
1545.182622083551
1541.367175428483
1541.008386771257
1541.522928996832
1542.463423264175
1540.13173774176
1541.61954473747
1542.306705387445
1543.006350456104
1550.051193519113
1541.719719463901
1547.44669454834
1540.321448883769
1541.182939502571
1544.250775622
1543.130625696262
1540.514650261794
1543.173662032799
1541.380883904337
1541.648995064385
1548.291914880066
1542.530681436827
1540.291788798012
1540.237798937085
1541.10689428049
1540.17851141603
1543.405846663836
1541.311244338043
1543.36594664476
1540.130522103516
1542.194773730942
1540.369837831802
1540.466339622924
1542.099498174884
1545.278750429192
1545.981114057283
1542.029311273738
1541.941336176955
1541.175121988123
1540.404944557335
1544.001605616562
1540.002787770126
1540.114490330136
1540.083389834497
1540.244799372659
1540.452877797567
1541.169607187029
1547.317840365886
1548.12527584531
1543.449917590661
1547.140795176926
1540.305523099782
1540.116864995338
1541.558121314325
1541.089359150694
1541.242452142994
1546.028032587496
1540.308937966148
1545.772960368393
1540.270742405719
1541.098753852463
1546.015725357544
1541.148099965761
1543.137042837391
1540.491992054923
1542.290707313984
1540.603934135878
1545.712812746531
1543.080868056155
1540.930240832837
1543.068761725063
1544.19475181651
1542.364421902723
1544.014548551312
1544.534077747972
1543.083955514477
1540.123654456128
1541.018187630135
1541.148244021489
1549.236081186792
1541.417691862142
1545.139147927544
1541.486629387872
1541.467946232009
1540.132200040592
1541.519371294444
1541.793446244478
1544.053171465009
1547.00428449103
1543.386974851931
1540.052954728897
1543.168156638255
1540.208056105979
1541.26722366027
1545.722302302633
1544.549445465805
1541.008581108688
1540.405296902008
1540.156350752153
1540.024822479576
1540.892689597317
1541.35122086561
1540.237974608181
1545.116935516861
1541.048931979693
1542.041596608409
1540.041645364197
1542.004609108258
1540.145680257811
1542.207778965232
1543.42886991352
1541.375900010261
1542.550917492296
1544.140728621432
1544.712452745395
1541.020491762693
1540.056559550555
1545.375918300958
1542.307031295919
1541.035396448788
1552.990869810956
1542.126456199761
1549.628170381478
1541.403484221251
1544.101302035981
1545.178274022921
1541.285798374357
1541.809412003487
1541.561594470017
1541.062576883536
1541.466845744275
1542.375423641886
1541.16979241562
1547.070847074195
1542.040729464368
1546.307770059676
1542.398016203809
1541.60511319112
1542.218022033833
1540.047647648694
1540.287138852083
1541.355294513818
1540.392808521084
1547.090043721321
1541.093754719886
1545.59354228935
1546.424519785159
1541.071726398094
1540.281012539118
1541.519190250232
1543.426002963854
1541.255758331075
1541.040845507644
1543.443484849368
1544.34376757556
1542.053640379999
1543.456619578094
1540.637776360666
1540.289098050707
1541.520968457869
1540.311756876795
1546.037899055241
1540.039458335236
1540.073787745682
1541.388309830089
1546.692112524458
1544.085643938124
1547.818499563804
1541.999395285289
1541.296042440495
1544.346132490832
1543.058762115872
1543.115934475164
1541.177384432169
1544.73142581175
1540.421270750395
1540.464858393512
1541.86979602177
1543.900057358779
1544.06173693584
1551.125950903416
1540.11830012601
1541.689558532164
1547.043084714858
1545.428466329541
1551.293549955393
1540.041094381077
1540.471558349308
1547.211878201228
1547.443171210381
1540.04710763986
1541.277565293231
1540.231807781361
1544.316550572299
1542.578739238653
1542.018910657468
1541.198804717414
1541.161857652902
1540.097483794106
1543.586248791992
1541.019756514178
1540.529182140059
1540.214500976333
1540.598534083406
1547.065629022705
1541.38009315731
1543.231061956685
1541.219965920531
1541.095387504938
1541.166894416735
1540.181182298285
1541.134654720732
1540.28311764367
1540.088140738434
1543.546016650058
1540.19301308017
1540.17299221258
1546.093086588723
1541.152921549912
1540.204436898026
1541.59867545198
1541.3227458339
1542.042572012127
1542.038685276062
1541.363978717631
1541.117134198639
1543.688963751739
1540.631673589051
1540.14122272778
1549.693782858833
1548.229127762194
1541.790181321516
1542.255845845533
1545.098956659602
1543.424343785066
1546.247675910793
1546.151846616733
1544.580635161259
1541.397389521397
1552.333399529764
1541.431718714701
1540.289279469281
1542.089081853253
1547.013420068977
1542.057202024139
1540.318826288964
1543.411961950459
1540.094787878736
1540.007051074693
1540.860374197815
1540.227471792108
1546.187598659739
1541.074434029825
1547.372367936575
1541.100918574549
1544.039154980779
1543.113458777304
1540.024685998065
1540.072879157621
1542.482791248175
1540.131302236396
1540.464969894332
1540.075216337889
1544.629438035036
1541.231003624972
1543.475541321693
1544.314844905218
1540.401024518232
1540.122976823241
1543.182418313952
1540.041406423615
1540.139238084476
1541.05941364747
1540.069945995366
1540.213124462224
1540.054574852425
1542.320641824758
1541.123078785798
1543.188395965574
1545.125733041414
1543.165684547394
1540.218320714931
1542.206906445681
1553.09377917381
1542.357188637833
1542.679930737732
1541.064596595188
1543.357980932515
1548.455496383165
1541.573199792711
1548.187954347348
