780.5315085138
795.5639539898779
786.0795866274832
803.4044893814697
785.2354355074999
783.2282762499116
783.18461803189
813.0292244483747
777.0035122129573
787.2232671396805
789.4756599712902
771.04084240298
793.3565927307471
773.3219802131787
787.1466218534858
773.638365667337
792.131392245029
790.0639771440304
779.5303898673075
791.5788572801167
782.3041207292554
779.4480534195843
810.7437108209673
778.7417553708902
788.2631549778813
780.1232881181026
790.0050696187616
792.1826878215891
800.1341642223728
782.1445739529994
782.6250759242859
794.4208921173869
790.0521149061556
776.3931382006307
785.1159851809535
793.282530453829
775.1098674262383
805.0601279157344
796.0439724342294
777.0473986760497
810.0490950481715
793.3520979849096
779.078506549969
782.0514702285155
789.4402335488169
798.1903454848452
792.4382988454935
808.0878363943364
774.002094586891
782.1588532939107
781.8717352986571
813.471634732374
800.4168015555404
778.6885299397201
799.1290841318202
791.9051894267558
802.0430907185705
787.0230211227807
784.7003353046853
783.4221603134964
772.2998443130057
773.2289815676337
784.1661558514795
800.2314219121664
803.422427965932
794.0491248687239
785.0359230900045
790.1332757007345
797.1181800820735
799.9940487221115
781.0036420690267
786.0102568788805
796.1711441129767
799.1107163399312
800.1661146726191
784.2020317836545
802.393596272935
777.733738852103
788.171248927218
802.0009164064375
805.4223661264161
794.8023728131145
778.4492286535553
796.2631221594854
803.1589922597212
800.5979405811586
777.060126923734
794.2043577517427
774.1406723462433
779.4158710803208
796.1454291533687
808.0841145390929
793.1019361632694
805.1125964130896
793.1148373921426
802.3615376649971
810.3640088405281
801.0310497779725
783.27288486245
789.2038941935803
789.3840869260317
778.5667455043637
804.2834237065523
799.1137318416958
795.2061836142891
809.0546376513817
785.1365747513513
777.0301753802524
784.4310795883146
795.2036310750996
803.0133239212812
779.0423499995626
787.2612755894347
796.3455274150525
794.3691858187336
771.6942364936963
792.4551946970914
778.499701549111
791.273817852807
793.4556198562738
801.267781875872
779.1865459061831
803.1593895515381
781.329485248777
785.0203953763314
781.2005332185117
781.4973787029764
788.2458718485284
770.7815181242208
772.1032594427979
782.003112096196
796.0676977349543
778.618788374524
782.1324501638492
781.0312918122695
786.1002034583611
776.3797532468368
784.1093327460849
793.0406547297272
793.9614065357781
803.2039362701912
773.2582558659822
780.1154715140764
798.2389556170066
805.2179949544462
803.5883120053292
792.1514209319098
775.2918543648358
790.0405677676522
770.246029523452
799.435543694218
805.3875822359249
803.0632391548389
792.4101768857371
790.9049215006177
801.0928039996539
803.5785083623307
775.6757255888978
791.5017932992971
807.0744731401985
799.0613122443087
800.1775053202457
804.510955940698
813.0949012117026
775.0604400791577
781.2167165276779
784.4871130546252
783.5162977396004
803.4863998189306
810.6919058454381
785.1861140638763
777.2325980463646
803.2747641468658
790.0650830963219
806.3232335760392
784.4063804917075
784.8349281152038
799.7488746316997
791.1893898974173
800.3369579034157
778.3801140052682
800.2510715218592
780.1264458203091
796.0037720135456
805.498231749085
785.8614422754983
779.9240942768148
781.0490017682523
803.347072073939
794.0347799380966
794.2572013559736
807.0735336796326
801.4178346264223
789.1283648756764
803.6154224765503
792.1395174148445
772.0384894314091
795.2487615554659
802.4304422322407
792.0255868851615
797.0285721928772
813.0717329256541
784.1005904117541
784.2735882487328
795.140410498545
781.029194678033
800.5959357738325
802.4647596268012
781.0167328852692
779.0723212181878
795.2078360883339
785.5106977421987
785.0543853856069
781.2067289029554
804.2076677977668
785.0795420804876
785.7196899560195
792.3410072186942
772.040422541453
787.4183386638907
781.3495684283096
781.516732773471
774.0049468097075
776.1510741581161
800.4204396780998
778.3261592049014
792.3785854449806
803.095284938229
789.3680588951206
797.124807211924
796.1423088586553
797.2808020548737
785.0979424674405
773.2162064911693
792.0159097012539
790.0925350414683
777.175914662361
791.104769551836
792.0860377647638
792.5666728020251
791.4040829422704
799.4054787165364
794.138902491027
785.5814508932202
806.0929969557789
788.1462964754127
777.1594964174116
796.1828163703866
786.050147145369
786.3267125956448
771.2612465556133
796.3359881970637
797.004687665459
799.2430875766869
785.2581399068946
806.6113415912413
784.849127174935
799.5431510030655
800.0771938142085
788.400586658742
789.493182779886
800.1153855467478
776.5612185879912
797.5691621567237
782.0703976083273
788.8895345302961
791.0570758783007
782.119604256255
781.1833558174924
780.3288511413629
789.0153912308206
799.1397037851842
792.1371478666042
774.1767242708227
779.075229983153
787.2492727462542
792.0071274849846
781.0126341733853
783.4978275314778
785.1939566693999
787.0544970614318
787.4790604355351
795.5805705503536
782.570415822306
799.0993272346105
784.0146898808737
780.0886538673384
799.2451664719523
786.0982401700562
784.4877396816319
790.6069354967652
773.2147658206899
779.1724460237037
775.0109313797207
802.0759113384149
793.3940139602267
794.2029066623384
774.2149211926157
801.1866596487172
781.2515600392221
797.621259340601
782.1450227729351
774.2808945535342
784.1740959907582
797.0357630623556
804.3444073153183
782.0401668570936
812.0499880338996
776.1307548291717
778.1942561011158
801.3596413971367
787.1072458437709
802.3233427392444
803.4514591535948
783.6126537417852
809.4884681089478
782.3836176795368
794.0311037525192
793.2895285579854
780.2412043314368
789.2817121164924
799.1469239928638
795.031700649022
805.2226961253915
791.0850473272365
788.7970792649417
788.2100062615311
788.0159081803326
786.5977990645728
789.3476753548873
803.3162335327098
801.0616229524835
784.1948523114454
796.0084062118457
793.0830670168954
781.3807614635949
780.1436840345922
801.3771391568209
773.1445146657938
775.3390503301036
786.0703964137152
786.8482633071554
802.2713147805429
773.0904878535816
798.4726382898778
798.0719568797684
811.0812500201366
797.027954276002
810.7188545950654
795.0009480039515
789.3534805992251
788.4994543546715
801.0319120674486
785.1364946759094
794.8220312396334
795.1183468602638
783.2290448785596
795.0472725454762
781.1550411807511
804.5387123165021
811.5709782792467
803.5980431559528
810.0489867232742
792.4026855547635
786.1736952875119
776.2887692386051
785.8175838817486
783.3380470077343
788.7914017582104
795.0528137464601
796.2483327515309
795.0773204278512
802.1222170594584
776.9439112550774
772.0419261646671
786.161720115027
798.7370308850683
783.2113289571838
789.0646402493879
781.3899488870342
779.985058745345
792.0894485991914
777.036265235844
776.4639547715298
786.061428535535
802.1589013081838
795.1482763784334
800.042881277935
801.0000928739088
794.1686002381321
793.3124414095684
813.4385100901692
791.0432122783566
778.2339610840693
796.2749149398909
796.7538808849545
805.033008686428
788.3070682203524
791.1233039417426
794.2487114700074
771.1957303344606
792.0447164359371
784.7638932343943
776.1335816195689
804.7887324023075
785.5640491593962
783.3614232455112
781.6317644523157
783.5783069201013
800.0080072590928
805.0066209888657
784.078470091788
798.2845059253675
784.5747124429506
803.1181810545041
791.3315205087753
773.6082928391498
781.0416045775813
774.4674057290069
785.4665105590981
786.1378318433166
775.1478814368223
787.2886226194496
779.5090496035011
781.5574672179371
780.3298877959935
801.4059249580903
789.0614302430805
804.2368228541687
811.8157149245638
779.0887770047433
769.4981409713176
795.0728008056227
776.4803247316732
786.7081671216132
794.3894890500675
804.0603678110367
773.104164390891
781.4918916479324
806.6532435833673
792.0310632843062
788.2885659059963
814.8067115989891
797.1733156311213
775.5993836244612
807.0262520905669
792.8062482410265
803.0832071651241
787.0133315534199
795.6953531996966
784.0139597371041
810.1985744490142
793.590482719921
783.1159628099879
789.5337923490858
803.776857773531
773.3240487868026
796.0105277780813
795.3529754819359
780.0498407783613
795.127246321338
812.1440623271874
788.1148071613777
779.1317531365622
793.4226656689831
782.1238895777532
777.0456586507603
774.1136114354257
795.5565548489453
796.6571170310065
806.1272116142517
790.3996343454083
790.0020673608991
792.9122569081021
792.1743039790193
782.326828690546
779.2716708506399
787.1299240317361
803.4298929834245
775.1333521503266
788.2775756833341
785.6306026977672
813.2513777981669
777.220404739277
794.5603557749936
787.1768967557952
781.1231792038009
796.5198909270773
792.9099139041302
780.3020834015502
797.2442795617646
786.2764724610252
779.4460766038544
794.0322162747045
783.9918186396135
797.1728816237044
781.0573478660581
815.1476969515053
774.4175635003355
786.0826947881706
803.3151476688452
802.0096078556519
803.106441953136
777.4415413491623
785.2701935123914
794.303255936635
816.5180555848885
785.9129026559988
784.3403847755924
793.5865434967417
794.343342177418
788.228347624239
779.5903400495707
805.6507393168276
774.5219887825164
797.1705955551028
813.1548566241364
796.6391155203643
779.057090735652
802.2299401474438
797.187984189555
780.396956625844
795.3440181565278
778.0622413097954
791.319065931703
810.0789661667853
786.0430122877406
791.1088144354932
788.0346722708713
818.2504093511922
786.2184569159455
785.4246025171111
787.1465908178701
798.1624205979554
785.0136390167672
798.8265120718786
782.2149153216781
806.0554486554729
809.1031413987165
779.3117230653927
800.4404113034177
789.0093647132252
782.0599894445702
799.5532595860252
801.1551777481637
789.176365741837
783.0605598462496
782.6690481525005
784.1727108899873
789.2498857384414
802.0300800556445
778.3735630309567
787.0407062926538
792.4694904009584
800.3067285721494
784.0668088431181
788.3287743016449
811.3357290941807
793.1360503076799
773.0302034456279
778.3862687940467
804.1135822288945
775.138403293643
777.0041131362178
789.2070721279226
802.1188935010288
781.1788332407143
787.1701959253115
776.2205627984057
808.0038791292842
807.1009975906683
778.0868830193473
798.1669896408889
786.2617048916336
788.3720043153486
771.6526342448644
782.4032706547977
792.2660472376335
776.0583170758752
788.0808977087407
793.0530312876714
798.0614456420878
789.0497110049333
799.2908995646388
789.2017312115385
794.7295356025191
773.1135519244895
787.395956823295
797.475537601024
785.0741599829472
783.2432487296627
785.1952709234835
787.0044709205752
790.7177161323177
790.4943430643764
799.0767275210195
797.2010172279342
801.0846295150479
783.9361269731577
781.4137139818747
801.0406996394514
777.0093037920838
784.3395527874308
783.354333209852
802.7761648386611
786.618514419624
796.0326847435615
787.2839255641416
780.3669731198529
784.121884925774
798.2151507622359
798.11229805629
780.0467636878453
787.4234697383156
793.1671304106085
784.0599841876119
811.0562160755903
800.2394941156846
796.2587200852793
790.335463196436
798.004013226256
787.0203067973381
783.0889210116478
789.1858633228439
774.5295549854358
781.2861827347822
786.0877767270547
780.3073321957605
776.0181142436098
813.1503344775203
771.3431213977243
799.486956024335
791.660052614388
788.0545715313368
771.0046283220343
797.0238039169618
781.1759128964676
795.1833060414164
798.1974965981029
792.2062538444485
789.0611064003041
787.938602698359
783.1375471537108
799.6475499614106
779.2995267534395
802.4032013794523
778.2523716384623
788.1633990135934
794.1269936847559
799.103400468052
804.3025908763118
791.0924754081104
798.1213221660263
782.0134984778881
787.420774990175
789.0613029841857
786.0264885448235
785.2155323880442
776.5288377015214
787.3880772049499
804.1688318594712
779.173853746195
785.8097026151509
783.0741706596913
800.0050486503172
795.0743690550536
782.4387678757756
791.4563304562488
781.4523775489641
781.4408717018664
792.2773496638777
809.4487053544351
777.174520923428
773.6002053224349
779.1533642970552
786.092195743903
790.3387872993187
779.1134058214747
797.1335294197495
800.3121440767239
806.7122373449839
796.167192170588
799.318477767924
793.1913013853541
778.1223242955512
792.1485949681365
793.5475257212453
786.2385078643437
800.7090098982708
790.1827335860154
797.4706296820611
806.2552334574332
791.0180910209349
804.0651334197282
786.1605370598834
783.0237950142936
806.3192074937783
794.1085463518932
799.2359955782275
793.0529954629243
806.3165849152035
809.7015656458184
786.391367388113
799.0052550561152
785.081365058384
788.0890920777123
783.2564406906617
780.1206488093321
798.419359827628
795.4594425195613
788.5852620120999
808.2370225769797
798.181098199925
787.0872250272396
797.564751048557
790.0458555202833
788.1109288133378
788.6569345768131
778.3936418616661
783.4855861289577
778.3414333813996
781.2212060429657
788.4279035512108
783.0686492387523
795.1360936388896
797.1396853125287
780.0094388618807
780.0124893914493
785.0061492287962
789.1742084225174
791.3066172273985
776.0545914980878
787.120980426081
798.30626205942
795.0600943547037
797.7014752312348
798.6778679829999
772.653195907659
803.1906191184962
769.074203031327
805.0740734600631
782.1424956629295
791.0976870829792
779.3379516676029
784.4257293716241
794.6925348313673
793.3404753161618
794.1107712635724
787.2883324298786
781.3196907123896
783.9149230150372
784.4431639980041
791.0096651301498
782.3701085560213
789.4807168598675
800.6124671158757
788.1707604880816
811.2410000013272
792.0732230132445
777.3552976861088
782.4531825430026
791.126716697166
800.0865954466154
788.8084065140272
787.6301718158761
804.245743433471
789.0668941219417
773.6707671433857
785.1556405956937
792.3514090611807
794.0725525009582
775.7021355928965
797.3512144625782
775.8182836690647
803.3133891296314
788.0712241019706
807.2265611273225
778.2636624343043
802.1822225080708
783.5946650255867
772.7561948384191
778.0114553024486
777.5923509989648
772.1105329316578
783.2159129057279
778.4613231401081
791.8864812421125
790.3467483993664
781.6848394710129
788.2275491048745
783.5822423909357
771.0005951688194
793.1225639663046
784.140993804071
783.0760884099102
797.4344772196724
796.0729769746962
798.4975139374487
778.1053926245273
808.6648091130427
780.391061468112
783.3971666531219
797.6976381511586
787.3218332842968
807.0648711023997
788.646793053471
796.1982773062606
785.5359471234118
801.1224731265802
773.0313780749677
788.0849439454106
780.5220890689031
800.9288768404112
780.8302287557233
791.3268400110393
789.1260440555301
802.0956185294272
792.754348141051
792.3107279265221
795.2270536556567
806.5093103277446
818.5474610682202
805.3197580213389
805.4570872519714
797.1343162044827
793.354309501498
778.3712990191668
792.310719682971
807.7386043330806
801.4119706155767
777.4232934960921
793.5897964479892
793.1862886652709
785.0117351771654
783.0195743325545
783.0456046452482
795.2430023337207
792.1050998025567
789.5794543865162
789.085691840131
784.3452704908099
808.2204274614796
795.0710762955814
776.2064271426776
774.0194009480277
771.5001500066933
772.6337050051955
787.1331929042276
799.6920971067298
790.1525085029114
804.4726799957067
818.4018281323569
796.4066903704394
809.4290481508716
816.1600471519978
799.2140264522451
811.1481918530089
796.3747896378638
810.6049752000409
779.045700247567
791.1582022709938
784.1697655259865
781.0644946549149
772.4680208114148
780.0971353464917
798.6446780949283
775.2082720938954
805.0131889487534
770.1404628960137
786.2168424139446
789.4064562907429
775.0653327161318
792.2129252777412
808.1407469210343
806.0187497769474
782.325065940208
773.2069468064786
779.3093657523758
787.3416126549637
807.3507259676478
784.1826362900777
813.0097562980035
786.4381438867895
788.170279482067
777.0628388077785
780.8902705956382
782.6356745598654
781.220186115468
779.1987373730927
793.1319659984975
785.2006417013813
797.0636529180548
788.1965828136944
789.614728559535
780.4273019402418
786.0528875571841
780.6707547391684
781.3730527990646
790.9071934735224
788.0525787450757
786.1660348548652
771.3156285054662
791.5433145354677
789.4926536519916
794.0414105181535
773.2471946529755
784.1177195771285
784.0619102211982
787.1943702539745
774.6662638516453
791.5183288121799
790.0081996290812
787.0811410210116
786.1443462094107
801.3635646762093
802.3692431176405
792.0953137229244
791.530304988104
796.0279697581731
788.1119601735929
789.3394615492041
774.2147427393373
788.3224720318686
804.0103534804139
809.229580107575
794.5261775840592
810.3065090899676
784.0069005156613
787.8782655231511
786.1788966154555
786.1615849015463
800.1620011250823
775.0110578798876
801.4950732623262
769.8511604694849
783.1571725716161
773.010996693974
791.437927697847
785.000140666374
806.0011583030238
774.213146886844
801.6997733984169
784.3627321654643
805.1962451409743
810.2364497228217
791.0423506326723
798.6817833622478
793.1648367999927
791.1353403225285
779.1345508216241
791.2924925543113
786.2372485811449
799.5202005733111
779.1451105128202
804.1649769780789
776.094974434859
786.2823505138737
805.1368834128353
782.0161464142876
780.0920799302949
809.1073770240213
791.9997177356321
787.3751257362177
795.0034919279681
797.4489494330105
794.4114675294556
794.7774975600868
786.146287550724
779.1130536462426
779.4768555903886
787.352037379354
800.0705308996726
783.4611398094721
798.095636838511
799.2112172613918
779.0119657525635
779.2540166179317
794.1269034931174
805.0880125273277
799.0568191479983
809.4292166366945
793.1087798499941
787.3090090088472
781.2205637338501
808.7157705692607
802.2241938759913
792.933812421874
783.6156215454442
796.3949057907203
796.3341452263139
795.4137281216788
801.1598744697299
805.3690483708732
777.563535051276
800.6174393720698
798.3373092210535
774.0316755661479
783.1365971102304
784.014848973329
794.0964824509507
785.2229107128197
790.0638078817933
804.272610280626
797.1565709345099
787.278114812698
779.1252225072536
796.4910159734607
777.329162357945
798.3483132978679
791.0550147206573
776.0666276438791
800.0522221323666
783.2781223048382
804.3441587919723
793.2804591819432
795.1870546244412
778.0639550983603
784.1281159837633
778.3851796142583
774.2951042672927
789.4949003786203
794.0544030027235
781.2156166675869
794.1320691557836
780.4532201155063
800.0251675408517
784.3371058173868
790.0282979613448
792.0771503912927
777.0299349610679
791.0182790457288
791.3574945622173
806.3465237590545
799.519175699061
794.3374879392727
790.1494666177767
780.2792381166965
780.0120123787502
788.1156836421587
807.2576058120275
789.4619521077707
802.2228071169258
798.055934968839
779.0211620502427
791.1957595148102
788.0983691686234
774.2333233488154
799.3621807384496
777.6817329581421
789.4240641136481
807.4073010179743
775.2100711774149
780.4985168702193
776.254210808441
783.0407169816372
811.3677933320017
798.7540850209683
783.1655304255827
789.6550611279997
793.2890755505098
788.0984559346289
788.0228255459783
800.1207566500519
795.2970723569041
797.2782653226749
796.8480969781475
791.2000778501036
801.2933202412225
795.6383444270481
779.1243942707551
791.0860815079755
779.0969683434017
790.0533327994697
781.220248342473
785.0593159272129
807.633813024725
795.1880491098922
778.3422360397623
793.0719186703957
800.1609857024088
790.1038754912951
799.8398891811358
785.5243576439124
798.052575198167
797.1142299348728
789.30851655563
794.3064667170383
787.2313544139934
792.276932590122
777.3627001868282
784.0567249829869
798.0586849958362
782.6043382384945
800.0416907709589
786.4431728081387
777.4685391660746
782.2573651806796
776.2558451434592
778.2942469343319
797.2065002765064
799.3975171655209
793.169514866197
794.2464985576123
790.0333592547404
790.0830331202301
799.2153376368428
785.0906487161635
807.036362591911
768.6114666121083
786.0928356328213
785.005931222561
789.0029255926262
779.406362830014
788.0757936147205
791.0718436018725
800.0733789527759
780.1991669130217
802.1304491639975
788.6467232353016
788.7763256505531
785.0922027901427
800.5604595462582
797.0456890166994
778.2953550252032
777.0589523078638
793.320407773573
805.3714991520108
790.2255385548475
776.0563531158602
794.1218809636024
783.3284563193118
798.0417299513156
801.0836307592311
786.3678832970952
805.7980886427752
801.1142591686884
781.6783267636055
799.0761152239843
808.0272895967184
784.117098384674
788.460054570616
799.0501056822618
799.0682058743909
798.7281005645781
786.3548797928012
786.376444336348
786.0838961466222
777.0163480992134
777.8205631640553
787.63291962892
776.1418200865564
801.3791215463818
799.0635046445948
807.106399725638
799.1577987640844
782.3822146250153
795.1551999677237
778.3268048704086
817.45974188007
778.6012434474521
797.0456058948611
809.4321496413822
784.0292000904325
783.053242806909
784.1168700962094
799.3621171230894
791.4772411573929
798.3812396583365
797.0056262265983
788.1464759641381
791.0578771636165
799.5811648155478
778.5470237103273
793.2029983182701
799.0273503111887
801.1601879311592
783.9511732211948
799.1457927638106
781.3110922588388
770.6541898209057
792.0937220384313
788.1759300982212
789.6505664913468
794.1274897590091
777.6711383222154
785.2339828554318
787.3526836021766
780.1233501786616
795.0634960271381
797.2140039784715
787.0076048443851
799.3686490488449
775.2616014487024
784.0406450966154
786.0974679874488
799.5862721853482
778.0537318433098
789.9350340456527
775.2197583754371
799.1776451317473
790.4925513096465
791.5983928292145
803.2050485361304
772.0154357704487
795.7688796368585
781.822597099373
785.2877171311687
786.063365135183
791.7783880977004
791.1350520330174
796.0424480205185
778.085374481453
796.0619928457494
807.359616198297
806.1012461898761
777.0023993850941
773.5938482465996
780.0890573131104
804.0128887093186
795.0204558544241
786.2139707047027
795.0720274580813
801.1126884345589
788.1441105508394
779.206902558702
790.4635103841367
791.0267168703455
793.907053356314
797.3930689035896
794.0013181677881
794.1022520860414
784.2342729052848
782.125904958799
788.6507665814173
794.5334714651415
794.2397567576236
771.3167964645957
806.3973204484932
803.0348924121986
802.0075536504797
781.2612077765248
802.5286895614613
785.2431672105157
790.059644754421
791.2276692046993
774.2495301302382
787.388531749002
785.0081279457322
808.0934631069088
775.1205645043215
776.3181515335945
778.4837344470702
789.3110611961098
794.0143602162717
811.0358238615626
780.4350725722078
779.1407447597157
809.0850734966149
788.1427662583253
794.0199682870037
796.2262952704051
784.1314895918499
775.1564942363017
780.0290143324952
786.5470510581636
801.0608576343549
786.3744599287912
778.0724090051965
783.2205942473903
792.0519145853142
784.5516537478421
796.4523184055382
795.2278964107553
774.1251866780618
775.0671604042728
787.5160363891785
798.2761484584412
786.1727503637953
780.3629672395934
776.1472014009619
800.0413471467297
804.1401664647227
781.4541504379481
779.4254064025461
776.4557119624081
788.14424679203
787.324457417501
778.4705663858706
806.4012311739618
809.4584757509398
792.4884450893965
781.3672371204744
777.130585808061
798.7378577728553
775.1568786851207
803.2553967961181
788.1387727490998
807.0095302984038
786.2654622910354
799.065281835314
791.0358453519789
820.8745879090962
789.3275227940918
804.0138651043692
780.0099816366918
791.0429224711751
783.2072410477044
800.0478250199454
780.6392300163377
785.5448401277927
809.405014166903
802.2456224416577
774.0306187165609
779.4866946795767
789.1724179413432
780.871928079629
801.4043538639982
781.1037752577353
785.0172848864132
799.306478873392
771.2855364612459
794.0669258811865
774.1166785896983
793.6427066719529
791.725132470591
788.1694349106735
796.2025002701864
795.0126090530279
796.2827339729416
786.1085776704556
782.142065531415
784.0495968159444
783.2611476815341
785.5293497891695
800.0598659585845
788.486174956618
777.2011365695687
774.003467905031
790.422480153083
817.1049145905989
805.3540663253502
798.0693977412382
785.1246298930503
790.1857563819058
786.3394437595135
787.3884778371693
787.6940433442822
792.8074401737122
802.6471121793936
779.3003672549999
771.4593286853583
792.1978422471155
774.7151413913332
793.7106519021438
799.1728718161689
793.0011730385643
792.4890393395287
791.3861890079969
788.3993384262059
783.2183179060864
779.2082186912908
775.7461868449878
798.4834211823746
804.2340493197119
793.1881916239458
791.2141259142422
783.8113491039506
787.130499561711
786.5536601534857
775.3496112251519
789.132596041476
786.3600100424065
792.1879741397415
785.1785161475266
785.4415108195053
802.6537577967532
775.0446487662108
776.0541383541564
770.0909898800145
800.063279111509
790.369256747745
789.1159788419434
789.414189853132
800.596176235942
789.215307230552
803.0748157244885
789.1232861073512
789.3318054362876
794.4973565325031
804.0942917217639
782.3681951678918
783.0215411358035
789.2368983372406
786.2204055029501
809.0773421787859
782.0415639883859
786.5190608112721
800.6615099888471
778.1609608981046
777.8280053473369
783.113635772443
784.4303673012575
794.0087952467242
799.4337580182939
796.8002539738685
790.115942170082
798.8415314784413
781.9281816001567
778.2143768559022
805.3336024517798
805.1389956298041
785.335034498228
807.8634934839794
774.1834181082171
802.4733098996772
774.423146302466
809.0274361440212
782.4868170242165
799.0108850086463
807.9505722427192
796.0156372386718
787.5350847199195
811.0043755308855
773.7329978271683
788.2248397541505
785.0128391824228
803.1976249611495
795.3611798806977
794.1803137826788
785.0625301827524
781.8039237273258
780.5240557367438
784.0292928805867
782.6185658779505
782.3911696833771
787.0249134311514
793.1937938494667
778.9297146273005
788.1978013344233
776.7981999595653
797.2415091866511
786.1823185787332
813.149021336704
782.1383321080795
791.4727384626146
778.2393807460511
781.5747634428081
777.1388018435441
781.5048640859167
781.3151247576988
789.3303621077621
774.7468139576254
798.1260036575585
798.4464401942138
798.2452728206074
791.3426263221273
796.479311899686
791.1318536100862
809.3165455925522
778.0987767977456
777.5449220351477
780.6076714401252
790.3471717674821
777.0394756418874
804.0492879815556
791.2195561826612
798.6213449130129
777.2731232296699
800.1017053771022
789.6237476339812
776.2036850536363
776.2292174536392
802.1294529256861
791.0135105705707
771.4532194637693
778.1609262551509
798.0344963165378
783.5564164445743
799.2765539357029
780.2125366975843
802.4749501455981
781.0877577521334
795.7560512963436
793.0159775926007
782.1161311499026
780.3062374297303
811.1986757393668
784.2195642758325
784.0043308923459
785.2861850706405
803.6374804159137
794.3521410037481
782.0693701731752
795.3782090864437
784.1544125858928
802.0423981617606
792.5470790317947
794.2127318043325
808.4312029894702
798.7388892353492
792.0786166536645
787.2185957406377
793.0544503441465
788.0800083826152
775.1549673514684
806.065660457554
790.7705642793702
784.0309835211998
806.2441577529099
785.3195827929806
794.004944361572
803.2409970654303
776.0887056290127
799.0025425354604
787.5132410052873
773.3159873622006
795.1817414304644
788.2909564426544
797.3772808418227
798.270819943178
796.0464268396339
799.0450960836575
791.7433167313488
793.124763497708
775.1358149414665
775.1303615535359
812.1773982442859
794.2318216427886
803.1787141889853
812.2544249292661
780.2252506447488
772.0447833986909
800.5949260068378
785.4925592264152
778.4041435094426
775.1124613700503
785.3392236374018
776.0421847671523
784.2217951404986
799.1079431521327
783.676762518295
782.0139634640532
783.5104581445308
781.2524895501747
771.1679095477124
791.5518899095327
794.0148440939588
806.2890879478487
784.136609102134
802.1353638556511
779.6031839247133
791.210652901253
789.0081381999877
789.3313507062943
786.5863327395464
789.1920011032224
779.615052289855
787.06847197727
788.1238276492123
787.0042210214909
780.4413866247929
791.1755655288632
790.0512991653414
804.1410185716749
796.3562448632299
776.2934554381018
790.3163698098007
791.0147070566146
788.3348243473541
786.2285431934589
783.7384834338127
779.117429905141
787.3342268649446
800.7715726323918
783.0165487082744
798.365434959162
783.102652201723
800.0903106478773
804.3647756320237
784.3010031747092
779.0251156701593
800.4271690896853
780.1286947496084
791.6254488721335
799.3538943304443
788.1422723933805
794.7673281947508
810.1935788259661
798.4160984461121
800.0805010968504
784.2949759727499
781.064945782051
805.0506733420469
793.2257013084071
793.120663995621
791.1823033553467
804.5514611651108
787.0850102905805
774.5384878238992
807.073289381138
773.4507531603356
796.0222874490909
808.4615192561598
796.4276430882065
804.7628143920767
802.0893739767878
782.0168036799632
814.3778613383263
792.1503637439615
795.0994157579569
785.2139593342176
798.4223768598973
792.3679568577376
781.3188749676362
795.1091377674074
789.6170315208275
790.188433525669
794.022913815372
789.1553613450501
788.2093402959108
781.4320157325204
790.8371541659495
780.6195702399918
782.234374238903
781.1431057236067
770.1937545898239
781.1143296712354
780.1190569859872
783.057975251374
774.3737421406698
780.754917223884
792.0049012316882
792.4787681684248
780.1642215370367
791.1179782975557
786.5679561315087
778.2589127353187
796.0307803380639
798.363640588287
793.0811575463877
773.9728861233015
777.8148795527395
792.2405597123793
791.120980313848
787.1816243808829
773.1417696273527
777.5648219008157
782.0816140427182
798.2483792895715
797.4348977538488
812.3500200764945
777.0252274558515
804.0453005402328
776.1880288823517
796.8972235844408
778.0269318429796
784.2757301172651
807.008084570739
777.1129626507899
778.0955451816536
782.4314287428924
785.471882227735
779.0181548404364
778.0434604183373
784.1859769574934
798.3143330755438
781.0931315862226
784.1485861766286
784.7293509965112
795.4821258323601
784.6594124009594
802.3635810000579
777.626442792664
812.057062229934
806.3389033033551
799.4655332310414
792.4983009549982
778.1100511963914
790.617421159082
782.3285978922073
779.8569185350752
797.1231346119343
790.4359650531175
792.090523738556
784.4815877034323
789.0968182952954
778.8801765489
799.1133447856204
792.0886475665
799.7711754115754
773.1118359588895
798.0416138542288
772.4253719642563
783.2390159776015
806.0842341104232
781.153012508026
783.0915690215504
779.3010640593627
774.1787229527473
788.2122923440471
786.4125484665636
799.1687104786511
800.1234202992669
799.1237217848923
792.1139312464373
777.1476548717366
783.1579512722376
777.1059976844007
793.329207754918
780.000054201902
799.1526084359373
800.2620947880232
773.3422012747369
785.2195123032473
785.7215355417804
777.1412422311006
781.5381889116126
803.350308320373
791.720450462704
797.2039065326812
808.01461963714
770.0705901575587
791.5055459957957
789.7077335614947
784.1563286719619
786.1081780296322
793.4888695104161
802.1063815335068
788.3553197198703
779.1067327750807
801.2604116814466
783.1883342784719
799.1885700852239
811.0888776408319
775.0757217785846
781.6812082981218
794.0982313235502
770.244216724141
790.0971871787344
785.7144527311794
777.1185893434115
778.0893367593513
804.2206596633014
782.0813604993753
787.2244848556692
793.6227307135327
785.1180941778869
786.3321849018504
780.488305986208
810.0907695611701
776.0148056825035
785.0405151496296
784.6242007560294
788.0849988097966
795.4730273792986
792.0866106307152
790.4469801091678
796.6928696761387
807.0821158318416
802.1072169632755
795.2164017777263
775.3652443139722
809.5962868914253
778.2579667174773
784.8446589729016
802.0677645779639
818.1642238141158
787.0917272416935
785.290299879786
794.3278640189179
776.0537401665952
772.0867455137412
797.00922114672
801.7624144274029
796.0837583102792
780.447557994849
776.2709218034096
797.0227770072698
776.0611921513598
786.7681304310602
784.051735495451
783.5392405934647
784.0470182698263
806.2550461835027
809.4899286928928
802.407169516363
803.0223638138673
807.0108060345304
807.8822852521266
788.2514904624622
783.3565684849754
797.1711447412413
793.3553342819307
798.4051552247286
795.1883433112733
798.4961431202463
771.2437713160662
777.2539591344361
798.2600160865586
781.044175253636
783.2192061136444
802.5050710612619
796.5373922758902
783.4292701938239
778.0880152893628
805.2114220502581
807.6751230798277
810.3071027860326
810.2635997661547
778.2327685703115
781.6387311244348
804.0131802151777
786.0067555167584
774.1851064243398
783.3132513991184
802.0359999448783
793.5092789492198
799.3872918360393
803.2164281940155
785.2588262183147
785.2823141752243
795.4350787696014
799.0134753381684
808.0022886479543
790.0364137401353
789.7751649960427
783.2676450058739
803.2341486423066
779.251529848453
802.216399104024
811.1394454975073
793.3459839991393
782.2516347953106
798.046023326196
798.0473431364461
779.4262087968702
792.3265753579931
799.1280801794912
783.4828701951068
769.3013325029428
778.2452665257473
784.007500118376
802.2061401329914
778.9657463613387
784.4275858034973
800.0377627397833
798.0253703519252
797.0038603530282
812.0552650017951
799.0385036323619
792.4964964510781
786.4726005262388
785.3928002525838
789.0458378990091
797.099133416582
786.7569247480827
785.1569457411454
781.0536893857159
773.0802071915974
798.1029457354629
804.4693986246753
799.2947691254502
778.3157380269188
798.2002639105058
796.5428822739123
792.5410561520366
779.2519323006705
781.1390790622148
790.6353525023859
775.016906032896
774.0737456534579
780.4432555384417
791.0656118049565
804.1344511604917
778.0904697646108
773.1817784041343
788.9044645694017
778.5003401543331
792.2919242537123
773.2415295255919
795.3053051318702
802.4532033855373
794.194377720682
793.7543964793438
784.504898990872
781.0235675296243
776.1542786935779
799.0574027797499
774.2169405870394
814.3884112301483
794.3054662105812
779.7926851770635
791.677267280354
773.1717333815369
784.0013339335031
798.0942751258482
782.4694166007035
814.9705597175571
791.1397076856915
773.2314148505316
789.9215788489252
789.8451342167524
782.3520075483468
802.2876562573344
775.8694120720581
789.6857158663795
808.2476540780768
802.2388884856246
778.2743904453514
793.3127518915693
801.3303738039584
812.5936870423203
805.0031182095387
788.564924260208
785.5691424450763
791.4697817884138
788.2974925574421
772.5234896031078
785.2409387225174
802.6917771668725
811.8047872751332
783.8367998561808
775.2602962251103
785.2089518194758
806.2108603140946
776.7940698478682
794.423072802148
770.7162446837359
792.1213168030862
797.0888658620697
806.2628649401796
794.5485810347506
790.3455218385858
810.0317234496698
773.2212283257481
794.1181738020274
785.238884712754
805.2512046008922
792.4090948519291
795.5750107708743
778.4344090607922
783.2441084625445
780.6967076272964
808.3355307016693
787.2799458977545
776.0270783514499
780.3668557830565
801.2502243717854
783.2180667221121
794.3516831802273
777.2956799485174
778.403772098603
794.5789972677078
784.2094192461769
803.051128027224
792.5343626460664
781.0754614629863
795.003990450469
799.2185136671428
782.3963760295936
787.508947377435
791.2361545807216
790.2483878585616
808.3391717510242
795.109858068663
790.3381964072883
786.051977294528
786.1344325011295
781.0074502549054
793.3842747463095
776.5286727747799
802.1063526633445
790.5221129209721
785.606476702879
774.5970341036518
798.0676094682605
779.3266288894197
787.4139656387208
803.3256697324475
774.465017742673
798.3294371086055
783.4111197874621
781.3251228158234
788.1835416622195
775.3103331403081
787.5469752407106
774.4356472277369
797.0977308568578
776.083992627641
802.2978304270255
809.5503254243397
799.3589332335106
788.3750406852523
782.1464014840511
802.1309548841
785.3181896621553
778.0287957805539
776.0895188387428
795.0627334211886
