1128.599940231478
1124.846825042293
1117.116758482676
1120.405423674546
1122.181420855992
1126.394444203199
1122.010555945358
1129.797592559661
1128.585528373752
1125.510513501109
1118.340084607573
1127.718755255131
1132.01110540394
1118.394757749115
1119.44961456353
1120.046693628182
1119.260572268701
1119.312714356672
1118.081256013261
1121.076335604017
1118.380946690335
1135.146602465492
1120.085574692584
1127.749906619679
1120.318121607714
1122.279723130236
1125.664534488017
1117.2522503428
1125.727012822455
1117.271593262949
1126.547258620932
1117.645772097626
1119.157854941102
1118.972239395667
1121.697357667066
1127.082493669976
1117.065929428581
1121.028411489372
1118.12663200158
1126.009913300604
1120.085049935865
1124.318061462048
1121.046215366079
1121.230849003595
1124.003821165356
1122.253315986631
1117.200528159704
1120.351534093312
1130.622059271967
1118.223267165578
1120.48367264651
1120.413532800518
1125.160775979204
1118.217813306082
1118.258453897615
1117.384242490582
1120.174016691798
1126.073194287074
1124.989349619782
1120.133264028488
1120.221663928424
1117.504608914894
1121.046750118351
1118.415836823167
1117.196438709869
1126.177551934917
1120.211802082568
1124.485391648449
1120.035195903197
1125.507236809876
1117.95341769887
1119.180343755391
1120.310451187226
1122.367665505152
1125.005693929023
1123.707022239475
1127.121614864912
1121.009714017718
1128.085258928975
1117.113856529064
1117.000788320434
1132.491950553828
1120.132284914064
1123.123004263039
1119.700708379744
1148.081958000219
1130.313488902056
1127.57275655084
1120.293413078362
1129.09835396278
1120.232124208601
1119.340280348198
1123.587500097249
1121.233363957824
1119.588371250577
1120.710596947114
1119.087434605701
1127.247717340858
1117.422999316866
1130.448362626705
1120.051163026501
1121.249648362164
1118.267321565123
1117.042544413554
1120.107950731323
1117.026331682989
1127.176243171268
1119.090849094486
1117.620977469062
1132.106116305653
1117.309954119832
1131.20225164164
1123.124528597107
1117.20080111547
1119.537591653592
1117.083506432047
1117.666327284129
1131.722424147551
1122.335721076671
1119.783074304827
1121.464328814712
1120.158051995901
1117.019320485786
1118.227423407032
1121.173795068483
1134.125872003344
1125.633207516378
1118.51869048671
1121.167192692157
1119.432617545656
1122.418152557068
1124.283082980709
1126.138555402031
1121.137742481754
1126.151361625507
1117.120384098128
1120.881118106588
1126.641636232438
1117.071125923738
1123.022274230043
1123.468325336811
1118.280952295968
1119.374043805945
1117.342421321159
1121.328548490922
1120.792867430109
1117.203012063709
1117.283225002929
1119.188269629905
1123.200192277921
1129.2480397036
1126.134878025027
1119.219397289232
1120.679774647497
1126.114129748617
1128.107824773014
1121.126553413636
1124.367863096003
1120.242032630608
1117.01732097483
1129.016738528303
1120.003364294474
1117.17571151557
1128.431956600917
1125.012049836765
1130.183985533144
1121.676926148189
1117.307359518928
1120.082458957477
1129.228055621544
1122.00238260749
1121.724590264201
1138.061870481991
1117.221618180459
1125.050391043661
1144.36240463352
1121.183641271529
1117.460524953175
1117.139928945785
1120.399171745967
1120.397391529866
1120.319369363603
1123.271302053691
1123.087904920574
1119.106088574454
1127.10772182131
1128.181735192544
1117.058445865429
1119.040852105265
1120.219113878213
1123.264048831437
1126.164781061104
1117.226991532629
1118.097452404013
1123.04420410109
1119.301350816836
1126.227056933614
1121.306507868535
1125.026667939181
1125.095827490227
1126.026987986504
1124.181080202476
1118.509794675847
1139.281866691962
1126.092260474224
1127.134602362486
1117.387392155312
1122.04723372627
1120.33992815583
1123.06784391258
1120.405595317517
1117.388789532036
1121.220565409131
1122.051548404469
1120.188878717572
1119.117780559786
1128.130917028743
1118.135733440391
1125.498888649964
1121.161015758478
1126.793617273785
1117.071396759436
1125.215235704494
1120.318809341918
1117.005606506588
1119.493999351917
1120.848588601915
1117.026988422359
1124.038211622883
1124.04770241941
1119.427118083404
1125.072583297803
1123.172378916808
1117.315646629588
1118.174574610794
1118.017299133453
1119.416864196725
1119.243350449491
1123.96690373323
1118.716313036277
1118.086269729788
1120.229136651513
1124.310584576599
1123.196852524396
1118.109662710873
1123.424239650778
1121.198193211166
1120.44426589203
1117.086637975998
1118.022735456132
1120.020506333255
1121.160909094706
1122.022900942231
1117.092880057958
1117.321699789276
1119.475096383397
1141.187697643586
1129.008141327799
1117.658830869755
1117.273201635527
1123.847729674384
1122.16611906395
1119.177115403157
1125.167241612678
1117.066519351516
1118.138619584885
1126.025940950187
1122.056579225938
1120.69141219826
1122.038274054476
1123.632367802024
1120.024758192368
1126.091204086606
1123.110537717525
1122.326717193518
1120.567912470296
1125.565215533436
1121.12812981033
1127.577002251795
1126.436180638848
1126.166423696529
1120.88395545983
1121.169515043793
1119.430277603974
1118.306660157343
1124.66115953366
1118.003672259511
1118.050375347188
1117.070512438808
1124.86681814728
1117.795381388755
1124.482052261635
1119.147601848281
1118.032658020853
1122.07481727103
1122.190409112688
1119.195778840811
1120.489558876993
1126.383473440035
1126.210437662246
1119.125732890278
1137.751363924744
1125.570542516077
1127.036634155614
1117.251518521281
1127.041291169724
1124.294789240494
1117.613678758298
1118.612504824342
1122.344499167123
1127.286976845021
1118.634789887042
1117.96516844166
1121.317511170466
1117.347181084719
1117.098478551321
1128.436188010662
1127.39104063309
1145.197302312318
1140.440305113114
1118.299938649856
1117.037428607651
1127.434663995771
1126.305573715941
1128.135211398506
1117.150706381846
1120.162861897956
1127.048485267344
1123.014600918526
1119.154065053026
1118.103570347301
1128.024771606988
1119.670733873341
1119.328686949783
1121.108895279082
1129.048180723692
1126.481753689179
1122.234532523697
1134.242532285968
1128.596427178546
1130.415601999899
1119.046651747953
1117.017735718699
1117.78072506966
1120.497416360901
1122.069060851827
1121.147171284321
1117.748872612457
1121.253208848001
1128.035498956358
1120.955441905755
1117.001795439129
1124.587363978902
1124.0043580718
1118.032761544383
1117.023005031903
1119.371933623572
1118.33542161428
1117.032267761873
1127.099190770456
1121.483974845302
1123.612044140545
1118.203306985818
1120.482969938283
1129.057013226349
1120.053398500071
1117.087639068411
1119.087481437623
1122.118226861766
1130.441994975041
1118.05632517017
1121.097938027183
1122.011683217042
1122.048945288218
1125.122226021863
1123.053744456406
1119.21182255072
1119.724942418674
1120.409454232451
1132.078188320347
1117.125522614402
1117.041583047412
1121.532004011726
1117.294783989034
1118.284372293264
1117.056426254683
1122.346233822787
1135.073135416712
1120.014544779967
1117.173558720915
1120.073513478605
1120.049618599164
1121.109709335434
1120.438603266731
1124.210277678779
1127.582870473189
1122.018118236045
1121.376390494649
1133.147685450809
1129.135061186
1119.168372672794
1118.394884874032
1117.043601893781
1121.326619624825
1122.04665231143
1117.016653502466
1122.365853743385
1122.497520678288
1119.887688555754
1128.069047230892
1117.354508142691
1123.036355748862
1129.012433337337
1117.40393925225
1119.247701071782
1120.157129256722
1129.176261617356
1120.668037359848
1130.991334222713
1125.048999578608
1122.724088550522
1117.158774224269
1122.926093594117
1118.103986824507
1117.860269984331
1129.728093301945
1121.326375479558
1124.101025546846
1118.49389134624
1117.703862013906
1120.023801012704
1117.120830481901
1120.49051294681
1117.844936761902
1128.289186599867
1120.588792092258
1122.169580284658
1118.162901121086
1119.071948733287
1127.362280548484
1128.156957204862
1130.344932718857
1117.083831194086
1118.539556657947
1117.27328968116
1117.205761666648
1134.691188791104
1120.200014591024
1118.183665734358
1123.011468238952
1117.031813090362
1121.109521086657
1125.357522339462
1117.376743127469
1118.052581086862
1119.04340296635
1121.055454070145
1127.130448748452
1127.446538914179
1122.190339908286
1129.009505685415
1122.356599940379
1130.441376800583
1122.231817398574
1126.023314881828
1130.024157997151
1118.393732363615
1118.895610929175
1119.204276296007
1120.031087785629
1118.334574927881
1120.831284763751
1138.357129729268
1120.210413059727
1126.270063161614
1119.951611914373
1126.113949429295
1118.405965078039
1128.675629967647
1121.001855179184
1121.123842923288
1119.193587033847
1121.237949110106
1121.228336796473
1129.035639052024
1128.033237618119
1126.221241836229
1120.346622921694
1127.318024206266
1120.009776638799
1117.608475304117
1124.640630656438
1117.002547258951
1139.086662171206
1121.26188780398
1117.116530849391
1124.044464682879
1117.095810618193
1119.017900043438
1122.207701610689
1117.668460325626
1121.092412440911
1117.819240043616
1123.116633319699
1124.540262312103
1122.03113308854
1121.383719218053
1118.097010245716
1120.065004531897
1117.489569190457
1123.449929987607
1127.410172539596
1121.455833371724
1117.275410146898
1122.02286792201
1117.016234036671
1126.109314236754
1121.124362444066
1126.293022031426
1118.174232177267
1117.024132448347
1119.645627022437
1121.018420364065
1117.475424150332
1119.0468940501
1125.069174225021
1118.396991618289
1128.343127965798
1141.007920339806
1117.029233208093
1124.265371781516
1119.06059722107
1117.153908939792
1125.138684574786
1122.76674237666
1122.453465483281
1120.343039283161
1117.018049797721
1118.003359651743
1132.021609200917
1120.690069912035
1118.080041242818
1130.191738447489
1121.292048237912
1117.287560655293
1125.313350536976
1117.420655109329
1128.476837147236
1126.100203454254
1118.255224404458
1119.082620416448
1118.001564098477
1120.010208321943
1122.337592102824
1120.152505197115
1117.167190083016
1117.103536361544
1123.08010664137
1122.568809833755
1127.229672038761
1119.611975098439
1117.184426466271
1127.12134645868
1118.617981918942
1122.429226210278
1132.08260761685
1119.027701890671
1118.169208942642
1123.054820528954
1122.097946567148
1125.697869345641
1123.649531900702
1122.232944037297
1123.654114097965
1126.004282032222
1117.574799724491
1143.512804229833
1125.232556765574
1121.139151285911
1126.094435402501
1117.102760555666
1118.219461770211
1120.438259533433
1127.015248892031
1121.193456243929
1118.389127291779
1121.235523113599
1120.675180045852
1123.175025565519
1122.281167273205
1117.027820636585
1118.263091577863
1125.150344492864
1118.108683854517
1125.146016607011
1119.076951507142
1118.335489627441
1124.465804998151
1121.492562097369
1122.135015426594
1117.307879763427
1119.598826544475
1117.779589052691
1128.603565251765
1126.183689203536
1121.168711909134
1120.220688491739
1118.160880097076
1118.554582771555
1123.556909070033
1130.361460504628
1132.029052020162
1135.786011883412
1117.232475055252
1121.134372324379
1121.812034050375
1120.014219615291
1122.279715362681
1119.1284633247
1119.028173640727
1122.036950201574
1133.792761259717
1120.175527748817
1121.090276567159
1124.023837745364
1117.015625327429
1120.419141770881
1131.484607261227
1128.452226925211
1120.038547352977
1118.100590388894
1120.075868776617
1123.634724569489
1118.042794984079
1120.054781656276
1120.884504262748
1119.063900723238
1117.208592634717
1124.077642963254
1128.414641405225
1120.286648185261
1122.009028594575
1130.610744388661
1123.019987053076
1118.800187931603
1118.07893010259
1117.859235061132
1122.135927682329
1126.05542285454
1125.354039344028
1117.567613543984
1121.333047971983
1120.048756353617
1138.109177207788
1125.133639530957
1122.208550130977
1118.054387034384
1130.250275995392
1126.16688336114
1122.033447982048
1132.054734597226
1126.148651765035
1121.048176394041
1118.222533159025
1125.69612175077
1126.261605870229
1117.277286730336
1122.116194847164
1118.240850786794
1129.500108855758
1120.113584313384
1129.69436614076
1122.902830120612
1122.770144146699
1117.050341124238
1124.270527584177
1121.28515262113
1127.314754857804
1122.20814053145
1118.126959274918
1118.638974899045
1126.067556486337
1124.626863776453
1120.193697517073
1118.40967005426
1127.643282303838
1126.424470625399
1124.221613158596
1121.39189348531
1123.130736442121
1117.246928470555
1133.493599900841
1129.07371883264
1119.108970426394
1121.071889782779
1117.276535783225
1120.0637015075
1118.045238199469
1128.037855944585
1119.26714065675
1117.062925395833
1135.106534585683
1118.012346297061
1120.084031275937
1124.13429804131
1123.222861964512
1119.303182236071
1117.120361465169
1123.169428446715
1122.160154112405
1126.261928431619
1128.258639202265
1119.037134741284
1117.732582684946
1118.184106567902
1119.133125577217
1117.045081228868
1118.00055527586
1124.480907075475
1119.474632047484
1119.262009434893
1118.500786727127
1119.534531521674
1128.225732871679
1125.216751696657
1127.473173417938
1124.000658968519
1118.041329335677
1120.971529566671
1122.047249740196
1118.071400321227
1120.029009988898
1122.100752960544
1130.391182225059
1128.02010544191
1117.158920607244
1124.301704951441
1124.238550639427
1122.005184724713
1122.041788951287
1123.815028974413
1117.65181072196
1122.959090084706
1130.228102330758
1125.113616847825
1118.116298945773
1120.422137018903
1122.190141646273
1124.369601555803
1117.075944750649
1121.482100307559
1125.274605741412
1117.028822481026
1130.464417241222
1118.264431528748
1125.019213366641
1127.21993777181
1122.397036225651
1127.070735143234
1117.496245998164
1119.349384257437
1117.070804008329
1125.371737782321
1129.05627981475
1119.144767075624
1118.145661731473
1124.177939912497
1119.131083033724
1121.084266876225
1123.107184803783
1124.138615643928
1118.26475446725
1117.120433777031
1121.231040016668
1120.129817697115
1118.090675548508
1128.533541207887
1119.380275276469
1120.168151006357
1120.931091975819
1131.652790536481
1117.171414486946
1124.081935552931
1117.050003694571
1130.314191437905
1125.117402717376
1119.331179928968
1119.495615127423
1126.215988537045
1123.103789267743
1119.215181400143
1120.09799023383
1123.12521585701
1118.194723873004
1117.596969700842
1117.142272542815
1121.058337632352
1126.399650886163
1124.845763547146
1127.01531237273
1123.061904143479
1117.132652012257
1125.05895304539
1120.058817098259
1121.467406972593
1117.021514900023
1132.282265713584
1121.220931260602
1134.275591587626
1143.096799737287
1117.669935935037
1119.247904915325
1129.052499392971
1117.076290856919
1125.458633746199
1124.813636538985
1123.079196693321
1121.077320132564
1117.514121356128
1120.167652973754
1124.124149318679
1121.122231500967
1124.006729402063
1119.087500918303
1117.222705730122
1118.110402756518
1124.066903811574
1118.355742773326
1126.782616471843
1117.794174029809
1117.601311290076
1117.065385715472
1123.172661302926
1119.025053263367
1118.131385231979
1131.064671592743
1121.321657975271
1118.156849703468
1120.602743882518
1123.300468742402
1129.002129432396
1132.276753100324
1119.182709186365
1122.508094417643
1123.063776027758
1125.082842408968
1122.071517678295
1121.026514593274
1125.916136337533
1118.267831459694
1118.311215417995
1130.034009860191
1117.009206626155
1123.56802455182
1117.195690882886
1118.067269508041
1118.716861106844
1119.245276894127
1125.020394765818
1122.208439825302
1120.025395671528
1119.269252538031
1126.956434966873
1119.168898606002
1121.012710837989
1118.181547034151
1121.348687182829
1124.565630915473
1123.459933677324
1118.046023198971
1118.281833135803
1127.088892688378
1119.15537804606
1119.256829078063
1117.257714886023
1126.179699136892
1123.863210605365
1121.032761084846
1129.069076882787
1122.048300780726
1119.43574181292
1121.932189691501
1120.010057280971
1121.606343434292
1121.404318342911
1119.295596911053
1117.158709348621
1124.614934556207
1120.013078858429
1120.35553999655
1118.309518121981
1124.557053483221
1130.162355944874
1119.327254160807
1124.257203259812
1124.043901039477
1118.184444374278
1143.490566594259
1118.084131519694
1118.188493849558
1123.325794756166
1126.179573612312
1121.542280080503
1128.289021286616
1125.397424465439
1118.444010650432
1129.058877267351
1118.044179782078
1128.236878109295
1118.315438539006
1135.224488803213
1125.111149525502
1117.377042457833
1122.968158893325
1117.289348259907
1125.153857651856
1120.873916360552
1120.000253125174
1124.032103122246
1126.095847260807
1117.012886312394
1158.042832162961
1136.108243140594
1117.147288731149
1117.271275753861
1120.025315299924
1118.103880705531
1118.47901306604
1127.81899519631
1134.07199928642
1118.814289350766
1122.579947991506
1119.01250082983
1122.214721827128
1119.020514519967
1122.515115662017
1120.532600291957
1127.342751909464
1135.093673167956
1122.790713644906
1119.904192808335
1118.157975091962
1132.448748279588
1117.024825116495
1119.117914149889
1124.000376902057
1120.42659555415
1122.671590708017
1125.415845738706
1128.803663683534
1118.04739383599
1120.062234876131
1134.041013169157
1130.366170925161
1118.494283245196
1121.293918629122
1127.340465192529
1125.214351442847
1125.168998472565
1119.209083845521
1122.383010062044
1126.076338695126
1118.378064685317
1122.224289132394
1120.744851556472
1124.047923635478
1120.191944195635
1119.505932465963
1119.56395968782
1120.251021517085
1117.355889969944
1123.201719932835
1122.5326634796
1118.335806115283
1122.009187391151
1128.609537232608
1126.681482952346
1128.150548603776
1117.129785017019
1119.092965341625
1124.072355970725
1123.264370013126
1121.431285119198
1118.410116543912
1124.181333396168
1124.009644025929
1120.056057000325
1119.137172763692
1118.173300993573
1121.32850112238
1133.159356872466
1117.063694687181
1130.589347437498
1128.054899785297
1122.157088307142
1118.110831220454
1126.161291530364
1118.425168473836
1135.501084047824
1135.140148057249
1117.485559399122
1117.139653027984
1123.841098888112
1120.184205310484
1119.134844202292
1120.077722927896
1121.095191909266
1118.044463090867
1119.106370162202
1132.07762734843
1117.772213012968
1123.038067801342
1117.237007111652
1117.050290354987
1118.225750720672
1119.063479718317
1127.369547475197
1127.367608284542
1121.015932067517
1122.718952439328
1118.127170441059
1119.101908971678
1118.137245826713
1125.557615923852
1126.365720885582
1119.109791970657
1122.349138353908
1118.057598946621
1122.022163209119
1120.025972508475
1127.076017604118
1117.050679442709
1121.055862674306
1121.308638049931
1128.014764490657
1119.241809975153
1118.041078112749
1117.150517013391
1131.190490180943
1122.52854034503
1120.493998939974
1139.212652838491
1128.20789117851
1124.189622639484
1122.338630847987
1119.372863795698
1128.514178849408
1130.527511171461
1127.302978980028
1134.362104945147
1117.080003219231
1117.310751785701
1120.126502790299
1121.149776120081
1120.196353488065
1122.060843848011
1126.603405801546
1120.558479461114
1120.492969877886
1129.139881094188
1118.218145837277
1120.077588214972
1118.462367288105
1118.631470014361
1119.055061439749
1123.088282408843
1129.046471523299
1120.179307020904
1126.00172501492
1126.855634735884
1117.084033001157
1118.222500471623
1117.129488004839
1117.008492413194
1123.093352140004
1120.211564887935
1117.351106969192
1119.164012959675
1125.258672452066
1117.347180643832
1119.13899329723
1122.310642352228
1121.337280282538
1119.560004951314
1127.816351781183
1123.15254383717
1123.403569648173
1120.357728671763
1123.933920827752
1120.084117320925
1118.454402871808
1124.381944149812
1117.195312695861
1117.004239279691
1122.076474023427
1123.113125049396
1119.320402543936
1117.059399883338
1120.044523911473
1119.189488937672
1125.469876177179
1121.001028557237
1129.055377687648
1117.579661476032
1118.205159576372
1121.311531401723
1118.172077646522
1118.400839002416
1118.408211982706
1125.110390994595
1117.01861483665
1125.379139137675
1121.055729523672
1118.290885491449
1118.169948199451
1119.447807124253
1120.405052910071
1119.709677905514
1119.014274901732
1132.069284589686
1117.273164857882
1118.371042477591
1124.35847176769
1134.067890845801
1126.301208047214
1118.010566418508
1118.180424482141
1125.612192685249
1118.415037700242
1119.041988768703
1119.087010462314
1120.818094140287
1125.255094239083
1118.561606439094
1119.509862390118
1118.371805095825
1118.70868799845
1128.051276957638
1120.429272759883
1122.003592967634
1123.302766420597
1119.283818918525
1122.335203951777
1123.18475181987
1117.116729061311
1121.07655787884
1123.402496770046
1121.949341915519
1117.08161523997
1142.094010124985
1124.159787907495
1120.870827116787
1118.1854456083
1131.038808702446
1124.0154711189
1117.533458722242
1119.093243419433
1119.900354873904
1124.135598630785
1123.491512426915
1118.114456343998
1123.016479328363
1121.106292504312
1119.747047197341
1130.296047872049
1119.708730278887
1126.278219676708
1121.752503152374
1123.752134858208
1122.127413223986
1121.060404879121
1117.115460447647
1117.176232859316
1129.050094671296
1118.134939806121
1122.347663960725
1118.295145415047
1119.510403491391
1148.108326949379
1120.020712598939
1119.439765920318
1123.388426790859
1127.105934066455
1118.081539886913
1120.644631097061
1117.009319650022
1117.886534236742
1126.026591548785
1119.165402419542
1117.318130792819
1123.073776408779
1121.15840036845
1120.366570743554
1118.323739540311
1126.035553737309
1118.97713081607
1121.387143156137
1130.026140172348
1117.603816225483
1120.249055835735
1124.208431675668
1119.021816830493
1118.62396690353
1136.269950299164
1120.014187625445
1122.750081330907
1127.000129999354
1119.186554545106
1119.1690339969
1128.197949445241
1125.162904015309
1117.197057928113
1118.096810174784
1126.065603779241
1127.169876684528
1120.110422169257
1121.144742669599
1126.106314243133
1139.137084002076
1118.284614990933
1118.356500254086
1117.595646351831
1117.089799493753
1126.084512328474
1120.16983612335
1117.074243156026
1118.378469711132
1120.272166101268
1118.015739361911
1118.252394194515
1122.82317421697
1120.721543082547
1118.604725841758
1142.440559141036
1118.344487002788
1136.096175890651
1120.330848983946
1118.009098851347
1119.064480213417
1131.971463645951
1133.109998668251
1122.358172947364
1121.043129840642
1117.44650229394
1117.269850512859
1120.008325026795
1128.122803331164
1129.037745834321
1129.401548102397
1121.136758363804
1117.116249025661
1128.475413053639
1117.055708949411
1117.239855724759
1118.717427115808
1127.262633944522
1117.013487618527
1117.20192835515
1119.010950403041
1117.367509076012
1117.312591927617
1120.385653206802
1119.339783160691
1121.266959309296
1126.14449685704
1121.074946478225
1124.723330914576
1119.170255984418
1119.623870976114
1117.069517003252
1119.559135121545
1120.013649547251
1133.073543284572
1124.595567950526
1132.296280468161
1117.224279273311
1118.105987259524
1128.683516683717
1130.212777440209
1117.322011457917
1125.028431601966
1120.540446327616
1127.42761915292
1119.050728423969
1118.192990871724
1121.156041232583
1118.240898095954
1118.186385539296
1132.118361637244
1118.10908229179
1123.164192776575
1123.107376285473
1122.376899251319
1121.898478614335
1125.566798453719
1120.529616215615
1121.11943368214
1118.058130706865
1121.269855313218
1123.055892096271
1117.008399195871
1119.142099666081
1120.030787083945
1118.029205280023
1121.72742350161
1124.001574785214
1121.062085349605
1125.251191797927
1119.522019642453
1117.139609671127
1117.302097876459
1118.06916494177
1117.632707564711
1123.062383231488
1118.285898987002
1117.654502873433
1133.357397153714
1117.570366145612
1123.037857113195
1117.138594980625
1119.665980818844
1123.152355763877
1121.28337478683
1117.094820381856
1132.951091996481
1120.451013154739
1125.458440253433
1121.331445575221
1119.052357622053
1126.601739825497
1123.113949147332
1125.622709322995
1125.070278488682
1118.181524693673
1120.353630381112
1125.309533675935
1126.046670783493
1117.373821067163
1124.03327218941
1122.032583670558
1122.212923421042
1120.154599118448
1120.158830148375
1120.181442998137
1118.15177100001
1119.529275949262
1121.411118010333
1118.080125367323
1118.149037905802
1119.292041601453
1125.351433523123
1118.537158846229
1124.201900794538
1118.28537387061
1117.371348465735
1118.720098406892
1122.222212422962
1119.338302265027
1121.594550374573
1120.214023877902
1121.088703326582
1117.133705565214
1121.240232211752
1119.295869430668
1129.009750903364
1125.088042428146
1124.068834907592
1122.993280601676
1125.751490438622
1117.413409647423
1119.094537924115
1121.334942615142
1123.252542838803
1125.176302881978
1124.422563729292
1118.209233577949
1139.052501622854
1117.00736628525
1117.040847557012
1120.430620475683
1119.052124827796
1118.065661181651
1122.050858081185
1124.128576845514
1122.483735338849
1136.243276884524
1126.332366111067
1123.053508882119
1124.055977458853
1122.414351042177
1117.086617422676
1130.112498942244
1128.027036461921
1119.206610866687
1137.530526136587
1118.214301904849
1128.191044995043
1128.127071575987
1118.109476796591
1118.136520158669
1120.270135438552
1117.155403160614
1128.398420012656
1125.361700017379
1130.229586961837
1118.909084401256
1119.212576154719
1126.13541027762
1137.056687436056
1118.222031657421
1117.109682298162
1119.051310366344
1127.026329633979
1131.68140761722
1125.000013434713
1123.021497315118
1121.276556479545
1125.038295614591
1122.101197743275
1117.138383693428
1119.1393113484
1118.137952132549
1125.763283398528
1120.186426535261
1117.431856038015
1118.162277711757
1117.131834615721
1120.03700844284
1123.140616265537
1125.345449844509
1122.173416631183
1121.048530661685
1117.293926592931
1135.379342679368
1146.133584808875
1118.044851799163
1127.170524917506
1129.026141141632
1118.890406337748
1123.511900216576
1118.048093057468
1120.016452321239
1118.240538445327
1119.005660207368
1117.002641870209
1117.079277932365
1117.410830149787
1129.070159177979
1118.27982623113
1118.514438120099
1123.308400770543
1122.374073529959
1119.01350212484
1122.040935032853
1119.620655524745
1118.018497959283
1120.305768783765
1118.838600935919
1117.167158911798
1119.896089652631
1121.506003796357
1128.962368668843
1129.117559372758
1127.321503093281
1121.430871559285
1118.182951939803
1123.461965655301
1117.088583878911
1118.157702653885
1121.180040378124
1123.486513809029
1126.216425566428
1125.443434292541
1129.308449997228
1122.700044666755
1124.138007399568
1120.182361627742
1126.178058078885
1131.608344400317
1124.421712192539
1123.039800730816
1124.432277214285
1122.03488065871
1122.080651262132
1129.5981145624
1119.157586606064
1121.250332151994
1117.384687757217
1139.117600161969
1131.052754981627
1125.219872241494
1127.331298069798
1117.445365207947
1128.066383497011
1118.387893747928
1122.222756976558
1122.065084110359
1118.198082602921
1121.08177362648
1121.24996596927
1117.789671608323
1117.614736197554
1119.52625350459
1118.751846462742
1120.435869653091
1123.185514087337
1131.015595749114
1118.156478281424
1121.605929987649
1129.090203981063
1120.127760317316
1126.078742886577
1118.105584842376
1120.983541341252
1117.435434316701
1129.60674340707
1120.010136071604
1123.282336644183
1120.416135291844
1121.237243439135
1121.553899924794
1119.331755999741
1119.37050708467
1120.129926690947
1140.118191654431
1118.316559313252
1118.010154202776
1124.191096877584
1118.029299127807
1128.607561964306
1128.392655563978
1118.064900565379
1123.493989323077
1118.286537371074
1117.334134844918
1124.050820734221
1117.069609687752
1121.273462372802
1119.31342870917
1118.191959443166
1121.858980500608
1118.054276522626
1121.611674742022
1120.14237947294
1123.070556706136
1117.033139586847
1118.066886930061
1129.076258414239
1119.142437546725
1128.456136435846
1121.242111677295
1137.029625288785
1120.197981349575
1123.045783889796
1128.165454655522
1117.155823244884
1125.436698213533
1121.902818697632
1120.033250024945
1121.308380863642
1120.02415076367
1124.014705430587
1123.036828158797
1119.094558344332
1126.286432841662
1130.276131039756
1117.195359028286
1136.164929212026
1118.110285981937
1117.311211618991
1118.623967120623
1118.377746254221
1126.021895124368
1125.451565603664
1123.040057088714
1124.474599124945
1119.003686799826
1119.035004797658
1118.022593371112
1125.062445623404
1120.275474749218
1117.777173975698
1127.285497280497
1120.386352332191
1119.033759443504
1119.287254744616
1137.258201291751
1122.347288586021
1123.073016361369
1135.644992490521
1128.157174926965
1126.318661466965
1119.056557648259
1129.017519284619
1121.90049170933
1122.195833470447
1120.242087427058
1118.947493218881
1119.079768343292
1118.59794735554
1118.452880456139
1129.271089497783
1124.245533117984
1126.396855758248
1119.523712868705
1119.354092912223
1118.656108456783
1121.262846693283
1118.373144543177
1122.046578545433
1120.557490614458
1118.59330450252
1117.089672644033
1122.14565908601
1119.295619264274
1123.044797991314
1119.009497666371
1130.396231261697
1120.18601984746
1117.387525170574
1121.104830399703
1118.179567849611
1118.230219723357
1117.756657460693
1132.382737469385
1120.526511524886
1120.329793943385
1130.000344745222
1117.259545129587
1127.895954757031
1132.93647010931
1122.058378625633
1122.050429740379
1119.018859107015
1164.794121312825
1120.19484837898
1119.294332424536
1119.06365653451
1117.612091086459
1157.043072850561
1120.270894144853
1122.055495215542
1120.004921308909
1125.689453986119
1119.809557741587
1127.217554639694
1125.303268626893
1118.210481018424
1123.069682169144
1118.067232665665
1129.223653380157
1119.603228320935
1127.000250110079
1119.482999570724
1118.005727710069
1121.380448397798
1122.157905304534
1127.572715034952
1117.201295011982
1127.258832679666
1121.132852492772
1117.971453257373
1118.633115577843
1122.096677385257
1127.085042658201
1121.635816579897
1121.519475943135
1125.193113621473
1121.490729867246
1117.099223108812
1118.053257299049
1118.017891672617
1125.762541223141
1126.046862981026
1120.909934076875
1135.237183925579
1122.357639151417
1120.262085648664
1122.026226847025
1120.120741760518
1124.077488975205
1126.089583542915
1119.110901761316
1117.088584235523
1119.317637500578
1126.048538559269
1122.750419140493
1124.156925451133
1132.034656390855
1125.193008389009
1133.179464761305
1121.578148121548
1132.352099158361
1119.210639461646
1145.080032309908
1118.407866996999
1118.818434403192
1119.128190546382
1120.144369555704
1127.054566050819
1127.029710297362
1118.073879210961
1117.217111685927
1121.019569894097
1127.77127295795
1122.027866218758
1117.000642069267
1123.392996916262
1117.410004335168
1123.545287794043
1117.264972751793
1120.948672080161
1118.200922517078
1118.018165683942
1128.049377116343
1122.206799438459
1117.020925240148
1119.050613403347
1117.320745793225
1124.025551725979
1128.160283869075
1117.522664543628
1120.315449364369
1117.058288666818
1117.373506864101
1130.829246003038
1121.188873289453
1132.027114583143
1128.451623719377
1117.088422060691
1120.025716674811
1125.383724392805
1119.310950172481
1126.399783514008
1120.242579600158
1128.207421623302
1142.372312775822
1117.427255827031
1121.423866118607
1117.430713928791
1117.215039314446
1128.255004502297
1120.389638378979
1121.517260280475
1124.091810418716
1124.803043420921
1122.041016147356
1125.211025415845
1118.021873513117
1124.856493986917
1119.031311576958
1125.293319861378
1118.088835988239
1121.349945037504
1117.323048295615
1119.790934235863
1118.258336614642
1124.449022245851
1129.088153963704
1118.116129425254
1123.211577687795
1120.400525325018
1123.367170941765
1124.012039923081
1117.356807829722
1117.188264537102
1118.334319143256
1117.479959688089
1120.717926625134
1124.142486124869
1118.380711933329
1123.060801581978
1119.202127330059
1121.116375338248
1120.366314153554
1118.193068831237
1122.089173930079
1120.088895703073
1122.233294890098
1117.016818233313
1122.890014799516
1119.314321196367
1127.676604721847
1120.039176053135
1128.201282469665
1119.318065826081
1124.653701408989
1125.369274963418
1125.290302317068
1119.156915396637
1122.493145142095
1127.005407649756
1119.154299817069
1117.055713486881
1121.237806557252
1126.040058339071
1120.272861433955
1124.365052485563
1128.103949220844
1120.021931169035
1123.048774505923
1126.017459920351
1118.862157817607
1128.383020224708
1125.857190389746
1123.122371226538
1127.30525812386
1126.849167699177
1117.329390389135
1119.319182292685
1122.577715868755
1135.458637521689
1121.063390794711
1126.236721527412
1118.012073197001
1130.337727415158
1121.590980245845
1120.759552253644
1118.637531675418
1118.157049473529
1118.106904847798
1117.107056778936
1120.917358661955
1120.250955331178
1121.17746229894
1118.449323742071
1117.516138513743
1122.155884146172
1119.072435114273
1117.105034262473
1119.156094131747
1125.779079386212
1130.085777918352
1122.081141663227
1123.112630580222
1119.603912074868
1118.862415247144
1119.136472054112
1117.57400414965
1120.11363089735
1126.847648589968
1133.378036328927
1121.066175288768
1121.457096825591
1123.069434048248
1117.537289448782
1119.184453357252
1122.4547008881
1118.152363476914
1120.274525743897
1124.826704437098
1126.107227136648
1121.298567902704
1121.051666268144
1124.470779163365
1119.078535298046
1118.574328820903
1139.144993954468
1118.180737751614
1118.254186638128
1129.376853536513
1124.217201081881
1119.428990814956
1130.971580399891
1126.490575630195
1118.015638577969
1118.130457350665
1120.368996052135
1123.125297767914
1123.127558763792
1117.32637665089
1124.01514550665
1117.220535468367
1125.040393866519
1129.675012204922
1122.129745105947
1126.270713576951
1125.028092988101
1117.036006865545
1118.000584900589
1118.752011331561
1117.427367248667
1117.142765448292
1118.134628059602
1118.87710945634
1122.054884683153
1125.150964954732
1122.038448631215
1119.88938228183
1119.317490752673
1125.596992322764
1128.341400839664
1117.265926434306
1121.201824033711
1120.185378989226
1120.08248619904
1119.041888166724
1121.090080661131
1128.874728697336
1123.14115683474
1119.709416197569
1118.086455760623
1120.062652762911
1121.050479992598
1117.092454190604
1117.777218150464
1118.083978193397
1128.66726737393
1124.309419003425
1122.270309744329
1117.17036655434
1124.035447164797
1124.065896712989
1118.355537236284
1129.604295524442
1117.091067577006
1128.534984494484
1121.188674634322
1130.395478770982
1118.725846895538
1123.027040075104
1119.999592792975
1119.033303721573
1117.181378732962
1119.305366507876
1125.278295895983
1117.72492004228
1119.006225893782
1145.818392475928
1123.297790041724
1121.211492971805
1118.36663606822
1117.710509927226
1118.674510697071
1129.133456869657
1129.178077525771
1128.020282284627
1118.623971879228
1123.567618921464
1117.395066998201
1120.060927849756
1124.021526293373
1118.263588331472
1117.354656789246
1127.054616162382
1125.779432683049
1117.008816283579
1119.4410901007
1122.091958568772
1122.034835359617
1120.266022415614
1119.387375852448
1128.395245438837
1129.343250579749
1120.15116748271
1121.209885008127
1121.34229604405
1128.189728030794
1120.530774451613
1121.505296724396
1119.062336633418
1118.362735327012
1120.405601198692
1125.795547458974
1122.272565270293
1143.166169372813
1118.791962927058
1120.182225304783
1127.026345490763
1120.766001970628
1130.002121651495
1121.713104897428
1117.11574940058
1129.133002090183
1118.040687124912
1122.161323124675
1123.368265814223
1117.287517967346
1123.233225630196
1120.009685196771
1125.255634789315
1118.364250559189
1126.169718584149
1118.025089368373
1128.238271561634
1117.028968999257
1121.147358672136
1141.094158136174
1118.78182598001
1119.080683716777
1118.1182400771
1128.214218684059
1120.979635070937
1121.073466882516
1122.40432872157
1117.756417222974
1126.884341450917
1126.149722868801
1122.733759827889
