220.3075690519854
218.1989438039296
222.1932603233332
221.2942918536621
218.7517846797628
222.4937772891601
217.2946109802063
222.4997078794702
226.2034666684267
221.3469884963732
229.0345833506585
221.301425502511
225.8992297068127
216.2215291404731
219.0320039850789
220.0274071901619
216.1352144912578
225.0803564316567
218.0111623399498
219.5741534171189
222.8154409543977
221.2937198971246
217.6875243426014
222.3068557253086
222.2664564569903
220.2932524019733
219.0217425612936
216.2261764288018
217.5715817603808
221.1993816544346
216.2039521793633
221.4461244334983
224.0074724437659
222.202859626553
216.5413841757225
221.6022318482386
220.0134654141469
221.0377854780879
220.4169577531516
223.0190187041625
223.8233599525688
221.0223071629607
221.2332434099182
217.2795194390019
215.1056157080798
219.2879074858291
228.5133871390244
217.0401006815525
222.0507799562618
223.7844017612136
216.1448063515076
223.2596032282531
220.2325496897298
221.1813522141549
224.5487318014116
221.0459415757079
221.0074037014509
226.2302442323794
225.0521694940305
222.431766040755
218.4962527001515
221.0374434550015
226.2459217445798
221.2820811280563
218.3912154363904
218.1011293022494
224.5529732368393
220.2423885058112
226.084498105502
212.1056774090166
216.4769626386039
217.9551483632506
223.2457735875409
220.1320955576383
223.3212611236901
220.2215991657844
224.1138784641319
222.2083923135976
218.4520516683699
224.0122254029604
225.2108412922149
222.3581870907068
220.9609222325538
219.1608647955077
218.5618904723235
228.7727279147543
225.0795444916531
221.1838556153024
216.2807056286348
229.1334282029672
221.7696389411972
220.2008589358435
223.5232181813155
221.0481503024945
228.439633989239
219.4045174638224
219.0471095031255
220.5038669308495
220.8520854048815
224.2776619264081
223.969942324971
225.0385397655691
223.8719008422597
223.185368730987
221.0307956853915
228.4200282200012
218.702614538922
218.0954650320661
222.1361267887045
221.2648275494345
219.6856651505275
220.3008087893409
221.6215429355895
220.7252982030787
218.0925028462266
222.2300658807832
220.0049948412863
215.465089805477
221.6492436408806
221.6284714899021
218.6992532303177
219.400399036183
224.2628518524313
220.6352778288502
213.2500371231866
216.4315104689485
224.1902086141666
215.2657598749214
216.1468776182802
222.1487635366807
222.7321661927047
221.2905652611783
218.5717532089078
212.3174571870476
219.5250866878358
222.5072686698755
224.2541195238951
221.2556454876741
220.6042274419534
220.9395963431006
225.0208768580626
220.4991185461956
222.5774332502717
217.7061133174558
225.6126955629503
215.3374993387131
218.7855530115748
219.0175945046868
229.2368304776736
223.6587867147914
219.0645209893126
224.259521518732
215.7418566467155
222.6630853571578
220.6243165885454
220.3049373220979
216.1053511415147
220.7573442646087
219.247223460173
221.6678098280412
218.1786158126887
215.2932115183162
218.3232399683627
224.0109127742069
218.0225396900286
221.3616046305686
216.1400408697713
221.4638588220481
223.5297772451397
220.8508539957882
224.2010673932468
221.3800936017695
213.7068735529184
223.3256629279786
219.5672275303876
217.454510577455
222.0394743154337
221.2039782862013
225.3266607062705
226.5042051146042
222.2981242604198
221.7513637197858
219.4926132228215
222.4996467321796
220.5695054135031
220.464196612392
217.8595296601409
220.4219186015681
217.2901419422298
219.034204488905
225.300989306376
223.7032359074699
224.2565186390069
221.3504154611346
219.4268032939612
220.7738340718377
219.1399486699704
222.0015059896238
217.3301465400065
222.2122912963586
220.2323613635142
221.6351113298664
223.4966852881143
222.1112220073798
224.1191984862933
219.0504294117156
222.0382266987509
218.4453614794986
216.0001170316404
224.9341267925697
222.1769619582058
223.1418980765183
222.020862328866
221.1135090137184
220.8993277215058
219.1786304294839
220.5624264429878
218.0618029436412
222.580533653405
218.0931209708154
221.9551016298676
224.5837076519229
219.2192602546852
218.7730400782382
219.9546971651975
222.2370528361909
219.6062155602041
216.1849217136975
224.5073461625618
217.2439037945664
217.2164438983303
222.5217411366739
219.2020540337507
222.3673879168073
219.1937551174761
223.0848483950099
221.2686820154416
222.4427057638304
225.0178947154468
217.2384076567896
219.1428535964907
223.5626338310076
219.3344474139122
222.086747064697
222.0451292922942
218.024780690242
218.2965256091905
219.0232595718663
218.3479091610467
221.1223610247362
219.3858443479999
218.0866830339923
216.5169847944435
223.1729952315533
217.41087123529
219.1238993714478
220.4099624469927
217.3139231725037
219.0345979180999
222.8731210713314
227.5292228028666
218.5663377132381
216.7402942119252
222.5971806360917
221.4432574169536
217.4368012914815
222.6993885180212
217.8244476733168
228.2148335904017
219.0211343774713
219.0712650363404
223.4142735899562
215.345291574538
219.2851199368373
219.7280840375967
214.5124203651314
221.1473659617626
224.8339067866233
225.0029488285239
223.6584268097109
216.6006323716339
220.1803091528527
221.0253145893074
216.6322867147722
227.1804741300575
223.0005702323088
215.0460702747955
223.1509981548397
222.1059034211671
223.058260673832
222.3304421363775
224.1660193377605
219.4597783944895
216.829863684594
225.1008052693566
222.4192829644702
220.0323948168578
225.1489007496752
221.2021186139765
221.1168849655125
220.3223635629969
218.160672280108
217.902829350825
217.3398761333041
224.2169779870173
224.3146899930179
225.0916219185288
215.329414033701
225.2347560296503
221.1636353666406
217.2117806703345
225.1605338551864
220.6354933099759
220.3640686629671
217.1533843264354
223.0255259876624
221.0290633268878
218.8613285090703
227.0182522754892
225.5760485256208
215.0636586536826
217.8101103176632
223.7490911064375
218.524215445116
220.4558187997734
223.3196488109537
219.6135647441243
220.8647706179102
218.1676176994366
218.0485094993122
226.783443132346
216.5428029797185
222.1579420495492
221.430426399214
221.7162103781701
222.2713631579378
218.354677943799
216.6252024716768
230.2606519045486
220.8094901122465
221.2047050635663
227.4385223552899
213.6815189056325
223.1454540967113
224.984095602855
219.1648663431068
219.2501691481856
224.8831865689171
216.429373590363
219.2415770462273
223.3141109715334
219.4481034898412
219.1578620879811
217.4144592287329
218.2070146340622
220.0149096910104
226.1416669203309
223.1874124773045
224.7026253725035
230.0004610666696
221.2778346807364
219.0216013737839
218.092926054627
224.5230347826822
225.7442396231552
218.1063983489008
224.1988123971204
223.7055776791799
220.0292648587833
224.2097811923098
217.0017403472681
225.0231854434579
230.2236408197909
219.5339959246487
222.0005841394812
217.4576441843806
225.287075011726
219.0364772256929
218.4550231553351
224.7147174266208
218.1252934125335
220.5875449687483
218.1453582636961
219.3623798379156
225.5566327909768
222.1938222993925
214.7147596863932
226.0935748133127
215.4744991261885
219.110403240176
219.4426820318308
221.1896073536661
221.0369472677243
223.775587711923
220.0918880811458
227.5643434603699
222.0768713919937
217.2263294688593
217.2693961193812
224.1685537665623
223.5468153003521
215.3436205378167
218.2655304752596
218.4134336202637
216.0443595325428
219.4444832194324
218.3029258769219
219.036451221861
218.7757046970897
224.5429903377772
219.1050703575621
226.9194140352195
230.4077833222996
222.2214016910848
225.0142373731069
224.1468046066713
224.0077099521306
223.2774177484388
221.00115798839
228.6682942737712
216.8001911715612
227.0158759020344
218.1106366375142
216.1174828891445
221.1396088818212
223.0920744569337
220.502582407781
220.3845397567009
220.1894258414883
225.1548462573783
218.1016873187328
218.2738992546668
225.0401874739106
222.3690451251839
223.3717370902065
218.0894515177665
221.364412112402
223.0409317086768
227.0413021995166
215.1995545576606
219.0639395075774
225.2707656935327
220.9523461777869
219.3070456746743
222.2920184131348
220.4767232941273
220.1115755682347
219.3290328626081
223.0761920443076
222.3286294323825
221.6528519491369
218.5109214311001
224.619592275532
224.3960907221445
223.0555898202033
224.7803750812955
223.0679788686539
223.556444342912
222.1806487694293
221.7592951078362
219.0485145532854
224.3588974393923
218.0535255814386
221.688458177032
221.2128645961783
220.8490487470297
221.3787202090893
223.1463104425021
224.8001065269392
224.0044494354691
215.1140025012061
220.1386200507571
218.1810013689722
223.3273952465817
219.6030593540218
221.6715813397157
220.0856318768364
218.1449280653322
222.276818676988
225.2704060048498
220.1834979951142
220.9852494866922
216.4021388290414
221.9811817008468
228.7342485915216
219.3674411762368
222.0123034103988
221.4784135147154
224.1996811882266
216.0090733748406
220.1291310634762
218.0681406549772
216.0127832077839
216.9821850784876
218.4385035848289
222.2965514559569
227.579394277273
224.3310917566184
221.947814290479
223.0885766424998
223.4146440946519
219.9265389339919
217.6775591114508
220.3161459269142
216.0007496202279
219.1318776907679
220.5389781648172
223.5297804794474
218.1273249630622
230.5234485740954
219.6408909483391
225.6773293418918
221.1108733662806
222.0505526057889
222.8271793292957
216.7819102322959
218.1881083893375
221.2968894912686
226.3518379678025
221.18834566014
223.9615710830974
216.3988582662846
224.7010073432739
223.1734133331761
220.0619406455515
217.1062858737602
221.3179161426983
220.0535591686262
223.2633952150348
223.1173218333608
223.6426174151196
219.0234928437391
218.0169526068649
215.2222119990607
217.3223620096598
216.6192153413032
221.0865069153108
218.3572291027128
218.7926221989128
217.0192620221213
224.3187571898844
219.8145360658713
221.1562524629718
221.1584527469817
221.1983697804758
222.4044001945989
220.020540984371
221.3427002617477
216.3541693742375
218.3679745452971
221.7183078718187
222.0309240704938
220.2003000655119
215.7319002092192
220.0776466720453
220.4235343905364
214.4855716257511
227.0108373791124
227.265683411188
219.3190740987629
217.2360905760991
218.9224391862783
222.5512522505459
221.0486379892546
216.1215760005509
222.2477179455941
224.2267674400376
222.7961696604237
226.3814048411249
217.1696886682751
217.4132546011787
223.3895060823052
217.0937361890137
218.1076954261821
225.049602077241
224.9179043332002
219.4286407838475
219.4537315224691
219.3120896087475
219.1373130605121
218.4455834660624
222.4600719494851
222.6703856439238
219.6422099378391
225.7811969792918
223.6034734482303
218.2622042865789
219.1010078845601
223.2526555396566
219.3318356426996
215.5129845546597
221.1415475260971
216.2210849105354
218.221449838818
221.6199560197472
217.1685958088471
215.229574785829
219.3537939619738
222.3710686694163
221.8526255933418
220.3168741355298
220.389572511837
219.4152576219514
218.4257383752979
225.3619000680486
217.4153192872985
224.5532323211063
225.4749517890623
224.1855193407639
223.0768293777769
222.495482866226
225.7236135437308
218.009352223703
225.6521379974425
223.4620109089216
220.3452194180967
218.1558778900505
221.0926301737354
221.7054777893048
223.0498130190417
218.547990822751
221.2072820644038
218.8201165413078
221.2146077239069
217.3945555929313
223.209066961884
217.0610834541546
220.5905638214805
224.3054157266176
217.046518927149
225.2562984832017
223.442628751987
222.1159412610029
220.6771510425409
218.440388020605
222.0417073339191
221.2456799623208
224.1047112311869
219.2021573727106
223.0225017883674
223.3559700542334
221.2576408318119
219.5158120515063
221.6274782957736
218.3368772085248
225.230214021538
221.2671887798841
221.1792356310691
218.4519104350124
220.4023283844368
221.0430430232045
220.2265925825608
223.3141083067871
218.3764287806464
223.7382769191295
216.0267000134354
223.4319985399659
223.6938400321306
216.4290111138116
223.3024894847953
216.366139393843
220.0375524342043
225.1016951744308
223.3714206108898
219.1877263381494
222.0963321733496
219.2813438780876
228.5225322244249
219.6422936163226
223.0914029954995
216.2032665490855
217.2528784922976
219.0243589200418
219.2859532427745
225.1442701931124
220.6948873866853
215.5699944367564
222.5763282637154
226.9266889331189
221.794374246708
221.1282574256642
225.9701023360866
220.5785867427468
219.6335881110782
221.1744637437288
223.0767692514707
223.2881404827237
223.1321838466592
221.6321091720876
221.571639607659
221.2827310116617
222.8559929012662
218.3186344305767
220.4150638919996
221.3730539048698
220.0187965244836
225.3133740939229
222.067091262123
222.4361534286795
218.0687140323846
217.0940771447315
222.0125372499153
218.2535927891286
221.1465278841781
225.2917937583302
221.6608363748757
222.1320582370395
224.2627937050262
223.76795845505
221.6378508232703
226.9750066019242
222.3848994109414
218.2034332050425
219.1590092577846
220.5366846739662
221.1158495838354
216.4380878204859
219.4771490526434
220.7655429242145
225.2620561675657
224.011109727971
220.8828754876854
218.0751104547192
221.0660078974618
222.6458617729299
221.02247344253
215.3889853093452
224.3334836925617
220.8307100282298
226.7090246761294
223.7722499825059
221.0258576312055
225.108250283079
218.1021287662798
218.5782126266728
222.1922143793489
222.205171601544
224.0340832991346
217.23688607604
219.7512302089996
218.4761640669885
222.7700891626406
215.0757848900695
218.2285370335986
221.23608541979
218.7452455011139
220.0595699260805
220.5746003416915
224.1481956881298
227.317831968093
226.3334154961626
216.5960138399722
218.0639497901349
227.2914040324617
220.0395914922929
227.3175531739868
219.4893537980676
221.7774046533591
223.856386212468
224.7248746242493
217.0240474702745
224.079194034551
225.2166839397731
218.5020051289093
226.0940814747897
225.3939774727804
219.2906767667687
217.2614932190923
222.4707089419889
218.3075212657616
221.1125059270424
222.0471546874435
216.1834422576478
225.2136803455112
220.8518553638583
219.5601484855933
221.5193289079606
223.779792171331
227.2949260319128
224.1698085961284
219.1757978174851
224.4259272306597
222.135697387847
219.4395913412154
220.2364768911395
219.1961667952856
220.1767819086718
219.2601051164078
225.876746881391
216.2197197661796
225.7772997773729
223.1664774481897
218.7435007106097
224.9442280889872
225.1000356789141
217.4804026373974
219.6267004559292
226.0681786607939
223.2496070979026
216.3505346647665
229.6408575902504
225.4077736421406
223.0306535222799
223.4170362159264
220.3278228499459
222.810439356432
227.7683306696261
223.1199633020942
220.0788519248723
219.4610340941069
216.3418970108626
221.5220917994357
220.9450414820716
220.8809538190255
224.0141657781172
222.0044608711116
220.5239397229158
220.3205774331158
224.5399104686807
225.2106947227041
217.8718541165386
223.4991806935821
219.0418688600549
218.7298844027569
220.2462327688855
221.6372841427753
223.3850282895864
223.2920816978532
219.0443979372653
221.2692336979178
220.5388575889127
217.3031627066889
224.0462931510527
221.4257781371058
218.5147390271094
226.1962225723876
230.2648511700986
221.5000165551969
221.7162731420897
224.4874831507956
221.0374026451789
222.7261777198626
221.4210656590151
220.4747228041225
223.7583467418041
221.7165157012125
225.3205731526157
218.3216360270375
220.2147574539198
220.0300024550655
219.6240716246217
227.4082102872192
221.0274051219577
221.0879901273855
221.1560588352905
217.2754699173306
218.1991823663444
221.5438641643563
221.6153534188505
215.0025632706071
219.2677022306132
222.3371382819863
219.3778657913538
227.8698819106669
219.8865321863932
216.2906112161449
219.7648551412942
220.9420936820332
219.3640096719336
220.7489391913757
219.1878332613114
216.2264083694938
224.1274149115928
223.3896882298545
218.1374348644917
224.7278599126134
223.2284058242036
222.108195678565
224.5401087605748
223.3315731657569
228.6180099050851
217.0923852170961
230.4213049431371
220.0242774593843
223.1299819574667
219.4182601434804
221.2338592672938
218.6841019707718
217.1210990206357
218.0202985310514
219.6890449264216
217.1932614966199
222.4597614044937
219.0601645237749
220.6740102163814
222.0414028770081
221.0221408098488
226.1060397964527
224.7738283487126
223.1456551234391
222.1633775752721
220.158459260179
218.6324951987684
223.0351130515486
224.5048194459027
222.1315716800656
221.3257590853986
217.4087781950901
221.7895625936622
221.2882935186043
223.0704482175572
222.2971908466951
226.8230975554092
220.0286967076823
222.4680476305006
221.3229131027984
219.6020890007119
221.1847296080812
217.7943424579437
221.2373994513576
218.0206588514562
217.4934588774047
216.0687983790391
219.7170331302321
217.2091733960322
224.0327084885266
221.4229620354023
219.1979288023226
226.0302407894461
225.4155550135594
219.315731056153
218.3603658086253
225.2557083033835
218.3430355475609
226.3742136675818
220.2495665777307
220.2326672929194
224.2267663893023
218.8193057911577
225.025427934733
220.466981414858
220.1123738101978
221.1408268426155
218.912036736436
220.0364283034705
220.1674015092073
223.5885565551477
220.1785902974958
223.8909035813491
220.0871789813474
220.1002885454397
217.472973606278
224.8183741183946
222.8789936083685
221.2546094852059
219.2589855781256
223.1645595330997
229.390904971997
224.31184468881
218.5182745057607
218.8220996411675
221.0848057325861
221.0939751529072
221.5284419058753
227.0651650618126
222.7428434163228
220.3818268180744
218.5628954395216
220.3945720007125
226.044241419615
217.6889877881973
222.0152325466491
218.6684947304761
216.5804400137839
216.3829773423014
228.0902092903179
219.0633142024548
223.4050156800201
226.0841527806801
219.2459789073747
227.0174577971361
219.0006916753391
220.1678348881393
213.6214009910087
221.8374137766852
222.5000330671802
220.0413151715272
215.2551539172274
222.0274860190133
219.4771605797467
224.3853787740709
219.3989231798261
223.368320358252
214.528697698736
221.3053770550202
216.4254259351698
221.6214094508524
219.3489430534863
220.5255446827629
224.0588411526022
223.2333944489526
217.0775840647958
224.7551529274584
221.6071470663816
225.4223336011208
222.9909426142655
217.3668293494679
221.0610154784258
219.8719807875243
215.3755984553247
218.0591476070732
219.1751941987435
224.1391782049247
223.0909692644898
226.3126263184995
219.1951070881586
222.3306361123198
219.6278275875622
223.9655740789522
224.503490963595
223.4860005366982
220.2197966716884
220.433844535723
222.7048575068757
219.3659360119375
222.1134351452386
222.1177632234592
215.8697637078443
220.2489295173187
224.0006421168154
217.1455636086913
220.1328361464232
221.6210336439025
221.0885005770439
226.3617832113486
222.6200513730624
223.541139078996
218.368277436669
223.3442192575011
216.3319887425736
222.4357234509911
218.1685612040941
218.1961312195535
221.4147221192987
222.6129459536717
219.599950187508
224.1210121219906
218.2953000001432
218.3226389917876
217.1884343888518
222.1764211304903
225.7544358976805
220.581205237363
220.4000654265374
217.5424037287173
220.5400746547111
220.5926099893834
216.160237192149
222.5689357597875
224.4494174778778
216.00509559918
219.3561621544106
219.1492185355062
223.4955445271497
226.0058097575164
224.2937262495525
225.3086078649011
216.5176840297812
220.0912745611969
221.0300037275715
223.1111943256373
217.072998382044
221.3168255779056
219.2965057720081
220.4381936533307
222.7922690947839
219.1655418872885
221.2139273871327
225.0168696812472
223.2609720815994
220.2987734372069
223.3378840919701
223.1458860776039
218.4379135227284
223.3411320936383
215.2023470271745
225.1652730933861
221.9733696239082
224.5851257297072
222.8472939606423
223.4740547684361
221.3249696437024
221.5545631634416
219.1106124911585
217.3726944198208
224.467861734085
222.1405675201224
219.6905628005534
217.2469872838263
218.8900774809669
218.4346236161913
217.1915523933452
222.3790857197426
218.50938494487
220.0295655670804
225.0059849106063
226.3549117733326
217.5131340067758
220.0008658318235
218.5165237128827
223.3210292530757
229.3130199220039
220.5967607159226
217.329498088775
224.5617356708757
220.0162035020702
221.3255655529653
221.4996999940431
217.3491830785418
219.2072050350139
221.1467719384075
216.5314559940282
221.4426981916343
218.1430147102578
216.0743121701228
219.4152226632909
224.1908375072624
217.1467870466651
228.0008385950926
222.3942139588706
217.3993612063962
217.4278317374132
223.3239149221473
218.8747762785347
219.4551915317
226.669091712583
222.1559799368756
219.8470508072611
222.7090265698161
219.3332978535371
224.0847338599648
219.5003512058701
226.1609987710508
220.0395173071902
218.1525076472107
228.4117109272637
227.4146270888346
218.0484400072656
219.6215311526711
225.5713201236675
224.5717720959174
217.6536876220993
224.2329231023032
219.195736479583
221.3986068342718
221.0771701568856
223.2277470992455
220.446598976251
224.1766898476696
223.1705594499373
221.0132584001476
225.1666620731812
223.4420359560316
228.5184974880304
218.562353020201
225.3807223660514
225.0354751592847
217.4061558568233
219.0936658992322
219.3884971190288
222.2177354982641
226.1216205094991
217.2194738638401
225.4202677138813
221.6122259234907
219.8881276494756
216.4053882790082
221.4819085250429
223.7357040909234
217.0323067973744
221.6952983155074
221.8580653897392
217.3166245955952
218.2227785840995
218.8115731354864
223.0584459198926
223.1919330638416
216.6511962492665
219.3710603847302
220.2859198888401
220.2313994305717
219.4755762923879
216.0178048238201
222.9918282649739
220.3601413346369
229.0382886247299
221.0932251423322
218.2209927322143
214.1455381816925
223.3731352032689
221.6166774127272
220.3224083329212
220.5740688569406
219.1761126744853
216.9134205023928
224.2530383530287
222.4043412716911
225.4086844417286
224.1124145244318
224.4809962257204
220.3678432633983
219.6447664546015
223.3947657423121
226.083782028288
220.5290352543013
221.3422040676444
215.8238598909795
216.0782711815705
226.1703850813947
221.0753368606664
220.5274715346417
222.3323137786965
221.0452453738336
224.1845604693909
230.2976373806722
226.5842685262276
229.8262201097135
222.3647873606248
218.5377330323504
219.7663467127152
220.6316503868982
220.088671195744
214.1080366416017
218.211208302634
219.4661492521278
222.1715174411586
222.0034155658346
223.1786996349251
221.3727862067712
218.210118729638
218.3434134290329
217.3424620284781
222.3776618434422
225.3507174361929
222.256256753626
215.9452029737765
226.2172658714345
222.0819289089966
219.4254674814327
220.586685352158
219.2645691675974
224.0074471593688
219.2314139326865
223.713692719058
216.2958256964205
220.3481400587658
223.7372011692857
220.1251387196135
226.0087364611181
219.3906870287828
217.0601951228355
225.4811773426722
221.3037285322723
223.5838314027859
220.3853620266187
217.2053401399244
219.3771272333905
220.624365814407
222.9286137603299
216.8060167187917
222.1267202932115
217.1466453124853
222.3832086029248
219.7041848386025
219.4835692683097
219.167747323147
219.9007921125318
221.2694721142679
225.1805443213376
221.3077275057954
222.6639437374757
219.901823592593
216.0168329540298
225.0314682594413
216.2936151827365
216.0059881620734
222.8720384173171
224.2037317565697
221.1142501316986
227.2348835028749
223.1444801764046
218.0128773656506
216.2496129835717
221.1989142173923
217.1753699898671
218.9271692044346
215.2600894643888
222.0104692598371
222.2235696263376
218.2537169880378
223.2548630420856
218.5918856754949
223.4356197107023
226.4246795098819
227.3866163939144
222.3220385197088
222.3232753400113
216.0661951838384
226.0769977740062
224.4427609517857
218.058857723205
221.2182348047543
219.0379268082083
216.4259562075059
219.4692885051664
221.294885764745
224.0778959723357
217.5183465890689
224.4076954044316
221.0611803166081
221.2325660761981
217.2426926044866
217.4054180388338
221.297363472387
218.2533717056455
220.0107839094169
218.7916796798742
223.1264189493186
218.0721409454287
222.6773104479205
224.0237638025007
222.539906294782
221.4026747962962
216.6676208655888
225.266096006093
222.014763892606
222.5302961946839
228.2520959438508
224.0387088797851
223.1260986176719
218.3583405735011
222.4488869568413
216.0487457806994
218.419014624208
220.1432336224892
226.5484858727786
215.3272511165185
224.9284361021715
219.0450941906605
215.2868888908674
222.1156235030923
225.4180058750115
213.2865542655986
216.4563500070574
222.1023256857207
217.0058787318306
220.0446061123278
226.1969158386616
217.8240954222305
221.0163512880487
225.2886063166733
219.6159698883293
220.4547038795087
214.7445808990165
226.2389615357234
220.3284517066195
220.3124500628607
221.1733273166745
219.2360818419043
225.1422086994003
217.3805696936126
222.3219951952308
219.2087436996471
224.279969675371
226.2545361560439
223.309017636076
221.0993075593758
218.2794971002551
222.3383343828807
220.4430136389454
226.1690668835242
222.5754706231586
218.314222368204
221.2618187154247
221.2240930047669
220.3384797847281
225.1311115374283
218.3040196768786
217.5430023998485
218.1106317968662
226.8660823490678
224.0374986153424
219.373119730309
219.872612177532
225.0727105975
222.5056732341528
221.2230681945351
219.3025977264564
221.6698748564196
220.2279917733879
219.0329430850742
218.0851067245563
219.4092407293349
220.137157573267
220.1817349659025
220.5020453717127
219.0161599722412
223.311114260871
216.136480036815
226.071363173613
224.29932860131
221.4778145653521
224.5357642875132
225.0554888972128
220.6874664537452
216.353821140425
220.3938646638887
214.1836115409709
229.0389697045968
223.3448260725578
220.2234253298667
217.1298274951002
217.3696846283724
218.4178740204466
223.3252837785372
221.4964146557037
215.4890680644838
223.1518168852078
215.603374436405
222.2469763953155
219.2735226712646
225.1457865416559
220.9708807187085
224.8910015794656
217.8712131442566
221.1001586218944
224.0605597785475
222.5722954814069
219.8509700159761
220.7248915426811
217.0735035693141
218.0243915107086
224.3131907354544
222.1772540098247
218.1206598120523
218.1836171999529
221.2491705236364
224.2256926842531
221.2331364514557
217.229711399784
220.5239656141669
230.7806792796218
223.3374406738158
226.2907107860657
219.0952863429109
221.8638323602944
225.1284612605484
221.2091554558963
224.9846172642267
221.4985920995842
223.4195265291168
216.3531424849441
218.2423865272712
217.1933308142222
220.3231456558742
220.2976819717994
223.2385422596805
218.4743272487403
223.8525292421046
222.2604303185987
219.3984389051643
218.5449295418765
221.9898345054004
221.1474118487937
226.77088060218
224.6950437379037
221.8436015222905
222.6954623132267
227.0301653955861
220.3715275705467
230.351257056876
220.7364858690292
217.1350311491571
218.1421892005105
223.8958685215956
220.5959906645455
218.212054630541
223.3694953586876
223.5453138590891
226.1759216000051
219.2461977124854
218.2922101771573
219.6643730876817
223.5389904982344
227.439997111737
219.0837700464059
222.7816629644992
224.7640697470902
223.512910435338
224.1771300332402
225.4200853645774
225.045491360092
220.0309827840244
219.4570115231148
222.3098636161392
218.5254803670852
222.1781946077085
228.3561829646993
218.1383704644024
219.3643472920177
217.0846322070435
215.7909464498424
220.1552625260968
220.107261870628
221.8225104828343
218.4094518523967
220.1467450490473
219.2946171665032
218.1169775911429
220.4626899918152
219.1924341611854
222.9017250583902
226.7049024335261
218.2383632999745
225.4241962693573
222.4524326763385
217.9912607960593
217.5045775063568
221.0202413601998
218.3065725037076
217.4795241827583
224.1342326535803
216.6606185759255
224.0845236278769
221.7453243852729
225.187150675869
219.4207013660802
216.1379114175892
222.0631131191112
221.3301180828512
222.3128326671365
221.0622717284408
217.712803354292
226.5656055934981
220.209037851783
222.603870122847
225.1754935029468
227.0561971186663
217.1013950924675
220.1800863228303
217.1889608681839
221.4018111761186
222.5876065786622
222.2012572262691
221.1868006739146
216.5453661831686
219.063155831618
222.0230990309516
220.1493639954825
223.4792132444627
225.3897215545276
226.8475726432141
219.3895682701132
227.4941055974884
222.8591632044501
223.1777661448569
224.209561287574
216.2980830647556
225.8343513989498
220.2455304785867
220.4369914796982
220.1601441727386
221.5105660857843
221.4770305865446
227.4115339081557
218.2693724488583
223.7627305738903
216.1914806212845
222.2769033208095
220.2364973638487
221.1677495339258
221.1668225138617
217.1406926080721
219.1884224145463
223.4022739302371
218.5867201551963
219.5131639606948
223.2460767224995
223.28796643812
220.0898501337581
218.0828134890649
224.0113819001155
223.9696780073689
226.000979014902
219.6026115769797
225.1106766523856
217.6066567614952
220.1748164058201
222.4157712436085
218.8792800659948
217.9947476935492
218.1852837437123
218.4008939057682
219.319908410531
218.4231771455414
227.1755058800439
221.0060235451771
219.6824861834522
225.245669694062
226.0140268223703
219.2316621034426
227.5129089005144
223.3228413259134
223.2683414860994
223.2685952243717
222.4176256859962
220.2423428372953
218.6126244191481
220.1837660222629
220.0271928752628
224.616415824368
224.8485991477331
228.4124817954643
217.1608463336093
216.5114614264411
223.5951763773514
221.1255495976045
219.366870787941
221.4126120039838
219.1923125441516
227.9310449558676
223.1470965890401
229.3333913281243
221.5425348724594
220.2556048119767
224.3995854658291
217.729458042148
218.9689818197916
215.3806295543955
222.0604289386736
218.199914259852
218.0512293537471
224.7462147284882
226.7349555628522
217.2079410140274
227.768393503374
220.1616345582993
219.2682655652472
221.3664915968198
215.7156742967979
223.2783292317351
222.6337038836968
220.8623066003512
216.0262058915908
223.5423813371934
218.0413601041327
219.3120830581639
221.2397881937557
212.4298006646891
226.5893544194826
219.511045064983
220.8237877270786
218.2315610056875
223.1939693768075
223.3992093138758
216.1202795021282
222.0012824780098
222.3574465710209
216.192603298877
220.1301830032609
219.4073607329245
224.2011761360332
223.2071293169727
219.133236815945
220.3834142908219
221.1075818118071
220.1084349093638
228.5634589927791
218.2161739378255
216.0188670116441
216.8013293493366
224.7609589511933
220.0199796957634
219.0744039925004
223.577447004431
223.1723573881901
226.6903046471694
223.0348361103743
219.0134214352172
223.1705937050104
221.3243080391783
220.6617006127304
221.2398138881387
225.1848124370087
225.0676863231295
223.1055349992761
228.1526587988423
223.2577710643258
228.3694817513303
229.6231416501743
221.3086958314898
222.3420476043118
220.4794231538094
225.5637228415733
220.7341886835047
220.0682725712179
222.1124625553589
223.9267437519221
220.1516627862067
219.9948410929973
221.1965656501795
217.4542560515938
221.8897070678132
216.1962314492554
222.5260251652548
217.8932439768342
221.0632781085401
222.7174037421109
226.2067510973667
224.8715914052025
220.4203479208063
223.2847359616511
219.5931377766049
219.7427334512267
220.0738422705148
218.0294025870573
219.1450511426959
223.1293960877526
224.0368840318305
224.0215680388821
220.4849203383279
223.076155891958
217.0976976330039
214.5511628773356
216.1303698385858
218.3180684965452
217.0560982173723
223.1045830552591
224.0035074283293
224.3614621518541
220.0671549081241
223.0580487918738
222.1238560766149
222.9046923642217
221.0275584295485
222.5902375519593
218.1787757828034
220.5480498599262
228.6271612316339
215.2838556593126
222.1114821064604
220.5641023747165
223.0266446985177
225.2248395110307
222.1061523483932
223.5979194740585
219.307178609569
229.7614031527731
220.0552806579159
227.8244054005247
217.7638388765367
215.8010315642212
223.8896623818627
215.5388073983034
214.3890814427099
225.2087764516058
222.3514010117185
223.5403811379196
219.6305220662873
220.4611230805589
220.906350854449
221.4812019874084
219.0681375193856
221.4162373426068
218.0091140784522
224.1139671027387
227.2309370511931
217.3932169730267
221.4811251424509
217.1058500940794
225.2555838706965
223.1049771547975
223.1287575384778
218.0328214861999
221.115976411717
222.5323619272278
218.4879490232327
223.0244095864201
216.0795490416346
220.3030788631112
229.276961177257
225.9180542227547
220.0865980002009
218.1224196826515
222.1011844504194
215.0848842388103
224.6942886849552
219.4060033317504
226.7010638856533
229.1376240783353
221.1767957236198
218.2567447792482
216.7535309560411
223.1813174162193
217.4373855039006
222.2760150428323
223.3220625356364
222.1177425147809
220.6914662684694
221.8194944223418
219.4158421287992
219.1491248756357
224.1947224229885
219.0547646569315
219.3677408525445
223.5407634493014
223.0103384112741
221.060026280937
222.1127202201953
226.8472752142611
222.1625248352976
224.1051639870466
222.4704692443578
226.1270399743654
229.4849943034505
219.69053887543
216.2790461455011
216.4988669331925
224.1762867176971
219.4896237709636
217.9694248976105
220.1161671289577
221.3279276860675
223.5060662875895
217.2633661804257
220.7423839976238
224.2368313488294
221.157879595249
225.2484725373149
216.3248767365636
223.5242257277177
217.1866148330897
224.6627272261682
218.0288413127586
218.2331718142151
215.2932348119693
221.5337501463717
221.3124906592615
216.0110847368989
219.7321084090069
222.5808480862978
224.3801218897144
216.2827035914402
226.3413113222049
222.0480647652589
223.7071671454051
221.6531413874322
222.5708362743862
219.0099426558615
221.2661453587612
220.4002668133949
223.3949930145291
222.4269987688617
215.0126029500203
218.017589010233
221.1463231459236
217.0496090849218
215.8724636630944
217.5088205714856
222.0720698025835
222.0556747792962
226.0736161296315
216.3215385893967
218.6601977359581
221.340892127577
223.0122202034216
223.8040422679173
221.2070334537476
218.0263711150247
220.1375535759032
219.490709183262
219.1359325012227
223.6513325467979
224.3066581822979
221.1789183894308
219.0548795524853
221.6614750136891
220.4009738373754
225.0368926770827
220.5635164911969
222.2710920634757
220.4419651472876
215.2247011752016
224.0278894131819
219.4768983428285
223.5623492651841
221.2798769231672
220.0766563693165
220.2701765630294
219.0361630736156
226.5845619751024
227.6151342967204
222.6134409003556
223.4742398492033
218.0077180732501
219.1484892997112
223.0856897674132
224.121886776574
217.0506920727868
223.3701476112559
218.324147279641
220.7602734060283
220.1824526616161
221.2453902814751
218.3558167378932
224.0250413014189
224.9607185742792
222.0041762107614
217.9298589495977
224.08530445797
220.2721639416129
221.0762605139467
224.0090985249599
221.2583811396225
219.4617970617868
220.2727540737728
224.1561733404264
218.2152673999924
221.2630711092873
219.6735919502183
223.3960523513427
223.9223342330468
219.2839425575547
216.1174686415166
222.4526103238502
218.0689276084604
219.5033402779588
221.8060945957374
218.0399716931062
222.6764542417984
222.140600151213
227.1507193834691
219.2229695957793
216.7304643119232
226.1681947639358
222.0839283881948
226.1081439739998
218.0295542979483
221.4472838107905
216.0279928252092
220.1793583096662
219.0014131835788
216.1260417610193
223.8864752223405
219.1605236987489
214.5030932359233
218.112009424129
220.0994839894086
221.4237029882702
219.2964029950603
220.4650871677234
229.589513192018
222.9610475557753
216.0496327814332
216.8650033167137
226.8550252501365
216.0614012002463
221.9959086900203
217.5654516334912
222.1218623062422
224.2850527703215
223.0252865135042
219.0739498285122
224.5109264844062
220.1811139306853
226.2301117421241
221.0947344439577
219.0483596582885
218.3574537027425
220.4466798226039
214.1266273761856
220.2206757940264
217.9719308846936
220.8740543489203
222.5183663244938
222.3763659042093
220.2397181656754
221.0746539981459
220.6265651780627
225.4028114191407
220.3103477040371
