231.5705350931546
232.0684004140069
232.0401445046674
232.120966070324
231.2751031061369
231.4209028978393
231.0614061423614
231.3215213664751
232.3997238025997
232.5833641786399
233.0456731151874
232.1841495703769
231.8565566030118
231.4407292194494
232.4614588858124
233.2773639859017
231.3747356142739
232.514644533715
232.9984679397043
231.0866043261092
231.7111819973607
231.4831583070278
231.3049900959541
232.0152659277926
231.4475795238149
233.3281436051287
231.2850147056089
233.3697629539447
231.2834123336752
231.0668109980282
231.5529048228788
233.3399697547156
232.0064628235585
231.6142050510261
232.543786088479
231.1376537167626
232.0053849316731
232.0721060202351
232.8829248968076
232.0083581733247
232.6479264486175
231.0825293393911
231.4172336771008
231.0376169276872
232.2386243737607
231.0659063033673
231.0099455419822
232.2416747007258
231.1297556706276
232.1595769724561
233.1625557288494
231.516195225641
232.2086254725383
233.1497167953667
231.1508419532166
232.004651850059
231.1568956348745
231.1946467973086
231.3990831417796
232.8126257482603
231.8121628942074
231.1184544522151
231.2619890245014
231.0563412346482
231.0874360508388
232.4793523879143
231.2354396335154
231.7394517423441
231.0723221161182
231.2938377414334
231.3822851572424
231.5317792098696
232.2056406775134
231.6709474365418
232.0408727100112
231.2755734346237
232.3064079308993
232.3308830375644
231.0382926402463
232.1280722912578
232.1265970482484
231.150219277005
231.0004536762278
231.3720138952985
232.4414088188751
232.0147144444845
232.857765163065
232.3401894542877
231.4169362788779
231.0043872446523
231.3304456893047
231.4741365022161
232.0461809882892
231.3806955850142
232.7471051468972
231.1135237254842
233.0911454326277
231.1106472881422
233.1274949118378
231.3038675523614
231.2690143238638
232.3006803225457
231.9931857283516
231.0835585934058
232.2417155598323
231.6475940997027
233.0675973898219
232.036955784145
232.5359059166942
232.7964807485985
233.010560068983
231.1120071950978
232.3924585911023
231.2851076983622
232.0653852833229
231.4237956794308
232.6175073209864
231.0260496325092
231.1110532767409
231.3017359796249
232.4245341647942
232.7933991548317
231.2472861847725
231.0855803639145
232.3227905161004
231.0211583224978
231.095954998357
231.5332164046723
231.4798854773483
231.342864509098
232.0226026725258
231.2061465704995
232.1670525552777
231.8729830514131
231.1705763255252
232.0146146526006
231.6016938843721
232.0207443939963
231.0358701007261
231.3244256620487
231.2134065634889
232.2980860347274
232.1938900465239
231.0181169274024
231.4173588447865
232.4090662164542
233.0326646143949
231.1998569741991
232.1835190676756
231.3817013744128
231.039686978011
231.2789180339009
232.3166022228166
232.1723172644366
231.0070724851177
232.4065499529266
232.1556205150414
231.7382605564632
232.2989249223909
232.378152833121
232.0048884042514
231.1181536438641
232.0781819226658
231.3481099448041
231.0085540074932
232.754027849272
231.0712073888664
233.6518804842792
232.2473268281276
232.0228772677146
232.9949433025327
232.7409353942395
231.0291884837632
232.1123400104317
231.384351720018
231.3153134913502
232.3654079369756
231.9954193584894
231.2006883344661
231.0635679601605
231.1461585027633
231.607099941629
232.0224245000412
231.264284809076
231.2067446529754
232.1493731043492
231.0866521573514
231.156719044676
232.2559519455515
231.2714580551014
231.4425196886282
233.1306066429894
232.0743702089721
232.9361270665427
231.0560418426057
232.092403513775
232.5591728335041
232.5432532704502
232.026248164869
231.0980778082657
231.2136137283559
232.0119722448655
232.5723563271151
232.1825022604316
231.017279249725
232.1962612646334
231.0968293087882
231.2779926757702
231.0866121542215
231.3296813355531
231.1529317359689
232.2655551930638
232.0975296802107
231.8667634692324
231.2333353506604
231.1489297599993
232.4991224517304
232.1581226285517
231.0170074184866
231.0707008939264
231.4830503217287
231.1266817040911
232.3733359809135
232.404192321642
232.2527951022655
231.2232112825134
233.0853080731773
231.2883542238564
233.1857058672996
233.2298423652012
231.0067133292123
231.0156762257823
231.4065146162535
231.0637234366559
231.2173746456572
231.0910031370244
233.3214919382115
231.0827472491077
231.5734359945583
231.0613861410154
232.7194860274857
231.8839111784814
231.5056441412623
231.1125464441814
232.0690596050432
233.4247324920379
232.2102253237332
231.4951322460135
231.4558915725626
232.27244624622
232.360905409336
231.6560658275752
232.6470524477159
231.1005780299115
231.0132830497813
233.3678811757349
232.3108314313663
231.6799020402427
231.1078634255423
234.732905946033
232.0798105782325
231.3003906425186
233.1633543755339
232.0851005488778
231.3671492810451
231.2899614500332
231.0019275324
232.3269263751723
231.0668272347323
232.1288992328357
231.7493633539175
232.4245212532219
232.3895955452461
232.3461601845748
232.3646216974738
233.1031388384336
231.5589810039016
231.1114810399901
232.2224852663431
231.2405724187434
231.3610772797288
231.022585371013
232.426595633941
232.1790878261903
233.003641752101
232.0107636052352
233.1752193425534
231.0259910632064
231.0502097042893
232.4535013734803
231.0510537050608
231.1312524946203
232.4844536468398
232.0972337110358
232.0508904007714
231.0597880076062
231.5282717535814
231.2769116916548
232.1256298336603
231.1309021504405
232.1473692477831
232.3402828364864
232.3325851490164
233.0432175778836
231.1826504942109
232.2947613267616
231.0686442481497
232.03995913827
231.3972021094753
232.3422498589284
231.1932920803113
231.1553319175522
231.0270923031637
231.2135619709583
231.0572397435201
231.1211174183979
231.4003484289821
231.1487170197533
231.0897252147656
232.1337688397278
232.4901466470359
232.1875978046139
232.0753859450347
231.1727235318431
231.0882248514521
231.0463601376966
232.2754532038558
231.8115880702287
231.0017201475701
231.5345608754554
231.1448802858309
231.163515641306
231.0062541379889
232.2085226751828
231.2841842971886
231.1870396818402
231.2301212256853
232.1397791049407
232.9019703998425
231.2112262008044
231.0897527733436
231.045936859484
232.062878499802
231.2607261322052
233.5958921349915
232.5570251826364
231.5035811085318
234.3189877314783
231.1606864363001
232.0839345001354
232.1091390853838
232.6886808351813
231.0517794771911
231.1398653694372
232.7812336312431
233.7246022263488
231.0928299146547
232.1194580395884
231.8603949606039
231.2140859701637
232.1773621445914
233.1052792924434
233.2385753835628
233.0545075408564
231.1705120926672
232.055467522785
233.106214260338
232.1054312304435
232.1030669108606
231.076239186372
231.166757660424
231.0995552166308
232.2506952290332
232.9697909616127
231.34886922875
233.2154266477318
233.6274565497339
233.6895669374684
232.4889063325192
231.0181858827153
232.3251648827391
233.5249022439051
231.1708983925515
232.4016926794533
232.3192552583359
232.0401779959752
233.2521084920258
231.6210889253382
231.1484632017134
231.6577495852991
232.0724262579432
231.2109328966766
231.301642582983
231.5710303247984
232.0003973462478
232.0150451055653
232.0981710359539
231.6629611818703
233.4199162034152
232.3016955197096
231.2928123606634
231.0434854938931
232.0222775713038
233.3516711026158
233.0176192455242
231.5302303406313
231.0076133681139
232.8836298515201
232.2241379580493
232.6796024552975
231.2514595165087
232.0085804634676
231.041485037859
232.3051735314383
231.334839999801
231.0924793508716
231.542861847926
231.0263122424386
232.0488790601046
232.9435830342993
231.0495419582329
232.4593095594845
231.4231265613758
232.2335638244572
233.3317858957424
232.0397541517287
233.1239267460575
231.1315053383993
231.0474021598454
231.5207891416648
231.1428536893685
231.1676948612628
231.1123538680315
231.1582232219088
231.0639045250576
232.0854119119433
232.2440676895398
233.0409046452168
232.2172013473091
231.4261671671836
233.5779794553865
232.1238556877468
231.1474590159567
231.4649852390849
232.2295224766148
232.0081229993444
232.0608741912071
232.1568200534955
233.9590331490758
231.1025084358236
232.1335717596888
231.03731318005
231.5587943451564
231.5174317663976
231.5604073342169
232.3044388233205
231.0302281045997
231.0852671889938
231.5299361069788
231.4600834518801
232.1633684012772
231.6429460693156
232.0388428547108
231.0657803855369
231.0174443424327
231.041393301136
232.2531456747449
231.0775831484292
231.0440134590365
231.0154237711764
231.6272069580541
232.8714147142761
232.1190990840544
231.3667545766924
231.8759859416562
232.8418058986911
231.167307038455
233.5048799530627
231.0172367462513
231.3748138634707
232.060435282999
231.5939146032757
233.2614291682989
231.053901854301
232.378460597667
231.009838077272
231.8684992688681
233.9650976873383
232.2614524626947
232.2735644171212
231.2297217822112
232.0570073071234
233.6247473872685
231.0388742202196
231.6838573692897
232.114115056329
231.3984447403511
231.2267665570635
231.2785002842284
232.337858147588
231.1177002926888
233.4875268784416
231.0298254528106
231.4800891886851
232.4012308180235
232.1220225230221
231.1247692998185
231.4734460916351
231.4960806615342
232.2395428120212
231.1422054615749
232.3526920202346
232.0711065508653
231.0396832145143
231.2110855294607
231.732976886993
231.1556230293699
231.0648101814681
232.0101350682588
231.0482368353886
233.0510543372007
232.7999709171622
231.0656205285833
231.2619496714373
231.0608818417992
231.2743505004787
231.9084029762948
232.1874825323811
231.0674620805339
231.2270434741839
232.4594180508142
231.3695471011292
232.0015881343714
233.2112038031905
233.2035785006732
231.2374830443653
232.0041320059142
232.7751870937288
231.0081546724714
231.0454705620941
231.1201027098278
231.1475266016382
231.0551495135068
231.0995720895962
232.3800954720264
232.0972985224406
231.8179708040335
231.0107963751603
231.0628882301897
231.4701079344259
231.0011204549134
231.0851374527215
231.2436139703699
233.0013108432564
231.035792720777
233.1215577943186
231.118723517731
231.3205668495168
232.3048798178205
232.2710781577699
231.3729688704783
231.0750771573522
231.3251764863815
233.0422151158691
233.0192582579043
231.3263122152119
231.0328721383009
231.201364699145
231.0515457274373
232.0415285202362
231.4064369185156
231.7545542476368
232.6431388719841
232.6163722330683
231.236081807551
232.1443863368423
233.1357685129091
231.419433399717
231.200989618554
231.2068356007224
232.6932676165474
233.1134482700831
231.0793310357021
232.0782108722524
231.4982709438194
231.7423789891813
231.0158332885929
232.0871221387818
232.5013548871005
232.3034581788279
232.4009245052512
231.1485145387671
232.5098744128093
231.3458564465276
231.5625336813647
232.1165137530299
233.0379572380077
231.0637374591337
232.8254607301962
231.1532498324046
231.5029940590551
231.3294711747633
231.1111382781414
231.3853304574805
231.492856991842
231.5505993363962
232.1772317561672
232.0936255538565
234.0606710888523
232.115925962854
232.0610831945464
232.0251369233449
231.1767261747995
232.2378063672936
234.7778089836968
231.2138400498972
233.0869318399155
232.0387632201543
232.2173420100763
231.0348024772984
232.4453638026689
231.0557484246293
233.21634645798
231.0185381932933
231.4397699056837
232.0104064757327
231.6410707915796
231.1182963734644
232.528644453332
231.0865477184515
231.0754227369152
232.7230413485307
231.2405153196864
233.3382369917129
232.0581795309266
231.2009380512443
232.3098917572706
231.1070869782345
231.296526214237
231.9180531841651
232.3244990022191
232.0358241095213
233.2985563271129
232.3356239614506
232.2001872975051
231.0454542225283
231.1802551845724
231.3626908761686
232.5352571411907
232.0525649855548
232.1545607428505
231.4442575946847
231.0963843600375
232.1544299857027
231.6084684521362
231.1372122702355
231.3561063636292
234.611562736609
232.6015710207031
231.4796463051779
231.3402348118597
231.3238329794781
231.0064889289916
232.1223924840573
232.2118175669242
231.4437393895288
231.0473821833421
232.5263649551804
231.2959102340755
231.3243452035028
232.6104555117908
231.2317521109389
231.1134168846395
232.2388587697645
231.3031387747432
231.4062072042877
232.0164374986029
232.0144818202416
232.1243990386115
233.5844585586997
233.4617961702672
232.2663653886999
231.4634497411677
232.226888382161
234.1322062160739
233.4525214599626
231.8929658980809
233.0525575341161
234.0564182518721
231.0073447836623
231.211634571799
232.9761882939702
232.1521595523194
232.8041856081364
232.4512793142882
231.2023408462294
231.0413431861239
232.1926265334741
231.0175216527276
232.2452227301435
235.2097045742701
232.1485391079079
232.3968410667304
232.0534433459029
231.1615262716804
232.1673325390355
232.0173956279819
231.1818569350749
233.2054491417047
231.4412230970336
234.3225940498349
231.4472605390524
231.2741341624434
231.1656096425425
233.0020058829338
232.2123186602711
233.1849577759052
231.2127377281502
231.3423245509197
231.1278170357766
232.3327731459751
233.7608736878163
231.2808274876194
231.1742334079777
232.0528046491461
232.9046662920944
232.2068270343482
233.2116817197839
231.4297320985426
231.010088419205
231.070933917735
233.0458675092542
232.5579473975548
232.3847379655695
231.0054089181288
232.2591298930377
231.0640014540184
231.0844117387078
232.152277414085
232.1073870248214
232.031363541589
231.4593880954254
232.4661834365955
231.0841037012414
232.5476260390743
232.4239059189553
231.0275516101277
231.1928503886264
233.3028441819571
232.0188596572043
231.4232541537018
232.381066542699
232.4413727371685
232.1836842882188
231.4227345593627
231.0577321871684
232.4022896551636
231.3949630887932
231.3401241396633
231.0117825904859
231.1771001526462
232.05398718974
232.3932347144065
232.6042187902711
232.3158740153165
232.0299614155217
231.4015433826266
232.0400138510389
231.1283511086097
231.2954857096518
233.6492006713096
231.2873403511657
231.5082808003295
231.0669383000289
231.1932806186222
232.0238535064178
233.1373448809451
231.0144484418542
233.147102161756
232.0251457847663
231.2220302250376
231.1921141053029
231.2798672759866
232.0005618243245
231.0872509253355
233.1554574232588
232.1112881885633
231.4183119402132
232.7414040931454
231.2390627903805
231.0226482640472
231.7024360770075
232.3535884293588
231.3572278618219
231.1079841315927
232.1491414166215
231.1858772180777
232.0337414087104
232.4158831995477
231.2540782333592
231.0558309266178
232.3123825598878
232.2068791670626
231.1681159590149
232.1784267451659
232.2515445745935
233.4286667235389
232.1511809401879
231.51097892786
231.1662728338408
231.2689649859946
231.2008798591926
231.1112145921572
234.1556871543491
231.5612997426195
231.012038090733
231.1505727523496
232.613239284082
232.1678813869381
232.5412831147451
231.2903298398787
231.0428720404145
232.0611073610448
231.1377247830756
231.5080269332904
231.2480391448929
233.13120841561
231.2073391868996
231.1761726840756
233.150387691259
231.3297717369506
231.0737866803649
232.8722504046873
232.0946395822682
231.4553154625417
231.0250264348872
231.0386085488897
231.7798335002404
231.0291243518482
232.0511804536475
231.0025064266676
232.1500477097915
233.0411390380454
231.0502215797142
231.1766999693793
232.0286350193231
231.3092183911074
231.4004117541498
232.1410791254393
231.6820762451749
231.6191531357118
233.1352973308735
233.0997331731976
231.3812212083611
231.0705640596584
231.6609300798921
232.1185938218233
231.0317299212157
231.4924409942428
231.1264320099246
231.4747428082942
232.2951151742004
232.191870846573
231.2670701424966
233.0448637574524
232.241372831556
231.4486883910342
232.0121640656209
232.3629366371882
232.1548119510274
232.3956868920276
231.026728682833
232.3231458954428
232.0692479547413
231.7076623980977
233.0993207108465
232.1069137814491
231.3694087131884
231.5016593397303
231.4835200876506
232.6695888464997
231.3838850478089
232.1767776005196
233.668513937761
232.6606544690122
232.244847761554
231.3140797964235
231.5731708541793
231.1218607952588
232.028359196034
233.4668573882044
232.4119757505019
232.311874767069
233.5292953408463
231.3638109068471
231.3941148651018
232.285656639691
231.1655141684768
232.0644759524455
231.2390600013
231.7880849790049
232.4053327497822
232.1303867899564
231.7968920431128
231.3624494842323
232.0409184975095
231.9068486508362
231.1056084759456
232.3381833144021
232.1722869392911
232.1578784230717
233.0245986040847
232.0251374358299
232.0874958354217
231.3101507145286
231.0060614543229
231.3628173212448
231.1261176764439
232.0422831846473
232.4259123149296
231.4503398592899
232.1459608446068
231.5246225478515
232.1507051459259
231.2434319890075
232.1005755993498
232.342808619686
232.249795984872
231.372541618736
231.6414222800079
231.0240947977906
231.0340015135752
233.6861374660402
231.7149044060418
232.0434963769077
232.4517836288234
232.5273276164082
231.930814791215
231.1735569968804
231.1405868597236
231.5903188185435
232.1058595579532
232.0460260712467
232.1810068703651
232.3290609257392
232.0312673664704
231.4035618381714
232.1239588242265
232.4979260968813
232.2703622266195
232.0315424351423
231.0583584394657
231.4088114988552
232.1809347047427
233.2392192408405
232.0869597950889
231.3796050874762
231.3713505351599
232.4119100004648
231.6552045160748
232.0311482358469
231.264372122506
231.2182944149549
231.1692063243636
233.2378541239493
231.213435007639
231.0224206356669
231.1913068243585
231.7452751106034
232.3925156681302
231.1062791564624
231.8523981077215
231.183630631382
231.2206727907989
231.3842363819989
232.0621429916872
232.0050754661965
231.0296108761246
232.7903536228476
231.0429970915744
232.7674602413709
231.2188461023989
234.0432044634875
232.446084664726
232.1540324438892
231.4790351925423
232.3112141647551
231.6698604015419
231.0567484671288
233.2419650722095
231.4875853553682
231.0992353345131
231.0371919346807
231.7798337576672
232.2628018767347
231.9747440153488
231.0789855700515
233.0623075875415
231.3802375304565
231.3207117105531
232.1794526885572
231.0628987653724
232.0047543312254
231.064152079836
232.8202799908865
231.1595951413129
232.8173615426442
231.4031168548109
232.1361173851855
231.1947405444651
231.0487052655599
231.0038538047152
232.1086644851144
232.1971984562043
232.0185035390233
231.0876985122196
231.6192676839736
231.057993779455
232.418682526358
231.4583031463052
231.0480953041847
231.3204896667986
232.0157885332843
232.6191220736566
231.0354461144982
232.7298447537652
231.0948102665782
232.0352061715283
231.5324532986048
231.1763688242246
231.3455352091477
231.3191101988914
232.0939887876495
232.1923924435514
231.1743546286877
233.020995017288
231.3280879823606
231.1230121059562
231.1563843032813
231.6509671544358
232.1724610818972
231.0894635630653
231.3877169193823
231.3532510403836
231.7007527046696
231.6333441259011
231.5048125144689
232.0088247243292
233.3000688150509
231.3355470321795
232.1143638245891
232.1657920610933
231.57316444287
231.3166075365018
231.3653335747945
233.0386161989169
231.0811934707222
233.1034108810255
231.0433711324853
231.7256482666095
231.1569446926773
231.3825302165733
231.036097647109
231.0125793602442
231.4960498963045
232.8289286958183
231.0905828438176
233.5901733564852
231.8528451486515
232.2346033527753
231.247811262926
231.0587267166995
231.2357905087223
233.2034699777228
231.0609733803733
232.2145625717782
231.7635453852997
231.7687434130813
232.2520945599858
231.114941635935
233.6743851216999
232.2600566428069
231.3283655668923
231.1428338131587
231.1800378831173
231.0399232075549
231.0912767728777
231.3013373321427
232.2131978001082
231.0330913254735
231.2133369213585
231.1515423063647
231.2980054494126
232.431785711491
232.056929739719
231.1214982554615
231.2206322061829
231.3441761477045
232.05170984067
232.3408716450296
231.1598715226074
231.1815404083913
231.074238676357
232.0999281571657
231.2327842138068
231.2752609847554
232.0462940245646
231.2286069970933
232.3740237422772
231.6274584701762
231.2935319059165
231.0767869379594
231.050241646254
231.1956501750922
231.2842379080728
231.1102301019167
231.0878812300681
231.4067098576115
232.4616665725184
232.6134517345047
231.7491356249037
232.1350724711895
232.1706698240002
231.0263132353011
231.2266381702358
232.2934571186443
231.0031676841106
232.5107747359925
232.3758112772392
232.122809508649
231.9321177166138
231.0286762497734
231.3011110930696
232.6368201446272
232.3553203215317
232.1744070883337
231.9434234669189
231.309374350874
231.0007621161673
231.0083761236692
231.5418764045527
233.0468107885717
232.1043181219164
232.1346353225192
232.2340224437778
231.9485571401077
232.3333065964098
231.4955797984098
231.4561474903859
232.0938051619826
232.1923641082219
231.0400488826576
232.0147958897397
233.1467523102101
231.1950674401809
231.0120587699219
231.1631608673146
232.2933063915111
232.158999212084
233.0356876952998
231.0520838574443
232.467804849426
231.6645283019535
232.2827019202857
231.8568979367852
231.0180161717491
232.0464925775122
231.1657906244971
232.5812686093455
233.3185424006305
231.1819862561004
231.031138083467
233.145797750555
231.5446393302371
231.0229581472363
232.0150050352533
231.0750269835142
233.2205822144488
231.1661432291909
233.4983175573499
232.1915221948118
232.2004528973328
231.0593300390215
231.2445360724234
233.8505644222065
231.1288506465231
232.9603988385926
231.3380290650684
231.1347097317123
231.256990849227
232.1901465153806
231.1785096125014
231.0496906351646
231.1876371397798
231.4048732348031
231.8266202711367
232.1621055138171
231.0253633145596
231.0353330349205
233.0501645377456
231.2206566355812
231.0088347251119
232.2425539718349
231.2904003651682
232.3588018519637
232.2480886691729
232.0563352856248
231.1892692412805
233.1555630433685
231.1818518515806
231.6315059417617
232.2955672198694
231.5171435244136
231.1388385682788
231.067983570654
232.2780100925399
232.181382258732
232.0062520681025
231.4929169351902
232.3939199422242
233.8697414870061
232.8491246372103
231.0769571935181
231.061443304203
233.0158197327927
231.3808491901551
231.2666658596795
231.5873980139918
231.465758707209
232.5784239486624
233.3645349615045
231.2607845432086
231.202679949762
232.6082693811351
233.2858256656221
232.8744209243156
231.2089031231141
232.5497138257291
232.2363600300628
231.3672093771127
233.5143929870021
231.6405402405457
231.1294330648994
231.0846107394409
231.5049877843139
231.3719635578264
232.1366169644307
232.2463966304446
231.2620208130716
232.2048038754227
231.0554123125399
232.3468566426794
232.1994080916889
231.5397057271188
232.5390777281395
233.9279446562811
231.2584713789954
232.7011077877042
231.8351926503981
232.5526838990909
232.2011606425463
231.6494819087246
231.0636342016798
232.052317513588
231.2688059340511
231.3349064217852
231.2195607391164
231.0008062973261
231.0282628577903
232.1440771585798
232.6116842278878
232.3264097617876
231.4090486312509
232.0849610700882
231.2631330841693
232.3770590612193
233.0244822694393
233.3201764174835
232.6485166195832
232.8580585386974
231.3820762110104
231.0218121837352
232.0543182995763
233.4990544611888
231.1434864191795
231.1724024396662
232.2981773651438
232.4821839005086
231.0470067680129
231.1186175423724
231.6197868834777
231.7381315333733
232.5100906499725
231.6710961849846
231.0589538652085
231.9541183152503
231.0507688112876
232.1724480377677
233.1987544925102
231.4285532935379
231.2732882113116
233.0908576306542
231.3965641282409
232.1563600251559
232.1290353483592
232.1695490164212
233.739458647567
232.1318620277847
232.490574506656
232.1896886194026
232.0367431043144
232.2826945606527
231.8270708127677
233.069967918316
231.4798336747813
231.1508398702152
231.2123631533746
232.0080008250317
231.534856173933
232.21506962212
233.5247388929288
232.7728882239201
231.9397804266726
234.3975968347434
231.112239369755
232.8080049138658
231.0280797150062
231.0839709176933
231.3147347825768
231.5093395131733
232.1698933378384
233.0422761865307
231.5952383312275
231.1272823673336
231.1687682321528
231.0166692774388
231.9387585606606
231.007597628575
231.3029159687054
233.1996617123276
231.1957208989558
231.5507640086514
231.0265131546355
232.5675085533436
232.1943680378328
231.1197939878254
232.0173034699804
231.5250795886006
231.2469816901913
231.0236583341566
231.2844129909863
231.5221428078903
231.0111136682327
231.7100772082173
231.7946187036434
231.2941474436251
232.1012550641884
231.6787102653962
231.0223858287392
231.1284248396459
231.2374871700055
231.1972052527391
231.1064424114295
231.2883211876386
232.3164666538948
231.1441174977905
231.3094070080291
233.0901416582808
231.4744604900611
231.5274140172673
232.0454835322908
232.1327009718441
232.0746838200214
231.6959316734168
231.5836606403071
231.2715032994371
231.3848132368277
231.5293400994151
231.2069802929152
231.7913220910498
231.0055775318757
232.4698319348659
232.6385747380191
232.7728715534186
232.5879637238266
233.1406148318461
231.7125189179797
231.2175499025407
232.131410471774
233.1081060991663
231.0592311919357
231.1413919737643
232.2581282394885
232.336991713664
231.0109745455245
231.1392430931844
232.0883117432764
231.0068335704441
231.0178521680849
231.2851284367063
231.0298023841065
232.2377829031138
231.6971167079265
231.9233685590164
231.7082827384871
231.0836611853297
231.9016371005403
232.2246432863226
232.4135939520102
232.2720683654451
232.0250980933441
232.2678646843214
232.1772189608867
231.2968991082826
231.3263634433131
232.3435352092933
231.5571321422055
231.1516089418615
232.2295614666315
231.3081999200925
232.6583700794538
232.4257235976725
231.3134815817048
233.0540741056574
232.1364302921538
231.5365514579732
231.3316744482516
231.0656096343814
232.1842917350213
232.19476349208
232.237855729365
231.3589999567999
231.2522467578
231.2309394711338
231.2796520515199
233.6227585683353
233.5796883395872
231.2470093151939
233.1939486251576
231.0059850861735
232.079214708917
233.1469611661331
232.4504199692725
232.1376200196881
231.1737617700434
231.0888844745599
231.9057042767775
231.1795323245393
231.4552151054622
231.4339688632805
231.8960527307381
232.2926819043502
232.0328507829312
231.0867424014081
233.1366799858181
231.4677243880742
231.5288040191087
232.034816163151
231.093384798144
232.7811953580533
232.0463604505194
231.2318936441995
232.3011589539275
231.044568476194
231.014343114527
231.3044700753239
231.0644052971925
231.2034967682727
231.4670726250305
231.1113207172353
232.1990208650967
232.1258133748426
233.3516108069697
232.4171441589147
231.121565311673
231.1232225709923
232.0365594775343
231.3297930841642
231.0699967227814
231.3291875884994
231.5475601182527
232.7038365922706
231.1759227919509
233.3727545202522
231.7844961207913
231.3720915034401
231.3770769361676
232.2232194360788
232.0971007341712
231.1529682161428
231.6550418932252
232.5027424764754
231.0198686992822
231.4213198269926
231.0460802390258
232.0562914289611
232.5807897500176
232.923037607598
231.0164004985836
231.4156997650081
231.1513052884048
232.1701201065769
231.6904297761763
232.4941080493025
233.0312714419142
231.550511424927
232.2197503058753
231.0586223320822
233.0244147883017
233.1926318977093
231.0792712791239
231.0396102117456
231.1157050913313
231.1978545362711
233.2326578443284
232.1093820480575
232.1916744379043
232.5323028036148
231.2848497356607
231.2789944487948
231.0342537173705
232.0748932257204
231.5057775442639
231.0299856186892
231.1983973957735
233.2721655903385
232.4147636650027
231.4968510427158
232.1168350485906
231.1348065921445
232.3652986169759
233.0262465280233
231.4506852285766
232.146946887916
233.1236148005412
231.9131176312216
231.7580399887752
232.1825970529042
232.432440425125
232.1514713737615
231.3575346542627
231.1242151673799
232.4566026480471
233.2005943224146
232.9517410941886
231.4204406172547
231.419258766432
232.0318895209514
231.2544519805746
231.0485031189887
232.6323387683862
232.0075551633291
231.3185077471732
231.61294231087
231.1798386622577
232.0747351712324
232.1198520548109
231.4054401042321
232.4501703096464
231.0107191530798
231.5920139086836
231.1047689503196
233.7645480664746
231.1410463386905
231.215227981678
232.2761307434559
232.9875930131217
231.0354471567354
232.095432247182
231.2462074304626
231.1650620035183
233.0643647215059
231.1392539372554
231.0100884646132
232.283002730854
231.5163660951318
231.2603373701825
232.7237191923715
232.1333150949906
232.1530338006114
231.086333559943
231.1160456623786
232.0328921163871
232.0008790984767
232.2879913471587
231.5507869057707
231.4899852976305
231.2414109100785
231.3527099815689
232.3500431712669
231.4680215052795
232.3971825667014
231.0275181352534
231.057096666212
231.6717221409221
232.2082943710312
231.4693638251723
232.0144605306752
231.7946607744941
232.0160957180392
231.8661612800028
232.0325920417711
231.1340420851659
231.0001840252693
232.0636903231313
231.1061522532224
231.4065376367314
231.1977446170431
231.5802413539939
232.2741706656946
232.5605141779559
231.0212002389564
231.1035829168523
231.1274335718278
231.5688104105209
232.5372385798323
232.4355805364822
233.398017726588
231.8445611204661
231.0376979523688
232.0951997764477
232.0036369161358
232.146972121822
231.0564529354921
231.7580358654662
231.1522334713756
232.0767752983306
233.2277488793775
231.2217335228193
233.0403572683447
231.2241727654994
231.1548425615798
232.0623116881895
233.0622504768205
232.0051212953668
234.2063250649387
233.5084348010183
231.3206942671544
232.0062376463106
231.3059116957949
231.5371387726163
231.6494470812872
233.0675240501129
232.0591160791218
231.0121939203447
232.0799272354454
232.0309500509539
233.3855506716722
231.0947047298327
232.0235951996752
231.116394979336
231.439616847456
231.3009540618209
232.2583973375967
231.0497230959086
231.3022607846555
234.2553243530062
232.1646648817716
231.2717170634694
231.0279062533678
231.2108485065797
231.5380118229547
231.0005843491357
233.0201812451384
231.6917837821358
232.1427955119177
232.4562508582752
231.1798931201556
231.9959243858122
232.0445687259925
231.4335336502164
231.0223433084633
231.1518720570428
231.1507324661875
231.5601390107768
231.0521759175182
232.0106752105235
231.1678187253567
231.0603967500614
231.3296482512906
232.0229918103664
232.079178103903
231.4834671834477
231.026753024282
232.3172322462874
231.4244806436765
232.022494866542
232.3209089827257
231.7399042168708
231.0065925357874
231.2836766109295
232.797832236536
232.2396376810241
232.1880989886996
231.1171371676067
232.0691962252347
231.0428598665846
232.0757211288359
232.1011496313236
231.5878489641976
232.1174937275075
232.1376075463871
231.0533195056352
231.0027470231677
231.3572105976495
232.1219488793859
231.2686967174307
233.2117205801193
232.6558646765583
232.0329222017379
231.457117018315
232.0664372476191
231.0783865532165
231.0187350288987
231.2637277963379
232.0849330733556
231.1256257135458
232.2637710772541
231.1365396325788
231.0129050559128
231.3107571574523
231.2624229761528
232.0455510674134
232.5631909426969
231.2185231642331
232.0123754739317
231.5113998082795
233.1157701201663
231.1340079347503
231.1931958694727
232.3511721515517
231.0697018464342
231.1553078031585
234.0819152459855
231.2405076300532
231.8205842190678
231.4881132083622
232.1347722071441
231.2582219808073
232.1056702388944
232.0751251639111
231.1712571545742
233.3935090904141
232.1484300736674
232.0094554472606
231.2244094846947
231.5164089227778
232.4051780958225
231.3871141744712
232.2577066840707
231.1245549179798
231.431333082197
231.2531517085521
231.0879376028612
233.211889892324
232.0940804574903
234.0128295978328
232.6368678132101
231.3046178958195
231.0645948583491
231.0102738308614
232.2505610359794
231.1094078223777
231.5250986164589
231.2066406392921
231.0789600715578
233.6786589665711
231.0824439676837
232.1493578393082
233.0322283612155
232.6534344970016
231.1838389962737
232.3750652633754
231.4083020452218
232.0508727310968
231.0757183698775
232.0116838847392
231.117801651611
232.4060633009333
232.8289175937567
232.5842661793286
232.0722875935318
231.0628997431057
231.4544049166947
231.696078219966
233.0247846848519
231.1149343805263
233.0355581234746
232.0595665555919
233.0577181031802
232.2797371450703
231.2632089178995
231.9227866131912
232.4002188306962
231.0288986548701
233.2484714385003
231.0687209840182
232.2745326348831
231.1641882807176
232.2694255497568
232.4600378101157
232.1532257068014
232.0406362633379
232.2963637657415
231.2374173223377
232.3632799985063
233.0675215612196
232.1564409893485
232.0413347316835
231.7120516355084
231.4512658237895
232.7025717091549
231.2490851813012
231.3181872394254
231.6947942739245
232.083484217947
232.1554908538636
232.4399252484315
231.2772603885776
232.8553372364815
231.5916901300642
231.6919107372195
231.1464449365728
232.3880932343562
232.7040087535419
232.1163284089165
231.1221315591367
232.1597081708075
233.0013020152459
231.1598097712236
232.0911745336361
231.1493117304855
231.1669423059788
231.0592195567151
231.0983905871722
231.2329219392583
231.0030092844248
232.1662762111459
231.0098398978296
232.0088973653854
232.1089716437756
231.6333862100606
232.2650803376028
231.4051197822612
231.0095347530772
231.9501825631806
231.2558020728634
231.2062884155953
233.0560123076854
232.1538082670066
231.2284083690463
232.5686824121235
231.2209572652994
231.0059027371585
231.0836600496244
231.7904197672844
232.0202809059467
231.0277640262191
231.0883567429104
232.0005701733109
233.1658341427795
231.2682060906889
231.5117617713109
231.3607786922177
231.124816866249
231.3617133604364
231.1230685081743
231.0488637607511
233.4058407654168
232.5074198706457
231.1799556729539
231.5245358774019
232.4105021386878
233.0686256720758
231.3755642153085
233.1263257617045
231.0531319411488
232.3689658371226
233.5128566623603
232.1770877580888
232.0757029481525
231.8655647668478
232.3086751833164
232.0782063897587
232.4713082498093
232.0630849198385
232.4679599757438
233.1869491074096
231.0591770152514
231.7065288866887
234.3655986511418
231.3861792037849
231.3995024058307
231.4335578224366
231.171001062102
232.1062028894566
232.0871096196915
232.4168300808514
232.3318139795876
232.3436447410964
231.0811395714422
232.1444874248523
231.030331536406
231.0694584641956
231.3329922028625
231.371695951882
231.2300455583047
231.5178935390043
231.1551593403238
231.1377170872184
232.3931327611258
231.3615237437499
231.8966816312716
231.8314503185706
231.1422452194705
232.0092637254493
231.2003259500359
231.1476217514766
231.4272715008038
232.1431936696913
232.2371054433284
231.9360802357416
231.7231326282634
231.9782964286275
231.085129225887
232.1361808785136
231.4039534857
231.1933931962974
232.1974549493541
232.154067156703
232.1585785476373
231.1245827224944
233.1178204004484
232.9478657237822
231.3893486713587
231.2807150037632
231.60913854316
232.2076366561082
231.1476479082008
231.052198074454
231.8524956330058
231.3876349632336
232.1577876305603
233.6915606228179
231.0344116853869
231.0311949241981
231.0394098118586
232.1362325465213
231.0932510320092
231.0321970616727
232.0629667840531
232.056637589712
231.5092728959359
231.3682332870069
232.3843446123813
233.4822913056785
231.3067211249059
231.5250664771501
231.3173203646431
231.2154023701752
233.0310727575418
231.1184097601581
231.4814024240026
231.8403877909001
231.0101520862975
231.4492085256032
231.9123154313181
232.1054497502707
232.325781074032
231.7448729744864
231.0771858885966
231.5342172390008
233.5061237299765
232.0480937279471
232.8163375590319
231.7799065913953
231.426389998897
233.853020070453
231.2527318497003
231.0755792508976
232.3694881537365
232.1121950854967
231.0625642878652
232.463495180552
231.1155270068068
232.0838992515905
231.333956515313
232.0998754944025
231.1474011475053
232.3123326936443
232.3800637003559
231.0823889113518
233.158813755693
231.0605967594717
231.3253836871892
231.1627413013273
232.027163839404
231.0927867560399
231.3798823375105
