239.2898261802814
239.5765223081766
239.1641198327333
239.1767586643901
240.3299322590497
239.6083048359179
240.0449801444936
239.5124171114301
239.4400503685792
239.4908413445146
239.8252588542357
239.3193321476879
239.7976999884334
240.3526583412801
239.6700332975295
239.6839065336935
240.093606023596
240.3331234465531
240.0784780997998
239.6388891822401
239.5207510388756
239.6316485574816
239.2147837958552
239.6111410260183
239.4073487056546
239.2814437414124
239.228661216688
239.6650139258441
239.7068333520438
239.3180557685399
239.9096832749142
239.2289179043215
239.568546084619
239.446028018773
239.1283565689736
239.7811899882558
239.7425395459772
239.3928652363304
239.1590486963283
239.4493116061288
239.5004329920573
239.3201056013339
240.2352101484369
240.0772260053919
239.4587666082564
239.9202095918268
239.6582614123552
239.9972394901836
239.7281560585612
239.1304558576018
239.211667306654
239.4851302821162
240.160698287962
239.3757519798487
239.6752514333937
240.9039912805529
239.206505431633
239.2553248768591
239.7270468454726
239.1879558098318
239.1052473737906
239.379917664732
239.2602945729608
239.0905618622209
239.3547998477086
239.2356402482899
240.1614991265724
239.1488274331266
239.3310368762834
239.3122526691193
239.2715916294436
239.5437735785534
239.7586491595542
239.5319456673388
239.1218338961028
239.4103740434678
239.5227460045508
239.3984132196535
239.9260489097615
239.2742416599327
239.2641058518592
239.509895650924
239.2553932232071
239.1081698701462
240.1783034330603
239.8405698770831
240.2290727415575
239.3664178918717
239.970525890001
239.5797024321298
240.1449328928476
239.4362092276058
239.3594663374361
240.3048218831584
239.5295638408106
240.0485874397753
239.3284704399427
240.0127721731561
239.5364149191783
239.3029103043013
239.6353304399382
239.410064225631
239.8148851309665
239.2772949960674
239.4199497920067
239.3399811728654
239.7818314044108
241.1404721651726
239.4595483493889
239.3204048795234
239.5567650270143
239.5654164336786
239.1116294104069
239.0823793470469
239.1884462582367
239.2624763871731
239.7851435088883
239.3334857455302
239.4729585916511
239.2079102314301
239.8704388616599
239.5659733839704
239.4834714358865
239.4998515049623
239.26366918916
240.8339623869094
239.0806795694924
239.734113866605
239.4037428881532
239.1874354778379
239.3893308413919
239.5633910086646
240.4626784147603
239.2122248633432
239.2039749979681
239.2969396296667
239.8304582583241
239.6022948368771
239.5097188888165
239.0962296287445
239.9773671961231
239.3534698757138
239.3248230545042
240.2155528663006
239.1743162790364
239.6890983101233
240.5463336393803
239.349982500121
239.3974997608975
239.5077863326922
239.5459890529063
239.9038022404459
239.7260811217808
239.1271528734285
239.295789607853
239.2287101338218
239.5439322649491
239.580892758867
239.1236273004463
239.83297557224
239.2630662269176
239.032541495636
239.4511521176514
239.4927826060457
239.4029534557439
240.9137808907967
239.7542990151021
239.5030695284103
239.4958786100996
239.4992409648527
239.1788801355841
239.7229391129329
239.5058796119957
240.4763180073272
239.5427666996377
239.289635801966
239.1472025036113
239.3237902035962
239.4629365059652
239.3732939435707
239.7939936873494
239.2144575358124
239.7917216284204
239.1895078166203
239.8278885704375
239.5312821993205
240.0129601429154
239.2130495933881
239.7402450411703
239.6716166161448
239.2673994393263
239.1230661382422
239.5817915630863
239.4781964806825
239.7703040183132
240.2172773008475
239.5663623778746
239.6669256476346
239.5633936344921
239.3336941427249
239.1067951179503
239.3894877823348
239.7598639534459
239.3136599274064
239.375614302279
239.2800474460708
240.3805413293583
239.8647809493578
239.9955624633399
239.3420459670767
240.7434409754499
239.610714542046
239.3651827706976
239.5898951552173
239.9407425650976
239.9299523832912
240.4692142775592
239.5377926574084
240.0741232546419
239.1249521616375
239.2242119418004
239.1942970992297
239.3625141411245
239.6945371324224
239.5751728499345
240.2244532082606
239.4746699757492
240.0764014421553
239.7329053108054
239.1914919820518
239.6924907256968
239.6564106793323
241.1231497545639
239.2720545011885
239.1674077694759
239.4969192584044
239.3143073990607
240.077366224886
239.4391399287059
240.0357839531263
239.1950476303904
239.3004946413645
239.5331747994408
239.3627063606233
240.2278740947189
240.4542713070539
239.3811088414828
239.9259782383778
239.7975844693815
240.2112284339901
239.4282353072064
239.3833120582302
239.1356597286
239.4802191055583
239.4836504718382
240.5330641945525
239.3082743602449
239.5514488076184
239.3433066683137
239.5191764858614
239.3423716751084
239.2379899714714
239.3792081614589
239.7422151154134
239.500791732138
239.2704385165961
239.487950541877
239.6855490790655
239.9226086550526
239.3890888992161
239.1782657474188
239.5856151047961
239.2552871984278
239.2104504453694
240.2052317985813
239.5687584152763
239.684539566802
239.3251556673988
239.3688148721078
239.6891184404301
239.2504174644957
239.8889906002214
239.757651391112
239.4381248687101
239.1635524070267
239.25579754816
239.802891087822
239.2090157323163
239.2116010832599
239.6739773627394
239.476933404434
240.3131012547088
239.4472718285796
240.0130651353873
239.2876719914038
239.8163967925358
239.2287959721558
239.1879372326718
239.154660529549
239.4244501654418
239.5099401925785
239.3530257244249
240.1099489156672
239.393798026181
239.4650185484959
239.380878175843
239.7368823401917
239.9662798195156
240.131537853591
239.3858171446195
239.8560375773609
239.7490543305322
239.833903943567
239.5018052575529
239.4372564682218
240.1230138821759
240.3558844548561
239.1714119117483
239.1930697270994
239.3433007145686
239.6526498914017
239.746639865854
239.5431019739071
239.9824856528302
239.3934519344052
239.2015926885666
240.3056305250014
239.1944956343051
239.2282097760901
239.6442495903381
239.5940219096991
239.4879861359069
239.4056922594275
239.9460459195526
239.5003322151237
239.9821859808748
239.433557643425
239.1726878061306
239.3851474472561
239.6165556130043
239.3491975566738
239.506848893054
239.8000736882859
239.4433158434405
239.6274922398866
239.3325319899772
239.1268134525224
239.2289404723403
239.2724457302885
239.1351809125998
239.639306742125
239.5758902331294
239.5890517302875
239.8817679297098
239.8256492655708
239.6678582718269
239.683325803515
239.8791270701703
239.6266413062269
239.5283095820313
239.3437157671237
239.4889947521497
239.6698165102143
239.4396359228977
239.2547812259582
240.5524455981873
239.4486551513787
239.7715719641222
239.3816060670059
239.3484855075263
240.2531628896017
239.2996365217793
239.5143884813633
239.4878561877586
239.4143814431544
240.1060117215574
240.267101658436
240.1400067216467
239.8596247512728
239.3047148223939
239.1525606674023
239.2980572544467
239.5118779405031
239.7824492924928
239.283102554206
239.8744238300251
239.8179017268601
239.3846373643044
239.4059478705331
239.1454232932346
239.2932284799517
239.2884633322003
239.3379801072958
239.4164697654109
239.366738262212
239.2919833025978
239.8896051124729
239.40285990637
239.5855447379854
239.8069239229669
239.676749992333
239.5001274876153
239.7635565909512
240.4223957580105
239.5247467701729
239.5004103599605
239.4258418161298
239.3159322022544
239.1786712383314
239.2206534792079
239.825718763676
239.4112428402972
239.2443262890874
239.6416370018672
239.2854915636171
239.6382206917765
239.3013007481369
239.0770000205007
239.3731141581918
239.6424580138998
239.1402928528474
239.5035428409388
239.3945695082996
239.4612890480311
240.0923657803758
239.2495114077599
239.862925255204
239.940832070796
239.5400050851173
240.2890223810153
239.4652199841641
239.1809518484928
239.3428847239285
239.656436114276
239.6005572440194
239.4380967921317
239.7883749105965
240.0040130105601
239.5570732504476
239.4375765055132
239.3953941927885
239.5229519802478
239.5788383230305
239.5990131385585
239.4872161138941
239.5685215088115
239.3771515508415
239.0402762983523
239.284205057818
239.2022231284092
239.2076718176559
239.8451710936512
240.201014686414
239.2512705364949
239.6459057231759
239.0868163852439
239.6299713214297
239.9522016186712
239.5012919344551
239.1768963384919
239.4918126687392
239.7444839208912
240.6914260238624
239.6224285626937
239.0746738557917
239.3125217557486
240.1126278368261
240.4045466869596
239.3048794584797
239.3087884114148
239.3451911452153
239.8357818270538
239.3371732298829
240.2308960516541
239.2047766213819
239.0942593710443
239.2566480098836
239.3087713934707
240.0054462616852
239.4073814744418
239.1624887006084
239.2739494900945
239.4224885023172
239.6438418781486
239.05541304403
239.82247506411
239.835501959931
239.6709852487786
239.6699729243709
239.7457417433379
239.1995406064611
239.2021554769383
240.3324319781562
239.384385479979
239.4827276317534
239.9384577546549
239.7514037830682
239.3629226771939
239.449488497617
239.4872031410035
239.4666386171871
240.2437200772632
239.6060433531385
239.9463235481375
239.8369481137931
239.8758511258201
239.1995670971949
239.2026131077025
239.5846422655177
240.2450227625003
239.3912511274766
239.7768680330076
239.2787934652082
239.3792439528928
239.2296965734221
239.2305118298336
239.7236557731764
239.1762601536858
239.3010359799374
239.256071213018
240.5519308672143
239.8799415208996
239.2326585700592
239.3118188936233
239.3933326781125
239.3041131874687
239.3851064936036
240.3727227252754
239.5202861977381
239.62391368968
239.1309098089316
239.5584730787914
239.6831524880248
240.158089378114
239.6676178491443
239.6055992671122
239.7772191123793
239.1318613775635
240.0060507016583
239.6816709558985
239.6372170200005
239.4076439042696
239.6490352602373
239.6425549607682
239.5626182304561
239.2856536932617
239.454483750863
239.4509719310873
239.2888980625739
239.507095697912
239.2353086662964
239.4940235796173
239.5446608172113
239.3858816061497
240.3203287273402
239.462639886337
239.3051096996909
239.2916896886121
239.9528694188884
239.4581136659434
239.1603326613624
239.0558227097814
239.7813032671524
239.2586823292271
239.6702686699927
239.3285724582297
240.5017339569212
239.516926123493
239.8008527894725
239.5038354527626
239.1896304425839
239.4574974363598
240.8062614607117
239.3924503601307
239.103321881932
239.2891944232915
239.6143070834298
239.2203582309237
239.2216052118135
239.5837317227655
239.868687115414
240.6987941821496
239.0577990824465
239.6266594165553
240.1639212269068
239.4386637731009
239.1790715650842
239.6352601645694
239.4171105660968
240.8305819977371
239.5665470792767
239.2675730943867
240.6141790300195
239.5822765263179
239.7603250986209
239.5276367414795
239.8420643172282
240.264202808431
239.2680035691112
239.8065228464712
239.6902418637536
239.1610197125728
239.7904676897869
239.9494318668589
239.8029468234924
239.256769453345
239.3632032415044
240.2271580498822
239.3634720047735
239.2665105357026
239.2373897603343
239.4185790634235
239.1183138173569
239.4654169081571
239.2834927758734
239.0944373370383
239.7155227693561
239.6895218405206
239.3937988036952
239.7583315949288
239.8793699134081
239.8652911524192
239.4026324030747
239.2498355838022
239.2060312975854
239.3602806410378
240.0271989577507
239.1035937592594
239.6036762518277
239.8332636452778
239.2665819899879
239.178795245541
239.5795191059286
239.4996493739105
239.6761929670816
239.6434382535041
239.3058307378097
239.414876759589
239.8731698396987
239.2966720902008
239.560840382486
240.407096942918
239.2346625307372
239.295571670582
239.2234099764275
239.4187993469472
239.1677702970616
239.1514674065626
239.6425395890624
239.4583254707662
239.5161459622952
239.3921362591411
239.3761163431496
239.3597217366525
239.8781297774663
240.3007436594178
239.4706461666239
239.4970287508267
239.9096344621167
239.1335209367847
239.8134739560719
239.128718045926
239.6371687963438
239.5254433699203
239.2725432956721
239.2494726713154
240.2576768206478
239.8966851572268
239.5047660396214
240.0512762163608
239.5914149719735
239.4602949030071
239.5074668765542
239.6610380524267
239.5368493990828
239.3714739904242
239.6490300448152
239.4062738796968
239.706735848936
239.2401041350302
239.7548901004832
239.6145132599054
239.1613001199549
239.2511746977513
239.3896935806823
239.4353571898203
239.7452078476485
239.1322430891947
239.2456245743491
239.4710584582606
239.6711041596143
239.730546605682
240.388506696582
239.4504380149492
239.6442698659803
239.488781527759
239.3202357113831
239.1474257912162
239.2088968641557
239.3411690752658
240.0208216473138
239.6129242853999
239.8145656387866
239.4278823177457
239.6672279798913
239.5808311024781
239.1652679894121
239.689706866854
239.6359461760738
239.6927721812206
239.8158959862488
239.7444083544405
239.6903851633663
240.0124491049822
239.3246370105643
239.509973678391
239.6416419204547
240.3777973619871
240.4064144212734
239.2903001561682
239.3534525691014
239.8520081154254
239.3654662035123
240.0488761596363
240.3084116506644
239.6119646332643
239.7853839222127
239.2199227172845
239.7785283018367
239.5077704439052
239.5498663593506
241.0980047858638
239.507341741797
239.4657004876075
239.6845075545157
239.9551560745479
239.2792578782241
239.3553246673787
239.2338937505526
239.483862637678
239.1448889968666
240.0277583454964
239.7729327568615
239.6215548598933
239.3512010571743
239.4592511865827
239.6532792793005
239.3903619128146
240.0763449784423
239.7656223301947
240.1553288420874
239.8598998112562
239.8481875442604
239.2359526535579
239.8319346166096
239.4513332043448
240.0419169645955
240.1342571270789
239.2416337948357
239.4653536276484
239.5083844409066
239.753321685284
239.2702157604829
240.3274676639448
239.3875374524299
239.0573558567908
239.4405198999783
239.958418288731
239.5785291357375
239.3957480215291
239.7247578275527
239.6683314194966
239.3462529173732
240.257916437471
239.5063495621739
239.3779785654237
240.1891229480156
239.8850417224766
239.5337948320602
239.1089305294343
239.4209322163908
239.357406993096
239.2370784369717
239.1341288143847
239.2613628626966
239.4854121901001
239.2840498486626
239.6907756409168
239.4062986555225
240.2626692644076
239.3788643155652
239.3760450880559
239.7221950096252
239.1738837656243
240.2875903962848
239.5089179632857
239.248006142684
241.028137669841
239.5900548299409
239.6241687446557
239.4117691745063
239.3706298112778
239.8106228031052
239.760841579883
239.3187894624573
239.1075738642624
239.4717826008962
239.3473024945881
239.3291827890738
239.3123682404893
239.4583602267105
239.8354264816966
239.5418720330735
239.8686583345179
239.260235264943
239.4335635742635
239.978683707491
239.4928050411872
239.5327682184376
239.442913142736
240.2496232185123
239.6577149119833
239.7257502277945
239.4366373225781
239.8408936534908
239.1368292405692
239.2271700517437
240.0492555518894
239.1700716243991
239.5171547052108
239.3349050595813
239.2675213454879
239.6944222341838
239.5800838348331
239.268298488274
241.2479732424631
239.6848520235755
239.650842092549
240.22864578004
239.4774827066869
240.0250271741015
239.2413067643038
239.6759411308282
239.3023198229596
240.4028798696171
239.4230752008746
239.4897530465014
239.1115668022715
239.3853630881819
239.6033261785018
239.6275022452368
239.88425541033
240.0588251564138
239.3282234012514
239.8644117462987
239.6807718969994
239.9766545830437
239.3018916234627
239.6120595151335
239.1373514688399
239.8965855976561
239.5220334277304
240.3031864498159
239.2172000565742
239.2436187784126
240.3242155533852
239.6813435325605
239.6655283087007
239.3338018103305
239.3055110584805
239.2572736196947
240.0645673802374
239.6560938160711
239.5398477277569
240.6713033693496
239.7943306486505
239.3562090644267
239.229139767069
239.7100034812175
239.1684633847046
239.8792724187131
239.4613652493871
239.7451205802358
239.4475395750896
239.8032943635941
239.4299032834107
239.8565276071866
239.4344069996477
239.3026852142545
239.9768517966549
239.1975670751727
239.6224129872219
239.7587251183034
239.308814102811
239.3325214989381
240.4630906355743
240.0991945707055
239.6756234711352
239.1666914393429
239.3419925094447
240.1558752803063
239.7019180735714
239.3741180382531
239.8228530823736
239.1346124788202
239.5900622133706
239.1981519348825
239.5594471115438
239.494477387434
239.1591611745012
239.52604888681
239.0814391020008
239.4074213315901
239.3670578792232
239.5369356919479
239.4198832452969
239.1958559877211
239.592843653775
239.180710627799
239.0736706306676
239.3598187529876
240.1964576213044
239.5961181736813
239.5140284536205
239.909728266805
239.4772000432472
239.8237972420483
239.1389960294013
239.1946445213199
239.3147162291108
239.6459300634667
239.3216417172594
239.2720521250912
239.996678564199
239.1810457509796
239.5168745735583
239.1570260373783
239.7487461455594
239.5059620260136
240.1251181929713
239.8263285814651
239.3726527166608
239.4106910029271
239.9871432800955
239.0657238043872
239.5162375886475
241.3057971419767
239.2767728551694
239.5004156483812
239.9170778914807
239.3821567015729
239.4211805817735
240.1557633311878
239.2317804172468
239.3408720197236
239.5564528291075
239.2851062002553
240.3669229640449
239.2286105509948
239.813601738759
239.0951231461708
239.7705317671239
239.6983544311046
239.6070958083436
239.4575559573478
239.3769276524324
240.2883125289606
240.2108856306278
239.1879535184491
239.2399215378454
239.150704053888
239.4059737195797
239.4916322549433
239.583770507545
239.3509160907914
239.3663939930976
239.162466529413
239.2557777947855
239.1579643799433
240.1349458288689
239.9810145941035
239.7111311133901
239.2743263384484
239.3821021968424
239.2432839305743
239.12155878841
239.2660441682718
239.0677670015053
239.5040247153929
239.2314823370926
239.9091615680993
239.4878152941619
239.293132861173
239.8943286397934
239.5823302176323
240.452416533409
239.3035075820852
239.4549702574681
239.7957682560045
239.5494001151365
239.7376083123946
240.4127210505304
239.1762630682854
239.1721293427601
239.8726895324833
239.3202039981224
239.2554629746467
239.4879974447218
239.3280196422479
239.5180442706129
239.6848248899878
240.2078705142722
239.6370587795292
239.3121924430625
239.3884658409935
239.413938116389
239.2678713404038
239.5416210935956
239.6268449489805
239.6491641764673
239.5295928145609
239.3586445602354
239.3088062635319
239.4382052841968
239.5660905539245
239.3320949445802
239.2123800534124
239.5129725550424
239.5054363418905
239.611140953436
239.0926811726725
239.6323960433926
239.1999403347135
239.380430729616
239.4695765287709
239.2582269463135
239.2309970081667
240.2530577683887
239.6317796810727
239.3972813305313
239.2055010970224
240.0455081316932
239.7212997394364
239.6096061978429
239.338326572392
239.3841687801194
240.1239814340128
239.5020648621132
239.1971763255442
239.3227209775834
239.6209237895576
239.7006875948821
239.7532890440482
239.6020039520761
240.4356542114914
240.2159282928422
239.8394809743676
239.3815815537855
239.3802030548545
239.2689069175639
240.1309492953108
239.7646364579943
239.2365343937545
239.3262966435455
239.4797344018164
240.5242636745268
240.1104201293759
239.6235008847052
239.2246481022235
239.3321135363514
239.3107506755816
239.1884924843293
240.3099708167436
239.3460880822954
239.1509235071635
239.2518198746411
239.6215133965092
240.1867944397856
239.8338082639197
239.3632360727606
239.3390429147707
239.4103255674463
239.3809788996228
240.133308424097
239.3563679105521
239.9624252688607
239.2917714257957
239.5862180796511
239.4408948847629
239.9299140664037
239.8017018332784
240.162548100254
239.1155093186075
239.8014970994999
240.1578008577941
239.3396705552461
240.0237919177735
239.2382276050312
239.6420127165347
239.9050042003517
239.9874390280727
239.4390512760889
239.7392778128693
239.1761706329131
239.6021329730672
239.8795987573903
239.3092666912801
239.45335324631
239.4524360063859
239.100725906008
239.6280344320854
240.6561196579845
239.9761069941391
239.6703498717708
239.6744620944641
240.1932094764584
239.4222813772614
240.603086103568
239.2689682381516
239.7325104214769
239.4819463256614
239.5350053976243
239.0998216494471
239.31621960608
239.5659726121613
239.5788909072805
239.1213654686207
239.3927103120196
239.9279681457291
241.0585425618383
239.6122115286283
239.2362160120693
239.5402787304402
239.6109342804717
240.282079477411
240.1104889894598
239.4260077675414
239.1241099886553
239.512128508925
239.033347973035
239.3573480169464
239.5187318034515
239.3785731321899
239.2278254342176
239.1484386290495
239.6638056903324
239.2835209170012
239.5356968953018
239.7199899319315
239.9552029788463
239.3337833543785
239.3876953911443
240.7238216925182
240.0769829169041
239.2841337140221
239.5323495833354
239.3972783652684
239.6459952926525
239.7015599192844
240.0569629940123
239.2322518620141
239.4997598259685
239.2430331856833
239.5246583709807
239.8794987810539
239.4610273970538
239.0941263019387
239.6103317791117
239.7786120974745
239.1671762304448
239.3598938113343
240.4988172223078
239.4129139548578
239.7838722336711
239.3266681295812
239.3360466857704
239.4973853952159
239.6003528252402
239.2005480628935
240.3753386395971
239.5012876914334
239.331864333578
239.4467372016597
239.9190501026113
239.1151054337623
239.6984126898315
240.0668496538865
240.4922848132916
239.7925165368881
239.1885017810838
239.4681559322288
239.5611219612644
239.5605785764355
239.8253538465931
239.589619948919
239.5463236234731
239.0508089661404
242.6867482594629
239.7216651859036
239.5666155073786
239.2198379300669
239.630665434956
239.6171464955483
239.5406941673677
240.0520285028015
239.319591771983
239.206008131195
240.5000088158103
240.3642375767101
239.5637874371488
239.5649313792167
239.2829022668138
239.5129394225661
239.5305562187404
239.5323145970876
239.4372041046487
240.3259737516747
239.2404089619376
239.2108754894775
239.822411464285
239.2797661932115
240.1200860395082
239.9709532990066
239.2103251421652
239.144781896891
239.4888994477668
239.845537925376
239.5524585663643
239.2615214126313
239.401996310081
239.6623600137583
239.3561592070125
239.7158761940721
239.2914871806877
239.1081967856327
239.2886003909353
239.753083569667
239.442551220667
239.5602105882751
239.5240056255786
239.4654089483171
240.0521760721158
239.3468306701753
239.5769976117872
239.9404982150927
239.3791776816752
239.343052494962
239.5971429401247
239.924632661014
239.4955498950333
239.5429208771728
239.6224073076024
239.3395814150504
239.1033845829187
239.2914308340629
239.9235529325834
239.7206077796469
239.4450069885055
239.4330432249969
240.1572405320636
239.8005831241163
239.7309296912709
239.2367182837981
239.328711141911
239.4066245420692
239.7094743256841
240.7842613916325
240.1862920838441
239.6498747347353
239.1618872270685
239.7353088583372
239.2346205310722
239.1687653297028
239.6652747675754
239.3296814680089
240.199179416217
239.7245841564846
239.3015413386851
239.8827541578759
240.1150284221878
240.3991994624596
239.293290584042
239.800084944601
240.2082582382763
239.2683729038272
239.8086480546476
239.6927589107312
240.2643344616862
239.2156994895886
239.8394823203154
240.3658422225357
239.9860287596459
239.6517132564002
239.8158770033131
239.7339343903519
240.3160685301365
239.2803512255721
240.201877225221
239.6902093550731
240.0643818172749
239.1325102055571
240.5685857988067
239.6151201289168
239.4740775090175
239.5286735204965
239.3805942036459
239.5102408900673
239.5662303004742
239.7245569973709
239.6210081410267
239.5961609234726
240.8992788467262
239.8373627020125
239.6109975215162
239.7441444867935
239.7779539580338
239.4103230935704
240.0137093499462
239.5563383655848
239.4267000351326
239.6684986474095
239.9160664840497
239.4177082467521
240.017300879717
239.4529064735236
239.7469807400661
240.1862766567014
239.2531202326058
239.3175642367017
240.1961146240639
239.3687449071714
239.4298009068042
239.3686444843963
239.243276784221
240.0915568009529
240.2819529117046
240.6775142332166
239.6688111543389
239.965269537389
239.3127149568634
239.3130887887176
239.4478507558429
240.3496236343992
239.7234423462818
239.219888283314
240.3677824290797
239.7193658065721
239.3623564211711
239.1380943201568
239.5176118539142
239.7516171505164
239.4870336793883
239.2209337041866
239.6671667274467
239.8824413456114
239.21634749828
240.1380662646826
239.8354832603255
239.6268119541773
239.1616384448664
239.4881388382004
239.3771305742822
239.9696967187121
239.3656955113111
239.5715076809393
239.7433692664778
239.7143655809592
239.4626032575819
239.5440577826037
239.2064346684958
239.3249621996903
239.5664191084506
239.3980493928012
239.3094744063453
239.1967634446229
239.9214927624677
239.4157414739449
239.7805773893982
239.3842530406806
239.3942885528763
239.5023385845781
239.4509980907995
239.5315783297134
239.8666901358044
239.1998314276126
239.4366520007639
239.3175661232836
239.0646173945569
239.4452240752943
239.5384627133913
239.4615318090323
239.8674641733563
239.4924201414183
240.4531124642937
239.941053952095
239.532988734295
239.6657250074566
239.668516475184
239.2478465233727
240.1797729524097
239.4291722432865
239.2930962773774
239.1400674372709
239.5620587901927
239.8460935889
240.0953098533464
239.7463803155081
240.2077796843535
239.2310929901268
239.6055466348954
239.5974763270797
239.9096545417683
239.8255864502087
239.4288755691902
239.7622795385899
239.3944074578869
239.6681328574881
239.815250086359
239.6198815179013
239.096989790893
239.2414385478833
239.2866957417209
239.9023412506547
239.6556546935825
239.7156622178346
240.2202418057404
239.9345440073603
239.4175277483511
239.1161123685337
239.5750004445164
240.0640408396893
239.3148146726894
239.2013441039503
239.4893567464501
239.6506523954634
239.5146262378256
240.4566716743139
239.6248067357578
239.972949201368
239.6143633761979
239.1623742299933
239.6719575225385
239.1323986899455
239.1071683634607
239.7980161096275
239.8980377939089
239.1689386944944
240.6152240731907
239.1567607070369
239.4122239453093
239.2101473723884
239.8573360033424
239.9432535010444
240.0119332647765
239.3511104090389
240.0862376961618
239.3736918145091
239.212420122777
239.2090850302469
239.2506517538836
239.1470675569521
239.5314501834337
239.513279430592
240.7104737649624
239.5661193657929
239.4756699362436
240.1280160937065
239.9374124537238
239.4981051339721
239.885449185084
239.5100840802276
239.5267703694197
239.6276577979694
239.3916108453911
239.5691039191439
239.3673964904258
240.5190538748139
239.349339948812
239.2002856293023
239.6757889150676
239.3267143292558
239.202828854405
239.5303121150525
240.1658960302673
239.4122732187007
239.464927575322
239.8481658683731
239.3687054908494
239.142373260399
239.4818565820071
239.3648824968411
240.0183801022006
239.1596088467315
239.6152561716121
239.7843506880374
239.1497683315581
239.6906720621424
239.3155007689672
239.8946133521142
239.5701169555104
240.5404386883341
240.1977560847811
239.2510589635598
239.2119094359034
239.2922439752099
239.524911437163
239.5023882555933
239.605545457879
239.3862824638491
240.7619485408969
239.2430900492352
240.1339447390844
239.6826165089782
240.4779824237192
239.4109020476463
239.4646302141525
239.988905743294
239.2538254987913
239.2509157906883
240.1053367880019
239.4265164848724
239.59917387903
239.8897722830341
239.7806990738194
240.333520731292
239.4827404536007
240.0894608930326
239.1815116128893
239.5972137785155
241.5387805983568
240.1937095272947
239.7357265291155
239.2545402609492
239.3981007482716
240.0149421507583
239.7458538333011
240.4386951537064
239.5929037000991
239.7226528381925
240.1838401689941
239.3488746916576
239.4061207589797
239.8005996119376
239.554419688658
239.2591928550265
239.7836683866823
239.168270969893
239.4965129474615
239.5198811341395
239.5085894726779
239.6497477357006
239.3130170302367
239.4551563227407
239.7857570725638
239.176092572199
239.9032257092171
240.278989998295
239.7034588209557
239.8435071279144
239.7857495344288
239.2023626576124
240.0789973031404
239.7758439661908
239.3583884371811
239.3700776230225
239.7938781593795
239.4751849431501
239.2233780571166
239.4888026349928
239.4312428534075
239.4627104292044
239.4295847669366
239.6019831491437
239.3097584003328
239.3493884301186
239.4385671951579
239.3361254535027
239.3583838531667
240.1508542507323
239.5067181332187
239.1159056108412
239.551660597684
239.6301002630144
240.160389051405
240.7511780739273
239.3034941652338
239.2795888286294
239.6842732562501
239.1306044340759
239.518809409138
239.6560290922687
239.6120064937027
239.8723987300763
239.3780000634016
240.0835846668827
239.5332765043266
239.1096800648091
239.8004330649211
239.8234933720834
239.8880581919221
239.6418347491597
239.5908559914815
239.6695393900634
240.768676731355
240.0282271637756
239.0990515462128
239.6276577701189
239.7713117820728
239.1881437187812
239.8632132921223
239.4650180220738
239.3215941665673
240.491857950178
239.6964476052628
239.2473612805391
239.5799600686591
239.7440290151836
240.0987366698805
239.8798655022575
239.7070433614263
239.7481293512347
239.7991967562705
240.4761973049381
240.4285616839103
239.3121155131115
239.4486799747283
239.7432600445557
239.6906485348591
239.1748595493019
239.119896399339
239.4952576401317
239.2872058092822
239.8244852990986
239.7792174312443
239.4054407037199
239.3409711993827
239.3312321896622
239.6268207986159
239.6636472010009
239.1645756719175
240.3880433865598
239.3205991906829
239.59081316721
239.3912829921914
239.8141293438256
239.94778319019
240.5676471994798
239.329757592998
239.3490467051571
239.6330474909078
239.5721673342843
239.2887428183128
240.5679220648479
239.2170153210975
239.5672481223347
239.8416170283692
239.350894068947
239.2080563265415
239.2675345184823
239.6133973380533
239.9491896256657
239.9661759075057
239.7262599200525
239.4694176582279
239.3633059140076
239.9861874864769
239.3568931160723
240.3185328945496
239.7221416625527
240.0229109361317
239.6271372284361
239.3558338052865
239.283703250802
239.5020615293625
239.8007267412785
239.2792126601899
239.0883059784686
239.5840678986112
239.3240442816974
239.4177802183318
240.4898883111245
239.2519239844343
239.574145034187
239.2433117807246
239.4003579006578
239.0548794880388
240.0104500312083
239.332744731665
239.8314223437887
239.4686068876835
239.3596104443452
239.6116077373924
239.5453317653194
239.4910809067147
239.7076391198628
239.8609080094857
239.2381894922187
239.9210687342149
239.3470902163488
239.3000243635181
239.4230879532105
239.5714159029175
239.1650311317472
239.6159741420463
239.3084016306613
239.2987250113223
239.3986117152601
239.3567160902167
239.7182730249547
239.1681081003676
239.3875335071402
239.174501659001
239.337214435568
239.8928036374395
239.5974270720685
239.7546148163762
239.4921400015244
239.6639687057607
239.6187969863549
240.1628188305615
239.4397173439768
239.5052890067133
241.9052827681232
240.0700313401039
240.1059334113263
239.5412526085072
239.5673601218528
239.5016439091716
239.4082291781093
239.548469119398
239.7644573372628
239.7050179007618
239.6678852957207
240.7886428584572
239.42117523554
239.4715779659156
239.84089817273
239.6407293032974
239.3136785300528
239.3237240620991
239.3280810872355
239.2737700071156
239.6809349813596
239.4965546518776
239.0677130236247
239.6530613336972
239.2374662266513
239.7507513019544
239.1350620921716
239.2632237347856
239.153698107624
239.8964768195123
239.206496232856
239.2633386166553
239.8726007342808
239.7609213319358
240.7384351507148
239.476013968167
239.1268308446575
239.1779000912141
239.4488247417077
239.4937921195537
239.5406373288442
239.4952515123994
239.2287712265843
239.4594475338794
239.1663800495676
239.7184967802904
240.8303117942033
239.8283658039281
240.3496096289601
239.7841332492995
239.7419382727066
240.7622050203201
239.8647128193221
239.3984785694586
239.1803161121989
240.1139161243151
239.3541322970552
240.0931132357519
239.5557380407883
240.820932543011
239.27496664543
239.3520204425146
239.1339218563705
239.3169295447243
239.6222953074299
239.7686052010344
239.8850458617341
239.3602974605605
239.2406706704872
240.0350086700367
239.1951391056733
240.4759439161838
239.6251085389615
239.1939027924936
240.2743728025103
240.3469064126695
239.9498264339498
239.1079266418698
239.4384538350838
239.2684628205805
239.6406349335839
239.7263314203514
239.1880454413714
239.9733322975537
240.1720324484056
240.1296291062555
240.0294544027812
240.1187468520264
240.7387834872128
239.6217260035635
239.375352451092
239.5290455657249
239.2914848541284
239.4387679863444
239.6567256297936
239.3371681002312
239.423280534569
239.9278950234451
239.4602354075113
239.4102391592875
239.5822774761212
239.5538692431875
240.0760319971501
239.4642226373409
239.7607626402386
239.2922423641037
239.3965575649276
240.0648214034873
239.2301374662723
239.3071256789206
240.2733216496814
239.7779359285242
239.6307486265316
239.1052847813893
239.5067354294958
239.476935765884
239.604829222017
239.2922159116431
239.9204882336508
239.4148633071941
239.6824324398179
239.587536692244
239.7335505192407
239.5083311480251
239.6288850668335
239.6678726208302
239.5413474324267
239.4377872064177
239.5509052171899
239.2731026546446
239.3550626648805
239.6044466900881
239.3927401042833
239.7620131641453
239.6019861239775
239.5279182418647
239.2901825163087
239.876729163637
239.2098440878188
240.4467518106457
239.7285317138156
239.2733583325389
239.3178568043188
239.3773142106204
239.3858133164199
239.7478643075177
239.5617355836658
239.4600850480294
240.0995373066046
239.4615853565142
239.6383685852612
239.4556753416277
239.4301028686743
239.1868793069495
239.6094535073178
239.2426452951864
239.5013813614302
239.6762973345024
239.4995536715893
240.0327456885057
240.1991058581059
239.2057221983712
239.6748793001813
239.4580843804976
240.3550307093609
239.8301823294637
239.3560457683303
239.2951829458763
239.7843992612121
240.0398206534794
239.5714087946692
239.5282155801148
239.346363845233
239.2636587871111
239.5903174269083
239.6964891857219
239.6760118932737
239.8843558760427
239.5970960985283
239.2095242236252
239.321546617417
239.4745401972428
239.1212328118147
239.698757055788
239.4186166109695
239.3341185332951
239.2670616916669
239.2238902225469
239.5814557676856
239.4632214115772
239.3940561804295
239.736568534962
240.0587460857186
239.335611381798
239.2856718961705
239.7778069677313
239.940739553689
239.8247051542306
239.9206064949017
239.2581915997551
239.1790070633636
239.4047721730045
240.315973323536
239.4407395764102
239.5862088758697
240.4502163941923
239.601101509492
239.1749159116546
239.5796910295574
239.4926593992329
239.6634859051673
239.9977791558218
239.5686837552896
239.2182193844241
239.4746136598763
240.8074439522211
239.4512274835703
239.6775424889409
239.4734035661381
240.1749034187139
239.2995117656314
239.8874091427268
239.4951837842173
239.7353244256753
239.2555472569663
239.2477789285735
239.4723928430835
239.7018329584913
239.9585918459741
239.8207100839119
239.3150417781018
239.2343272246987
240.0199403652892
239.2727461784936
239.4370742970142
239.5250190137616
239.2742543164351
239.5937624151357
239.6240978323753
239.5349920111481
239.6130599205594
239.160858045267
239.3294977270708
239.2620603756009
240.4727953378852
239.4969414711361
239.3945734433962
239.6937790349642
239.353859701742
239.3405099444542
239.4629642728146
239.2358126783977
240.2166587780133
239.3321426793367
239.8897258692933
239.4822885142977
239.3641634391449
239.8481394659487
239.2265461320032
240.3826556811657
239.502865376165
239.8640453135399
239.8798989801027
240.0088014905277
239.4081144776303
240.2980943057676
239.3657901501911
239.3437153213237
239.4428017222013
239.5040291636792
239.6426880961794
239.6579980122136
239.8404204908942
239.9397283994236
239.6024500705789
239.8195386157442
239.3724668285113
