223.4016545909714
218.7528467902286
219.6905710825298
223.5333436194817
223.2666865653194
220.1086250560083
215.20311603937
218.7847274038576
222.0792194339097
224.9575632047651
216.4238626010479
229.0626991411868
217.2071879706165
221.4848739324984
220.6171429218076
225.4550023518274
220.0219703247508
220.241020402269
229.8980092444556
217.2662012479325
220.0000068580805
219.5827020608889
218.4138447933436
217.6114593705034
219.4699914274743
216.6384993089848
224.0331916346426
218.8478562699866
216.0094914503358
217.3340337511698
225.0193786822392
216.6313744763926
218.2390500261076
218.0843788536142
220.1438923766372
222.0097101635039
219.3315227360277
224.0257743464492
219.0325784698176
226.0003777133027
219.0375857583064
217.1266678698167
224.121808199603
221.0201644717498
218.0261315438858
221.8305926152998
220.1448032374244
225.0652033715248
224.1452713440703
219.0563199024758
224.0771800624179
219.2535574597802
225.5972002280017
228.2719893565067
221.0577895035411
235.415232129303
220.5406745327906
229.1735265746032
224.6179009511273
217.3198696567234
218.4688030840253
223.0706620620619
216.0345190789884
218.0488400137113
218.1539091895219
220.0246739338165
218.0507412660394
218.260973150488
220.176702061531
221.3942528476816
217.0093992090919
216.5118561311658
226.3274918141967
216.8835518820606
232.1825595214048
217.4279775266245
215.0697017123247
219.4117354016439
221.0388666725795
217.6601951634795
219.9218240156551
221.2411666793016
219.7297391256186
225.9108707479901
222.0149169100529
218.2971501333024
224.2708686240422
223.7142793354751
215.3623546963779
217.0762717384749
221.2409622591832
225.1542880911673
217.5616607104215
221.4573461390631
219.4369246089025
223.1511567579404
218.313113693933
219.1559200982261
219.5629908432713
226.3330968619155
222.0825695155318
216.2039722442269
220.2001532716847
220.1997913078828
228.893440086626
223.1385362167389
216.4504638231252
223.1000658163086
219.0071155766926
222.4540257623025
223.1454820944427
219.1204059199555
220.4131389777815
219.0465482590961
218.5864426405882
219.1873764338504
221.0788180954731
221.3166583042744
217.2334181121478
225.2590947167531
220.3477291549275
218.1908947432301
221.0177107590171
219.3375288436262
223.725089918909
221.1076831855046
219.6349188612626
222.0975059244466
214.9770424926658
216.1981125097856
231.8573448710322
219.2312524481818
223.285200855653
217.5155001339311
220.8907464131621
218.522751404064
229.0472865677435
225.1831524780959
222.1139962520375
215.1191055103366
223.5043125061527
224.0227702454784
222.6176355716776
226.0976943301233
222.6295005818781
217.4550389033563
220.741476468013
223.3161665369981
220.4044562003005
217.3983970049617
219.9462065708302
222.4091461358853
226.4877534208432
226.1785738170653
215.0230962317828
226.3777268991808
221.9938610705524
221.7944169187721
221.0125434536638
225.0687881945042
222.0454121945605
216.3387265091414
226.2539147133339
221.720605657635
216.824435060155
227.3662750169666
217.4363793510794
220.464094101904
225.4985125723945
223.3114606052407
217.0786959960428
221.2230809702655
224.022038159155
218.2383536717024
219.0909712731699
226.3956332919161
214.2529804297651
227.1243070454566
216.6195646960144
217.4666602773249
222.1339004942145
216.5920496442738
217.2370489157435
219.0473789319099
220.2519501165267
222.2733783387259
229.4683219964451
217.481338469704
218.01807425488
217.2763930423976
217.1193452726712
224.1026282943347
227.8281202272049
223.1121941796777
216.0920089126137
222.6133398952801
220.1447783249788
223.7678091842196
218.2444902741886
217.017681681487
217.161016854978
217.3793140267834
217.2713741974388
217.0791957232749
225.1429563843661
225.1339242665112
224.0348956361485
217.201334252728
219.5226249593036
222.4749822300161
219.088067614
220.2691997116912
221.091484659742
224.0352888596138
223.0521245492295
217.2147410068943
215.2793123383686
220.5050039513326
218.2223661714842
219.1276504288371
224.1389182513094
220.2767303870367
226.069204280437
219.1892876515596
217.0869074588971
222.0894572791959
216.7944865118395
221.0888544633713
222.1242248522452
222.5862031720124
218.7376708562276
223.2068804163857
217.2454920140421
215.4702421183351
222.2019736787803
217.8507019450595
219.4058868103392
215.2417177824842
222.1808812963675
218.1654227344556
215.0774069524908
217.79683769694
222.1811100775937
222.1402633276007
222.2835647426825
224.8634738845761
218.1880540577486
217.016375227105
219.3003238740917
215.4321595780702
218.8223221690852
221.6207487680006
218.3028117999955
217.5043027899827
221.0436262826016
222.6600098118656
220.1873773693865
219.2537825478064
223.7030814024981
221.1139177224285
224.6466838138554
219.0726163677503
223.4448271216906
222.1145566804836
224.967780005762
215.2669580895909
216.6637040306019
224.225586510676
224.0181922950159
219.3144598735025
217.0165569010787
220.4776110137701
223.240632133608
227.0274396739027
216.1610849315846
217.2969284735908
217.4912346541636
222.4278415004171
221.2705388749793
219.1757370371478
223.2842943321789
217.1192035988986
218.6707834112856
219.1255406955203
221.0507191668065
221.3174532254419
219.8238599706557
223.025411711992
220.2463125540751
220.2286828537503
221.0904330271073
218.5220222514054
216.9550134883395
215.2764704730949
215.1430343151106
217.2477267207213
224.9526723366625
216.1256626217998
216.3130707119566
223.2720842013914
231.3713760245678
225.3741383337275
223.1960341184299
220.6245512985615
219.5093767202511
219.0042910980271
215.1247821720751
218.4536014321947
219.3947088681618
224.1638124556885
221.1466452060382
219.6312979710459
220.4842124040486
226.4956045000174
217.4507487541841
220.2894934026191
224.2142002433669
221.0141803357866
216.0124737041319
218.1607284513955
217.4904327958899
222.3132211671168
221.0653746589456
220.2062286713083
216.3813717737901
223.1621731968764
231.0966921394244
221.0553204742971
222.011556556896
219.5846319575155
215.1530233834595
215.2423800151028
223.4293886231812
219.0598127781985
222.2804185023604
216.0900252824824
217.5432376492473
216.0654429377292
224.3324811592942
219.7814534780003
223.2928175918108
232.8902155427114
225.0404994408007
217.3213106725311
223.1310735683865
222.3587613986301
220.081607253739
216.024363270215
227.65944447194
215.0077290330621
220.1509419484988
215.4965150926143
217.0704043076682
218.3047809189156
216.8043599070469
215.5271914173396
218.3641469482345
218.0462308472764
218.7806590160139
224.2307798091327
220.2982430062599
221.5239120912292
218.0447093477978
222.9153316480017
222.4414091977191
222.3611743839249
221.2902846229906
217.1946016192917
217.0434544028425
217.8389193545255
219.1524904533311
219.0676215189853
222.0988316492413
217.6871460979191
225.0505984912856
222.395842628269
219.1478814227426
215.4353441409256
221.5428200418857
220.1057186219371
216.0790278976707
219.4140944676537
233.4735481907016
215.6583784110783
224.0824457469396
219.9246389633323
226.3421211061174
218.2127759348772
216.5371553783816
215.2045161874499
223.1885880994026
217.4568784194146
227.0351945132696
220.4392600949136
223.3329856129376
218.6843344666379
223.9794735028165
219.1277946551654
221.1234377520308
220.0395183635518
217.0177042634421
219.3710346541843
225.3893069027434
220.5337165301009
222.3691518328426
217.0580381750293
219.0533142690199
219.9916024328821
222.4617862741033
226.4279805596195
218.0958404537432
219.107297199959
216.3283097822582
222.0515765724586
224.4266826444789
223.0283080584985
219.9553532454095
219.0153977943689
222.0329350497673
230.1757052497119
222.2404615419685
215.9223023793114
215.6155280317248
222.064432350748
221.7515114610024
220.6941510793982
222.5955497335867
219.5160588200902
218.1304389054865
222.0638173076561
216.1358887991224
216.2940071379247
220.3759123864546
220.0890859930597
220.1307432055965
226.0685257607476
224.0027631016365
220.1988835614181
224.0132964986208
221.6657280367382
217.0370657436579
217.0210235158904
224.1500042653111
221.6996716814983
218.0239805856874
217.1659658390649
221.515917585208
227.845165474299
218.1112795774895
218.0679567902655
220.4095762339382
228.4372823001358
224.5796442549794
220.5049608532217
219.6064458726392
223.1835444136689
224.4203500318211
221.0474318022162
223.2629813772454
217.4427254586103
218.4488048131075
222.2451336067403
225.6554506461074
217.0762468403295
220.0393036086973
222.1946093669395
222.68542193532
215.270248977357
219.9693191154461
216.5237879356831
219.0359179849604
217.0532275542612
221.1844702694677
220.545173306157
225.1051593738753
223.1428861042443
222.4844012667101
227.1669763067051
226.0126390216399
218.558843528721
216.1202360148964
226.0110117520047
218.0958473636672
224.0181404017978
222.005784162422
221.3987530719182
217.1348896756422
215.8380881452508
219.1156692075533
222.5992770694683
219.6209805334825
225.0107555095803
220.3167839131466
218.2055306878471
216.7438271810662
219.044167770593
221.3197450481607
219.4517009667607
217.0004785758962
223.0156697031422
217.339379747088
219.2708295955369
218.1876304868505
229.9835847674645
225.0233584720285
217.186612658931
218.0258601183763
224.3354092058459
224.1374261064751
230.0912281382144
218.2571216628239
221.0057979316174
223.2718360225761
219.1069150300228
224.8597339472726
225.3155716287313
224.7980508082532
225.04481826752
224.1919127597977
222.3632721682943
217.5734782906074
222.6036097722478
215.4340685541592
223.6530891009614
218.8648679218058
216.4482293343838
221.0087948153344
215.0805655786375
221.3515268631744
223.0360000660328
216.0422513562832
220.0799727585544
224.2776512151966
228.1230291364566
218.4496836584243
224.1945406322604
216.2707453758197
221.7075098107899
218.1029248325497
221.3857909970135
217.452529880298
221.1033453755662
224.4593594647247
222.0367073934211
222.0635332429819
218.7176716462727
221.0827168834572
222.1803296347517
220.7494445769283
220.0196688320241
219.1283952941912
222.3875136477314
218.006890189822
219.0220871954962
220.4605010039179
222.1346095715361
222.7406573284122
216.0511666315195
225.0754832678489
222.0121782790204
216.5028683162694
219.0353402765916
222.1492726589713
225.6029064925633
217.057519270569
220.1492493025446
221.096800711787
218.4656557088998
222.3703888520235
222.580452367875
215.9658130054431
217.8291877873835
222.1483850521579
232.5709713534082
220.1137114559291
217.3935037408459
223.2668944335072
222.5326125395664
228.5646536600301
222.058023561049
216.0727596465925
217.331083512614
219.0004180258926
220.2084810082656
219.1328850954582
217.063838836552
221.3560168908228
216.0538771882624
219.129962752883
230.0905782716482
216.0553095522393
224.258271683784
219.1172089936165
217.4307381637338
220.2644524883893
221.0442822484529
220.3288521105395
221.0079820799053
218.9278007230048
225.2776071343283
222.5364834940572
226.4633064730224
225.0146014206715
222.0500537845475
218.2375957567298
223.1312085612488
219.5903888480535
218.4223226749813
217.4707850738359
216.3201580716384
221.7804323670911
230.1559358660431
226.4009949102111
225.4068026015654
224.2638242663069
220.006666139263
224.0286183949458
225.1114579974626
216.0689597935403
218.0193149123948
229.3269581158898
220.6706620896894
223.4325063378104
218.4488207697989
222.638344466936
216.7827746571762
218.1798458567644
226.1229666605336
224.7623009517043
224.0875915883936
219.241548382726
216.5898600808957
220.2042629549806
220.2317492346249
223.1879685930502
221.6861817878364
221.5135823219582
219.2106406916633
218.1012766491857
224.574446838888
225.2127133227308
222.1229525415528
218.2419822231974
216.1390645288216
221.5232349859921
227.1357260906364
218.1729571938302
222.9492081571748
216.2700613317319
223.0198553753312
218.0626024681224
220.2725665092704
220.2732254018972
219.3754895136996
219.1616417734498
221.4824355878761
216.3116115622352
229.3730218763445
222.1907778396079
217.2433461420658
219.4198303588605
226.1403708463262
215.043712168444
225.2493129708976
219.2214882026452
217.0087812292067
216.3822758368196
216.7701676288842
222.033319323617
220.2853991365013
221.6190048626373
215.7328915019137
219.0922086821354
224.012380773583
219.323097751821
227.6607901972761
224.0649519650016
221.0924906978701
219.1054624705727
217.6690049574661
217.0322971686008
219.4182167251439
219.6581565544164
217.0978468013883
217.3265925178434
222.5359261627245
215.5087848642025
227.1482900211952
219.2991482269619
218.1216804844449
221.5138098153009
232.3063274957466
230.3059018853786
219.0744117430557
226.0101614807172
216.2171159928536
216.9047730110657
216.1350161780019
219.0288072502598
220.3032326244599
218.3447058848711
228.3376126097316
218.3998393349026
224.2694503316356
216.8886774719246
221.3863175808416
221.1277186321368
226.2148474149826
217.0149214925406
220.5064742129746
218.6671615029437
223.0389214876844
216.1376504294608
215.1435249707486
225.0226523113636
219.0096867684533
221.7706487110289
218.3137888016955
217.1149399896729
216.0183864746811
220.0578309450006
226.6563891516532
216.7691830556313
217.2460553115672
231.0198025383364
217.9929910312519
226.0522455168071
218.1239951665475
221.8041532448466
225.3161505911198
226.043209474484
219.3140587531189
228.1397889782494
219.5199126372729
226.0624230503821
215.1721111818057
224.1339135299355
220.236466938298
225.496565940472
226.6076729064952
226.0210485925973
216.168980387074
220.4588339737931
221.1438243773068
219.0286964144024
217.1703699429829
221.6986056206456
218.1664271171615
224.8238856264302
225.9540248236865
217.3213165318179
220.1313430386404
222.5775590013717
219.437800571052
221.0198361216421
222.0683740873642
222.1953571205541
220.1527952023891
218.1754956397744
216.367641984027
219.1564192330654
221.9572559819598
217.6185612345841
217.3102499536838
217.2204832325884
222.3825977608208
223.8022539259197
220.1543150496944
221.3768243401375
216.0060894790653
216.6151558545255
216.422825009932
220.3480408272654
217.0310324901785
222.0450499659507
217.8296327449899
219.0933189015838
217.0641128249731
225.5578788528597
224.2485944227684
225.2212016878146
216.2258711585847
217.0599605460288
220.0846485684179
221.7555817462861
225.1004693770518
220.031274028489
217.2041050707707
216.4661755105365
221.1873302888039
219.2677983281759
220.4165975011747
221.2083878873402
223.268346923371
217.3239680735813
218.1268157706697
218.0771351578938
217.0277032107089
218.0505368101726
216.6720954991434
219.3111460159674
227.0215507669773
217.0680503087323
223.2859260523125
221.0401501255531
226.8917472036262
215.124230113234
220.9786869391221
223.1692422303647
219.2233202220434
224.00192888459
216.490862703099
218.0998263908031
233.1270777580065
218.6635689312151
218.270110528561
222.4414661233912
226.0397782289588
221.0305390300861
220.0617889968086
221.1453849164936
223.2210737283445
224.2912918969465
219.6839589164001
221.2546365459813
226.5014238080719
217.393155117619
219.4878300614379
223.4654401094784
219.6178939587002
224.0811835509194
223.0085937027968
222.0352998317155
228.3909571145567
216.0780398104417
218.056319338814
220.3465522958975
219.4578908511329
228.3211263368122
220.2934605788051
226.2189920384664
226.0906001896712
223.8763422025247
222.3140424939037
220.3487245410765
216.537722018635
221.2445599620854
224.5225027393303
220.0337394329273
219.0189351530344
220.0474825911455
217.1868703789524
221.0437727288129
226.6017159598923
221.9379886674789
220.2844792870029
217.0475142845908
226.589675516103
218.1386742887952
218.2788731105102
215.5245915398708
217.5512742261151
225.438420007598
218.020377151689
216.5070423611199
224.0446151664065
218.5957270182007
224.0952562337201
224.0591019853711
217.1459536435402
222.2614873083406
217.0771195098386
222.0804808469334
219.7462182130079
219.0596624550475
222.1414896620276
218.6468350548339
217.4200150680657
224.3812295277692
225.1349811849632
217.319505097681
221.1907124243911
218.6191567092829
227.0230718898892
221.1330990554153
225.0071359711912
217.2127306367012
219.0819688687812
218.3226461948553
221.0153727260159
227.3127643758738
227.5859358666941
227.6137033235483
227.4194421573836
222.2535363127894
217.0427336817283
221.263997795448
228.0770424086978
221.2311534889815
224.26219364221
219.5851555501252
216.2353767075606
220.3597148307017
221.2894284678786
221.8077081160312
216.0533629503658
216.4162395705753
219.4457153386731
224.4952334309874
220.2966052315313
225.0863272698803
219.0879831102408
228.6008370237837
216.0037855169571
220.3145799878863
227.5931143965891
217.3566680936265
227.4325015437821
220.065480626601
216.6067767221395
224.4566103149209
221.0195806389901
222.0653665435744
217.1486745595766
221.1062504807334
217.4671871299425
217.0886883937355
217.3497591675243
218.378900506392
220.4924398206147
216.2829514714869
223.0679139533874
224.7242225226028
222.3297865569641
219.2629301487274
219.0683472588693
220.568957431624
233.1504816298369
219.6318699455006
221.0596230446737
217.1423962485889
222.0463208399749
219.6399037846333
217.0932367538663
215.2729220689051
222.4563045935154
219.3945652943939
222.0815297409326
217.2392415824039
220.922128517266
224.1285651756807
218.2450579944235
219.1533097164991
225.3608196961263
228.2129245038989
223.0162495903007
220.0110263219171
216.0882345815317
216.8054822068243
222.042880965489
228.0234180154956
224.0191277690916
224.3407686568671
226.5415741521999
220.0861643029927
226.3111781571222
217.379832888539
221.2845368279389
219.1424088410029
224.1499091681544
218.0364948155848
219.1441903581913
220.0954825267997
220.3651891476993
221.0303744653477
220.0910622210985
218.4917863323666
219.3272194172062
220.5084033610059
219.101228711068
217.3984750184758
216.3432050887052
225.1302535350657
221.1569951799766
223.5919281965113
217.067722435296
226.7680333791621
222.2865029052012
217.5633174352147
223.0360980982046
223.2295223693669
223.1104267504124
222.573547555921
222.3897115969761
223.4543135076426
223.4323506819394
221.0346570225421
221.0507149584562
222.0934029946317
220.2964680285776
220.1021003910979
218.1668217465727
225.6622375579169
217.5963643634248
223.3325016201515
218.1718774819186
220.1670980794157
218.302590658829
231.1519394286385
220.7228553264655
218.0615552855206
221.0076643032253
218.0984485845
218.1179818989898
218.5980296708772
222.550435117771
220.1423981659178
218.1019955850349
232.7119857495151
219.469194766864
225.3308898513251
223.2592203166463
223.7013602245823
219.2712181521173
216.1569816072396
218.3324151317995
227.0774836903172
218.2758677927138
220.1634870181627
220.0279901297623
218.1320420751044
222.355687460287
222.2611098614179
221.8491240646692
216.2760643751536
226.2490005631041
218.0252449430828
221.8602195457363
219.1854989933323
216.0961883271678
219.6496585390684
218.5759275207815
222.0696628270789
218.0353743574287
219.1375866211679
217.0393027056992
219.0125881269541
221.0343344578973
221.3205969511113
218.1955082975174
218.277398120393
222.2534684370558
220.1242857515521
218.2843511704009
226.8911719179696
220.1569300380076
223.8108689324319
224.4657315084363
222.0884487600057
220.2897230514183
219.0370946068165
224.1665277436219
219.5166363524279
221.3214132470835
215.8753618940049
222.9466408089829
223.3430649927252
229.2449241574473
223.4319872895184
217.5579325761817
220.4636594593895
222.4454829994061
216.2013753544194
216.1634245175543
227.7142447586617
216.5386972353142
218.1105776733807
219.0363760854654
216.7708706777602
219.5323015518457
217.3120287791081
217.299947339119
221.1720227306873
216.0742448669373
220.1977187848888
218.2193425177886
225.7520287984972
225.1897207596029
220.0934650607431
218.4049154314366
228.3041583871479
218.4007157383409
218.3391646575153
217.0175725222878
218.5958642724654
224.2744407079243
223.209261921911
221.0030761978631
219.3844514943414
217.4344833420827
218.3455610864059
221.28130838621
221.6214964450271
221.2277574647565
220.1378727148442
219.0845701808515
218.0832674409187
220.1385405806652
220.3168203056578
217.2762180354941
221.1819949004102
227.1117135426353
221.4715572860892
220.1605860173308
226.6051512672583
219.4368462727221
216.1591062408599
218.0595916652711
220.1649138899441
218.0762913501469
217.0379731493786
221.0463778135513
219.273648379771
221.5144943030212
218.0030874064209
227.5161398504966
224.128580055858
216.1426700798881
221.4358865716694
217.7407869846151
222.1148504277227
225.1491479018624
216.1629248097748
222.1698838687816
221.0735566726217
216.2360781279738
218.8582866405278
222.265225568676
219.4167916912502
221.03929701496
221.391595936247
216.4860198889182
215.3527572699027
219.0992942858026
221.9753510440545
219.6934288441985
219.3572942143136
216.7260078718051
216.1849115593888
218.0833968278169
222.1112755208426
216.1510752549466
219.1233751642777
216.9102455163941
222.0881083792509
222.095035279583
221.0808896612006
217.4101941612754
217.1257424137393
216.4541246078478
215.6881321805771
217.4065412080213
219.0152404005215
228.1344557067699
222.0752855446628
220.6101935581554
220.6375888007076
218.3292111128827
220.5168062358323
219.166507786386
228.1521974251239
219.2247862669676
220.6577541289545
221.2108630947294
228.1322152410207
220.8698332141744
221.1379008633512
217.063154248962
221.2225183120657
218.1034723106806
225.5674362050464
224.466863578189
223.2918955390651
230.3561247910718
219.1245549217289
221.0920353320237
223.0940367460552
221.9099457992056
228.138961917702
222.2941006607171
223.1854794678
228.2990224293882
217.3846060665989
221.1551212856357
221.2076963013036
222.2404457854218
219.1019649956206
216.3784971217391
224.0575825028783
221.0794995077284
222.275886344974
221.1115534581862
219.1254894120326
218.1948396102584
215.4354579667407
219.037634422954
219.0613087738374
221.2823807213097
219.7301834087821
220.0545826633095
221.0564198521498
214.81866201126
216.4932104501352
221.1593122843353
218.4078890484692
226.1987532840378
222.2312662946032
221.1986995382883
220.5704176020798
221.0935284137413
223.0047824415579
222.2911015807402
220.2259284739401
219.0341211322319
218.0205581937756
221.0262488527095
220.3065429300989
216.2075125943226
223.0331979155684
225.1589548514059
219.4950032358834
223.1541217990902
216.3025856931861
216.5067366741962
222.2760411611348
223.4709016833315
218.8163822865349
218.0072410786952
219.9220526815001
220.7154989546596
226.1026433538937
216.3890553036845
227.0261317604427
216.7599082579291
221.7294717412948
216.4631545510947
219.2372177458975
217.1163282874279
223.1182747074
223.6428460128378
218.427145478
222.0871319171914
223.3167163248985
230.3326763127073
217.0298475847255
221.6990103695649
221.0676270937212
224.0505528979507
235.3099316259855
224.1136777287427
217.7539433736562
221.040592030244
217.5760836337009
222.152020539426
219.0450437510537
220.4761219490285
219.4433482392677
220.2672201189927
218.7274278047333
225.1018132061849
227.1467041634016
223.0841762681702
222.6376159900558
224.0814216434703
223.1529436219898
223.0714767557105
219.6028638362552
217.101638655207
222.369382572904
221.1319584909111
227.9480368468552
218.1083961453523
217.0639137056997
217.2986596296331
223.038319282662
218.1509293030007
227.028972844
221.0876288888059
219.2616402343381
217.2872259381603
217.4119640252156
216.0076066508423
223.0436363846523
230.0458573165048
228.0159119511001
220.3231802338428
221.2918977024074
216.1457167476787
218.1283875460866
216.2581234105302
220.1531092570647
220.0267381599111
218.0496950942295
220.2529146338356
220.2458338129637
218.3837854535655
219.375732454752
220.173918144235
218.8485350907377
222.0421908941776
219.4571928188044
228.1480109909347
222.5274686955268
221.6333572080684
223.0259124397898
224.3415319846743
220.3276392687712
224.2868766846818
228.0803494033626
221.5950099241355
219.0163643534462
217.2743222459249
222.6475962512224
217.3932637570182
217.0461007787933
218.0634050993244
224.9175372112217
216.0314997459257
217.1929767834185
217.5947715203197
225.080708095224
228.2874221176697
220.6143246703883
223.1024901864842
221.3832401986104
216.0603159677836
221.246218953366
215.6387427056315
222.272882600976
219.2073611279381
220.052861823847
218.0711285793026
222.0847520597106
232.6662030190182
218.0753355708299
224.0088975191725
220.5625957739716
223.2814937524807
219.0834005767134
221.2354833737339
223.5500288094873
219.2392295723517
223.1411802173411
225.2043917922739
219.1214768082214
223.5154915732287
224.1048280043806
217.2061059755419
219.2175007017849
220.2232105288316
218.0535508253942
223.1203529504356
216.355443514283
218.9749805938141
222.0817594052963
224.2802983305769
224.1678077264932
219.0700937200228
224.2697979782626
220.793725181516
220.1492184017932
218.1334120428558
222.2149550711189
217.3604639703307
217.1541402311376
216.0852085473245
221.1647383132954
218.1102887552648
223.1025631247712
223.9698170765569
221.6405963718306
221.1817715128721
219.3777441997509
217.2379666917792
220.4230849637484
222.0417344252967
217.0571399579671
221.0843922730992
218.2136492918412
218.0283667759437
223.4766691112482
218.517375916677
222.5350033986893
219.3335167305487
224.0641741061825
221.0469926294193
217.1006710929608
216.137519292722
224.3129839818492
224.4780736712733
218.4771853559704
215.0252157196188
221.3998032474702
219.0709268906229
229.073170381879
217.1698352686012
217.4826325520276
222.0482470503958
218.2910201831068
218.1175459388608
223.7600626484463
219.2590319814246
218.5381782529308
217.2876123031106
216.2840412471177
217.4934818708707
217.340713426296
216.1180115119545
217.5167504734981
236.0736235424538
219.4877421678453
229.2341621413276
224.2038514244811
224.1017139345285
221.04257755817
216.8547946151961
219.5122423421161
221.9395447025251
220.0266816388133
220.0397806973052
220.0657364982958
223.2829628712372
220.7222066581652
217.1181376457829
221.1699273459617
222.7313485820292
221.3566969033666
220.5527056539038
220.8600240550296
219.1497498655887
219.3595579311545
222.0229694694504
220.1792687492476
225.0662109137787
230.2557573775529
222.0959465155232
222.3940067281834
231.3616590751909
223.8372747083999
217.7279087538282
216.0101396818039
221.6236909467025
216.0723369060505
216.5223965636372
216.8106831104343
217.4201948986665
221.4336914256639
221.143141439196
216.7355840442893
230.0898654371836
219.2249155017678
219.0113145185767
216.201192902199
217.1913870624931
223.4975228510229
221.4298631603712
224.0855551786958
220.2843949555939
221.1214786985117
222.1600695959557
224.5272812758499
219.004843760269
218.7993318625621
229.1697498001541
223.0593187440096
216.0111085312534
222.1889670219478
223.4805398789133
219.4310647178909
221.9798805202351
217.3015184516342
220.4477565076201
216.4979933067021
225.0556085083745
222.1828711368566
219.3671721709895
219.4933012898091
222.4878300390734
217.280783732425
226.0855729935745
216.6728718299041
216.8220932218994
218.1187818096503
225.2747319944797
215.0793215142243
226.0254034613319
223.5644986227735
224.1314908859993
219.2104532293457
218.0349887341951
222.3004858735409
223.0267096943746
222.1418023435556
219.1681961129543
217.2274583022984
227.2218481788465
216.0826212142803
227.2842058599974
224.3698594756905
219.6541954277614
220.0659564268948
222.0599664574398
216.7057377471234
221.3141777600909
217.1996618370964
220.6908431341848
222.335663906193
217.8151203674699
219.1979585156356
219.1405969863965
220.906139098964
222.7169388906597
216.4288929431936
215.3228829602653
219.0178605609244
217.7427601231561
224.1859695453562
217.2966200549562
222.1085245817619
222.3993677730264
216.2255944066937
216.7245561737929
215.0245709672696
226.0472335857868
221.2113269114116
222.0446525662472
226.0531185273062
220.3312900767726
217.057012141645
218.3031292538649
219.6725748339734
220.2311420269994
223.5272292100252
219.1559405130689
218.3733059161148
220.1332573996611
220.2475660474045
216.0271182955565
222.121794099128
216.7113250313379
229.5639795319512
218.7539208834179
223.197105222157
220.3311221026563
227.5952048685612
228.078823470527
225.9256610820707
215.5180002232398
224.3394742164576
216.0986187857146
217.5365174002926
221.2527585649165
223.0884414929298
217.3123088633492
216.24664760259
217.8819028023291
218.70637957061
219.4930586341734
223.1737605488385
219.166559791573
220.2791025806232
218.2167135959692
221.0319949432433
217.9503806317355
220.6398735002599
217.0195240077113
222.5304313727215
217.0120942774811
222.5317395558287
221.0829464873235
225.7188197926239
218.1604358737256
217.127456775243
220.5216839612407
221.4265247523574
217.4483811288108
225.1115904170132
216.1659766536559
224.1152355939525
219.4185964972083
226.4736499089988
225.0985022547312
222.2385306105032
216.2133946122509
215.3372624760944
226.2615252858499
216.1293915750632
220.5434929445273
221.69801131716
219.4301607240415
224.46611612934
221.0896208373796
215.0401828396545
220.0446987765317
217.3317174267857
223.1736487546162
227.2448931086572
217.3604764870372
217.0259377851135
218.4603945390802
219.2251497059194
217.0838455663853
220.1450123800268
219.0390328516561
228.0617538434199
216.0068246776547
218.3074308752438
222.1100952135107
219.5416284598797
219.4657483776507
219.0645666597128
218.5149713460499
222.1341362589093
219.2544008258934
223.9766788329999
219.4805515635267
218.0958872431586
228.8424589933627
220.0336791915791
221.4365573993812
216.1532519721019
219.1884576488804
218.0206908153605
221.1521387314588
225.1338160866037
215.7482836116322
220.0232704408901
224.4521156182965
223.2409241174742
224.0409974593453
232.3828263091995
219.7555970565676
217.1263421521289
218.1595856592248
221.2475012626862
216.1862751829722
221.0778345248826
220.6459810510833
215.1649330850368
220.579531304963
218.2488639098827
224.0563352882975
220.465728481163
219.0117094521648
222.5989016638644
222.1128205600552
221.8918907202776
219.1482625194691
218.4822267169911
220.0549726622249
217.3042649120821
228.1227594977103
221.0042578637902
228.6376974468332
221.1121275664847
220.054926180781
217.2891138837371
226.0594018538719
217.004166335525
216.3910022776896
218.0614062576508
217.2893731449213
216.4361733311107
216.4676503443286
219.5034728519679
218.3308273093816
218.1639029669634
218.0051608977053
223.7124048508744
230.1609799005657
220.5020233677087
217.1607397164186
220.6334658866165
226.4134432192822
230.0986356397775
219.2991081675816
218.2278824139883
221.3641523517532
225.1519797570173
225.1556638229566
223.194628021848
220.4055956473662
215.66706587695
217.5387566044673
216.6509211797296
227.0753372340796
218.0101455370081
217.1594070696323
218.2536294945795
220.1131877490178
220.292795965701
216.1684170436363
222.2109090590358
220.5626154100989
217.6029713852194
216.4238108590645
220.0247974369409
223.0368928102704
220.2295645599371
224.8850767958731
221.4705714868007
223.0347628949101
220.1306213494332
228.2557615365432
220.2005106793741
216.2102773395391
219.0077983855992
223.0103312183018
219.3891132214671
218.1096802433503
215.5199855358449
220.0650704684581
222.0340554221947
218.2443759054014
224.519074074705
223.4217721824958
215.1455327665473
221.2621145636806
223.1267383959265
216.5105271076217
222.2988212762128
218.1917331774135
222.4599977876147
220.838653755572
220.343483464616
230.0143715286893
220.4687925519825
225.0350313464436
225.3476239339444
218.0480527626169
219.076901921798
217.243228420305
220.9419597184919
218.3750592977229
217.352465808554
220.457333685604
222.0669993147185
225.6709717825392
222.8100237014656
217.3478217817792
217.0141808810317
225.0160539451947
222.5360449418864
219.1049892134102
225.1886667895359
220.2606286177316
216.1213375401572
220.1573598551872
219.0587616710629
223.2404394209342
224.5009853056782
216.7491594512106
221.0095162905654
219.0859203489492
225.2267783155494
225.7383452480486
218.2632252384523
220.1236484786797
220.18768272857
220.1874808347204
224.3737167763662
217.1928271641913
225.3517413833115
216.0982008032323
219.0199398539473
216.8103588229179
220.0256626501173
217.4643743207541
225.0459844060949
220.9951027229746
221.4596178086135
219.1180992968837
221.9933717284081
216.3396626918203
218.6224692050863
216.1287291172358
221.0744840882349
218.0015047224249
222.5279280616587
215.4586449615178
223.1122949213012
218.6018210180509
222.1230446040611
225.2500136066037
226.0852378269664
221.1100171808045
220.6411165749025
223.1103359055929
225.4579670708444
215.5084026888143
226.3501512821652
221.2357973707586
220.5071082252519
226.8726730564742
219.8602471905903
225.5144765539761
221.081482396396
220.0493524196467
223.1964036892395
223.2402065946988
220.2354996893501
230.2642446929869
218.4682119090884
220.00231592814
220.2898570326148
225.7776053297645
215.3820597964512
218.0690896185329
224.2078121254095
217.2446357624535
221.055625896069
223.1016988706302
223.3215446336784
217.1352829723542
223.0437585724655
221.4412889962184
216.0366781354386
227.4698224447773
230.2619120248773
218.1306679702778
217.0865041371125
220.8070704652474
216.6151051308114
221.0903110799478
225.0583008478811
220.5015108880388
217.2084109388405
219.1717302971419
217.157062584478
220.330522485238
220.3229533491271
220.0746697728248
216.2832946622228
219.0081211800118
215.3287311317152
221.1234693034633
219.8334288348265
218.1597769983283
225.005896600644
220.3277256010455
219.1415906126825
219.3055873036062
220.3542376700583
217.8374981444753
227.1094113570841
222.0760033241829
221.3930755886328
227.1557921865449
218.2600707969905
215.4771985282373
221.3458358915171
217.437208155567
222.4509143337768
225.1064252348112
219.028320890186
219.2085052304398
217.2654545145018
221.0018645457153
219.1169270100621
217.2194152566576
218.2308021671034
218.0481932994234
216.3762185575901
225.1326553446788
218.1563356364578
218.0066589431565
218.088985240999
219.287030233506
218.0899762258656
220.071047756095
223.3296878971387
215.3339683522247
216.6247666099635
225.0873239944951
219.405799661168
222.5597823415121
229.1949993914027
218.4869101742671
217.0822193983554
217.3202024444211
215.5155373555476
216.6307197994793
216.1193080860029
219.2908408652615
224.7998561596249
220.4420861056836
226.6755635754273
216.5217182767744
219.1999637826226
219.1289080460222
218.4257377700274
217.5878903326333
221.4499801647563
223.3035033657354
215.0612052769077
225.0656171811355
224.4239527802619
222.3661141164225
221.0831775123321
223.2660071695915
217.78742415769
219.1640359560642
224.1004473883006
222.9584096806018
223.1160955487099
219.4397544086611
222.0993037058589
215.4740117955759
222.2981557821075
215.0399386101775
220.3612188103341
224.1724513709774
221.5921110313987
219.2352698862677
228.5416167391963
219.273758156672
222.2355795157729
220.3002773965182
225.2652048721718
219.498971485099
217.4922084010664
225.1737634160596
220.1723402331908
216.1902452614634
227.0392181643597
216.2011675780158
219.1338811205412
222.479444115458
217.1387029699708
229.2294376212885
220.0731044504024
219.1266827594284
217.2698626714515
228.1096728333637
222.2455607193205
217.0488647693591
219.0728631705493
223.1012116615437
220.2709321991302
229.3764771849238
217.0045896572296
220.230793198527
225.8840984747354
220.2543450749604
217.0335364872211
220.4226546856084
220.9890293755103
219.0265597019699
229.4395695079237
218.0564763370593
221.2714150219462
218.0461715385974
220.2585809978905
217.0342862165627
218.6302585829996
219.6720649222426
218.4390513252888
219.3567305976529
225.0501417771591
223.1980243168219
228.3783394042811
223.8439668963393
215.540325759042
220.1128089015991
222.1742031309521
222.0694987045617
219.0321481674099
218.1582721638429
217.1009292306287
218.222233148235
217.1224293712803
224.0800205222559
217.8481553471332
217.7870823473305
218.1212362557967
222.5181711948526
218.7719458729935
217.1816912696034
216.3939697245368
220.0702092571559
223.8307651809016
217.5370638116976
216.0565425951586
224.7401224170382
221.0210511380911
219.0310738534008
222.0854802357428
222.3239167616842
220.2673567468079
