211.2600783607976
215.4249678071044
210.2120642930761
215.2061940882391
214.2997477699158
214.4934647307904
210.2678058236592
216.6037132394219
212.6303230948007
213.1359296872848
211.7780386952749
212.334731272161
213.3064888632468
211.8442004431826
217.5287797050572
215.1985083788414
214.6520756121714
217.4602717846016
216.1048433805412
215.0700175552179
211.1345278587999
217.3395965101088
214.4132729529462
211.1176500662098
213.7281962794397
213.1382373013602
215.4113394080212
212.9323976367689
211.7552158090926
216.1282288469446
216.4785343004845
213.82762682933
213.7555615549092
213.5830358564457
215.6756229456951
214.4828321939346
214.3310870597287
212.254833722208
214.3659463833652
215.2174042118395
217.2196799431782
213.2316153866439
210.197710166206
214.3361279161786
215.5515186453418
214.6868385954084
215.3262213064115
212.557971308326
216.1063723282157
214.0592737762629
215.0150793741572
214.8285577516976
212.1333435428434
212.6228783043097
211.184783861996
216.1018464162507
217.4258455900907
214.2623493131801
210.130250458936
215.2140356621667
215.1689289380605
211.6739377668414
215.7752365920257
213.5258043823724
213.2960871979122
214.4207876104967
214.6049521708617
214.0382749476734
219.0251731393353
213.3736143469741
215.6821625673184
213.4320967526614
216.3914602908693
210.0633716162945
214.682184347761
218.1817364419064
215.1866652159002
217.5076818009104
213.3830484877053
210.7757496672188
212.8475105921949
211.4483147871268
213.3792901806458
215.5960030676637
214.1627951097448
215.5345924921585
212.3084844228522
215.2445831071478
214.7301192886971
219.0409238488851
213.2824541453339
215.2280785930943
215.4967603153657
219.4353325447858
211.9277150834824
212.5011068411924
214.1258099962259
213.4598129680176
217.5663339619697
210.3164795474912
215.5267999364213
215.3135961984224
212.0149329271085
214.1409618315407
212.940620924981
213.7558765995378
216.195765110142
213.062174004623
216.6478822210693
212.2957910315691
214.2018352818356
211.1818823562073
213.2501349067639
215.2429144544677
213.938866086205
210.1657079069248
210.5461947795851
217.9158841994328
214.3723654523891
213.3417153888348
216.5785323248097
216.5142711405036
214.0437778075081
213.7001081138385
213.4304883232195
213.8957163764022
213.2036955617691
214.4909473904343
211.5379493324254
216.6602892721723
216.4393458540213
213.0658368863423
211.2999151356757
217.5321419917879
215.6333230632575
215.3924864553077
220.2857609403226
212.1333988824848
215.6090012013749
215.2371631792024
212.6171534726182
214.3482148825595
212.3558937661748
213.155100716204
216.2026926469472
216.2733814278175
212.2238155969258
213.0962574027778
211.5525039097099
211.5041528965414
216.5502779023185
216.029887692238
214.325688690972
216.4830872251037
215.2259235154876
217.0717541237586
214.2922686572026
211.247432471488
215.1190971892743
214.0600322011016
212.3406378493812
211.0474099732381
211.4636747397196
214.2487968494263
212.2402752258714
216.0173193294543
213.3491288645391
213.1220668886406
214.0084607781871
215.4152271994272
211.9260289758147
214.4015495471661
215.1350083940727
211.3385178925986
212.6403238535183
218.1671649642751
213.5759459553637
213.6397437945908
217.1654488723931
215.3222560303425
213.7890502921497
213.5374185514021
214.5778645836072
216.2682223579949
213.7138060111143
212.523496357467
216.5888606349879
214.0136860924636
212.3355574400445
211.525568775193
216.4310384025824
211.9126736735634
215.0834098182667
212.0456748983556
216.2034284538458
212.2706856655544
211.1366108624435
211.9984118347976
215.4776011025139
215.4521759747192
214.6390850581602
213.1437461613455
214.2424793250322
217.1603405497324
212.4505553490012
214.5770386000818
213.19853064682
212.706386804312
211.0874280278621
213.3862955818837
214.0733420013779
211.0365543792333
213.2031694733988
212.3640663307853
215.6000628504863
215.8803229352371
214.6008871501854
216.2682934923237
211.0679917457943
212.0156598031978
212.1549457477588
212.357127771918
215.2873818937589
212.6271770641437
211.3854160726289
211.2696932754971
213.2749162913888
213.2051446089074
213.6075066337498
213.0128934704327
214.3115682466773
212.5632837819978
214.6243296234217
216.0634239647961
213.4080704342548
211.8666870099416
215.1575171597005
211.1492670731891
213.4888822647347
217.110633907948
215.0860570254535
212.5232697520405
215.2094202692663
219.1439211192388
212.0876076836978
216.098014845621
213.2352283687852
214.5446119454248
212.1169475780665
212.4376671332305
215.1344169379186
212.2636306940364
211.0771082336125
213.5697826562966
214.8149565149234
216.4846911673726
214.1656101761468
217.3008561772652
216.1785552204265
212.4704639012963
213.4897044128904
213.2886605977139
212.6817072721036
214.5469423713837
212.4036749941987
211.2289333792988
215.3423005607956
214.8636212766068
214.7037504695057
214.6720376218416
214.057853129954
212.2031859057461
213.3100459856077
217.9478601436766
211.0820313879106
214.0378856531219
215.3000359419082
213.0876809333071
212.315183948161
211.6174434744219
215.0305388752647
214.4877362604642
212.3244616054131
211.4019642690832
211.2071816475186
215.3014356622356
215.293844664957
213.8085518229486
213.3911150917918
213.0069430102177
212.4138871634057
212.6747031826979
212.015502461516
212.3487466797177
215.015564872934
214.0038209695674
214.4639627138324
215.6777656226384
216.1725372706217
214.2925330553408
214.2806052582631
211.1493905933241
217.9154082763085
211.2648276359422
211.4016105741887
214.0486425498285
212.2279312764676
212.2113441774285
213.1323842153635
211.0593555537494
214.2577317753589
211.9385831550218
211.1118011917929
216.9066325361959
213.1308900275029
215.7023627775699
216.31162565484
210.8040216390974
213.194523786332
215.1749318081689
212.6054423877955
218.5333476753578
213.3220097807616
215.648647063125
213.7991986394335
215.0686046808451
216.4984552383614
214.310607739548
215.2919979186015
213.2784053841841
210.4983383067042
212.3535085490372
214.0847321636654
214.4363004122477
214.2887534182176
215.5958451203316
212.6885792510325
213.2415231059202
214.3276223351256
214.3766777078402
214.1562484462689
213.1911967342542
212.3939938181465
213.4686561259998
214.8347106348199
215.3214035779569
216.7500605629486
213.1016287898
213.8010138285458
212.2525449564667
210.0848338725935
215.1687357581351
214.8273031284688
217.6214190740988
216.9795845842519
211.3856487935867
213.0016540519953
213.6422361835454
211.4495918019687
211.4743523461358
212.332956856065
213.8422837716803
212.0579881226867
215.2995956710773
212.1141740948004
215.0548514055672
214.0665483316744
212.2481321171342
216.0306718520566
212.0897627570529
212.2318109153003
218.5362011312648
213.584709442503
211.1938266955991
214.4984627812549
212.5652241852325
217.7902088792864
216.0079751548114
211.4521464618014
211.512091749459
218.3368152229186
215.6857163756533
212.0796828853783
217.3171471294266
215.2628722225484
213.4800572564122
217.4974007803418
213.3716023220806
210.542019226935
212.3768333002773
220.5695000164607
213.0400082077901
212.3526578707693
211.5037089024236
218.8462814469787
215.218332296787
216.7057793405689
214.5690036156547
214.8687024239151
214.2301834464329
212.430009735181
213.0910256927615
220.9128726142024
215.175989298947
215.3706132660405
214.2651512109126
215.8032469208685
219.2636014153131
212.7417568328133
214.677494172099
211.54483662096
215.8498944085982
215.2485955791482
211.5587871498821
212.6791213511378
214.4220404915084
217.8372498724357
214.0984260557806
214.5540738131737
213.0609733031072
213.9281460012591
212.3024464181439
212.9882159063304
214.0143327344714
215.6287108444805
215.9088614119101
215.2191206784873
212.5075888684178
213.279644518693
218.4087522727083
214.4854188588467
213.3452414795987
215.4145862770467
212.6235237168525
216.7640150688285
215.6264346229997
212.0361088534536
213.6014954003227
215.0039887083262
212.249734586195
213.0119224291262
219.1317712291302
213.6897414235602
216.9255273428029
215.6973107375879
213.2138218627801
210.5555540963236
214.3306478449235
211.9456462988971
214.3392114354012
214.4795207587714
211.5197491443602
213.0982579333425
214.0344178331092
212.2736890633673
216.7263465352848
215.3979293338846
212.4215207666949
211.1697993511398
211.0240988105826
217.1944467225565
211.6246781187322
215.3228663267609
215.281896865647
216.5546929270144
211.0642559034943
212.2987664168853
212.0723751842188
214.0439034569263
213.3634185286906
212.2244139203745
215.4539087724303
214.1331755922514
211.7168242264323
214.2497716057819
214.3994710319346
211.6344719565962
213.334962621301
213.3462166548051
214.3198856277949
213.2829874017048
213.3633455892744
215.1543866613225
211.3214059527816
216.0943332779781
213.5375541948568
213.6231997811309
212.2293204582807
214.4408026936154
212.0076437999429
212.323581570832
211.1805904856451
214.4810805844305
213.2263701541329
213.0326809577552
210.5375559768621
213.4572331418208
211.1154877979911
212.0844585431327
215.4112643228316
212.4526170233383
213.1981808131058
213.1755222066725
214.6395587364209
216.4399089703535
213.0333614985241
216.2790952152419
213.9033119164417
216.3539255614827
211.1038341771368
211.5184034055204
214.4626294456761
212.2201740006974
213.2652726208676
214.5927412426451
215.4378070476403
217.0412920314317
213.200224914261
216.2679467566927
210.0529193851393
215.3154911211438
211.1408049915245
211.1217826784691
216.5792153953816
212.6434561685313
211.1625914735729
213.4439245770518
216.5031178432947
213.3214630717968
212.8174652371964
214.2381066244467
213.920655876793
213.5107068749769
213.4882872944978
214.3213355810802
214.0029111011787
212.2775399738316
211.0838581630073
211.4703453370268
211.3014473427905
211.125365427667
217.4617300191591
212.5771737945284
213.3728618948753
211.078630285601
212.0240640176286
216.2375886435479
219.0399639530183
212.2866471877939
215.7651573655868
212.3881876899259
218.6153569513264
213.5514828736942
212.311710989991
212.3012523029934
214.3102159794201
213.6713787340152
213.4090334696634
211.0483233407381
214.3697371369645
213.080384464549
216.9990008039134
212.8028834486803
211.0027867965046
215.2082953610269
214.4320506882443
213.1400272785488
215.0332972657915
219.3789238932226
212.8900342039319
217.7720253004171
212.5653481798869
211.0990617456413
213.2131555846813
217.329433744864
212.3164579269218
212.0429945395536
214.4690649034607
211.5168332454813
211.9201326551148
214.4236740049201
212.3008638463689
216.6093556487172
212.3597061597705
213.424606140507
209.0727636781065
215.9680487227546
218.0929479709251
212.3011785718982
212.0257382781884
215.2653550148002
214.3516966870152
213.2686316225379
218.3561934541796
211.2122534026997
211.3426556176775
213.0889422016579
215.7764447959088
215.1826356149775
210.289659952787
215.2603330546709
210.2889375788013
215.6544752868854
213.605406164464
212.3398585307856
212.41295927336
216.1398388987724
218.3299107365061
211.4471275047541
210.234863363627
213.0946914892628
212.0094456535533
214.0651379704692
211.4271482010531
213.4805538432813
213.0513155152416
213.6784566139609
218.3102306545179
213.146264426441
213.0999163971852
213.486031296353
214.483510961948
213.0349909756798
218.631556837128
218.6806983620785
211.7479103729273
213.9624293367407
212.7943166084055
213.1281374495531
210.6893141951649
213.2108068221424
212.6440693322042
213.8698478488127
211.4287806346864
215.5030259012235
212.4149700837712
214.1529214279674
214.680651652952
215.384554240571
213.118475339516
213.673601377573
213.0838871145687
214.6383961802178
216.2906287715833
214.3147988611373
214.0795582574376
213.504184884497
216.8236016854653
213.6115829832229
215.1332851918648
215.2229374073763
211.3315319302031
216.4779011007088
214.5134397905495
214.3803314385483
217.1090773598336
214.3390799194593
217.268697876301
213.6687284411989
213.2424706042979
213.1660866350712
214.3139153309896
211.1595175388267
213.296504550956
212.8313701491396
219.0272328121466
215.4941897353784
212.4091102701608
213.0908776437424
213.5436279201455
214.4936102834999
212.4292164403941
212.4242648511896
214.3269801091629
212.024182962751
212.0669109548765
213.4005900298484
215.5111888608092
210.3556940766217
214.1542161189226
212.264882873368
214.2497856673524
211.9329800052442
214.3141513349929
215.0648022208036
217.1293632776715
215.2301714538709
212.5245128430618
211.170512719657
213.2261871201797
215.1114763353401
215.5674901700415
213.3592441369492
216.3041987017325
213.0558971512375
214.4866754412085
214.4658761170998
212.239378439427
213.568473570163
212.2047551576132
217.4223397391607
210.0242000169409
213.2400955979707
214.4531616237627
211.8770192755131
216.6585874937266
213.257692809729
215.0663331321751
215.8329562882224
211.5088096543549
213.3201819329748
213.222385526619
216.5445418693366
214.0961635938004
215.0392104818196
217.5427988811395
214.1590395186477
212.0726394558153
211.1565011350948
211.1860206725277
216.8708696117737
215.0152613574025
213.1411640015841
210.4254179527213
212.3812363419999
212.1408428888531
212.0029566842231
213.1842401022902
216.4827831105082
213.23202739741
215.1030860928519
214.787422131632
211.2665182345633
212.2042256412437
210.7667309000757
213.6818888677807
212.1241185016037
213.3003787479206
213.1099885743844
217.282933770575
211.4985014477376
212.4101150444794
213.8163397816842
213.4765112067064
215.1099614799554
211.0794167823232
214.0309237534349
213.3803311337376
215.2116198035081
211.1008581201327
212.6345078291213
216.7882949999233
213.147874632643
216.5241618681399
210.2141736157205
215.0877516544652
216.3210763867856
212.2198752957939
213.5712799351098
213.197497012229
216.0739067770677
214.1409805910693
214.4916533379007
215.8372524010547
211.0412650229862
213.0894340637626
212.3858760307412
213.2704286131136
215.6369454460369
212.4427030359829
213.190843899386
213.1231897333891
216.9836719937878
215.6744172291618
215.3679087365816
212.1673557908193
210.6438143428339
212.1981164309182
210.3626474289271
211.060947100103
212.3042099095202
216.4015383839485
216.1114864324516
212.5141142612994
213.5239934868835
213.4113719219068
212.3297979983637
212.6542185356835
212.1427852809999
213.1795500852531
213.8333722117353
212.3087802156747
217.207531098892
215.3010532474413
212.8873899243989
212.5993232217092
212.0360790406832
212.2834139699293
211.3616193613145
211.2127153037445
217.2522234883464
214.1706366673241
216.1820998408127
214.3480119636807
216.6035109951752
214.162954761861
212.1715391307117
215.5434164963137
211.621766660923
217.8075323973414
212.8407922958479
216.5214127098132
213.2548399628667
212.824740389935
215.3830318537608
211.6907899844581
219.5121987645551
211.0140490495565
214.1668901274117
215.3796909357089
213.8464029086187
211.1799720859058
213.3399278290889
221.5931706127007
212.043202356973
213.1912684896087
214.4082466015361
214.3177632792293
213.2412028495457
216.1301293819991
215.18005022344
211.4347410940074
213.7238509158392
213.2784705587515
213.0061367530812
209.0795728914835
213.3390312633109
215.2982778102059
214.178494497334
215.6602050652021
215.4371078409061
217.2287334259353
209.597519735998
213.1469027671851
212.7134129047431
213.3772369588991
215.9419484115245
217.1911048778683
212.3562131804426
212.6165151881541
214.2893718011994
213.5126209470602
213.2605602173328
215.0271072692007
211.2529026674421
219.1806091263049
216.4005051645507
213.1216227628553
213.1232720801732
213.0547363075413
215.3332250304975
214.0473118960892
217.7928179655878
214.440358118855
222.2852444866823
215.55713602926
211.9003462533251
213.2359609169208
214.0895041872156
219.3127101990248
214.0084153941238
215.1698099395292
213.4372944464522
214.2305488944424
215.7064256190243
213.2298126184477
212.2349574753176
215.6476568330296
214.2328311861917
214.0500888630985
215.2342351747029
212.0353167309707
214.1733967656201
214.1751766467037
212.1096523818356
216.4853563679208
215.1394876088197
220.1561050159622
215.2325849745042
217.5064136242693
213.07941606475
213.1463924250458
212.0285122616251
214.1741608344455
212.6282063300523
215.1240201133543
217.1330396968851
211.7358216568002
212.9841047776511
211.7952049952111
213.5583319859113
217.5009417022863
213.3691669868039
213.2496045100794
212.2493128383633
214.1999832731319
213.4979297164971
214.1188042323193
214.153824179845
212.1680416656174
213.2381774009339
212.393423294287
210.5683570468565
212.2768576963437
212.0315590420013
215.261281587856
214.0602193883956
214.5051382719468
219.0726345802445
215.201840873179
212.3918146996933
216.7100850316253
215.4361066576942
212.0836989451689
213.0939073492146
211.298901415946
213.3682018851136
212.0379503048764
214.0170592494024
214.7859987390579
213.0186111604518
212.3261440516432
215.4233641315363
211.6759415067787
212.480992426573
214.3846643076933
212.6164746566513
214.3900224095061
216.1985045803437
213.2440690829998
212.4149502582208
212.2917727372335
212.3631538665783
215.8046648698696
215.3490397113073
212.0821587707929
213.7375109179096
214.733041952119
217.5588930937543
212.0367015583117
214.4589104395397
213.3282766269305
212.339216150339
217.2962611413626
214.2563451254186
213.1599127902647
213.2344098645101
217.2605560546002
219.1885182024455
214.5368001808541
215.0279051639447
214.3339269956213
210.2450908124557
217.5468053601649
211.2188543387966
213.347810826194
219.1193047469895
212.2981559217408
211.2707664745969
216.2021791966878
215.2866478986429
214.5771617679439
214.13152651687
212.1037303139604
214.1976525552475
214.4141130000824
212.3297162546221
214.2018093674707
213.100685715567
217.5043417537284
214.3163229244331
214.4182564210019
212.3631825405447
216.0074877189876
215.6591301118153
214.9420298753188
215.3365500386186
212.2234326524984
212.6974102178192
215.1363087699764
212.2620385582161
213.5466310503274
213.1284426962136
215.0899756910366
215.3235521330556
215.5962109552168
214.2517069778204
211.1817724309699
215.1961619740986
212.7373743988197
216.257497439396
211.5442319665409
210.4607229761713
216.6488786791695
216.4106686723771
212.1698655495592
213.0234172043133
218.1956168313225
214.5865314113423
216.5077228831554
215.4284284520754
213.9411286045883
214.0420761758571
214.1361787721857
214.2786695904034
212.0800102795847
215.0921269776596
214.2123771321112
213.298283620803
217.129364370675
216.5996453158177
211.8970645164279
217.6906829046446
216.5850828414598
212.2388940103269
215.2841378835189
214.5230488201279
214.4761159226045
217.5542860392216
214.3768669586226
215.2680050255214
214.00545480189
217.9704793634751
215.193357250523
213.4055543797348
213.0189104374359
216.6438991675837
213.2830492255205
212.8483768761905
214.2181997011891
212.5372594012315
212.9288398994986
213.0513209724322
216.1082056060358
211.2924064781445
217.3680197320527
214.1640878466206
213.6833423765394
216.1276597747359
212.3672045899328
213.4357222595389
213.39485362866
217.4690309494795
215.469202790681
214.1516168033727
215.4890175303538
210.9518900227457
212.3809867119169
217.7516616018623
216.1979353033592
213.195270320974
212.1667673127192
211.3724053788169
210.9980859136743
214.4411058438863
213.3284228555966
214.9177938219932
214.1422178604722
215.3551169690075
213.1623779857926
213.1624449937138
216.9047902396541
213.0440424724723
214.6749219764973
213.4605089352303
213.2140279169283
212.026169721918
216.4491723467328
216.2623509604761
213.854778243838
213.1131413575673
215.5126032750208
214.2072842880193
213.2064588719497
213.2557397887744
216.8151184259495
213.6186257221067
216.6844372404564
211.1465661686123
219.2467346137999
213.1378813193908
215.8588234914536
212.1994129230204
216.6864699546196
212.0320518521144
211.2284423973661
212.042039489409
214.203486254567
213.2365378075499
211.2889367755144
213.1164673399101
211.2234260754989
217.3111794639113
214.6640863251458
215.266399768261
214.2664203031381
213.9275729987389
210.0559188497216
213.3704619761772
218.9946932981721
214.6917730591437
214.2944879066357
213.8474914304869
217.4623605000333
214.2149471269353
214.6049095707752
215.1811913664263
215.1706894553776
212.3456892538362
213.4811257184878
213.4517971168918
216.0330401239524
214.5091198231114
213.6158202977763
213.5012195133014
213.436580495891
213.6714327505386
213.490399492629
216.0624152060722
214.1179213483117
213.2224344365613
216.0888171754135
211.6328596443285
209.1610600329916
217.0071123116633
212.4465660566905
213.3956906305635
212.1606392731868
212.3031868447313
212.4279352573372
213.0948056979281
213.9235557452084
212.560236160944
216.7533682558312
212.7669574017113
212.766099752479
213.0286258433968
216.0570020750318
214.707409370104
213.0977668398031
214.3484932125459
215.2777791449039
216.6044974180994
212.1013775161833
213.4987392242625
212.5776349634817
214.1581054400186
212.0183674086037
214.3278508325995
214.2535456913146
214.1060909430614
215.248397407288
215.0487784130185
215.0519207268779
216.5108328489851
213.9976197614774
216.589666524191
213.7586241973662
212.6723623394679
214.0085735041946
213.1270770841202
214.2778596394098
212.333068059634
212.1973211993593
219.2930488025684
212.9235505486293
214.5924047531786
215.1477769663608
211.2942846216161
212.6067618636837
213.5048215048188
214.6188710821638
214.2175526249461
214.6181070624766
213.1860954749986
212.9646076184062
213.6185291702127
211.0412369379666
216.1251194057532
213.1473935269308
213.3204735915656
212.1828561068559
212.5815871758971
214.2326195747708
211.5303272720976
211.0362830557859
214.5830084970877
211.5231828650211
212.0209727487726
215.2907987042474
213.1291139302012
213.1857269645429
216.2746197912111
210.1477275628778
214.1087974081616
212.1464328202254
212.4843575061567
216.2532401181136
213.057442743258
213.2801650638897
217.6348123798448
217.7140346831506
213.7332597468942
210.4652145445303
215.3918720009345
211.2597409277122
217.2578210206706
214.4740770499586
214.0453481529202
214.3932889885192
215.1453380030639
213.4104617477675
216.4472818287441
213.4359790335001
214.1674444774954
214.1772885472525
212.0954706633777
214.2284014122009
217.2537315754252
215.7175414635786
215.9840571290009
214.2862411356594
213.6880815826228
213.2286109732276
212.6131166594552
214.0352740385898
213.0992111693419
212.5238690588642
211.486371964758
216.5954980980686
214.6635272697748
214.4168640389802
214.4117187256135
211.1689544560709
212.2520304805718
212.0783210916826
211.0352329018239
216.7748827757803
212.6059152207994
211.2322839622204
217.0584307530292
212.4124775636151
214.1545468547042
211.2667822881041
215.8745571318648
215.5108146553601
214.9354796066013
214.5676819709439
214.2134189122792
214.1927588513748
213.2523108691277
210.2804623103634
217.5100636478174
214.5505071987618
214.6844207141666
213.1663593387987
212.3756024139014
214.5242416588078
215.3054730273306
215.3659326816237
213.0886098137543
212.1827761318333
217.7087987275646
214.2351207904694
214.8129369983897
215.4587393218108
210.2227134132049
212.0613929960595
215.3004572225027
213.001635421084
211.2409953842478
217.6655919506933
211.0860224683946
212.443809283684
216.0977135267665
211.8149917070824
211.5019778285438
219.7787948733734
216.3192531957056
209.6671926258111
213.7984624848401
214.1657214568328
216.1420294331232
215.0391115474932
213.4051695852365
215.5321771200824
211.5324125258021
213.3954679131241
212.2132223023347
214.5947111469006
213.0459855057235
212.3021879079151
216.2361181178307
211.5403068811582
211.0971375809829
218.1448068987235
212.3890454908997
212.576419478336
214.502977704073
213.6573777459434
215.1619180580716
213.2427873775576
211.4155855537134
214.1906203501649
213.3341005054397
215.4205912987224
215.3769561113182
211.4593535795439
214.2680387268377
214.3200910005129
214.6649031143921
213.1934473447459
217.3530154855533
212.0171108929584
213.0508269153389
212.4518086923006
213.0024559461471
212.1341763443035
213.546884083258
214.8601298766933
215.266672108462
213.0895261889252
213.2073783692165
212.2596642428447
215.8109584347368
213.2392668999707
219.3500357094718
209.683820509227
216.1544296094543
216.0755985967593
210.3513293213435
212.6151562123339
213.1277362040832
213.153680155155
212.0018917496371
213.3096458246909
216.4333995285707
214.1828889788677
210.2276714276029
213.1340223230894
215.2197951693135
216.1348726297289
215.1023176469126
214.9581120153325
212.5759959618903
215.2460315815892
211.3463184673394
215.2211605082735
213.6676950804532
214.0887924476508
217.1702713516256
211.7560143850806
214.730714372215
214.228269717927
214.158748959847
213.2177338286768
215.3549659371141
214.1572324056424
212.5394212658446
218.2768845499574
212.9378795834856
212.2734513664157
215.721959898589
216.124432204358
216.6111533277504
213.0531257929993
210.5901983215086
213.4134637775323
211.5596761268816
212.2193938571712
216.3076595533586
213.0119618565658
215.2449785610667
217.2003698779239
214.4472543270705
216.2745671539947
212.7492864850488
213.0135389465518
216.2319435403289
210.1135278531747
213.0473446531488
212.3486555915909
215.0362584005206
210.1075283967148
212.6569468900342
213.434796747743
213.4077087561973
214.2232314091842
211.4813534942226
212.9005801315838
213.2664384395856
212.1658701421219
217.0184247983153
216.3657295838063
210.042393212477
216.3280877228596
212.0639357279597
217.1163919639538
211.0862876366177
214.3665353453644
212.1028988779915
215.1171625230866
216.6514457880548
213.3466063591904
212.5113446548712
217.3154101634311
214.4632810466329
214.6731728221303
213.1724492516858
215.5837719316296
212.5851233525125
210.1306721628571
217.6209930541936
218.3068162373673
211.8702327170801
214.0867745533286
213.1279084384026
214.1052171625848
213.8740155564906
215.060400996944
213.1630226905407
212.1856300862837
213.3566175669561
213.2180091363065
211.3132290075256
213.0833631021523
213.0323385753076
211.4202041529485
212.1353513107751
214.0608136406468
216.3917412401524
213.3794763301545
213.1096644829918
214.2697415799817
211.0059986873131
216.1761258934196
215.144080500611
214.0067957150869
212.279572405421
211.297551976746
211.0918109928609
214.4255559358936
213.6479935215845
216.0679985338816
214.3230103103611
210.177968946177
213.0301176456439
213.0009263152331
214.4032131367912
212.6850378396079
215.526167695709
213.5396117290332
214.1042483274289
211.265875686576
214.2251808728883
215.4067492959277
214.3852064800264
213.1611093376677
217.3336745007369
213.074006377826
214.1008912193332
216.345459890422
211.2415512411135
213.4587236214217
211.7471950545674
215.5328607692122
211.5957984356895
214.5398068681568
212.0658065365783
214.2603260593932
216.0452622793417
215.4131421009158
211.0534627427476
215.5371791480869
212.8798662931558
210.3787278713658
216.0776785045732
212.5024896957075
217.3841814028372
213.2360971753497
215.3884623302261
212.4828090177406
213.1304879373605
213.1167580815078
213.5988501235943
216.0987668146804
215.7342043566968
219.3506754626222
216.3390713971943
212.4599243099542
215.570581800471
212.786726675092
210.6450852192918
214.1183300371317
213.2202791728078
213.8131557612385
215.4348103390807
215.3829547742432
215.361903302229
214.0806087168861
215.2305874822289
216.6925079219398
210.7081160738137
215.647823206697
213.0717382044557
211.2223174502765
214.8201169485279
216.1213459651184
214.3649726265367
216.5634413496524
217.3671907595573
215.3686398863978
213.6080229469091
214.530510758725
211.1967651410396
214.4314613715269
221.2006780188641
214.2429270964974
211.2117401143454
211.1802805419502
215.1653677188837
212.3261433264004
212.1511127349002
212.0237722978001
217.5495164794007
215.451616333782
212.0902793762394
219.2143074713338
212.2643862713047
215.0032187108128
212.4866939864113
215.1432437346526
212.7806877193272
218.0246125051977
215.2549554349629
212.7558178485166
216.4277159469836
217.1706325782921
218.1918876431324
221.2350664863793
212.8219889171737
212.8584333769641
211.3173176694802
215.0725840830857
215.153119201325
214.5052893588962
212.0433306565438
216.9008172019068
213.6521707555448
216.9972820820446
212.8052890938801
214.1304168882686
212.2002686938039
216.3254686465185
211.9055288565252
212.1042743312096
215.3087736229382
216.5530515122582
218.0533109543711
212.9709578436896
211.0446871369452
218.7549849996126
212.0929371008038
215.4479780447836
212.0533217931135
211.1418265031605
217.0866898848616
212.3589410709636
214.0150558462103
214.4158449254671
213.1925867713485
212.0381796143451
212.3654541848628
212.1039630898344
218.3054957618231
214.2089765799961
215.7241672060428
215.342825662399
212.0094299263299
212.3006654738214
211.248746781838
217.5218361971658
211.5343955172103
214.0238763064538
213.093015197406
214.3023155988529
215.9037794791184
213.2890337789217
219.3390699248851
213.2223580747599
210.1060286253347
213.1430240948339
213.5002462732044
214.0571341602267
214.2073183091439
215.4448201877456
213.2133655514941
213.0007433589845
213.8549563786147
211.5590600662626
217.6347883799508
212.0517724585156
216.630537323657
214.1746642149273
213.6260459073731
212.0660223051795
212.1099036743599
215.7848886773297
213.9555265613278
218.0450681233471
215.075553379777
216.4108501672201
215.011605216006
214.3800809910103
215.1690040241166
219.820951481687
212.1968967933455
214.0433621331572
214.8811721931134
214.5143080746834
212.5024314766346
215.3915086917129
212.0561309893413
217.1012900548538
212.3372028982499
214.0439261883393
213.1543572981366
212.6026440502153
214.9363482740702
214.1135177559156
214.2748778772222
215.3676486021822
214.0450344930193
211.478143323545
215.4425000908287
216.8424190658731
212.1968158148975
215.7342481484578
214.9832237769586
216.1875612831426
213.3746392390093
215.7047720120987
215.6327493787683
213.8158407394835
217.09740638405
215.2415577737297
213.229269972576
215.8478041617479
214.1475045746547
212.7133611685511
211.1128520628882
214.7070951170901
210.3918095004352
216.0421422480828
211.0758042582157
215.629673272526
212.2932613271986
210.4101299509666
217.2741951177075
217.2471419052796
213.6595180928511
211.1996683092431
215.2712651208685
214.3074090155413
213.0739389761193
216.2367942026756
211.4401589685134
211.8860439602354
212.4900391798591
212.0469537189695
210.2405354618859
214.03896877397
212.3112284889536
218.215737639546
219.086196505139
212.2342497891483
216.0653376427997
214.8574159752332
216.2121886551997
214.3123910576157
212.3890027168715
213.4384802021654
213.5044201387329
215.4731185543103
219.8524388602437
212.0505380150495
210.4488582101108
219.3363788242132
214.0633195574172
211.1479395690247
214.5587248458553
214.7555786151116
214.2315289551231
212.2850850396852
214.2486194919127
214.4032101995116
219.3941606028795
212.1441064969993
216.0854559183903
212.9798265433087
212.9998174960329
214.5688296057524
215.5221919190191
214.2474254527308
214.3184369187724
212.052221112819
213.0230713619225
211.2731566280799
214.2583739241702
213.5191135308607
212.9290092623197
212.3183470932637
212.4034933154289
214.049777810827
213.5937645303549
215.5211337039741
217.1739937525419
213.1184194846613
213.4269325470157
213.0369131912543
213.0717130228984
214.0406949717699
213.6883147957324
214.271989297143
213.5604370523834
215.2480909259833
213.8432212245222
216.1597259173682
214.5331058015301
215.3362990003249
216.8707340293512
214.1040536475693
212.5350077706809
214.3038395772066
212.4690378262395
215.3655741473196
213.3599373711544
213.4109994731006
215.1056803335084
217.0007127802725
211.3362690089791
218.2104134917459
214.6700324089723
215.5836519077498
214.4510199434424
212.5492148903155
212.4140481408018
216.0516685804067
214.0992447967565
215.2252881220541
214.1656427051256
215.165856879742
212.0970074468801
215.4048342830902
213.1712453756363
216.2896391585128
218.6514082903195
218.4338406396776
216.5584719378188
214.6452395328489
218.2034362235568
213.3360707716612
212.03135062269
219.1119534471815
213.452601442276
213.4442121766346
211.3264494676143
212.2327150827115
214.5551609987397
212.2379740898715
212.1827358882131
213.2852104512007
218.7707218271527
212.560158930974
211.6689088109036
216.5934624922247
215.1595424625524
211.3596526415451
212.4782997974182
213.3477612869582
211.2935920956213
214.32844184893
213.5948500287174
212.2504771046706
212.0396111691349
215.1121586397191
215.0101861573773
212.7525058872043
215.1127398944068
214.4534010625307
217.7592830461009
213.0544460472533
211.2762866598223
216.159053113241
217.5620691800303
214.4590526194617
215.6255025911063
213.8728204446318
212.4816199205365
211.2331809055755
215.0322592384464
213.2368427671237
214.2571156185269
212.3277669124434
213.6793404239491
214.389690034491
215.7086178268761
213.0589991947867
213.0924010277303
213.9568795538302
214.2290509213991
213.2401648174314
213.4662350902993
214.0526523299367
212.0225232555367
213.2025888331638
213.1039905264558
213.232017961244
212.7422044801549
212.1421875339229
213.0882285664825
212.1653348318312
213.3324304608276
213.2116896818403
210.4017492040167
214.6141525285955
215.0195270230935
216.9491664627761
212.682841426311
212.3744435701757
215.6020114287186
214.82290572887
215.1180754560627
212.4401090060689
212.5003373133337
214.2193140925627
215.3779748775454
218.3621578086601
212.8936029532423
215.0891624843616
217.0471115954084
214.4552100301794
211.7015102909656
213.4821045056358
215.0721851111665
212.5111367985299
216.4093562220144
215.2068893969885
214.0856853579506
213.2132799181718
213.044502240565
214.3817957838866
214.3452276075666
212.6036360737804
212.0344555908703
213.3183179673341
214.6800429013273
214.5062939346414
214.8583058231326
214.1559434236479
213.8606020851228
217.8523634097501
214.5444569008087
214.5982327024557
212.208956479189
211.5887283183085
212.1802725595782
216.424639479922
217.0311173535908
214.0568368164017
213.5378930922374
216.6336053091915
215.5691584888418
218.8859017070118
212.0365214523076
213.3302676068616
212.3834477994432
216.1884773659086
212.1395730804863
214.0141088791381
213.236168674531
212.1544585424987
211.1606200804041
214.3248454058538
215.589345718767
214.3630324237753
213.671296566121
213.2592288289882
213.3162707660308
211.0275706945275
221.5037372405064
213.1492295489266
214.2599375391888
214.3516831498305
214.3824779053273
214.0870251453902
214.2189295312993
211.779739917564
210.2848838762488
215.1697528497638
217.3466428073992
214.118613008208
213.1855175435005
217.7006775174511
219.0369624780807
214.2049843347
214.0364498403692
214.4789557428896
212.9300691453666
212.068639309968
215.4573119797396
214.0361017087893
214.1724411394395
211.3385298018597
211.4626769760558
213.0049577479462
211.8693941949218
212.2320427477968
213.7197097867802
215.0643873856489
211.0368121582763
218.7094761510068
211.1751397035505
216.2644079533487
213.3083998632858
211.0489660669524
209.6518672705392
214.1910809145086
212.1450956175513
215.4223489892521
213.1561872020507
212.3400760190582
211.3013972335493
212.0584059135098
215.324623484819
218.1161505169079
216.2012486328693
217.3902856600479
215.2054727754719
213.0648765318902
215.0145879113649
213.4375770675595
211.5090691786969
211.2358785517809
213.364160107958
216.0521267453876
212.5790373376678
213.0322829856915
213.2571966638148
212.5641059944562
212.3638173475372
213.6472115894952
211.040389652198
219.2198413367928
215.6088675471024
212.1682591754517
211.4645137049442
215.367257206424
212.6322623178719
214.9029946628833
216.6929419905182
214.1856615413757
216.1224264258798
215.8240450906344
210.4932603711541
215.1679870647364
216.2769556748247
218.4147318922538
213.7664525666426
213.2947968537291
215.0579794058144
218.2411209069247
214.35412688019
212.1792113402811
214.2042532411315
215.2082177055141
214.1254478903116
215.5539126681706
213.60841957323
213.2398560363685
214.0218017500819
215.776310986794
214.9109192870711
212.6159033889573
217.0184632673775
214.0662698165239
209.3048537598673
215.2513797252181
216.3498633955431
