1236.027836575032
1232.019588225391
1237.057161871504
1230.184433649998
1228.224001798357
1235.880347274801
1241.774012463256
1228.77882876438
1226.037240235
1236.514042560431
1238.018258416258
1242.893487196441
1232.257081005414
1234.011704986848
1248.007772215906
1233.233212637003
1229.671524378492
1232.037924972914
1230.046698593201
1243.170265807862
1235.115615851339
1230.157060369819
1239.207934376419
1225.07477708949
1236.29185863576
1230.005437633509
1226.144284784882
1239.198979619584
1235.076096662656
1233.239705918695
1230.292842353494
1226.460724562494
1228.008171995023
1235.050085494414
1227.391271324582
1232.123944639942
1236.933977268087
1232.022201351807
1225.009966653215
1231.359988153512
1235.064392774505
1233.009625473656
1231.202874067182
1243.096509250954
1231.55611492257
1232.019923291883
1235.494638445587
1236.044418717999
1240.149202910882
1234.294026110035
1242.227545774459
1231.714440758968
1232.019133944669
1249.117447313388
1231.042648742543
1232.058570892191
1230.181359843346
1231.25549609468
1228.014189669645
1229.203969573189
1236.003597173548
1237.234246349028
1231.631243517911
1225.312060337985
1235.034877329701
1225.108910238247
1237.101625441636
1225.900555204678
1238.143630981803
1233.05214610574
1226.699186224164
1235.102832133809
1234.221722870067
1241.114772882449
1240.278090071333
1228.23372811167
1229.316925382176
1240.451759779665
1237.866020924276
1233.673565585172
1224.651364803491
1233.625192767232
1226.472931436055
1240.02011301357
1231.101735697925
1235.457091746185
1233.138301260463
1233.193971632271
1228.317999730228
1233.004944811904
1233.30079423201
1240.712143302776
1244.297679493834
1239.251010748455
1231.508118767806
1239.220580084622
1241.174961326371
1230.397426990045
1227.516908695177
1233.242762838548
1235.677993918011
1232.933696119255
1228.010298629497
1239.044048295608
1228.111941042054
1230.084174405102
1228.130800048903
1229.071005779641
1233.344334428088
1242.286380249804
1229.781032449288
1236.387441942999
1229.225419766149
1228.038640206206
1242.014634082952
1245.125241373709
1236.361525474993
1230.679317776037
1234.05038400553
1229.308762591976
1227.0575894086
1234.047047842673
1233.397318033277
1234.453804142004
1228.447847332645
1225.267517999717
1243.379149001772
1235.582275419022
1232.712101669466
1231.550265102769
1233.036086583847
1238.065203799654
1226.403567950721
1228.00317554296
1233.085162473839
1232.331374980485
1231.411007192597
1229.245810208354
1227.318110049007
1236.373541112133
1232.264890920069
1226.226925974009
1233.030749256346
1234.073794450631
1228.114408804348
1236.305832141408
1227.27117876591
1227.063151475766
1228.331523121327
1236.415193733951
1225.041333915048
1240.09682264626
1228.59586793767
1226.476857463626
1231.206010110855
1227.128594933712
1234.162880711994
1236.934570243758
1235.103338167801
1231.28335644805
1233.137579861015
1226.145120665463
1235.433032166051
1230.181196756366
1227.230879899329
1226.264617003179
1232.147835205676
1230.332159946144
1240.33412555054
1225.041683971829
1228.189310180889
1233.704822948416
1236.148439339976
1236.000876442441
1229.694164669179
1231.13402677262
1230.69475685718
1231.091256747654
1248.00993671025
1237.39164228928
1230.108909381065
1229.409127086881
1243.191240366558
1236.462776434272
1241.351631418334
1230.347167844961
1230.196673867568
1235.009886041525
1233.015932637617
1237.59094933378
1238.16208150512
1240.172404527809
1241.057737945108
1232.060964808642
1231.108081951483
1234.07318098361
1234.071659956381
1232.045480833092
1242.490753984914
1241.05066904706
1228.406381430423
1230.218440911483
1238.220360877115
1232.302532776915
1237.408659238054
1237.102369612159
1226.261001337994
1228.255113781147
1231.88790691086
1236.242462006489
1233.396852346078
1235.072103451349
1234.401163500297
1238.015174987115
1246.035742739445
1239.238678628577
1238.637760204645
1235.598202507168
1241.679600012483
1226.180974824489
1238.63025866688
1225.186206992651
1237.411010489601
1226.684121849115
1240.042477625419
1236.070676476999
1231.088009029138
1228.609654028
1235.495529493198
1237.681486445059
1229.087453022851
1227.12150741651
1238.047919766853
1232.411655097989
1232.34707179173
1229.092973500199
1229.189926858789
1235.245492865369
1233.076281951241
1236.122267933591
1234.077607602979
1232.383964004075
1233.565512141023
1235.061400834877
1230.267474820191
1241.041201925601
1239.432341005941
1231.496369228535
1237.157121682064
1237.199276719126
1234.406330519456
1232.005361565983
1234.75606427862
1239.143896135141
1227.261454881518
1232.057850106243
1230.86102768561
1243.035256009097
1240.713831132142
1230.045250938862
1232.003824706903
1226.05418850328
1238.06676620494
1232.049871902537
1235.98619808022
1227.221730489603
1225.137444165214
1232.498212284859
1233.058819692397
1234.251783935288
1236.70585680009
1229.186300420171
1228.16886780308
1240.284665685518
1242.360754708672
1230.062799817266
1233.202039398708
1230.508203820079
1227.08862504531
1230.071128302747
1234.134723784456
1232.077024560501
1225.15631334909
1237.366784859635
1235.110982720171
1248.364006888545
1237.028271037356
1231.784416432211
1242.142298031639
1238.139871254975
1244.222428354551
1237.5180838972
1234.51103290425
1234.397599719945
1243.079392142564
1225.256103425735
1238.168131271419
1237.378004377384
1239.02801894474
1238.792500702486
1232.13352532111
1232.332029594598
1236.968547621806
1236.04856257491
1244.848801199417
1228.159367179142
1245.216386599385
1229.062673332047
1231.161081565821
1236.002372699233
1228.960400160195
1228.578939678573
1235.876173701683
1236.272159706492
1238.744784279277
1236.598813861832
1242.120736774769
1226.168246073169
1239.308578607315
1225.583046048499
1237.076751255068
1240.370290593148
1247.451830521539
1242.595956036364
1236.425266089394
1233.211973715577
1230.123120545911
1233.540228140707
1225.193123472792
1228.052863356722
1229.024788802403
1238.674737136689
1247.018543128403
1239.208994211212
1229.126801019007
1232.121254773452
1236.265412254051
1236.570914615875
1228.074979206348
1225.103248270554
1226.652786508119
1237.0300706744
1238.066245183099
1231.267180133906
1232.397505135865
1238.175559499956
1242.025433177454
1226.189690009594
1237.508240576388
1235.128941307983
1226.113576912574
1241.049343305887
1230.055795147627
1235.124689119954
1225.064795465074
1242.864467712385
1233.443108125775
1236.258278805563
1242.277318523865
1246.107920185352
1248.185885714471
1227.101056745813
1233.315740982604
1236.076794246256
1237.029444278654
1230.135922677622
1225.089980752596
1225.33057700615
1227.297302329021
1231.167561340082
1237.70704331235
1229.898532991681
1238.318869371666
1228.214957047752
1234.018119345881
1234.062253482159
1232.02352101975
1229.166951846322
1235.271273877408
1227.420399747368
1228.00828036373
1239.036147307854
1238.155405044774
1228.10974691057
1234.014737270112
1231.897403267352
1232.936009862154
1235.063694688421
1245.234477176282
1228.039708561142
1226.24951633898
1235.102265254649
1227.854104503403
1225.093255369401
1235.017291847063
1233.285323907043
1224.338998750193
1234.255549404603
1228.366329798354
1230.132891302805
1227.636721410584
1236.049171665602
1234.020162285497
1229.040114926403
1235.110768590137
1239.791374002809
1227.010075047198
1228.377405871836
1231.06767812519
1230.360594806806
1226.125980186799
1234.007878957297
1237.097281820992
1230.343539463478
1233.254854437083
1229.27594853507
1235.030384927898
1239.053685765705
1235.034580178831
1236.954609466866
1231.082094853896
1241.221064376293
1233.350414348818
1229.008911013474
1230.512921466184
1238.393844397004
1241.443329389255
1235.288877407902
1239.26706205647
1226.035420019471
1234.038278367518
1230.266327968715
1229.007627157375
1232.311128218551
1235.571391309004
1227.202939885316
1232.056185989179
1240.002893581393
1235.039989921338
1235.125489647623
1234.336574986006
1235.037591128567
1230.036845497399
1237.079340486441
1241.113364312733
1231.065770612579
1233.524175395675
1235.67007457337
1235.740710028173
1234.349589936391
1248.097647193561
1228.575438602278
1234.316182146596
1236.214719246348
1230.046077064251
1235.301355230808
1229.036693618681
1242.008187679271
1234.009606866869
1234.879160975832
1234.094122358402
1236.073629908301
1235.500144063528
1240.057232487093
1234.31195745206
1235.413879600375
1226.05510617767
1232.288248527207
1229.181658074647
1230.104499953316
1238.37120746305
1234.82565082007
1241.134410356609
1239.238418909298
1236.773374396192
1232.435193913051
1233.004735175285
1238.470456909693
1235.788990950842
1234.03559117286
1229.106010044695
1226.222130555999
1244.163325191699
1235.167063358033
1237.836407485297
1232.032820089293
1228.029342638047
1231.458444031352
1231.239634992862
1241.06379696773
1235.087682113809
1233.021168251918
1230.024109722216
1246.073917123726
1233.491563142222
1245.11678113884
1226.224961410552
1240.244601433144
1229.014004303363
1239.270525959541
1239.494368133986
1228.42178709102
1241.101640002001
1232.490769663781
1226.034376561984
1230.012659560266
1235.152781340097
1232.087536675599
1235.234306890944
1235.651849797661
1225.728093513349
1226.008782074678
1224.650117310856
1228.106162689959
1239.086324853568
1230.64777579492
1242.192682498659
1233.512977765954
1233.036550520724
1232.363949777214
1247.353298787955
1230.197673560344
1227.073567925615
1230.183054047827
1237.078412884661
1229.943090234114
1230.216815237017
1229.241214126651
1233.34673433895
1237.538569725808
1229.068354971459
1255.165786240267
1240.243378160591
1226.115024560964
1230.104433778446
1224.921870255071
1227.054300034544
1231.092460035135
1228.308223886522
1234.259305621563
1226.631079875277
1233.001402109393
1233.052432526654
1236.0451116247
1235.023546426527
1228.109697106093
1237.959097353513
1234.016201160734
1240.025269677647
1249.133049428021
1240.232516853357
1246.658595546412
1238.293451609489
1230.333768166058
1230.820913804906
1238.164262055581
1228.013623428645
1236.192041367676
1229.07104905669
1227.701834912885
1225.0928345254
1236.496975873619
1233.218602814716
1241.347900047978
1232.144688580368
1238.153884091033
1229.498921365547
1235.081810940354
1234.159030043805
1235.266067612929
1235.538795237655
1243.409898440864
1230.433681451895
1228.657837742385
1227.372177893591
1228.436463595086
1230.086861686209
1230.865611397121
1227.073401934665
1231.917646470812
1238.190245446961
1234.976067801452
1228.550465954992
1237.608030189804
1234.035885486092
1232.771959580081
1240.08302548345
1230.129810295641
1235.086742981491
1241.197057308759
1242.259251759121
1241.527650492573
1238.378691994887
1234.305847263752
1239.00556171667
1240.080029307584
1230.127714510895
1230.986047791891
1234.184667467395
1232.792596766262
1227.311799849641
1231.073200413617
1235.131704621135
1232.465371509016
1237.711777845835
1231.762684817188
1240.105689504441
1230.748919500402
1226.088311367654
1252.017982986948
1237.233766242957
1233.770889200597
1224.513616529393
1230.4269782662
1232.18349130583
1233.018595278338
1237.016199646879
1227.842801032848
1229.146131274804
1236.021376400631
1244.183551471823
1233.202925813688
1231.07229234181
1234.012013373923
1227.033240635904
1230.459649515061
1230.02618086419
1232.110672345198
1231.08063861022
1238.103024078826
1230.399112728647
1233.39221866225
1229.10320713886
1232.358901699139
1235.047777114334
1230.496766598567
1229.728415138165
1233.409940869157
1235.017992277968
1235.158932933066
1233.212699227016
1241.370350974836
1234.238320628461
1230.205901347426
1241.874323590039
1238.105482803834
1229.313931089308
1234.158088789578
1233.107490208982
1236.075139775318
1231.023449301334
1230.098718775572
1228.365060940737
1234.23855037264
1229.271706335309
1243.214240749983
1225.362646244791
1227.055989054838
1236.041992511431
1235.090127361125
1243.663393897129
1234.166259034447
1229.462858400671
1241.479470316133
1241.165907543146
1226.557217502615
1238.058484450082
1228.057125374839
1234.209280675303
1235.229249675006
1242.830765911756
1229.298348988666
1233.094753608021
1234.229360278515
1226.514677893556
1231.26779372047
1231.431081859634
1238.069907223085
1228.410920044793
1228.189794312713
1227.620943085486
1245.083602148282
1231.003918724752
1227.099713855967
1230.442066283282
1227.008289750803
1240.668294265408
1230.341640942005
1231.057772462209
1231.049932987145
1227.084233688053
1234.044159485041
1228.730763214269
1233.186720467609
1240.111270017565
1229.044027794076
1237.644007344845
1234.00212865435
1233.277864616006
1234.139776542374
1240.49171421717
1238.513202136529
1226.102376341138
1238.127961414799
1226.085428389847
1238.192553058334
1235.114393522505
1238.663051432188
1230.278789460814
1231.223734065319
1232.130147297451
1235.170010271485
1235.974306393865
1250.416906580847
1238.026111292458
1224.104024123777
1242.208961155429
1237.158799351309
1229.067301983441
1232.243269336193
1241.006623145708
1235.011982584398
1225.330582285867
1227.231982489073
1233.350806438553
1230.2064959444
1228.05569732608
1227.351498247499
1233.087816910037
1239.090769473815
1236.15448000116
1249.052918167742
1230.056574816169
1237.052199660904
1233.329419974809
1240.226290388452
1229.982398641547
1237.158390107146
1235.844363240602
1237.328280345867
1227.243948413544
1230.064053598896
1230.007918846755
1233.501980915004
1232.732356267578
1230.013537213947
1238.115661857235
1241.080622352478
1225.03919874958
1226.419328664146
1237.458164750393
1235.03025154972
1237.335214312221
1233.07828394831
1237.028996108603
1228.1870166834
1231.008653812879
1233.243011681659
1236.183655913136
1234.7548467651
1232.907366737976
1236.111339426325
1241.354450431001
1229.216261946139
1238.043765403538
1228.423725681942
1241.357975305122
1232.216481652361
1230.0923308417
1234.432730159092
1235.154806165214
1229.051971744634
1232.304547555552
1229.292931230931
1238.310160266128
1229.092248192066
1234.178699816488
1232.555354820422
1229.31839466654
1228.014100515517
1242.67076132086
1235.161242987909
1231.104426983838
1230.111723712639
1233.524496321574
1235.462802957931
1232.700528702402
1229.424044244449
1227.280056584899
1240.1772455469
1230.175202679745
1231.074390263299
1237.136109594637
1233.642318332196
1230.495965412583
1236.080724526145
1236.297358706024
1230.261626781602
1230.639157974882
1228.354063979825
1234.560791139065
1241.13484819378
1235.459480817653
1241.40572346338
1254.372561067474
1231.048651982515
1240.291377180884
1228.661379639089
1236.145779422318
1233.372721569375
1229.758422649149
1224.154309058044
1236.35376764913
1235.066032568007
1234.451403388166
1239.217164334563
1230.32405400162
1232.679512305115
1238.389954117564
1226.398268805913
1229.187749421395
1230.062180545212
1232.086206331338
1233.190895820213
1243.641053288393
1241.023532806278
1233.04812295966
1235.634717797884
1227.352337609801
1240.312602778792
1235.269582877893
1238.017151879085
1241.265791900943
1226.558392051718
1232.088990513035
1227.103435676991
1244.213386307272
1239.248696262975
1233.145110397954
1241.822603935612
1230.030759427838
1237.540339446548
1230.990961057457
1227.224306371371
1233.232907531615
1230.504783035076
1242.667757885936
1231.081990571344
1232.397184114858
1234.160999672295
1228.163330158982
1233.309017437167
1230.000386904935
1239.195147437589
1235.134148815787
1246.287721644483
1234.191196087418
1228.18570462975
1231.855300591471
1248.371094591837
1230.651227024106
1230.208779928047
1227.159827103952
1227.510840073534
1234.324180809975
1231.434813442965
1236.380163407014
1233.27338013282
1243.045509254685
1231.433701021519
1232.127063067893
1235.224071039522
1245.214146166629
1235.239223066949
1224.61148266058
1241.122501965273
1237.565365011278
1237.067960590271
1243.732058034826
1238.004075499955
1231.108497367097
1228.146504152219
1236.23391281623
1234.063165008566
1229.044036419764
1241.121740940554
1227.261052923942
1235.629457418024
1239.721077036155
1230.480472533508
1230.019119105321
1234.314221253508
1228.941530899995
1232.032194994519
1229.547459872537
1239.467394118139
1230.08594084275
1238.254140822627
1241.412925983357
1228.056074850511
1228.505687128911
1233.378689007869
1242.674351889679
1236.284753299426
1230.06327271812
1240.241529521301
1238.071669112608
1230.56582818798
1230.01602035973
1232.233732173487
1239.067476096892
1226.076094693682
1245.024063236309
1242.031508895961
1234.392630476335
1229.887573791159
1227.089323678084
1241.048230812473
1228.523646794845
1235.098530897707
1235.079343043988
1233.152231920576
1230.106044880727
1251.036430916995
1235.148719564779
1235.036867489035
1226.353718266984
1234.607909012407
1228.426209496588
1236.626962832159
1233.589477155975
1234.031932772379
1231.020591019723
1228.056515604799
1232.044088928698
1237.116875934887
1231.180714744205
1234.152846300559
1230.757583603035
1234.322110271575
1230.228989446693
1228.052105678207
1236.084929672655
1238.181660055253
1242.060040772159
1233.586549552005
1233.158069318564
1233.914087103526
1239.020189478344
1232.10338204009
1234.080261802398
1234.055258660589
1232.198263706573
1236.053640154098
1232.028679792148
1231.312697328806
1228.205157158557
1229.582216301181
1227.844375043829
1228.539559089655
1242.473944715463
1237.854374432425
1227.546760427275
1240.282846291306
1241.24176242527
1224.227952765743
1233.388928013088
1232.273406276426
1237.008191052708
1228.481371658363
1232.584335860134
1231.055920822585
1230.042267348134
1234.334371035964
1228.358738435371
1234.029839878224
1226.458517617443
1231.493628822056
1229.152661630484
1232.015049415007
1233.028231796841
1235.854857632334
1238.578502247082
1227.287113481479
1236.15983975782
1237.653374578509
1233.100983826364
1229.476064950009
1232.219801338191
1233.871723916199
1230.461013660391
1246.13537762085
1234.162384492477
1246.643100434954
1235.644154580845
1235.230852886668
1237.224761589552
1233.064561771583
1235.521167656927
1234.160974420503
1234.401170107646
1230.24320639204
1242.677963031381
1229.236231695597
1226.463410240216
1240.503164189317
1237.007727188505
1233.979246417229
1233.098868399225
1229.711114219636
1245.101619685685
1227.007450343728
1234.023704552841
1239.072708159673
1236.055635371185
1237.087676678692
1226.055493959696
1236.455980972979
1238.080427042274
1239.163797668215
1237.061894394094
1238.085595678481
1226.388238719709
1234.635705386242
1238.0933403061
1246.073149512217
1234.124644404417
1230.009957851777
1235.045469644826
1237.188797319131
1236.07632011301
1237.044429409232
1232.089699557051
1239.250730985842
1234.467882395039
1236.041235552714
1225.142101864326
1233.264898349914
1242.487568894322
1234.371057619564
1243.739634904648
1238.105701185177
1239.159233642349
1237.167702952433
1232.423071027952
1239.297924539656
1235.042811781275
1230.799888225102
1227.850944156117
1233.029994579346
1232.538048609197
1231.243850413137
1225.598535878541
1228.007170040155
1228.091735171636
1241.252930066529
1241.012066542999
1235.007319327635
1236.418773322408
1228.061263144577
1227.01461183919
1230.183868480326
1231.488614294473
1232.112008191525
1235.168409454456
1234.099692380957
1227.121575797325
1234.061590701708
1232.129327850534
1229.07921704408
1232.453404211875
1238.01336317722
1228.899326220747
1240.042615306729
1236.604117368012
1235.280611320721
1227.297090742567
1229.021670063604
1236.114972370856
1236.248348553124
1234.268060443041
1227.194897145529
1239.316484704485
1230.107361342478
1234.084895098458
1237.460571453437
1226.24377886414
1229.699584084106
1236.368309030243
1238.162509634224
1229.432802450745
1238.413674541916
1227.186677165213
1233.500828901816
1228.119645528071
1229.034495824094
1226.422942134333
1237.560728182868
1238.388908049807
1238.144605099666
1243.254317820073
1238.143028908001
1257.068465634148
1236.009207768488
1230.7046477321
1237.395818155547
1249.122642007816
1237.030244405095
1227.073881567516
1236.204793250055
1235.39499067787
1251.481232950989
1227.22267561299
1229.772975525127
1242.073820323478
1234.268438121848
1240.080043897364
1236.286735164781
1233.094423735019
1234.425030549881
1228.565641866837
1238.911304234603
1228.56918518955
1230.077793351619
1231.131825949736
1243.691680404215
1228.1138707904
1227.331418726019
1226.024624167189
1228.142999442646
1233.211017184511
1235.049545026611
1234.244642605215
1245.544315871373
1228.020728142737
1232.282736374924
1227.008876929524
1238.464324693106
1230.069546233075
1235.857845265358
1236.028174172038
1236.352123592947
1231.631336078353
1244.080318621029
1226.281103764945
1226.275022887075
1233.149245745053
1235.090163217725
1226.07348456541
1231.015084981992
1229.04562635064
1230.261492944631
1228.154843101414
1230.206605347192
1229.004210107477
1237.24776933341
1235.133268473656
1243.436896708384
1226.608563569781
1225.104243146845
1232.394549013147
1233.251560466863
1239.178231702011
1236.475133644587
1228.515249427839
1237.090811512904
1232.151394247551
1240.026062836729
1227.483764107125
1232.34770075452
1238.224981399777
1227.280643074824
1236.067482421792
1242.033308879741
1228.729271444919
1239.065486517898
1228.602360160513
1227.638209080207
1240.131743986053
1233.227659603956
1246.43327463397
1234.208382386872
1232.556429780761
1227.489113273203
1234.146181516377
1226.519064279818
1233.083625421175
1232.395364704132
1246.131934693633
1234.255991009211
1239.141508334533
1238.037887062691
1231.428133272212
1238.180361971728
1233.195867574911
1229.105428552827
1232.867517247851
1236.009702430703
1231.459703970054
1238.110253499864
1234.175236853819
1232.904457495174
1232.17604484645
1240.339923164665
1228.18037101688
1233.404412787636
1227.457168980893
1240.307841659553
1241.003530320143
1228.056925546843
1233.215055759095
1241.036634504228
1228.109991035747
1229.405504448016
1232.089104080726
1237.310475850945
1231.191475004056
1232.298749374242
1238.294355820974
1232.778930123387
1243.202122354779
1232.28169183861
1240.157235802296
1225.099114835594
1229.014758576878
1232.44328587718
1226.410771777987
1234.011177656269
1231.042113429642
1242.245869224286
1236.418883218029
1224.562013076802
1235.034806554429
1225.480354370416
1226.186660088927
1226.205677562375
1228.949750441441
1237.256062607568
1237.89207707394
1227.285224474959
1234.411987735183
1229.3399241049
1236.029308134216
1244.15492601743
1232.048179480371
1229.388705997442
1229.364191428365
1233.131671577311
1233.912597397682
1228.035992948566
1242.024907671938
1233.157274882964
1236.011207165082
1228.242833405817
1225.710081684469
1234.125289864264
1230.615117131168
1229.263054237559
1229.462383021464
1234.138425449377
1230.048574706737
1242.20476364772
1236.441130372926
1234.241704092025
1226.011897972955
1228.055439524102
1227.026312619037
1234.78778557286
1225.840594842022
1237.569643271559
1239.223986700408
1246.186163832934
1230.607620612986
1229.011342363861
1227.085140929584
1237.574633270311
1237.597162378928
1235.59307388531
1239.602370704449
1230.500474203488
1230.048362604666
1239.181844150896
1238.155137139149
1235.760106159679
1248.623601736375
1231.127512733214
1225.013728330561
1231.333392194709
1240.18404694769
1240.585509553308
1235.08004694703
1229.123933564097
1240.127357362104
1229.04049409466
1234.031022056053
1228.14783702905
1237.739164613177
1237.131574323417
1243.407909864686
1230.478056670419
1244.30771290284
1231.139125391323
1226.096009761694
1231.365538205916
1239.108879288479
1232.028193830113
1230.110346428518
1238.494597057153
1239.35584083294
1238.508727098425
1230.144119666679
1229.125565290302
1238.090902738863
1229.053255581585
1226.078712926684
1245.195147163907
1234.102161999105
1233.008444737564
1240.338591423902
1235.819437611367
1234.2881583202
1234.173399120898
1234.261621182356
1237.248255826623
1232.017284157788
1232.015537137206
1234.789976963838
1227.416541010717
1226.011977924891
1227.204908446171
1237.423106051406
1234.568963578991
1228.362961031542
1227.298187216822
1229.078043852783
1225.148808146489
1243.464927335141
1232.543247073035
1239.070418685179
1231.208840878692
1229.010926839069
1242.202690847235
1226.475404285836
1242.044766784011
1245.18451038098
1230.262932266797
1238.404338360527
1231.174185177146
1241.305592846605
1227.074361964187
1230.238493950929
1255.158291940994
1247.650502118494
1237.71023346372
1231.184606185008
1236.146842781453
1227.548027920016
1229.24783597997
1232.754965612424
1232.301319979369
1238.09692380343
1226.228776109853
1233.655754432688
1237.711786089423
1226.667760078767
1231.562953184667
1232.007846424498
1227.300367829826
1231.408382865299
1232.572709997147
1245.63990691795
1235.264637421066
1226.685674793089
1226.185849717211
1238.081389403703
1236.573860546002
1240.185656281174
1233.328227159529
1227.201521651301
1226.090315350958
1232.318555083062
1228.060842245747
1242.022372315563
1245.002621731688
1232.420405924999
1234.018156709114
1230.774405614261
1233.072224175264
1230.367117339458
1230.520989502573
1234.144784629327
1235.032802670511
1235.437960591664
1243.208520868095
1239.00905013733
1225.037256410576
1228.435344441331
1235.618369285606
1232.555645865269
1248.402516173468
1237.247233946347
1229.138679011467
1230.204353242896
1236.123126709816
1235.215018175678
1229.657442375221
1235.438875067676
1239.159167619209
1241.055079737601
1224.29219813845
1231.090641563956
1233.328571791495
1227.980133275357
1231.31497388357
1232.477239366341
1235.618794066507
1232.039085832043
1231.293919488569
1229.006772817866
1246.124384740469
1239.39669669097
1227.013512384158
1234.336551618437
1230.16362862137
1235.148356143831
1233.273460522194
1243.129976658658
1235.038852866136
1231.264492066847
1238.001040600774
1232.028930234303
1229.440827868413
1236.067765360745
1244.005705895594
1232.279952459279
1228.725594605839
1242.424425320734
1230.075436995207
1236.312252849609
1239.799075889031
1228.090579344266
1234.053967966523
1238.100386168351
1230.032266996026
1237.024004939316
1230.510999067793
1235.184978147417
1238.025052643826
1234.004586189764
1227.327173435138
1228.348118222423
1241.255312457589
1237.167346264102
1230.242712911472
1226.52657770878
1235.087752479698
1243.259489799842
1240.065288250209
1228.080201027348
1229.222885455439
1230.020541486259
1235.242309039672
1233.873247566979
1231.040863093239
1241.479640655778
1233.018325047667
1233.023776037066
1239.390794326628
1225.415192784378
1235.330805405272
1239.130442969511
1230.777845912419
1230.752873473988
1240.560174209293
1230.264406598785
1236.09969217752
1232.190447977037
1231.212639334751
1225.152738244377
1236.570687015324
1240.122902598667
1229.054837631267
1233.374918601494
1231.37185632321
1238.488859475698
1237.00533112611
1228.013549102302
1236.725637397644
1228.427690155554
1227.008322654397
1227.008288826178
1238.497002911712
1230.157166041166
1226.141302712004
1231.210539190197
1227.293088351495
1235.087597248875
1239.339422979968
1231.91423010449
1242.264606481673
1234.77477511026
1242.023042815136
1248.163104608904
1233.989215020271
1228.202433331011
1227.047992999708
1234.112853140104
1231.523436983829
1227.251744387356
1245.314660303579
1231.150350014197
1233.251201225317
1226.161088709995
1233.177573941309
1240.850964840005
1237.25408121453
1225.00895054264
1235.471069241555
1230.242854848779
1228.161065842923
1233.010233814166
1232.072248414288
1230.608064098376
1238.30485162744
1242.033066637021
1230.224078233092
1236.789479278528
1226.364966580346
1236.214702823805
1229.009154981083
1239.236597433817
1229.268943718757
1226.361676208811
1224.332036692716
1231.343889257248
1231.017904962554
1231.617368253378
1236.049129336976
1232.40420993778
1233.568054986682
1229.704703633009
1232.174984917217
1238.056739066297
1233.171773317732
1228.356272378662
1239.098394409081
1235.007145596773
1233.28791164344
1250.395376924982
1229.977298542059
1231.239819068948
1238.042564887493
1242.220616804642
1233.474496732408
1234.585281088207
1229.273129251404
1229.543949522046
1229.263747638777
1228.143983864348
1230.038069421039
1236.176620963203
1234.875594506401
1238.167738363858
1237.190311363328
1238.054567323361
1224.311714933385
1227.953157784593
1233.089634300012
1245.206048630559
1230.449561579574
1242.665401134802
1243.116988412678
1241.279011781571
1228.065163027492
1238.16509364282
1234.513248399272
1242.021061124296
1233.076351480575
1238.106900556033
1228.082728387009
1238.369773233543
1226.482845188867
1235.133062456571
1235.45573884848
1233.55038885566
1232.08207994392
1241.558249558342
1243.07569994725
1235.248226394694
1228.372386926013
1246.388865090606
1234.128162612636
1234.332468467327
1227.095832297815
1225.18888571362
1227.073092629738
1237.141711069444
1239.442823378889
1230.607821174685
1227.423056582671
1242.055549023972
1234.536848221491
1238.105253809387
1234.398092654666
1227.141518684761
1224.093919254281
1236.333561605948
1230.492736086774
1248.377149047242
1237.436545213232
1237.182049821218
1239.94724222477
1233.336118279396
1233.088022083724
1246.67286169126
1240.11828912857
1231.255802662047
1234.944039528109
1236.550741751306
1231.114621924427
1229.404057879562
1240.098096131286
1227.112029333329
1232.104467708537
1229.002631533398
1232.60568677847
1236.142092790245
1233.286950968581
1234.002824926988
1233.359779983675
1237.084144065916
1233.528930014281
1236.00702413469
1234.058324684997
1248.10665003058
1238.04099863751
1234.917135045619
1231.164350292637
1236.389427246007
1226.188203870955
1242.277181593608
1231.027967917305
1226.109843949628
1227.688012516698
1236.384840695889
1234.741720572782
1228.224737610103
1237.457145722687
1226.145833771302
1243.239776047165
1228.628842591976
1236.005638724123
1236.15746873502
1233.050416190924
1234.454349038591
1236.255815927409
1238.304281139407
1237.075413883627
1235.39105436256
1233.658308972764
1228.616409717092
1232.210586310899
1247.455829336326
1242.412016523105
1227.035078516625
1229.495272051726
1234.200736875676
1228.537275755425
1233.340719343611
1233.222880240552
1230.120717555365
1230.094782547611
1235.434200846455
1236.309594740344
1231.846623925972
1232.648364991863
1236.155415508021
1237.654989716537
1234.107723930246
1237.029176853358
1231.256201582623
1235.093067104575
1231.191368346709
1228.382738456678
1228.184154571034
1237.776376158076
1235.752052190922
1232.350028752177
1228.550564923738
1235.235639214337
1226.05122849881
1234.224684152702
1231.084180739858
1238.152125539428
1226.039985383929
1231.985895315609
1232.002267563857
1232.38301025868
1224.14403567971
1229.583669504392
1229.398366581223
1233.691175101176
1228.317043536058
1240.227767490464
1231.814387531916
1238.360575955439
1232.08563234127
1233.275843067947
1235.60539876731
1228.386569815821
1235.036217081722
1236.529568795295
1226.000058014383
1230.129259375512
1225.452773093985
1231.720698854476
1237.147324205722
1234.017180218618
1226.286976552462
1245.161349325867
1238.139411988695
1230.032907802849
1235.788943416476
1239.664055861496
1233.439126110147
1235.5522275775
1235.37095249762
1231.735483898352
1251.11121798906
1231.544513826065
1242.108981243162
1233.031890044051
1226.255820496366
1231.191527053113
1225.005096360031
1233.200196639004
1235.366368988278
1241.096119278653
1228.683722454392
1231.132139114898
1233.92961779559
1236.39687432319
1231.173528788272
1229.739286301776
1230.448859267155
1237.12378574175
1227.183738997001
1227.231753715529
1240.081323952841
1237.415609059649
1226.386526659603
1231.146348437877
1234.004382397832
1242.118050959726
1233.156692290013
1239.16285348206
1229.084919357669
1230.39373837311
1233.034883019327
1233.214351336506
1240.1059171446
1234.140232799789
1232.206611027166
1230.42298523927
1234.253059139887
1233.36686226481
1231.027056566397
1225.414540758978
1230.287557221885
1231.207991480506
1224.249882438236
1226.689770764488
1237.955915292693
1231.158720003134
1231.396983399573
1235.25868334346
1234.260469520409
1232.243213309039
1235.227708325963
1232.296868359559
1234.793582288168
1235.754946284789
1228.24058010031
1229.459212149876
1235.146273732519
1238.236253274861
1230.736289572901
1238.142674555393
1243.024603827577
1226.031826018947
1227.161286960818
1229.067741128824
1247.013116422381
1246.168258719977
1228.007808477753
1230.126780353493
1242.349689220107
1229.520494285369
1240.28675392004
1230.433610344951
1227.18011642336
1232.344217072994
1238.108177905084
1235.545097761159
1228.068732404776
1236.113409018742
1243.05319021877
1235.799619301077
1229.053198958228
1236.062117747892
1229.310927272325
1225.678457825671
1238.034063732215
1227.056119870795
1244.15095629936
1227.053052660006
1225.299881728767
1236.648897511175
1229.504069023914
1226.481606478172
1234.194273931203
1233.026862313945
1238.088694128982
1242.364225968369
1232.552870653091
1244.196462549944
1235.05298407561
1238.292902645162
1235.600169493893
1236.062024908885
1229.456865967665
1236.02104965905
1234.381213325623
1225.349208348756
1228.631992903521
1238.056648149685
1234.293485692571
1227.084093171599
1232.335230887034
1243.524479642247
1228.565133586972
1238.039645431465
1228.027023333073
1227.19048770093
1232.149560709327
1236.102119798511
1234.134922930369
1229.282903068225
1230.806644559545
1229.464198595793
1238.075886962506
1234.41602701321
1232.588943248244
1233.023624203472
1229.131858163911
1229.997831477477
1246.281614938658
1243.121824164044
1237.250373072349
1235.045615887432
1234.025996250168
1229.537366973366
1227.643486839651
1238.222264262272
1235.070996816236
1231.146103423945
1224.536439771476
1241.269245975611
1238.215594701626
1240.326383705902
1235.712787386778
1239.401851101647
1242.563021699562
1230.015739764039
1230.120753411582
1235.475006362097
1227.555037902761
1236.048584113113
1238.059445304275
1230.199793731442
1237.163406887111
1230.241139274942
1230.918243770453
1252.291644146007
1234.272305122726
1231.059611449949
1227.554104274157
1233.170280034904
1232.26694500199
1231.382622664343
1234.253237383853
1231.451893713191
1230.037773432615
1233.273128219934
1226.170727201995
1232.083697309246
1225.205854456307
1232.042416331608
1231.132316283725
1227.636588519806
1229.237546185016
1225.21804159746
1229.090189083314
1240.102982695219
1229.811125949635
1230.019495856989
1238.015292996912
1244.04307286978
1227.049867910023
1237.028708239773
1230.166060779347
1231.346943401841
1228.036457281562
1239.157006691167
1236.036969062999
1249.05516179565
1230.013944107235
1236.244806232887
1225.000345965168
1230.063067496925
1227.078820257461
1248.007980746284
1243.095085727672
1232.061355856145
1229.602026462026
1238.010248243094
1232.040399565533
1230.992384717631
1235.084793421616
1232.264671584155
1231.181681157467
1236.591377551012
1236.346703664232
1243.143779403439
1230.279366503732
1233.342999798011
1234.251094351091
1229.000593180855
1239.022406116306
1227.428836263785
1238.190660964854
1237.616568356195
1239.233694544343
1238.195602566329
1234.084437471703
1234.283982009265
1229.625806799052
1228.010763006342
1234.730765206477
1236.05522574674
1229.258575498131
1232.149221943189
1233.566070501102
1234.206467983455
1233.368505437669
1225.193501861206
1231.120413633134
1233.481558531138
1234.22114756242
1228.201509797416
1236.575394983211
1232.111764487503
1227.258355069921
1231.047178472917
1242.427518416353
1234.596236820939
1231.06545906719
1237.253297344929
1229.359977587535
1237.158123852841
1238.07978504009
1243.48152303815
1228.955988863492
1226.191729775242
1238.483331202408
1232.18774307492
1226.558513018988
1237.637134855838
1234.047648376482
1231.017443245045
1234.1037832157
1233.346133897023
1228.335358135545
1234.282072260835
1236.049398298557
1227.765001054575
1231.333461257273
1241.444919836704
1243.163723678396
1236.265740681722
1231.626400092295
1228.663414434192
1231.074645740528
1244.533217817945
1230.101524545497
1231.619972247491
1238.889085684508
1230.148687705615
1236.955692419052
