787.0761815033328
783.2437417701682
788.1180444799727
787.469463668196
788.2560611099957
776.1327745004685
783.151724949702
785.1632812845851
784.0852883623568
782.3377298113147
787.1246045283319
782.07061384123
789.1479237174523
783.2311343002712
791.3333973056144
790.1803956927921
792.0133327823869
798.3193784722394
794.2626807999703
785.2303488188619
789.4083324746347
789.5184905927164
796.4989668211257
793.2683092033162
786.1615217068661
787.2172076540656
785.0007746590854
788.2382401844732
782.6987462432074
784.1821486543494
795.3548199112071
793.1313884539455
795.175496636565
780.0009082553296
789.004208234444
790.4036793653623
792.2320637256217
787.2693691727462
792.1301192654973
791.2781513878983
787.3792797354427
787.4578282776113
786.5492261085255
784.0461693146192
788.0114344252681
793.3081641798761
790.0976123658326
784.1982446589213
789.431391282917
784.0993935034124
793.1470391633975
782.9705821125137
797.5286639179416
789.243330760843
793.0758560499766
789.0286335374261
795.2124462688511
781.5882054628007
786.1802883434577
789.0196666671231
787.468477655545
786.4440117328021
789.9092860859829
792.1956973246536
784.2291638965048
782.0270749452452
787.0335247765325
776.7843854751275
779.2478306504877
781.0157046570847
797.3754261015711
784.3646849162518
786.0884701008325
777.2998313317051
794.8406481825102
787.1153927294963
789.0262003767149
786.4622883443544
783.3537831279369
785.4259484717402
784.1533666542236
788.1079550778036
778.3024927292221
787.0797379537638
792.1846581281308
791.1053908319036
781.0574471714932
789.2033730702199
789.3199993211434
793.1042946177894
790.0483281713564
789.2860924330108
799.0908903302856
785.112539801468
791.5935610096078
788.3221984443142
794.379396824354
800.0283882785837
788.818362710532
789.2115284670343
788.1238409877183
785.0977788479818
795.655842701012
784.4307678628635
792.229991541966
783.0729164658853
784.6999078517515
783.276662830523
794.2611432345701
782.3749673071612
786.8210863750202
790.7086928810554
795.0180925102351
797.1557475758199
788.2767551619575
787.1875581762131
789.3471663392341
791.1768777846976
790.0767936395694
790.6466230008018
791.2296652646954
787.5064983884332
785.0150342696217
798.3166252805468
785.7744600821865
789.3903369058198
789.029238040171
790.4053554004487
794.2008818899988
783.1525916597427
784.1671237974585
787.5667421369844
787.7262562264106
791.4843487436258
787.8792630088423
788.4590033169535
783.0344416083951
782.4619229902877
783.103422982607
793.0611226822097
785.2675557523531
793.3623735637083
790.1205983691859
798.6577811960137
797.4250301238227
779.0820598143893
786.5664865086324
783.0928055398414
796.0799986536304
784.1208805341031
794.3530164165497
798.134992384421
778.0173152798867
789.2247746553644
786.5740076350005
784.0691114031298
787.3685281752976
792.1282437041982
785.4902290635557
791.1250128026834
785.2557108552959
795.1245421059698
780.3543613412537
788.202325961978
785.014808628157
788.6384071686168
795.0572037894334
786.5141166225039
785.4491462963155
794.3607209201826
793.3122821157413
786.1800626083358
797.2001886206365
780.1557979134831
781.4996332616327
781.1862845867307
788.1643077144521
786.2209925824824
785.188594626999
784.0578964760327
787.3142163519053
790.2742142221949
792.0268999881444
783.1447623562854
785.0185107323615
789.1572510382128
795.5430575955611
784.4023318386497
786.1803959149004
787.0069321138362
784.1187602852955
791.1495387691796
788.3560115527397
785.3195151992954
784.1590514233893
795.0590130226865
791.069400240286
789.02038856693
791.7073815328081
785.0386142250936
788.1410429562776
789.2080020383465
793.5222606416794
797.6777473657006
776.6104904531014
790.0761112863299
785.0247028581994
783.0810667965055
788.05364253678
792.0405765604381
786.2719136683703
789.150875424433
791.1594642499593
787.0708295853294
786.0964983221373
792.6740207228715
777.1494564909918
787.3089124671756
789.3273680949303
782.5877867130683
786.2314615337716
795.0925304320215
795.3539178889453
787.0322298272039
795.421352996085
786.0340607450332
788.02762948925
780.2040182634748
786.2226652605356
794.692631702847
790.0645872272081
787.4308020399635
789.0670857864893
788.2499778488751
777.4789502292011
784.4455759693756
776.4211862820978
785.1737747690099
784.1807529715416
788.4626758314234
793.6105525041802
792.7908261436687
785.0295532139227
790.5567331313961
788.6410978633585
790.139619274828
787.1115427446719
791.0601006646009
794.7595278838196
785.3161933766758
794.1331341473161
788.0636423745075
783.0992519594186
783.8252636585612
781.361571533056
784.0049598679839
773.2567993109881
793.0246137269561
790.5682255168338
784.271009895199
789.4671678217654
790.6440747469035
772.24184438988
795.5739768362814
792.2130208374289
790.1105177903978
794.0536473069433
789.6819984178964
789.2088181892649
785.5103929719548
779.6173188205148
784.0431445902889
785.3697031976917
789.312376847699
786.7156449066671
802.4838157421018
791.1141945620158
789.0145256809174
787.1494450250049
782.7503897222825
794.1093177625319
782.5162542713942
785.00296962099
788.3744743521834
794.2603852627674
790.0532521726933
783.2902928858416
791.1052482605706
793.2325101302731
788.3280240395759
793.1384177578293
797.0397167313703
781.1734971120231
788.0813987257235
790.023304206685
793.1672452329924
787.6043357569082
786.7606319760356
782.1897437005127
780.2197018975288
787.7396656149334
794.0605235825146
778.5569731818268
787.629312450744
779.8281896167118
785.1372615172426
785.4270206574924
787.0762643023419
784.6091972847659
791.0426848588147
775.1105977030562
793.0363801499336
792.039303924837
787.5265662453523
794.2432578015529
783.5156300983465
790.2081246955822
786.5789721705014
787.2185367179054
782.7347141438485
785.155023252501
800.0730137731879
792.3839253591527
790.2597905945908
787.0578089594466
791.308571863175
779.6344431423256
788.4668148276227
787.1683907601492
787.2718491326754
788.1817223393682
789.2854804573457
790.0725669196353
788.1898256871601
789.2977460711444
795.6912372702525
780.5193077932876
788.1539526869201
793.0015089683201
784.0470161673002
791.1529721577275
778.0969162815827
788.2210018361355
784.1816849160703
784.0362199748633
786.2329291837308
793.5675567899351
788.1410270392698
784.5096213859614
787.3791983734765
789.3941382097862
783.1623539270263
784.254627436294
794.1424915318182
783.4775892088103
791.0098497081237
782.2293666327646
787.6232157390564
787.33930562872
781.5050914981143
795.6047726915801
787.1228087838851
789.6353137315339
784.1351395887498
785.1448804667198
793.0876988246466
796.3110661781934
786.3134841304374
789.5520713904433
781.1119937304717
777.5939358768462
793.1846310767478
786.3880915205458
784.0524567058819
789.3963054004262
790.0786627739408
785.5702793491574
793.1569360448757
781.3395576111307
790.0858412670397
781.068251497704
790.0973006337863
785.7086303420563
786.0652222503195
792.0429462937731
795.240023196999
783.4854369451463
796.0473249698605
780.3781510540908
789.0360373251269
785.0105292737071
797.5796407559865
786.1973243245492
794.2214296253751
785.0151821355635
795.0993446906531
791.3593978673526
781.1798644176163
781.271749686109
789.2890753085428
793.4665344095916
796.2957097403121
793.3336709030374
782.6166577225404
788.2286027383191
784.7529479380952
786.1685205186452
777.5712013264625
789.0724187223396
786.1045867843126
795.0580633571491
781.2863887942433
782.574653053396
798.7240808069649
794.6537522227864
782.234264554381
784.1307256413962
801.0419930285141
786.260281472886
787.3282192574846
787.3251907348107
793.0070433239331
791.09192793737
785.136404972915
778.3843527125407
789.1238638794731
785.0023258031547
795.0108367459128
785.1133585438959
787.1732957329829
781.1953595739501
779.600383252761
792.0499933239581
786.2121983964392
782.8003777944818
786.8458028864694
786.0874782060588
782.1276275512813
790.7513603502589
782.0480842737657
792.393692248943
781.4307012740825
790.7011330017073
788.0089051868421
786.0354813291507
790.5599243515296
778.4543156264164
786.8044783127696
790.2514550872721
786.2503002716044
793.0833614694737
795.8440459183635
787.4117437004936
776.2505197349005
785.18329027277
787.2205036668107
785.3210635033805
781.0328744104075
784.0214480181808
781.115026949905
782.0925711376435
789.1953316092502
792.0591750919169
788.3728782050613
784.0936974555668
788.4408091046963
787.041685222476
793.2567166174672
786.5389452365991
786.4057258363268
791.3218818733324
787.3515420229078
787.4773486291947
786.2010998469249
791.2770829745435
784.115691192008
783.1228373576139
792.1886264711701
775.3240658219224
785.3191040889889
791.1112151647804
787.3716274585001
790.8416994435353
789.1708591599065
787.1030592101407
785.0451959943676
789.4330171541452
783.0709026369803
795.0465473870802
791.1226068245343
778.039415593348
789.3559161885057
794.1795636563713
784.3286202889286
794.1648929509114
789.6170444160385
786.0230010217238
775.038937043236
788.2739329927289
786.0966807284476
783.1111437509219
784.6540652574837
787.0131575021544
783.3684563629498
796.345240368347
784.174299596591
792.6458896493806
793.1125111542246
790.4002672075044
782.4387035105159
784.09742777008
783.3663117344106
800.0470110281101
798.0870324549873
794.3706136830136
787.0847494391064
787.0849444608967
784.127691853716
784.4660428131291
787.0583977951229
778.1156835481614
784.4135931083341
784.3594118444271
791.4244694349546
785.1275372443724
788.0927594262062
786.1240590283575
782.4915805451589
796.528066562802
795.0845144217184
792.0167123003298
791.0199873939365
787.2660707740233
782.2830698690774
784.5283291035784
792.2655663934181
786.3815301809642
797.1887431629729
791.1342825909168
788.0299809888703
792.7774214169694
786.405624855023
793.7323763842248
790.5884772420253
791.3753163827065
784.1193593419748
800.303100764213
788.3075719231674
785.0458180165067
782.0992809331061
790.3624241171074
783.2609842289658
788.0516486735322
782.33450424065
783.0456399000702
789.0098609747847
787.0082782802663
793.326473517953
785.1385052987614
791.1233671170185
787.1395908527584
780.0678483709361
784.2956779123425
802.5620046700413
797.407558097985
788.2575669224207
792.2038283505195
792.294151538499
777.1507030767108
785.1878440971517
782.1315142607189
785.4194231200112
788.0224053873106
789.5028675270971
793.719441358972
789.0339849920751
786.176273574445
793.6660927141252
789.2130652990501
801.1716214887641
785.2864639841738
783.0047785701222
784.0314922098871
785.3240129865351
792.1506851017654
791.2838770084668
794.7998812993549
786.350590474649
792.3225649129307
787.7533487850535
789.007467469349
789.2606441556757
796.23702449093
791.0438176075312
793.0770109883076
781.3841533803349
786.0865605664034
788.5238283316557
797.6185709973281
787.1810560158187
791.3052903268689
798.6459016838311
793.5795596228202
787.1415286910798
786.2728538331996
786.3499581764248
792.0782363700781
793.0406266412244
788.0469653649433
789.8808681956006
791.2350672704409
785.1640086482123
789.1836593196037
793.0559665317543
789.9475335758231
782.1780564378444
784.1832578716221
784.0039465769462
797.8135249192246
784.0848787418012
785.1436607583561
786.324431116184
788.025302356604
790.0284644911031
788.7073153499233
794.1331356163754
786.0875279384161
789.5690683374406
787.9472077095513
787.5783706203072
794.0408397343049
792.0797048946235
787.1756691976829
798.3581992514431
781.0297450343986
784.4998561351802
784.528553262513
782.0033142476111
790.1494064644312
785.2420424116575
778.3537868254214
789.5845069565531
795.0345382598348
793.4525209850789
784.1960492706921
796.2584449201514
795.2896927519491
785.0235829951271
789.1139607083741
784.1893861550581
793.0435947354933
782.3734574394872
789.4825534765196
781.1606587315868
783.0771753075212
784.096443347162
788.9312717626914
788.2156290237315
792.8629410250924
782.9681645780026
785.0411618136138
793.4988384530998
788.1982540998202
795.1414480454299
793.0730483370538
789.0202593721997
791.0141464391435
782.2634026577415
786.0915237614969
780.0051833400305
785.8208103318034
789.3711884000714
786.3342211107371
781.0538963356609
791.1811633708205
786.5750168793667
782.1986306581468
785.0405434344059
788.095939795301
799.3488506411588
780.3953057500204
783.0877800307321
780.5120091754492
793.2536069345297
795.1636314738096
787.1127443339063
787.0243387759148
779.5403001694004
789.1445905963583
782.0667973123656
792.5185053432202
793.1355091244492
785.137196346664
795.0488618145589
800.6327227620573
783.0130463676518
784.0505654345005
790.0840210599921
783.285573710373
787.1521928946944
780.0511688437277
790.0132289868554
798.0141646126094
779.2021240058023
786.5920540372914
789.3666569461833
794.4790377444633
790.2454700288062
786.0830456895089
778.8060275037544
784.1939314410342
786.2994640076515
788.1654631356546
792.0617866020001
783.1942196496783
790.5399808734959
781.0351631843173
787.6947516831185
787.0806178310701
785.2254058390411
778.1975578327475
786.3476964748329
787.1507115459514
793.3043108000896
780.3445906217333
785.3581693515094
791.1668042239507
798.019202328052
792.0097285523051
794.7655500048819
786.2109263206626
785.0986193026835
788.2879108908941
787.1156244939257
793.0001992024211
782.3316062469886
782.368892609679
792.6197872861998
789.2731391832777
790.270310120435
792.4053272677386
788.3727279688815
783.3509694028265
789.1027479045687
789.0113866710062
795.169619698299
789.0793342768217
795.1007362393782
786.2922990582415
784.1447430648228
795.4250565569455
790.3864655737523
787.1753572935302
791.033603341172
788.5772454550837
780.111568208945
790.270297036367
793.456589772863
782.2528828498605
784.31660848284
782.5070859422775
787.0220163666467
786.212102340808
794.183139232137
794.0819278497584
793.179889145378
791.286013774183
790.9135581146072
785.6057839334302
787.404660639742
790.3370974648831
790.1416510275517
785.0112521415487
791.5505166670075
791.1240170478239
782.1256499948735
790.192924185744
792.1422370401068
776.0859948020646
784.7391274808432
784.4787994530392
790.159224902291
798.1770741495867
789.0170638938266
796.1602136618
788.0742496552944
794.3772874129311
788.0172424234624
793.2268038960127
787.2441095169243
792.0391405630593
786.9519513480698
789.2365183137352
792.5838194153199
790.4311093503032
782.3720588351775
788.0901344988749
787.1496547510028
787.0944368171381
784.028649938386
782.0491307693657
781.5078454353546
783.9076464409045
788.4700005740417
786.4999555663148
782.0548291453292
794.2763125967623
791.1006427778985
784.1231353639787
788.041117880642
793.1828734554805
790.0062822232587
794.5210662772101
793.4283541147674
795.0202933433201
789.3408110810043
791.5914419490919
795.2553679965408
784.3532943026299
787.0478553483592
787.3146689352735
786.7147181477313
789.7155757142947
796.283948112688
789.1353118385753
795.006952267706
782.1601355019203
790.9459695639927
792.1095415826213
788.440371328816
785.0026575409286
790.5333599002861
791.0803838452551
788.1803964989011
790.176649043275
785.6047666670321
784.3098252769277
791.1125794286418
791.2193654308742
796.1987288763105
789.0542453194572
789.0961636730627
785.3693843705113
787.522086373782
785.0420853534637
785.0568190840715
787.0478593355001
797.2380066406537
784.7614766251471
787.8504136426358
794.1920876623562
786.329366931418
787.026863911678
787.3207817038103
782.441221234236
793.2525392898709
790.1183224360552
792.0334281023311
790.284261889404
785.0273593908655
785.1369111190684
794.9140101233819
786.1193873784258
784.0325186274983
778.6044698168373
785.4971588456945
794.4509713500105
781.3171336125658
780.4215961991514
788.0489477737575
787.1984775687457
783.2985097183386
783.022393539442
785.3244435374671
787.6831856496825
790.2377003361063
785.0616195545703
785.0838878941662
781.0047988342633
785.5894610029779
790.1797656194187
792.4133014299124
793.0704192264623
784.3206403247076
788.9427886167475
788.1987998717445
788.4934242728795
786.242140106778
787.4679194047403
789.7809825196679
785.0032435402622
782.4784068912134
791.6497587875223
786.0158076299565
791.5043796629916
783.0543912514183
790.212125148148
790.0052586598678
791.0087764905323
796.0898604997844
781.2693494724641
786.2477512746922
787.110639698439
783.360105273626
785.1715461351233
796.7999718491142
794.8993445479509
788.3030069504933
785.1585052621699
786.0724656193765
790.1014083101893
794.1372168853158
787.4600466187007
787.1235503295567
793.3464767438933
791.173682756897
791.0082139474863
784.6727023267701
793.6035993585549
785.0082066932579
787.055803145575
780.3420971308075
785.5563207580257
794.0137939302631
788.3439213053516
784.5479630715823
788.1093327775129
786.5428079769475
790.7998575946158
789.0619381358102
796.1214528929789
786.1697992208329
792.2140421622444
792.0058073890757
792.020302747913
783.260816483959
790.0443518734039
785.0326520552545
786.5362834211217
790.2480337835015
788.0688332468205
780.4388400602209
783.3415835331158
786.4361036035812
792.6629290739575
783.6810788976397
781.3030449973525
794.1529513712774
787.163712623918
795.1006637656413
792.1239334944897
789.2193180322053
787.0835498548531
797.0986176806533
796.9761696123309
789.3131919569735
787.0312138246434
792.7112451817466
781.2076715152076
789.1025713975331
797.073227073087
781.0213572427928
786.3066578458252
785.1950688243751
782.5940152383558
784.2303267663916
791.7174199713877
791.0756451702886
791.1109290047409
783.6483588775093
782.1484865711375
783.1837454668143
793.8401952040272
787.726465884145
794.0260073842237
786.33357597956
781.9555851241848
779.1744020133165
776.057943983825
781.0780382516559
784.6414038763161
791.0018459637612
785.0987801759715
793.0982485202094
790.4131361256575
790.2631099084342
789.0014041181307
794.0879175710241
777.0882287168765
778.2950650480898
783.3077520274649
790.3436659782175
794.0816925044664
784.0957637815026
789.6278929858579
793.1648111321783
793.738727980284
786.1981392392461
784.5189134630874
787.1285524224536
779.0847748026505
788.2319034308215
800.2466352624239
790.1067234602388
786.2635657988965
790.2503500261424
797.4532512110469
793.0489440489857
789.0406827123933
797.2394000826826
788.8222631300832
782.8633558152787
789.1747942798972
787.1782142842951
790.0717637309527
783.0466308336337
793.2362558104917
784.1951398704276
792.6712959285172
790.3047710464514
793.6861272592631
799.5731501201738
786.0467773384182
800.7843899032165
782.0181780127717
774.2247426174581
791.4875046571235
789.1463912310726
778.7682552280602
790.1016857009469
785.1672795115559
794.0703105066523
797.9203374087178
792.2245446513206
790.0073946956993
783.0244672412854
786.02397085707
786.2926466435205
790.3278800576118
794.0017989265891
791.0483081354054
786.4049029064186
786.6748833755074
792.173918526983
786.060362793782
793.0550483880018
782.7754845791098
785.3456136336373
788.8734828461935
790.4008573662052
787.4894184984324
787.0413880853584
795.7689905994383
789.3254531336693
788.2314127028105
797.3223976912807
785.1168167442112
786.6938262229475
788.4534274144661
783.1275271736815
790.21782023959
784.1551570457277
774.5709263292102
789.1212097935037
784.1053645195236
788.1741216733287
787.4622279794725
785.6995814475188
791.2545338247281
785.3191539277628
786.1032190662017
790.018676677702
785.0672810428864
787.1447690501154
784.7734867733453
786.2941757730157
790.1130593548214
788.0038719490351
784.0188448368151
784.6967348940545
793.3445794908952
790.2480473682741
775.3064729841432
786.5436327434961
788.0249576259534
782.1260261150123
793.1585807135316
788.1202000295
788.1264992415922
790.140295446008
788.1068053131488
791.0531623332352
794.1520629873829
787.0061278970655
801.9037875309355
784.7632509920475
784.0346210107396
793.2982411862114
789.31830578238
779.3029588043834
797.1906570323539
790.7341062933787
789.3593668367722
787.2107048822323
786.0874257271063
786.1652067925306
790.0204939738361
786.2244303412558
793.1604613880253
792.6800481652907
794.2726453809303
787.0378527366082
781.6087387675482
780.1087328349722
787.0046120046194
779.3041141919537
787.463594884186
789.0372182851166
782.3451955872808
781.3216546008416
793.1166467407076
784.1872810888518
785.0890351574002
786.2953613005717
792.0684993135499
792.1366470742989
780.2375096960691
781.5804122941065
782.0649619614946
774.1085505742944
792.0817004049366
784.0036489772144
793.4810724367571
775.4065429231063
793.7843372163269
792.4246597166
789.0470068995497
792.2683560591576
781.0040664365634
784.0729621378254
792.3910243863339
788.3167863316262
795.2621905905338
795.0427595669893
797.1482000010179
788.0694813863536
795.1107584839906
787.9839575505571
794.2420845039773
791.0456814503001
787.5057404170562
796.1972617312474
788.4299018312722
792.0942378783914
793.177032850305
787.6374620225787
788.1354299280135
782.1342527129951
784.2433361407528
792.1512857380978
793.0705475297394
786.1655277703982
791.1446393999432
784.1839634998886
786.0982250201082
790.1089393591434
784.1162603066452
784.805490233272
784.2476330067441
791.08376109508
793.2505529874604
793.0579305256812
792.5537764964215
796.2192628696059
788.0197777942129
791.1298770939535
783.4400732371361
795.2772005621433
795.5383761440886
783.0842405093043
791.385660832977
789.2113237545911
783.064424843235
787.1505222623031
789.3764905829668
787.2958410764777
784.5460472465085
793.8917269488716
789.1808343891836
791.0869773864059
778.8226499716707
789.1726184563166
792.0589940777626
800.1238480373657
791.6198369629072
791.2173886654792
787.306367194358
793.0377523468411
784.1906630847662
785.1475556312947
780.2008853579989
784.2174255102357
790.0789392086104
786.2227114794703
781.1373147182691
787.036427789574
787.158157722579
790.0413369493326
790.030597268707
792.3125750319513
794.1464745787212
788.0165853218388
792.055906672223
797.5906523765334
789.3347086953726
779.5452755073208
782.2047794287523
787.2970568060149
790.2433111805551
787.7005480047706
784.3185920176926
795.3700963270827
786.0126997206976
792.1144678398894
798.1686090634181
792.3500517568062
785.0200185938193
784.19391170806
790.0128555570993
788.086385257939
786.0334103142881
787.9070104079431
801.534795401244
789.1777403986467
790.0506278957702
780.2578526601174
790.009145692113
793.0289459014422
783.332753722187
793.0003142763063
799.1231635073267
788.0126711999137
794.0644834909864
785.0467975337455
785.2065040097522
790.0049261973652
782.2044328511496
794.7012104231923
783.444913480044
789.0915972562806
786.0848598737314
784.2799495990456
780.0577173999757
790.2484875039255
782.168027947978
795.1045831485256
794.0593994351399
786.1797096794907
794.1053765735209
784.1411861229701
791.013575799543
788.6549072074598
789.3728809123568
788.1791367921185
794.2146673927072
797.1832494272364
789.3794854442459
784.0778448867496
794.125528719103
791.0561757162811
792.0338712655467
784.4301811166747
789.2751391647208
787.0501307381791
805.2919101946202
789.0433397710893
789.6411042356771
780.3786342086959
797.5149235064816
789.4912343622467
793.135187503746
781.3256528521206
781.3630547157175
788.0601915147273
789.0318619068563
780.0413373883276
778.2226213982975
795.5186868957811
785.2031749740914
791.8165429975184
790.2015188037312
791.010688331113
789.6912377136209
786.6764971637917
788.2755620957976
790.0028743528783
783.236113263838
784.0235780789357
797.5707063828035
796.0359699998513
782.1814638691534
796.5297934113503
786.1920795539307
797.2054431611853
792.1672548262064
784.5264232808806
789.1545568387655
792.162095438129
783.0917998132934
789.0876554327969
792.1443252221497
786.1076550879482
779.457747431602
790.2461598709715
790.0148105182037
788.5142426909573
789.5120557691494
795.361396051884
786.4728356292695
783.0424421228101
786.5729570528109
781.4480125796173
790.0895167880201
788.3274183729966
792.1909269154999
779.0070065902204
783.7552912580804
790.2657228726922
783.280613183449
785.4117385492373
787.2035867337385
783.3149150297265
796.0737024544507
794.400095952819
797.1755277798022
789.0410847163017
790.1396437245286
786.1916682794404
781.0018161902797
787.1332917115895
780.3787540259849
786.6194581924843
785.5144057589386
788.0898684240473
789.1500427812183
791.1968507806617
787.3428147918555
783.2221309194848
789.6434841337589
777.4383333173304
789.7121603937544
793.52889631675
780.1887104187074
794.4281991934411
783.1243669503222
793.6489580467056
785.3365717140749
795.0624556839551
793.1175217956704
790.3453999417943
783.27640204061
785.3191725967303
789.0106938955402
785.401245243311
789.0195756218459
795.0739876500368
798.6047151065283
784.3390069291805
783.63191970628
783.3748101428716
784.0015850266756
791.2265724851712
797.3099344082793
783.0892893337813
785.0070155961137
789.0576259937377
795.3484281633345
791.1286968710044
794.9970000872684
783.6409118395003
781.4611074405711
796.182901294184
792.0080165441437
793.8640405183405
785.3102895565246
785.8043712865716
799.2083856389769
780.7408308850494
789.4291654058135
784.1906272296935
784.1139686503936
802.87408348043
789.3682655780076
779.4394787644757
785.7215960082046
796.0715025627665
788.0429561000558
779.4183217225375
782.2622854589557
794.3018966155292
787.1010300984462
794.0434908209596
788.0738753065062
782.2520249607163
795.1303162349361
790.5564288963418
776.2749813648102
793.0485470426448
787.3927211659266
786.4456259357313
792.042943402761
783.3516116236573
784.3183175634734
783.220955173855
789.3472366361121
783.3951939658374
790.3262433794326
792.0852334429484
788.2370616738469
782.0069623424839
795.1218661159274
799.149369960018
789.143475699204
795.2728578126155
777.0012800969905
793.1105643139343
794.0930980926627
791.155274421573
796.0310291314265
789.1850210552551
786.3198455254659
787.1244728349642
790.2841880789379
790.0859485896934
774.3658668715764
781.1770333020571
780.0419080473824
790.5523181637794
780.1173642507864
795.0453794213861
785.0615382638969
793.508221199748
783.4332193955987
792.136984918416
787.2061867391169
795.137440157263
784.0622425514232
785.1068077409303
788.7758253203979
797.4480991005136
786.2813583322909
788.0116505860287
793.1820034258919
786.5846272496708
790.504326265773
790.7043235416819
789.0257328432083
783.4674002486146
787.0413133772041
779.413965531981
784.3137923328077
778.2236464424087
784.5227646718735
784.0642641387307
792.0513954009638
794.0205755561769
794.1630445677697
785.0140213937292
779.0317275333341
791.4434947805004
793.2749876974467
785.1078855965757
785.0534941817035
798.602040219983
793.1919628666616
782.0568223716506
790.4851029219342
788.6599060045206
796.122656933272
790.1990790221671
787.0394448416462
792.1804561791928
789.0098997249214
791.03807990288
793.2946381140893
787.934179703627
794.4636940431437
780.3700379302578
789.2646187397352
788.2285995217004
781.0036791592414
788.1908025991487
789.2551479351114
785.5445563292573
788.047721775393
788.1244042812793
794.0023984960939
785.1401167575932
787.3756106258121
792.194981686014
786.252543677284
788.7463541089767
794.0498575070532
789.1251514245622
791.1735227134935
785.0151849360722
784.3310577672725
789.3409830243571
787.4031235301885
794.3093637557735
790.4753391307262
787.537287343756
786.1541981240599
796.0786177217691
788.3864451985754
787.4781846774879
781.3967485999904
787.0011256399407
786.1497474521344
779.2380642331808
783.1794283220224
791.169630077381
793.0023646961773
779.0818578292112
793.2717228172413
795.2413655357807
789.439341012166
795.2523510838947
797.0726698883926
785.4427616762265
798.2717559924042
791.4473519836488
794.1248373607249
787.2001812837673
790.0040543885607
794.0664755732728
786.2071034566238
787.5501765480423
790.21179951499
785.3674374639884
789.1521243751964
787.1312624566468
794.9503414828467
791.8752602443452
789.1416564680651
793.8740750767412
785.3338549291066
786.226397267442
789.1355199081803
796.295137821517
791.5648082475254
788.0206569153246
784.1812314604543
785.4525116620268
804.8862729901571
784.2091701306508
786.0422074546145
787.3313825567484
783.2185783723803
791.0464718776738
785.0651076507929
778.0485695254666
786.3556274124169
800.1218388156163
785.4089371679033
787.2372611139573
802.163879627997
796.9257242443713
786.4540523548618
792.061595374716
782.0203423939388
783.1988367082789
785.0519216623296
787.0787103916148
787.0889805424914
792.1063147049251
790.152490325303
782.329641242391
793.2254982346448
790.5476607857379
795.1730331261992
782.6652840059646
788.0172942992389
789.4275677832284
791.3604564922923
793.0343156416537
785.1176993652498
794.5580357379455
784.1472021991622
793.9596423853533
782.091399115135
786.1242962035348
791.1652953600246
782.2544295109778
789.1180639993712
784.0442141492161
790.239916151209
783.3097274814618
786.1293381544983
782.4108805155396
787.5464534602288
778.2002429752638
792.3414465929674
790.494090421335
788.0091717916916
784.4902180039852
782.2321552038959
792.0594645952117
786.0680154306951
789.062959222162
788.3201520431171
793.0322121347187
778.1432630520821
792.055249078177
785.0042644037597
786.1411434859089
787.3201634477824
782.6940443755277
797.0803795954079
791.0254794002537
791.0278640894136
782.102432633151
775.4798773182345
785.0361477954418
786.5363152408052
779.6889522106404
791.0345604188819
776.1737122897584
782.1596057674415
789.0166218408184
786.0314756939907
792.070251904015
786.0686798103534
793.0670710009016
794.0374711078381
787.4740878904048
786.2081480539526
793.0362759678535
790.0308048190195
788.3590123311166
784.3289729759532
786.8123005851297
779.2451257502071
788.0799242730708
797.1481180372394
784.0064636299614
784.0538139348326
789.2060453599106
788.0510624072782
783.1457946150247
791.0545991936624
776.5651545299232
785.2272524616682
787.1331098292527
784.0486509190183
788.615328739997
787.7494926705672
786.7296360193815
785.425405497826
787.1774681618912
790.0089892181134
792.2060383703698
776.0556955377122
791.0743066158387
780.2955226095182
788.1792940100876
784.1774329200664
793.2845026510608
785.3117575508553
776.5981467269534
792.5733187808961
781.1572682227267
781.0384901610138
787.4963660459455
796.1384700531233
792.1389964090841
785.0509321454023
785.3466666313248
778.0265626303687
792.0748424530314
784.0174230571437
796.0641554893198
787.165826314338
789.9474592726968
789.1312705480997
791.1992245710529
787.1283323421898
787.634255127678
784.2573094133259
779.0629199486413
788.0275159602344
787.2237361147852
785.0190236468733
783.0908212075974
789.72987721016
789.3677786527388
789.1455335544232
789.4677568770443
790.2991494302349
800.629416317305
787.1313004696764
787.3694759747186
783.0461486036529
783.9376083798162
788.4426984159205
784.1195693273227
786.1280272244588
791.379797383965
793.3329557874583
787.1137491550655
798.3725821176406
797.5340477168544
790.1401433672057
778.6022283980885
784.0414987672316
791.2985775662734
788.2029120928249
793.0148542274565
791.5587396885774
784.5488996672699
784.137400609112
792.0758883607012
789.076798950629
795.2133903397971
790.1174019146961
783.3646338641405
792.4609272576666
784.2093598432735
790.0757131087167
795.1688251178023
787.0287060929896
794.072723731528
781.008535550782
789.2009125866701
789.3148606955845
787.2598105694188
789.8941085362819
780.0445510146619
778.0329492345975
790.3844521789991
788.0980451522116
785.8675561449876
790.4002586501005
792.2367333608811
790.4606194205093
785.198235516174
786.1105029478458
785.0099958236731
792.0588369726814
792.3109179930932
788.2605130327914
784.0150022910317
788.1841010226224
795.2722858854337
797.1094452835001
790.8843651454092
786.1948082214004
789.0019507283945
783.4195655498603
776.3296865891031
782.3672486310439
784.7341305331632
791.2912230913445
787.1209926263955
785.0189308130498
786.5515434257566
781.2687502337786
783.0738153770714
790.2023487957227
794.2108708422841
785.0840974379653
788.7081334089978
792.2367224525586
785.0304468622435
793.356252582142
791.2049298817313
789.7484337594304
788.3312768257287
788.081595108739
797.3440611489442
779.0347034072186
779.0219974506458
780.1185580019654
789.1229426481574
792.0806790411204
785.2613278966413
794.0732109425054
800.0558240793698
791.1857780706489
790.3463937015292
788.4800234361229
792.4849879781591
786.0670096427109
788.1307475282798
786.1776328365299
780.7425173742756
787.2365837967808
787.3873566479102
796.2084777963495
787.8582811127727
794.3039450609153
784.5850569441684
790.2604236029126
794.6466527432517
781.3111476884441
785.1330846785174
788.1847838181217
787.2046522916769
794.1773572180946
787.2108738360273
793.2344114909387
789.064690644249
788.5479411447135
791.0008229427431
785.8073972791905
779.1777686760917
781.3815260263631
791.0986947365194
794.5393991601364
789.5646475354207
787.2827389059859
781.6134681180972
789.1272909547976
790.0627129922034
787.541531963272
793.997708182326
784.0813570079438
796.6670761539033
792.4746037712499
790.2088490162778
796.3714727105211
787.0188390394306
791.6854262216252
791.063999862657
789.4526483816121
786.0438488194874
793.0119671472347
784.7142906854472
778.0110225456434
784.05522964245
789.0200780930253
786.2144899409069
785.6485430519007
787.067390938541
787.282744122277
790.0014143306086
792.4840459658175
791.2495876494495
784.3513400509028
789.1324230599706
790.6008969297004
786.1654261362429
784.6909038340502
777.1182389807276
792.7440751092818
782.5751240604029
787.2856168828739
779.0496894119775
782.0017869090225
785.6563174651311
784.175028167369
789.0442841085908
787.2858544213993
781.2749144375638
788.1704808435819
781.3428884836864
797.1725617940515
786.0004887140542
788.8820848462414
797.2040595234153
785.0236127011525
786.5524983290823
782.0245721124626
798.3456446077182
782.0832774552
783.8448593123188
789.1581291793841
793.5086219558964
788.2882193213441
786.2462718911928
782.0526515260185
787.1446608843049
783.1507932952118
786.2557979828595
793.3398039663491
787.6332626020439
793.3827521940975
795.1818797395555
793.3456033187945
792.2435132177994
786.2409066598669
783.2388150923972
792.0664874291779
789.337965229175
787.8765778031386
781.0293207377725
781.1177557126849
779.0656331164838
788.5192610293642
790.132525956939
782.0036418249261
785.0830243343117
791.1847778270355
798.109090001753
786.0364034770575
788.006020252294
786.0563466035328
787.2836468915556
789.770431590748
787.1740237590612
789.2068468382554
790.0077415895288
790.0200850560648
795.6586981929443
783.8468167656508
784.2811230480696
789.0224900616028
790.128675653833
796.2590026614273
782.3881606749887
801.3744128183708
783.6475811971238
783.6304031367353
794.0240211972798
791.2955261530075
787.5650607269205
782.5173883024042
794.2441664371387
779.0079785241144
780.0736477850857
784.2116115352327
787.2741442069868
794.2652880152361
788.705569453333
794.1631336398343
778.1589135116918
775.052312800281
793.7898257672813
789.3690767684225
793.2075817416603
788.7982326290829
788.059736310521
791.823727745533
790.2773917584608
792.9880097300739
794.2078894144076
789.0696752443207
789.3256787958122
794.0395914196946
786.0616218489474
777.2937490627731
781.7284179221251
795.1577829124483
792.3680616959604
793.4421780863233
793.2891544039999
787.095265586409
787.0762081481931
781.2633727343236
781.1452685565105
784.5714561822671
794.5264852702549
788.1326136536612
784.0623331872438
784.0853553802194
783.2519130330516
784.3179790614471
779.629451186231
782.7992573583372
783.2973143852523
777.390485188869
790.0280923745054
786.1496928396864
786.6579719721371
777.2985308204654
788.540893036583
784.4333357321514
792.594347709764
795.0040971754901
789.1208922706593
789.0931802917572
790.182973545834
784.0933838820511
799.0610764553859
794.2882639935556
789.6092504770119
788.0137481139149
783.5037184076878
788.0445035817587
790.0593376877323
783.1406592144713
788.838853651479
777.2790063125466
783.4959258799414
792.0515420754268
788.3829504510448
793.1558107748714
785.2663062137585
792.1596416246372
