286.0070460057218
285.452260993991
285.2563414584574
285.0319004878583
285.3343614706658
285.3779957868761
285.3651421169507
285.5146809056913
285.4154966052845
285.3576299042589
285.196309193762
285.2052852119885
285.6908396420856
285.143896448995
285.1554376536452
285.948033053334
286.0260400465839
285.6037623897702
285.2703134432751
285.1549900407182
285.4183150575842
285.2067201104016
286.4645121549157
285.381630935957
285.4715608252808
285.4891799003684
285.6317092463447
285.5184181936993
285.3270796621043
285.0305581076088
285.3399001904069
285.3375939485771
285.1852334331657
285.3717841660065
285.1880857465068
285.7617521935581
285.403631771179
285.4315744383865
285.3828270277863
285.2076640647227
285.2085950369698
285.74984355095
285.5114282474441
285.5761444999788
285.1480617189605
285.2189717916262
285.6199973714741
285.0095839896211
285.411379598404
285.4065219383985
285.5113457680787
285.1379369274064
285.553148577629
285.2248971548094
285.1873438110973
285.0416116307755
285.2352009862121
285.0671406508426
285.3006118167575
285.2982555972795
285.1845601154448
285.6048341799521
285.2755370506731
285.2892890676982
285.732671021023
285.7656356660031
285.6068718102838
285.2395090911596
285.1028705048844
285.4335514737934
285.1885673549639
285.0775689392735
285.7430410268503
286.3007352940438
285.1990896601225
285.9898155613558
285.978863709288
285.2022620703918
285.2993037303628
285.4871485360615
285.5652436073141
285.1230352568817
285.2985923778524
285.3635893985922
285.4491477538812
285.2699721633127
286.1036156260333
285.4969967419157
285.0803409201089
285.3905120587655
285.3317469917521
285.6858339496496
285.6561731153294
285.7947824357957
285.3286792509415
285.2840611282413
285.079638290717
285.9313930613774
285.3378463416885
285.5193483782133
285.2965584339989
285.513568452714
285.1338866336914
285.4851457228935
285.7442202069475
285.4689688041439
285.0989587157954
285.335348702709
286.1624369666176
285.3226891033817
285.4461567136416
285.3347621963783
285.4368573595732
285.412804516713
285.2735948202446
285.1292079399414
286.1695872287398
285.1911748616608
285.3759067592735
285.5220898559322
285.3632179601659
285.5557076387011
285.1410103180971
285.0960865398213
285.8962696915133
286.3373404313389
285.3031112820827
285.4660973783768
285.5077183923469
285.0812825610039
285.7710057865158
285.4347087389915
285.4005258533472
285.1537178139018
285.0798118042395
286.0462702493718
285.7674887312734
285.4350177899092
285.9482167879828
286.0564110342827
285.6786778908295
286.1065129527931
285.13744959429
285.3738545029503
285.2064063714074
285.719787478016
286.2492650912112
285.6198376783967
285.807230396848
285.0970213421544
287.1246244591329
285.4753612958519
285.3095029483081
286.0276872614057
285.2771748595463
286.8266787294926
285.5521032011406
285.4713628361121
285.2210129746573
285.5091403082082
285.1375280533274
285.1099993251144
285.4608959664674
285.3452593954595
285.9231159678434
285.4363117452212
285.3497248465802
285.390442742706
286.0874621131339
288.3038446155181
285.2033365256235
286.4006858731547
285.6044865986952
285.5359036333555
285.5339193533363
285.0810803830959
285.5159396601246
285.1522473914465
285.4198932509514
285.2373698825556
285.2649730606296
285.9201383305561
285.6723273489173
285.6038082181674
285.4870005210187
285.4253076122085
285.576176177991
285.6341247757967
285.3639220344498
285.4149952667382
285.33017162058
285.1471283077508
285.6206961452008
285.0973753193198
285.2235126148344
285.2421968272861
286.194485664195
285.2137014179961
285.4577147197705
285.4649453048453
285.1307259593563
285.2791776439703
285.5389458041906
285.4489450996904
285.4586973743682
285.108909513167
285.1787826265546
285.2694602623217
286.1906748637226
285.2124272219069
285.2916645734306
285.2720328852228
285.2510145874427
285.3326935840842
285.5295592975842
285.7346819542772
285.7675760602485
286.1237832902187
285.4070189045751
285.6075103117028
285.2324957914086
285.2811116289295
286.1630810119913
285.8828854655293
285.9565882918593
285.39742347948
285.2158315626998
285.9023537205923
285.4656742178332
285.366172270912
285.1829364142021
285.4890169617345
286.7224077429458
285.6630685696583
285.7945679913241
285.1924125634257
285.1947493866755
285.6422513982515
285.314408989656
285.1987400331809
285.254806540892
285.3889891000321
285.5305656042599
285.2116526261173
285.167637325255
285.51991849697
286.3795728768018
285.5458933384132
285.6561735787636
285.2853761880914
285.4415828297344
285.442072039544
285.9805118489018
286.6968293704769
285.5025339857098
285.2518064682365
285.5294889775975
285.0528915955161
285.1857724654363
285.4264133369225
285.2481843466103
285.8103643453007
285.271633352693
285.0396867405146
285.1209625796483
285.6343051771868
285.5943144435899
285.4011194959457
285.6158247430431
285.6605992569484
285.0444049088694
285.4150374969877
285.0884841180457
285.4667881803335
285.040595238301
285.1731283101282
285.5130031643944
285.4964662919969
285.2358387376444
285.5582650607538
285.2109338360273
286.0677092329591
285.9330580981554
285.6450537709712
286.2773141500555
285.4472810036675
286.6539885847224
285.4076668472674
285.1625199543164
285.6559975566114
285.2131376276382
285.2657881811789
285.1802319390462
285.0636749309329
285.2400499883155
285.2129799941573
285.4468335308892
285.9948475324937
285.0681638530851
285.3703276797843
285.0562180962237
285.1358885445913
285.8773037277005
285.5159850097697
285.6827000793345
285.4944156725522
286.156762891558
285.5989213822319
285.1936010248616
285.2508832490673
285.2167298890669
286.0093628684814
285.4031709972463
285.9209520573905
285.3122158859109
285.5938715132128
285.2602298452897
285.9034008562766
285.657478844189
285.2221135626068
285.8510996133209
285.0222706810512
285.2259007271738
286.2252286608609
285.2797209037123
285.7697610900532
285.333132603336
285.0605321385578
285.4150330107153
285.7849843159273
285.8987894779902
285.4544358774097
285.4393200387537
285.2853800027916
286.1141662547205
285.8295868391436
285.2313598816619
285.662040767382
285.1637701954663
285.6821364889827
285.7047391820553
285.5886896333836
285.802533187877
285.4783418603306
285.4408455845949
285.5711526857093
285.6625733417708
285.233964560917
285.1414883647317
285.2832625305048
285.9067174864911
286.2442242791579
285.6361470128401
285.2613978151767
285.1308862908189
285.571119272183
285.7143419915483
285.3227251626643
285.3200468327104
285.4724552742227
285.3561080987782
285.5745441405268
285.2578998839566
285.5440315928736
285.4056101570459
285.2601664089659
285.7880733385487
285.5310287171069
285.6175937788842
285.1194878463008
285.1755230175629
285.1403820468053
285.3698015814188
285.0803436012766
285.5772454071483
285.2917963383306
285.3757971955985
285.1475097598916
285.199363137565
285.8569940277789
285.2413072967469
285.4420102679495
285.8414659577835
285.7755593894804
285.6119782423176
285.1874186411436
285.3413268635253
285.1816267417512
285.1694355790723
285.3078831582333
285.4881184267217
285.5217065265176
285.551401420667
285.1869057891823
286.3752371561444
285.3056529355104
285.0945218683855
285.8296604376552
285.2971934599308
287.1216000639087
285.3879307529528
285.176403028234
285.4064736995458
285.6912136323628
285.5969347087195
285.4069478532689
285.5554962059284
285.9095488921802
285.0417732718087
285.1197752397096
285.4640085411687
285.4019446375912
285.3703878824852
285.3517374792551
285.5090824928108
285.1873323470286
285.5383565399002
285.2260365706077
285.1079995185539
285.6374773826426
285.4863254407427
285.3912880063534
285.4941402315426
285.5231087588785
285.3688688507698
285.9392319217692
285.5299163570993
285.3789505736979
285.2289359103668
285.4386073091798
285.0817153928697
285.1777065791637
285.8319026197883
285.8853146936334
286.1008922778091
285.5363719981196
285.2335514502463
285.1523151432918
285.1675913436768
285.5478463476974
285.1027404800847
285.234381160681
285.1918783914778
285.1413154292947
285.6869037893483
285.3753592102692
285.3000811992189
285.1535343571287
285.3266757517639
285.2276489949297
286.2378907739304
285.4267653646777
285.7815765024627
285.6650404461697
285.9715136726666
285.2358826526253
285.16948831377
285.2777979644438
285.1778998557231
286.3380643032571
285.7946825175039
285.172018312621
285.6151396307773
285.815239642179
285.1121625898799
285.3837512003232
286.7297430587045
285.0152407529881
285.9141157256809
285.4678172374519
285.148225544175
285.5869248058108
286.087850765173
285.0491872028766
285.2447862446302
285.1806528629354
286.0085654789425
285.1621948784079
285.2088846044636
285.4301420330378
285.4032303087434
286.3168319827016
285.2487019005745
285.325926596833
285.2361496225706
285.6948652642586
286.6497050478606
285.2684438537764
285.1991275196017
285.2743801820911
285.1030911059032
285.3325271740196
285.44094336633
285.1029903345713
286.202585535343
285.8646431229246
287.2235896497701
285.0449986924297
285.5158923849586
287.156891569605
285.3550151798613
285.7316655981704
285.0794282404633
285.3195641913268
285.250589456825
285.0708345538119
286.0095486368164
285.1660504876079
285.2908136295143
285.2126768728737
285.5281796112549
285.3557977437088
285.4103410957815
285.1245638588934
285.6124760765164
285.068823335541
285.2599288740579
286.124457101381
285.4122687929899
285.1336584052653
285.2708273390952
285.2843143225767
285.3947446645113
285.2963678399099
285.3142428147943
285.4146803162832
285.2498291269649
285.3277626089854
285.5709783870894
285.2193465901938
285.464695512012
285.6573353911818
285.316517591329
285.3109556875829
285.6040695989292
285.2620184077642
285.4069111556811
285.238826768543
285.1944313509805
285.118693313823
285.9052767514524
285.7045443743215
285.3837673106864
285.3756276668253
285.6378121560582
285.4939228418862
285.1548587412008
285.5547151919618
287.0387054826529
285.8599594627508
285.6626769510723
285.0964153898619
285.3930500609785
285.9447961235363
285.4672130614629
285.103490794851
285.1740444539607
285.9699463305953
286.3124902616269
285.2689607646167
285.1216399518289
285.8617932075219
285.9704484247583
285.3641084379292
285.706149273138
285.8933275373694
285.5054578908463
285.4219115251887
285.150510749226
285.3127994778263
285.8699111513828
285.1097942578946
285.1287364724264
285.0675991686019
285.3870671349352
285.222275814732
285.1841139033004
285.2500490484813
285.3460744681014
285.6009908488028
285.4374294619644
286.3334310708097
285.0803486707745
285.9385523340325
285.9080905345472
285.4968902937755
285.8503561378366
285.7733773024721
285.0618782641828
285.5614153517997
285.3022420618149
285.2584751419139
286.5625477259351
285.0938079557507
285.3223784537759
285.6526381246492
285.4451338346133
286.2874266142682
285.6636011823842
285.2996240246642
285.5692435755606
285.3022050560848
285.4499261104039
285.481488608124
286.0307698169099
285.4516862034043
285.6570191967224
285.4609940138085
285.2633900304902
285.3013843803119
285.7766894457088
285.8920215833893
286.3065721766538
285.2927300580079
286.1064160339335
285.4334138613327
285.1262958991229
285.2258990614692
285.4782633009598
285.2875437754329
285.1085710563922
285.3815525595776
285.3303348526161
286.0418398693415
285.3096001952793
285.4293659796119
285.3515438644442
285.1903932080785
285.0611552640772
285.5274794095481
285.1559005030547
286.8657377991212
285.443787206756
285.4981752818174
285.332860690275
285.397974324538
285.29968725595
285.5214011701182
285.3972599027007
285.2203322579627
286.4192214268899
285.7774948971989
285.6501373918548
285.356161741531
285.2431818638244
285.5325291732726
286.8334127360463
285.2013047877572
285.1513713070667
285.4829479395639
285.3184680935719
285.0826755115791
285.2084075813644
285.0720230963526
285.2007679869971
285.4393789031618
285.7939123400982
285.5073712811333
285.8741926930703
285.7392417328256
285.4284723082949
285.0784046201131
285.9919968427033
285.112919526184
285.223229383345
285.2006249559794
286.1237981032232
285.6797950146373
285.4450285983822
286.9373471966531
285.0937407527145
285.355862859079
285.2481585688932
285.3049990924771
285.1609631167614
285.3052001276641
285.9878417810854
285.0683940426613
285.1207003222738
285.4750655903345
285.5275168921828
285.25689744921
285.3256609889337
285.3760561709124
285.3460155716191
285.4012064079961
285.6645265482354
285.3904105928446
285.4694136779027
285.5797971210668
285.445725298168
285.7871263917061
285.6161816973317
285.4291978982448
285.2557536918284
286.1536781894303
285.6853906545725
285.7518278457522
285.6980958539857
285.0681230929998
285.1637496711011
285.380701203313
286.4023745309416
285.1857277846987
285.3371507451785
285.2182997656445
285.1145602251224
285.3766488333378
285.2046428460321
285.9727221839489
285.2751018688475
286.1896697135581
285.533443052903
285.1512563812888
285.2386154857996
285.5525186436557
285.6258899517932
285.1974035164562
285.6206808983484
285.1795975152205
285.3208887658199
285.4486203568383
285.31199800263
285.290581020428
285.2898053345604
285.2647471159688
285.5401047124187
285.327764437936
285.8958441760492
286.1474295242602
285.2011702952778
285.2304580895215
286.2298480507789
285.5694001199835
285.5575442879805
285.0815713086984
285.0636085004518
285.326977778246
285.451886577701
285.6905085337424
285.2614895546202
286.3388304059112
285.2899327147719
285.351780150829
285.1495948207839
285.1858728985384
285.1689985310157
285.3100674987141
285.3944468791971
285.3283165634215
286.3266711357756
285.2796495711468
285.1934259845086
285.3144474481315
285.1957277641546
285.871603493513
285.3612467205517
285.1594483397086
285.3949446524064
285.3638248228484
285.3892042141225
285.2336102991854
285.2167868756283
285.5024094540554
285.9238551841341
285.0532250349484
285.1756051429711
286.1695541414716
285.3770990554378
285.8412506985977
285.3166048946172
285.5425462636006
285.8040711546558
285.2742874656714
285.7133986834065
285.5419978373794
285.3564661798318
285.0769344096609
285.5487286568192
285.1048372415784
285.2574022413096
285.8080211326903
285.2519536001402
285.2093612384862
285.1054538178397
285.6648036782224
285.3632032326494
285.4238373200447
285.3082268515176
285.2627824223288
285.2243205892362
285.4214859604415
285.8409171854381
285.2326612450005
285.4459568273142
285.1135988887162
285.1277589869243
286.5173841193011
286.9365250471803
285.7226976955815
285.1372281131993
285.8152691620285
285.0891663043967
285.5502861774896
285.2409804575073
285.5386666746564
285.4511087251235
285.7019526860034
285.4268542290524
285.688655729042
285.7543080802213
285.6606955460902
285.2361609429583
285.7763046844758
285.2054711784658
286.6854948750079
285.1511587602351
285.6693760239232
285.2718241469472
285.1368788844748
285.16696175107
285.6990803455234
285.6443981981157
285.5277129473877
285.3602709517469
285.4100209955119
285.4130049010746
285.3395399652937
285.6368911839369
285.2762876193918
285.6491501073988
285.1588265115394
285.4396783074261
285.231948793185
286.6396006378729
285.1317632058363
285.2106660225728
285.4347740486445
285.3271917046529
285.2160098607715
285.3968313081915
285.1807099757011
285.2542463075112
285.4972587250847
285.400890112027
285.325727800613
285.2041448921485
285.2130597612666
285.3540601343435
285.2223054467111
285.1164934447976
285.0555695745861
285.4843837395971
285.2308580541475
285.6410972893941
285.9852047838547
285.0803526934106
285.1314817130411
285.2653943285176
285.6419967159042
285.1873888515873
285.6105773304186
285.3612093877854
285.3499206362534
285.8510716119752
285.0761634748197
285.7756081639876
285.378929643531
285.6883990910064
285.347146866984
285.9485995643191
285.828085684864
285.2544173482162
286.3023669266572
285.5083874573421
285.4396397781507
285.8977135942105
285.6887649636326
285.2224610977051
286.0912683386727
286.0613409358205
285.4068276413212
285.2360606021686
285.6784017800757
285.4402146663728
286.1479986556893
285.3258817880912
285.3148926624899
285.6948156405242
285.6030122271001
285.0321825005565
285.5253892787521
285.3817302730228
285.5819264681904
285.1973928661338
285.8492050135152
285.0455491786748
285.561658057259
285.0689063593743
286.4969934106914
285.3191875963599
285.1893815009076
285.5643814764638
285.1897010705366
285.4234905440476
285.0819733206368
285.4483026296866
285.2168785372722
285.4852055201293
285.3653670926981
285.9146550547411
285.6756576291277
285.5647337681245
286.7453570756464
285.0641817679476
285.2081876428437
285.5299424902801
285.7630624024976
286.3905165720931
285.43278813533
285.1985768297129
285.3478556848588
285.1720225478114
285.733397754924
285.0316071025413
285.2036351632887
285.2082783798216
285.2945527308076
286.7573478531071
285.2644962656821
285.531215719367
285.4719794212455
285.2179862948729
285.7515825988285
285.1737886337112
285.9319186988738
286.1104499914521
285.2504538278811
285.3755468941815
285.3275270702074
285.2060215539113
287.2115278279585
285.8235635130669
285.536932682907
285.2175262792524
285.5371913735274
285.307134865659
285.5527688263122
285.3079799968875
285.4402128372788
286.2534343545484
285.886784538212
285.6699604338305
285.8687286010044
285.498574321743
285.2423806252652
287.5433016918015
286.2981742701319
286.2492164312969
285.5790814900585
285.2905244177768
285.1240592297357
285.6625597215771
285.9677323114072
285.510434463579
285.3004807228335
285.4950075665019
285.5491416946669
285.3842297242429
285.145280990491
285.829126074717
285.9213671946957
285.3418698108188
285.4518779475887
285.6324247639175
285.2371316610137
285.7200014924179
285.1824335944447
285.0840418716192
285.1589980481597
285.3475500983341
285.0652421869419
285.2299599440412
285.1290089843686
286.4627901287076
285.4975625713183
285.5964064289178
285.6205250248501
285.2116588698376
285.2220198144047
286.8259001946204
285.6519385251916
285.3661075199454
285.1180404429182
285.5517140703363
285.7144362983262
286.0958099172247
286.4353112379345
285.2380782767915
285.2775140200408
286.3851251701617
285.0675829600133
285.4912233510235
285.3170494534027
285.5944774695254
285.1860213271389
285.6822843079557
285.753066214115
285.4529207171944
285.5104450634546
285.331037096664
285.1242739521652
286.1859859664264
285.3714592667687
285.5120809464685
285.4909079183965
285.9856366468983
285.2565072493103
286.3155194915102
285.4842237367509
285.4571433939939
285.271379189272
285.0891797266602
285.8500314916289
286.2913607268593
285.1213710659425
285.1200509869263
285.2638765276209
285.6904137683637
285.4001553281308
285.2584557908089
285.3708186972625
285.132928494974
285.6724335703389
285.5068043443996
285.3203392895561
285.5356979995033
285.0883259220768
285.0607528120065
285.4619242359541
285.4646206088852
285.4742652033581
285.3585487054427
285.1555640537632
285.3235834652673
285.0767791529347
285.9944080902327
285.0774917794929
285.4373155070529
285.4404176956328
285.19983975764
287.2002270249384
285.1358499642255
285.5605775816886
285.8227066233831
285.1065550080554
285.2917550624042
285.2548248972302
285.1682383121966
285.4794808656424
285.1302849934112
285.2057234110742
285.2186267182103
285.2377726940439
285.5737070721433
285.3110227060285
285.5598107193814
285.5134857453328
285.5370611748907
285.4114467701961
285.0880846067868
285.2992078941731
285.156804145885
285.6957733762098
285.277550537821
285.5396035908633
285.9787400827784
285.1895052410467
286.1574560753304
285.2102917109884
285.9231998020344
285.1700495415099
286.1900117300069
286.2013481395948
285.4949528065415
285.2403637519342
285.4930690806409
285.868269002917
285.1438960949461
285.6761381327087
285.570509761681
285.0180855922994
285.9264227795502
285.2116989694856
285.791798684626
286.0562450181109
285.8728649608752
286.2672305460778
285.5980117412149
285.2723979514864
285.7474969829998
285.0978285057145
285.3856039095035
285.1761595522209
285.5272127896084
285.7942625755699
285.3857893536459
285.7680992944895
286.0815399579313
285.3735419415981
285.2163582862012
285.7953999747615
285.6275590703244
285.3280354668489
285.5765551327345
285.9099538893101
285.9440326527053
285.3105886042135
285.3821821952237
285.8305445424725
285.7781615287648
285.2537535156467
285.7444812497792
285.2182085135533
285.3560724246195
285.3178653281976
285.3380632084215
285.7248122927209
285.2436919962381
286.788508263146
285.2180400888749
285.1326492273132
285.1438505697123
285.2097250323712
285.3574688590963
285.2656408573577
285.5986538812546
286.3186847352062
285.1105762578681
285.5898146167579
285.1567728056304
286.3252694455894
285.5068993314151
285.1643127899048
285.3949959486881
285.4260223214233
285.332668068926
285.3516602599196
285.4094443996763
285.3932542562131
285.3036026151227
285.108921161494
285.7135809985509
285.4478121045383
285.5353937309786
285.234845353919
285.2586265871197
285.4597210101745
285.6726025641827
285.2312860152478
285.1236139635769
285.5803218046551
285.3428837171456
285.3336378029402
285.5501634564789
285.1538309104826
285.1411080886047
285.6268653779575
286.2812920673153
285.3275226919332
286.2316671645743
285.4597607302702
285.4807915427219
286.1765156487239
285.4463382322817
285.0931280650594
286.8469445751809
285.6097613997883
285.673095095309
285.3510640134859
285.4023894432383
285.606131323107
285.6803896933932
285.0210890803046
285.0580829867509
285.5678784001483
285.9505184132898
285.0670191988293
285.6472934623226
285.2537178725614
285.4693100637
285.7365150588944
285.3161614554941
285.2068796692852
285.3643317870377
285.2912780836731
285.6824401912023
285.1820918769847
285.6901024730286
285.4376859569512
286.2301201993773
285.3171169694618
285.3591604871621
285.7773267199868
285.1163318355063
285.8245314908017
285.6646014775062
285.5739853908598
285.9984711589349
285.5831568177667
285.1936088074331
285.84185613326
285.6899884110279
285.3880730805611
286.1179483931128
286.0985148373746
285.6919460804211
286.7145392449078
285.0176567789767
285.676766135139
285.2161327154112
285.4332172220921
285.4619584580931
285.4544789776853
285.7760452520421
285.5143226105569
285.3108700689979
285.3633669490313
285.4750594370703
285.9972971753695
285.435499344845
285.5841672397099
285.272405580761
285.3483096619329
285.6649901931469
285.1505048841094
285.9960794275963
286.1026566297944
285.6765300933842
285.7014046528331
285.6543034306962
285.8843319289425
285.0249241816472
285.0195500834155
285.8925724714902
285.1524732638472
285.2771204262473
285.2511985332441
285.3121954428666
285.6323225217423
285.339585994198
285.3515861370594
285.5843561981529
285.6752925114027
285.4567779936198
285.2709377637178
285.0646437585514
285.3164643995125
285.4050493048666
285.1173272451842
285.1130227622257
285.2370478286043
285.2094558910527
285.1720491475344
285.8779689015454
285.101331296062
285.3311808650762
285.1974439619186
285.8263907057099
285.2986968686716
286.1684220366545
285.7843744268744
285.3650078781739
286.6519435659446
285.1843023652694
285.1208904055396
285.2957700292333
285.3327790887603
285.3346019505482
285.1110034910681
285.1309597855217
286.4381688535612
285.1368296611977
285.0463228985701
285.2726379680801
285.5014270821277
286.1061605000457
285.4331600357366
285.4133989919981
285.0562731263682
285.1645694964917
285.3807584459312
285.5468055732714
285.0624327483794
285.1127542809568
285.4490843554671
285.2001149168531
285.1511619823941
285.7751175439519
286.202535093109
285.7395513746591
285.4282690513552
285.0676537699991
286.0204258781106
285.4821597786513
285.425612651703
285.1516687341274
285.6571708665466
285.4484443190787
285.161997315818
285.2058175401801
285.4918241251665
285.9254370444998
285.319140611901
285.7075552482254
285.4334274116771
285.8193451499207
285.4661180782562
285.43151379956
285.4510622113157
285.4157918746549
285.300251246074
285.2083256618434
285.4803317083627
285.6553658070669
285.1786694721641
285.1540708877637
285.5559636247286
285.0923720937645
285.2083698822817
285.2335906416909
285.1356036369635
285.0713590396119
285.0423268521824
285.4535060003769
285.5606668527298
285.1338265304347
285.3900656780036
285.0493022717756
285.068829950407
285.1371847880073
285.2445740902231
285.8403950590578
285.4254492671657
285.4066127511143
285.4414621507523
285.6928899850131
286.1527713380304
285.4559944889384
285.7161021190408
285.4959777817891
286.3167347807327
285.0523831822963
285.6152761198624
285.656511563755
286.1947561554182
285.159740701024
285.6046785510018
285.542941783525
285.4788259319577
285.1827879919969
285.3060808067751
285.9800825729744
285.4092867456743
286.4517412440903
286.1415131968068
285.2660825415247
285.8091691705789
285.2709555581326
285.4258330500602
285.6577005751524
285.357439753561
285.2357528095301
285.1395412949869
285.2163751003914
285.2914497042343
285.5649395499366
286.0954539489828
285.099902327594
285.0931672672681
285.2156427163365
285.1291485128231
285.5324281977686
286.7799042581241
285.4440015921945
285.2361410750306
286.108288219873
285.1422376127608
285.0716963696607
285.2763926033883
285.0454252008196
285.2925940862942
285.2498071619025
285.2426496014177
285.2295109219983
285.0842008531952
285.7362256369259
285.5017983821473
286.2984289840913
285.1241070639419
285.7301393317547
285.5118807672115
286.2844937014549
285.327788624393
285.0462959735801
285.1144936939402
285.2839584721159
285.3675643243506
285.3854962528656
285.6573495781391
285.3278759088616
285.3265432340754
285.159383402339
285.3564435837072
285.4135224698053
285.3533886487077
285.9613736779342
285.4429178055554
285.1734934243589
285.5255523450348
285.5545154975486
285.5397968373782
285.4096260464602
285.19218497988
285.2892886020668
285.4007823153464
285.4612398313792
285.0855731723108
285.1406587313768
285.0648113762572
285.0772996772966
285.609836269113
286.9286551447123
285.5486773702499
285.445070620685
285.7091100009436
285.7068999274759
285.8674587663302
285.0844386585536
285.2206675691039
285.2029738014991
285.182647209234
285.283882104752
285.1352559470471
285.2256553263711
285.3631139493758
285.5215742700248
285.2037913121318
285.1615349793263
285.3202923595259
285.2974496811759
285.2170739052685
285.5497549778429
285.5887386662245
285.2173876608936
285.623394128986
285.4517277466375
285.2460987225017
285.7613113123651
285.3492659571754
285.8524708217421
286.1707866159965
285.7770812845341
285.6418817266139
286.5274980904674
285.1679110526621
285.6189081095856
285.484556025126
285.2446981334159
285.339055935736
285.6010178013441
285.1786645149414
285.0647763104059
286.2340726022915
285.0342434499781
285.4772907557278
285.1766713524465
286.4233544582065
285.9051348668669
285.1214582286392
285.7799972358808
285.4673500824458
286.264839936111
285.6587634025697
285.0343231592421
285.0330390853548
286.3795972562996
285.310246422671
285.1309091629544
285.5628302827415
285.2640154408914
285.2940060995306
285.0533172364373
285.0712421651659
285.8784260948061
285.2292174668531
285.176057397032
285.1864159914126
285.1815160771688
285.4002804706869
286.0548823830392
285.2400693841417
285.1070862958027
285.5880686349773
285.2568519474025
285.2746327130034
286.4195529583004
285.1697796567606
285.3577150254915
285.5655737522778
285.1135964155652
285.4710937529975
285.5180774528746
285.1544828969026
285.3848509240119
285.4879355538696
285.9865595546797
285.3935432541265
286.2999445090943
285.5747212851551
285.4822949193735
285.2468061278138
285.3908722103531
285.8542946303373
285.4393260737126
285.9432553789818
285.6323340535676
285.6166123729968
285.5163750020275
285.9636361600594
285.636692146919
285.4258978513697
285.4611015966378
285.8136996363494
285.4773116080257
285.5996872097052
286.1738941103368
285.4009537429598
285.5348669945402
285.5549834698826
285.1690190071482
285.0664791997805
285.2392320490716
285.0844474091197
285.4430231334833
285.7163901889671
285.7617692141646
285.6414878755709
285.6722218269579
285.4941445947154
285.2805432250041
285.1422292618451
285.4130061969971
285.1832515164735
285.7961467035502
285.6016679577467
285.2745368182492
285.3844556900454
285.246901349496
285.262083629263
285.7865366811073
285.464901445791
285.4936227845819
285.1527835824087
285.9158221795876
285.2870485476317
286.6071057973871
286.4012890192975
285.3550301230341
285.3251779176056
285.2731735489974
285.4786495514244
285.3843347750079
285.1556411794485
285.9435956573128
286.0371916185945
285.5159993216875
285.8840311667963
286.0075592330705
285.3756771766773
285.6980008498952
285.7640411023304
285.3353858908097
285.6790895475356
285.725430257945
286.2819857165777
285.1943119956067
285.424180086856
285.5529351244659
285.0150742476499
285.3799509148762
285.1612791878061
285.2927197756548
285.2590191411959
285.5084972825753
285.0144481247104
285.3308267794085
285.4727748169695
285.3007377028236
285.4193978643274
286.0005043209301
285.2695908204661
285.3146230585695
285.2494748879568
285.3499495059204
285.3050232057546
285.3709041854802
285.4063340999985
285.8688243209078
285.1860780172867
286.1934394973814
285.4799757650422
285.2744579404238
285.4308215805919
285.9308505137591
285.5009177854843
285.3421843454523
285.1531785273507
286.5235412406622
285.1126604145093
285.1886490296905
285.6418824288025
285.0712170472956
285.4191644873976
285.1174094795421
285.074217906171
285.4431688825208
286.0873276618461
285.7577929524855
285.2760606395317
285.694974458505
285.301430487219
285.4349721871326
285.0709439263819
285.343506807518
285.2532857659734
285.0788395701212
286.1348565908597
285.512060319504
285.1379278973581
285.0253621882729
286.9349935642866
285.2432091647979
285.418307585282
285.4624495917906
285.9062793709566
285.4248232569469
285.1831640994596
285.6967697705645
285.1201126147667
285.5867811977062
285.3353230441971
285.1543676034074
286.0968970546422
285.1076293270664
286.335403783998
286.016296868649
285.5505574345293
285.4633716329756
285.44995113564
285.3618405317098
285.2012294827981
285.5491620219334
285.1857217024151
285.3722058893911
285.7324079008944
285.1065681737892
285.0667713256247
285.3170233710177
285.3260203265161
285.1099058059513
285.8582300987131
285.5036298011681
286.1223671184165
285.2130539419294
286.4185797893348
285.6965158204126
285.2864889293153
285.3442955701314
285.958649397773
285.2649678330621
285.2826216138668
285.477456823657
285.0979988233397
285.1471557312255
285.1562271807118
285.0757513404596
285.0502203343116
285.5785306251728
286.006528143977
285.5478522865927
285.3677913221524
286.0583060212308
285.1260502108137
285.3238430327981
285.2812664202364
285.4585681372122
286.9249139380438
285.0870269905967
285.2672165229839
286.1363053550141
285.4499494414387
285.2216438931901
285.2066727676151
285.2173941265914
285.2704000698797
285.4880167568143
285.2575730774482
285.1856398578867
285.2722593313053
285.7312137813223
285.2988448213673
285.6200904812139
285.5904479284218
285.5641969049345
285.0588022225599
285.2902550533914
285.6744786007928
285.8815110678743
285.1820393609052
285.5215270995249
285.5927125519753
285.3402784757969
285.5134439984924
285.4929683348249
285.8190307314676
285.4699167634342
285.4164768853467
285.3197504848045
285.0486817707725
285.5360020526467
285.7707102273258
285.0493595805635
285.1180842375837
285.7216510884539
285.6485023096827
285.3787934926431
285.5470239753907
285.4354002637784
285.2876475783949
285.6869830340505
285.5996620053097
285.2833622410637
285.9454036806787
285.7415426628691
285.0925737784955
285.05823634437
285.3067316880852
285.4935799545825
285.7646668826529
285.4584012716113
285.1891570059312
285.1056614357805
285.825923101632
285.2430100681994
285.1354943976929
285.6036770360599
285.5748412108149
285.230267064577
285.3842129412006
285.234313679459
285.1543250420082
285.1007553825149
285.0549059870319
285.4148225273316
285.7604857545572
286.0352771856112
285.9943496979475
285.6738794512813
285.5266901800644
285.2885880492453
285.5123722243109
285.4260266471882
285.7174263509116
285.852282629977
285.4914031412669
285.4178300080742
285.618416662376
285.1983339502329
285.3735641924671
285.4906853783545
285.0980864251918
285.0491802006455
286.2324224348791
285.1695864514543
285.2271271783051
285.6057366063302
285.7563800032943
285.0949869265534
285.2465205116167
285.2741504785204
286.5581007945748
285.1630718032731
286.5026627847515
286.5809043004712
285.2500778448014
285.4892084929908
285.4871718618186
285.4181119494303
285.3118895831572
285.1441689803751
285.2028359372548
285.0587880668379
285.385641337687
285.1525042609686
285.5800553343545
285.1451986618487
285.4858709255778
285.0488567589474
285.1788941391426
285.8016578951329
285.4408709335131
285.2145885019266
286.1687929703339
285.2749435327106
285.3329881802523
285.3962150810252
285.6477864127646
285.0763257094738
285.8238668378695
285.2100168358141
285.2717561425832
285.3159473930368
285.0590544326764
285.0500570957813
285.6705664985383
285.5139569692615
285.3860153278069
285.0490397634194
285.2918326502622
285.4749899178025
285.9014390878039
285.1804491595059
285.4805779090942
285.3788203005681
285.1596239652764
285.4439038506939
285.7276966656453
285.1295240803202
285.0794011920531
286.1489874445032
285.6199933457635
285.5757258687824
285.5321064721215
286.0820499015472
285.3192084341894
285.2640606232632
285.1491053686519
286.470061051383
285.3159445950605
285.5728080827335
285.4189089908965
285.6827578576434
285.0964505118152
285.6509969179633
285.2153338545833
285.3784643559015
285.4945008297229
285.5305668541096
285.5916308892233
285.5052772481823
285.1247193043458
285.7076117824203
285.3722631810893
285.8839462461398
285.2612366925724
285.4407352914538
285.5715944519065
285.1116279022665
285.2992248228564
285.3911494349937
285.4424211477909
285.6365454863085
285.586214803966
285.6061536429295
285.1930998059254
285.4485918485045
285.243837428856
285.5206424576279
285.358887726582
285.0307936811411
285.6351121478745
285.5802665111702
285.587512863612
285.1839118234036
285.2544413255076
285.4509077102851
285.4498091452004
285.9714553163741
285.3168453179699
285.4621508925849
285.389385367418
286.2155219535088
285.2239839463942
285.2883655484004
285.7840641209003
285.2524566012373
285.1120677512163
285.4715263616068
285.6192589250857
285.3926310954271
285.7311746032009
285.2550994404941
285.2222906551296
285.7825514233686
285.2659808807606
285.146268047071
285.1659184938604
285.4939338783353
285.2050071979427
285.5859700352697
285.2987853259713
285.1538321218224
285.562994351434
285.1210726874154
285.1504708871344
285.3992761657547
285.4963243965548
286.1305151360511
285.0728335471933
285.3999279428003
285.0115723001468
285.2784146349809
286.9682930827459
285.8076379840447
285.462370376957
285.4523680764955
285.9241346357136
285.6050836713243
285.0954334949548
285.3995328644273
285.5725471899138
285.551703074024
285.2389023532846
285.3102148023676
285.4572662625797
285.5957701755762
285.3406881419739
285.1957815174864
285.6739768012637
285.2241916189568
285.2987118336204
285.5749052146913
285.0962419102926
285.1171032174223
285.2157806334906
285.3652172965005
285.4348159543765
285.2225301280277
285.3743000079024
285.7101719485651
285.7019274610977
285.9631514589179
285.2386538096256
285.3423835603494
286.0073988931797
285.2995145206442
285.5012310731911
285.4612487463567
285.5782802994146
285.4293832955871
285.2236361696476
285.1941567699279
285.5299312465776
285.3006768869326
285.3598970270305
285.3564711506131
285.1155099178129
285.3022965736776
285.1307148340353
285.7003997047534
285.140657179026
285.168521103385
285.6018455762667
285.413974783537
285.4097284961978
285.0387819451788
285.0386907823165
285.9277546423313
285.7121800867446
286.1748157610176
287.3288013228202
285.2677721479268
285.4595961624576
285.3601690382745
285.1157926795431
285.2169497080257
285.2668364123788
285.1900791626671
285.6467657753424
285.7800691527805
285.4604747907948
285.6023859461702
285.2052404089456
285.0746669081347
285.9091361561271
285.8025090073452
285.1866902481435
285.2968182918584
