863.4097968713195
861.3271420428241
872.0407413984552
864.1771473617265
873.934428008277
857.061889983125
872.7016453241367
873.1559277037547
870.2984509365773
873.312061550102
866.1229519287947
867.0750606179819
872.6227419209855
863.1473234956082
870.325305140749
872.0312813032428
866.186472101345
861.1263318574856
874.0031473937369
862.0327995436969
858.5499186807434
855.2680276317964
874.0877470847769
868.26150137383
859.102314091043
859.0568737791863
871.1797401648106
874.5241161974371
863.9113957080323
872.0138448539941
872.5202091002144
874.0368115853897
859.0246361949914
870.4996083622684
874.3019681325113
871.4145708453478
868.1410035524541
864.0911930163716
871.0940621444881
874.0282278667784
872.7326960156139
863.0137864828703
870.8560042482787
868.7318862100615
862.8455631442328
870.1985653711031
865.124910852047
874.0310732658838
869.7201184776766
862.2608400558298
874.3357168088413
872.1948469739012
869.0667880789529
871.007081708647
873.2293164873989
868.0053961078913
873.007185087546
874.6829984318339
861.1555038311501
870.359273554782
867.0450722510203
869.1276931517401
853.1121824005874
867.196352087289
868.2194222443983
874.7611582565162
873.0259356873504
865.1448682467607
872.7400120373633
874.0379210960003
874.4645553268947
858.0675007898457
872.1212410326128
862.6197047922344
872.1269117015464
873.0889974794959
865.0934536035113
869.1591410637576
873.0553164368198
869.0449205349954
873.2036339402678
870.4911796602163
861.8778033906727
871.1158918116035
869.2078440480536
864.2153664062886
865.1835876224162
860.2970522467763
874.5655090596788
873.0877578562195
868.0342237084487
873.1401345538993
872.4137254075915
868.1635220201031
871.03864586241
861.5334873185155
870.4897556546146
872.0049223462944
866.0267889256971
860.4671558839475
859.0868129193564
872.5183889730016
868.401538832345
859.0330990918152
873.0225314070184
857.7867588988057
869.0560930606143
866.1572056289144
861.5432929501345
869.2373219945066
872.3278747210838
863.4135230823716
863.7648094887007
873.4641316462645
868.3104843903893
861.0677191031078
869.1701866521711
858.0767817115907
866.478322506752
873.3591162594192
871.1373073646952
867.1362709036064
870.0620227982515
868.0579884886937
863.193483456651
870.7496581418222
857.1333358956587
873.213658642555
860.0081145926073
862.0561407987075
867.1750668609601
870.2951564726814
860.0944251942072
870.0395135771281
863.3413514015122
871.1834817428996
866.0583309378446
874.7966474687387
870.6116540729669
872.3386647410257
858.03656869708
869.4113610109953
864.2112712282093
869.1614462588134
874.0761593059062
867.1705816323766
864.0183608024464
870.1657850896365
872.3842892419507
869.5238078238917
857.0484694243421
866.0295536760431
869.0762717636728
862.4562815351991
863.2012775924237
873.0630138576921
865.3928507131452
872.2990305683886
872.4912740205327
871.0877232447518
867.1476044487429
866.0105304956517
870.4686743127362
861.1440352285283
871.1661672807355
873.0822575598569
861.4735172731644
869.0831073012105
866.0512054101748
858.3044026762734
867.0359288139626
874.019923249743
862.7388558567845
866.6367626188882
862.1480325152195
870.6359318198623
870.0928360016242
870.397242040214
868.4759688997859
866.4679718348154
867.1910053842101
866.1428140095871
871.0741064235251
869.236294047445
869.0675058284879
871.043322262549
860.0026602468633
872.0307780782698
874.206193993018
870.0980579002065
862.0047931121622
871.3950139395861
874.2750573710338
867.6286521715933
874.010606837016
873.6614007855593
871.0424129139445
870.5087520715782
868.152104803315
867.1375804831489
873.4758906818159
866.4025418340291
856.0248696449854
866.1161138317832
856.0430691131261
873.4163010686258
863.127746996882
863.8539077259812
857.533969128986
855.6058657978375
872.1747514465557
871.1089274987144
872.3643296312695
862.9582751314913
872.4748950497324
860.0190051470655
873.6512776014245
853.194816153324
859.249015186565
865.0981809516082
865.0045643250163
874.5796598733566
855.0670389660921
872.0804155709709
871.448030225261
866.4283951202152
874.1627109905863
858.8811778523002
864.6365712970986
869.2056624245799
867.0316860852348
874.0176110179345
862.2816993962912
868.5425817572706
871.2962049834883
867.4613598540992
872.2821906228248
855.1349851542714
858.2132125273741
857.1617265967654
866.4034828560499
851.2852350101051
861.5025548098165
870.1658284983054
865.6584840599769
872.0438382056328
873.1818751016368
867.0146175701539
872.1266192584823
869.1198269475397
872.0797439976509
868.0576591528591
872.1882014174108
869.1910834533062
867.4835113851371
858.1080620335011
870.1930859411076
873.0433966778686
871.4406444169703
873.1002473662985
857.617268604878
871.1277409240897
873.3211859009226
865.5306585497161
867.2781408354265
872.8477815048028
868.7149379550998
871.0054392492382
856.4835959117588
874.0333277882465
869.0840398060786
862.004267669804
872.0450930392124
855.4603436392626
856.0776125350806
870.0232115953256
874.150293665854
865.3500306892788
865.4178253886772
865.0779843653921
870.370838320905
874.0995752057141
859.0338736204471
859.2222838958985
871.1042149984206
868.6250127794052
869.0252357744828
859.0648228406734
868.0227702708788
873.1533710183668
864.057129022049
867.6487217395869
874.0966731109811
874.2684828338054
864.1694686591383
857.082841350426
873.1662586398904
870.2211237126161
855.0403431256321
866.0169808330386
864.2982834585389
857.1131859104248
869.2970445265421
862.1821236915229
861.1362053097686
865.1257051409345
868.2258866631604
871.0417489085693
868.3329514830564
871.0860034034046
860.2260000541942
870.3012256467345
866.6690922497073
861.0886256221277
869.1683107901981
873.0240965837623
874.1893143958049
867.0446228219286
867.234364357828
865.0325102467687
873.8616367695691
861.4991590111824
871.1364871092435
874.2601669896782
874.3039063449612
867.4465282526883
857.2758998316449
864.0582930805149
870.0448399381241
868.0580133861947
869.650475863099
867.267077639583
864.0924836521207
867.2847856543849
861.0543331908142
874.2376905463465
873.313981252035
874.4468701521804
859.5301873085934
874.081875527314
873.5039591629586
863.3818597797012
866.0709945677485
856.1911402565452
872.044007888331
862.0626657369395
866.390708800293
864.1613943341695
866.363528841955
874.4661366990439
874.2600781896954
874.031681919308
866.6432992056302
866.4076231889053
863.2141251584269
858.1636706110841
867.5869668265216
870.2272667625765
873.5536872774659
864.0102041479489
873.1295138532447
873.6153497205167
869.4489868999894
865.4069691321504
872.4878924407614
863.0609078847328
872.0325748159004
873.1479048001729
867.1864139982674
855.2940607800211
873.4347641450964
862.096189697601
866.1708404875877
859.0573126597986
873.0439540711172
869.1453446517648
858.3669123023694
864.3067289725951
852.1179056609108
873.0093232779939
857.1631808492089
861.2096141479321
873.2523897947112
861.8889587803454
868.6219019579617
856.5513065673139
870.4074912300451
874.2072594411086
872.1482979280432
859.1879357657888
857.1688513603265
871.3851804012035
868.8832823918952
859.9895478506812
873.0167992927419
871.4697432322666
863.0937229744968
852.4731078101704
865.0537076160912
869.0330094561539
868.1120553457413
863.872407742108
872.0659813675638
854.0250310008942
871.0799772879013
871.7108042763175
873.1803361050769
873.6417898879662
864.6190169517778
866.2869616892964
867.1252592950697
872.5050753780899
868.3781405256825
874.0443025528213
869.5431491021657
869.0264331653126
855.0680732657278
857.2239999729775
873.5600178433349
861.125696848464
873.2937231633507
856.3120322915963
869.208837154774
869.0272507350543
860.2777183896058
868.0315849652532
869.2446883180793
857.398423228593
873.9215041360206
866.3508649104784
872.1443322543474
857.2872328134155
869.5632374912767
854.0068506040705
870.215923995507
866.2888288214343
863.1502991322236
862.140386714412
868.5570470236372
870.3099765200329
871.0511590149355
871.0724688635195
872.1833872139557
865.2746879168627
874.1429111546672
860.1046597960036
872.1230250239935
871.6699797568056
860.0961302278192
872.0945370444427
861.0302556574977
860.0628753942823
872.0491101595744
874.7383951273533
874.6526525016508
873.7035628527443
871.0796822995839
855.1562314736615
862.175383378515
871.0131672950761
862.1869452141896
867.0513228765433
870.2717953089355
873.0788753495945
873.4385445747128
870.2117257423716
852.1206695034357
871.4636456770434
868.4362981033753
874.0242724177584
870.4528215008577
863.337525417089
872.0598530958399
874.3446117477987
871.1133478757525
860.7774551566779
874.0499057796324
874.1108283914419
871.0144333570851
866.1174601204006
874.0365973227075
858.0649574526174
853.3942740485394
866.6676331954977
862.0923104362544
871.4484513451613
874.1347115921644
860.0914355277379
874.413987857236
872.7364622512459
852.0487315266017
873.0703748220654
861.1666365958008
868.0136616913449
861.0119540712466
873.0437764932295
874.0501904886002
874.1029140705577
873.9429995707918
868.4191352652455
855.3908917369179
874.1699700645801
866.1350685359897
863.1209772145834
867.1690198075656
864.2640993262485
857.7747683498969
873.0607377555439
869.1639131381365
863.2721132812244
864.657482554311
873.2501346970843
872.0165142232631
855.3147021074545
870.7703106149833
869.1515008523179
862.3845144062799
850.0981788369347
866.0723322486656
870.2827157291342
871.1216661885048
874.1014240622975
868.1008786808823
857.0736437852755
871.1359370157328
867.2796997092488
867.21796600113
874.0904526550397
864.3632997055295
870.1362820612171
865.2208764799738
868.4351627121522
851.3758996472087
864.1254331756198
872.076438201789
856.6687147970385
868.1706264997882
864.7158230401052
865.0272110675279
873.3058993385633
866.1584762798063
873.456448290594
857.0836658164417
873.1822630775487
865.1792756692184
865.1592833266302
854.8717933364957
865.7168194568607
859.131010084474
867.0292786147446
871.0417796646177
858.0405322416932
854.0105482467633
861.9430091283638
870.261427983977
862.486712914208
873.0691411404374
874.020352349659
873.0380300795734
869.3311301339315
871.4964671640664
863.0818286262873
867.8016994270375
872.042886525804
867.8076517085792
874.6727768699837
873.4674582421713
861.5380811833238
867.1449032450583
874.6752353598532
873.4081248261951
872.6460633774966
860.362660983502
867.3466788826054
872.5048459816551
873.0442282998404
873.1246555188646
860.2541145936976
871.7544360158419
872.3420657311416
853.0630202477664
873.4904342409769
873.129735535282
872.1056572740096
873.0725963518513
867.121696319358
867.2075501682868
868.2442429573891
874.1857760205896
860.0297260929456
870.268509213078
864.609884800497
874.7346578105916
867.1404280377274
873.03188756484
872.4542990543071
870.1135919727235
874.2053080286281
872.5306094977017
871.0407960846784
868.5077440998225
871.6243185977886
867.5501533081479
869.239305073922
866.2532054498807
865.0962007822129
868.0425107826429
873.3702169348472
863.2559539162177
874.0725920434752
871.1952619761067
852.0272639218502
870.1044631840101
871.1547922647089
866.2040026077613
863.2122317199235
865.0042514263331
868.2571650321845
870.2940570259772
873.1360911537839
871.9256938298383
873.6239530080468
867.0916392284058
866.3799608063829
866.6851038857765
866.5291085649601
861.0184948794239
874.0546743171641
873.5071340509317
872.09033966549
871.4415387232688
869.9616247228939
866.1711034343755
857.1933422855143
870.6101183228608
873.2786676731658
869.0576887086796
861.0278596847352
874.0334694159868
873.4167064002906
874.8590336406984
867.2817457944709
874.594431562499
870.3219735880876
872.2508938432194
863.0712520220433
868.0144768138357
870.146276332884
874.3180727052757
870.9025920564196
865.654131286507
858.0768411094234
861.2284482534797
865.0457482683848
865.2048987356565
871.4240158775681
864.1660161846365
870.1230136877591
867.3059983138613
872.0186529888076
863.2113419803566
873.1466187553351
874.1273867075869
871.0624288124511
869.004999997294
869.087481394145
868.622469734096
860.2671983578572
872.5957610792315
871.1723937028962
859.3515727829732
866.7681499177302
864.1974367700203
858.0516562466518
873.4548965191609
867.3023012791912
868.072960686581
874.094868344708
870.5231847868672
859.0879400152331
870.2630002083283
868.2002043814497
874.0564455229718
874.0383247477304
874.0595111574278
873.1032983718255
865.3156781818292
872.4751230073385
873.421168876298
874.7969488635392
869.1608045587359
866.0604115959981
872.0129611554793
871.5075687982611
873.4430325966823
873.0907638311778
869.1435829991918
861.1017356964767
873.0362281645091
860.039412580201
862.176799226992
859.6395229752601
862.3934872753617
874.3147044077007
873.7477436719261
872.0616542869856
866.3819462024119
870.2993754308453
861.3681421526446
867.1636883402226
869.0623565607561
854.2025616470339
874.256783821902
873.5307059094678
871.0165011174954
874.0442776607713
864.052279730254
868.0940404573255
872.1043350318952
866.2929899233701
870.4859439967207
873.5934369230287
868.0145508501215
872.1544333976426
868.0741764165796
866.1920759573836
873.7783779284855
868.0119769260264
872.678623459301
872.0476306483322
868.1641119114728
864.0350441603817
870.8682897030396
872.3645946912872
867.4059531173281
866.4560401305667
862.1063199720255
870.005292233584
872.1394772143946
870.1846851704664
867.3078296920518
863.0084668366466
871.2191828673535
873.2569278325781
857.0368017765328
864.7393981226031
872.2287243595288
864.0346707739022
858.0316921177983
872.071863951684
866.1323726965201
856.3404305163926
873.5891302307735
867.7416217753022
859.5678861955746
862.1266053276836
871.2742024643014
856.134079682438
870.207079675955
859.04323096234
863.0519287211797
863.0640190155054
867.0097147374428
854.1294268721849
873.2389863973281
873.3707474624026
873.1805877080429
864.2769473480615
864.2273300210758
872.4989433264486
856.0233560237383
857.3001192760878
867.2315298258832
869.0845294544296
862.0717796578226
870.0132385316778
869.0848418000941
869.0291643684022
861.3060254601894
874.6320184919305
872.1492025579715
858.0180474794771
867.2354272696241
869.098909389853
874.0693395438941
871.1358600268496
871.2695448406197
857.1019093118807
874.3589226346594
861.3078178346084
862.0475249820806
873.2694079214465
864.0319982643862
870.0030287321147
873.0274558327069
873.0231867992316
872.8198644984935
870.5435791727432
874.0167246053713
857.0242815940918
860.0492526989998
871.1685780274616
874.3354092668881
870.4606368619325
859.3818922259272
874.4129259578702
866.5453729120187
869.3557039449857
869.1331217641269
872.3216077286785
869.1648684456889
861.3565601771595
871.2311309657904
871.5448457866764
874.0534010829174
865.025074923863
866.1168821901713
865.147640854458
871.7094439234788
867.3488959628513
868.8501396292006
868.0984718994013
867.1903888890821
869.5017146984582
866.0103655322891
874.2443131218386
864.0542929574036
873.9662471292551
855.012667815098
865.0776593027721
863.2133725271258
872.6821704854584
869.0120742624455
867.2416388710783
860.2532143047785
868.6799265531064
867.0437227442095
873.087618825448
872.4760825554661
874.4994723872874
858.0153890669502
869.1385933360842
870.023784303125
873.4681220693981
856.0412988307721
874.0918592311616
859.1745661696644
871.3871741437644
870.4215350863494
873.2510371922418
866.2017738415103
873.2259827730187
870.3056091423052
866.2375546537176
873.0628675966267
867.1872458154488
871.3870359252765
869.6637021040314
862.3838701018985
862.5436176191811
856.3153593292911
868.07588892912
868.3659211716166
857.9888455187903
874.2658900497001
870.6743669893959
862.300996711998
874.6114383982008
872.3900211923371
859.1524745572403
866.059487369165
872.6925175674737
867.0805471062649
874.2898646965232
865.2095818553579
871.0438442581471
857.4482436141599
868.2941439289181
872.5075969756964
862.3306386597333
871.1902600922895
859.1118715051821
865.1649124227008
874.1592491589373
850.5245179795869
865.0015305748473
874.7175961226798
873.1679584924917
859.9946100912994
873.0900946773301
874.0706913069608
870.0347175183916
867.4723435021062
873.2529167174835
868.1861111384402
869.0258697840782
870.2726116865061
862.2586627088909
866.3097115433926
873.3340788436057
867.2739075881616
873.6564419969222
869.1319429706427
864.0278133832253
868.0673925436984
858.0901857769906
865.3919312516729
863.1323048845094
865.069032332362
862.1892227644616
867.0765090566603
870.0390766471431
856.0242556336914
868.2664301636604
862.0825322481206
868.750536541
873.0416179236164
871.1874465244636
865.0071061446577
866.0290470318997
872.0909288700095
874.600662422665
861.3535423801607
861.6542816621552
853.0899841231693
867.2907267351995
862.2338952167577
864.0285121096944
863.3503440744204
866.5830778727675
869.7803140881888
867.212500828769
873.1169818143484
864.4206437105395
867.5210691465486
868.7841450979247
871.2475245830642
868.8783597332884
864.5971254930199
867.248390192735
873.1566750691487
865.2943990465925
872.6156250172561
855.1093619411466
871.0982778995358
862.0335385894551
873.0890970509225
865.2298709240424
861.1823516153182
865.3474930733693
868.2284495750423
857.5465505562879
861.0311308793229
868.5151292795722
874.0923043545365
873.127526790638
