348.1890613016063
349.6742289510372
350.1200937238582
349.0001748180468
348.6438712780837
349.9634646405784
348.2612290038143
349.0645091206468
349.5724277000484
349.1120477283939
349.3998608078007
350.7137228059316
348.5212966502998
349.1178995388245
349.8370801049016
350.0183300857721
351.4588233502695
352.1112829943988
351.4215878367912
350.1158171612983
351.4928075913348
350.0515610853281
349.2319851906171
350.248986095314
348.6590122467527
348.9961819514451
351.5148146641818
348.3732598078785
348.5505236561531
348.1721987363476
348.572277222926
350.0013341861301
350.1270886617329
348.3850408170619
351.1845097186162
350.3856472023244
349.0010039340833
349.0162117188886
352.5880142375146
351.5491592416344
350.2263757601451
348.1173919556516
350.0993458517576
348.1288543750678
350.0764676240205
350.266583121067
349.0287641386483
350.0922045127538
350.3672430962111
352.2264395669699
350.2952565672344
349.4409125010137
350.0294036712774
349.0428590165175
351.0995596877246
349.4459948474093
349.06691984062
351.0536686557957
349.3958949836883
351.0089905756397
350.011543121322
353.1620969425171
349.071997230616
350.4326125243104
348.3537611778523
351.3703533429399
350.0447318223837
349.1342864953751
348.3186231322816
349.289961660056
350.3973613941644
350.0429773878712
348.0370370520229
349.1595274687173
350.4006496697736
350.565203485004
352.3607913430274
350.076962525812
350.0506590074361
348.3197423543471
350.0889087591415
351.0813544744899
350.7261741321617
352.0170543106472
349.5281198151388
350.1418491394605
348.7152658932149
348.2592899384863
349.4429231729135
349.682416585246
348.9075849653949
351.6281652688223
349.7891182049896
349.6937377434471
354.2345135898605
352.2280642620799
352.010149103138
349.4234471323518
350.066982201939
349.4749261462686
351.0910642631853
351.3415659624316
349.8339468505586
349.1737576185752
349.0468303015869
349.0931008592827
350.1201038501159
351.074534590377
349.026773433945
351.0906870089569
348.3699125094997
350.226570192965
350.1173741875822
351.1935953275552
349.329965882373
349.1486432529973
348.2095167204961
350.0840140379721
349.0981760442215
351.1855429661172
350.300608593903
350.3118843760389
349.3409512513111
349.4684881704955
352.4993857028015
349.2002871365403
351.1108749987467
349.4687977499171
352.0842196633949
348.1172735613617
351.3549859453805
350.1470454201013
351.5509948190347
350.0308320468508
348.0201973925576
349.7835154741985
352.0207999734955
348.1715123120023
351.3220053338535
348.3163569313948
349.3714682762169
350.1329660976941
351.1550990065026
350.2837690951827
349.0017667109042
350.0151437423157
348.6836823684669
349.4145350049988
351.1231364648157
350.1038750413164
349.5840682764865
348.6304871953913
349.2409855117227
349.1052231190549
349.0842565614568
349.4431262067858
351.1353133177358
351.2324956593611
350.3563871482631
350.0339656329105
351.0107596481639
350.3420319345568
349.1363828901596
348.1223320739705
349.0525629477101
350.4068887299924
349.0851894045466
350.1857592655436
349.2095114525968
351.6223554159276
349.4383424873777
352.106855611889
349.3089340511214
350.6224616244931
349.5182753098663
348.0146606431895
349.0906262286506
352.3406710409973
349.3486304284535
348.0686695447953
349.3385799983283
350.4699802680148
354.3860682150901
351.1153621281074
350.0893171541537
348.2823577931507
352.3511398057738
351.2988831895475
349.7665427782002
353.1231329888192
348.2136296208839
349.4470691387194
352.3107893004516
349.1742384002943
351.2667135781721
352.5540151674724
351.1298305810071
350.2287930972588
349.004673356979
349.0039339290549
350.0326844750236
349.0323100423739
350.0219797675791
350.5309363504767
349.1115352285667
349.4716733831759
349.3811717091504
353.1197720330023
350.6127763960797
348.8881075684263
352.3982748248579
350.0543737429565
353.1045165972384
349.0122052807097
349.0101643637381
348.9537774766717
351.1513756650878
351.4371757707665
351.5916591751117
349.0824793112561
349.4054882100083
350.4303633266526
352.1129916143871
349.2391803017845
351.5585301186956
352.0494686054382
349.0773234353556
349.028218217366
349.532830741634
350.1825991569784
349.6601940784239
348.1452315362833
348.005081938824
350.6348006982724
348.0772674076582
348.9874321374667
350.0576800259296
350.1063508996768
350.9825316669198
349.0161808327616
349.0513153086519
348.0406205790311
349.5539220659905
350.075367214872
350.1889168874708
352.0589755997013
350.8825320106379
350.3153616292523
350.9098268451996
350.8302576424691
350.2515089724461
349.8854078333215
350.1425216886951
354.5958010187525
348.1012504160587
350.2059339734276
351.0938667734742
351.9082575372146
350.2716974501658
353.4539574506364
350.362189353771
349.0337470309815
350.1073990911485
351.0474390081587
350.5252941989168
350.3560457774487
350.2512869246861
349.2245578746101
352.2950873225054
350.7022276957003
349.1278125083815
349.0491671290585
350.1834170962854
348.0856267072424
349.192389646025
349.3501187529934
350.3742813903376
349.1841750221668
348.3667470286642
350.1028421777502
350.8964490231515
349.3501512749097
350.3286626338127
349.0650816238776
350.7185389037003
351.3635901151973
350.2229293063094
350.0568991988448
349.6214043587276
348.7523545324462
350.0260849959368
350.3293337363518
349.0186691139432
349.0703760737375
349.1076887160179
352.029055032191
350.1352186077714
351.2558905224514
349.227320526052
350.2075163908023
351.2356146639435
350.0986452337636
349.118612555296
351.0359336779703
349.6177681752004
348.6006940077597
350.1557554022185
350.1484556349019
350.2414946718373
349.2479146533206
349.038712320791
348.3060913304049
350.2736508628671
349.2931548336261
351.1345637203234
350.1481110152843
349.3651721182627
351.0184885643902
348.2646260317562
349.1904064534718
348.108499126005
348.2357721400795
349.3240925208789
348.0374616606402
349.2777541431723
348.696178927763
349.0006593920381
350.3329183840269
351.3334625116539
350.0806161581805
349.0180712413425
350.3964858420114
351.7249946731254
349.4000536986717
349.1639039568968
350.1192395595339
348.9054688879573
350.5911320754826
353.5348180672357
349.1183360748033
352.2755337155127
349.1115549808088
349.3390414362133
348.0256138270911
350.014135168093
348.6267346751426
352.0549508192411
348.0404495745469
349.1623869741479
348.227938277512
354.2896757488984
349.2342009767447
350.4506883370512
348.1013844154264
348.3769557208777
349.1570999376304
348.4933154620655
351.2492152735894
351.3307167538724
350.0654399938861
349.1967787550159
351.9088094862798
349.2039504212169
351.1215387643726
351.0643135988292
351.3463495364901
352.178874620555
353.5195831739069
350.4222960548124
350.1164869735956
353.2667652810867
350.2929761144034
351.0228752185661
350.0540292023586
350.1343024576641
351.2199487945958
350.0532981809994
349.1437666369671
351.898312581728
351.534640976994
350.5077447738728
348.0824098554024
349.1497066536949
350.8814917384861
351.0203042636558
349.3294985857875
350.1390301727957
350.734595235753
352.26219711351
348.6753872113083
350.3165881393552
350.1104659878819
352.3107098242907
350.1788701555346
350.6523125156072
349.0549335756648
350.3061210054
349.209846466029
351.5269472573628
349.0204591244303
349.1737082142253
350.4913246767966
352.544881351191
349.5046305470212
350.3698195410574
349.6039114056465
349.244207744293
350.1817963484913
348.2637403696057
352.3698352771343
350.179608622107
350.61276198083
351.0581855754372
351.9434981529879
350.0552593181614
349.5296310375187
348.5129496786565
350.3533418540561
350.4128991233271
348.1124008502994
349.0532986062649
348.2381206635896
351.6574986042173
348.2916591950391
351.2487520148731
351.3568911023599
349.2962234863093
350.3084928606698
350.0318407514031
348.1957798356099
350.513544379776
349.2211855741407
349.501002393536
348.066674302359
348.2596062430795
350.0375523932721
352.8760128216834
350.2808028353649
351.0426276483905
352.4012843777533
349.2358951069558
353.4671361765602
349.0572607326656
349.5084648003434
352.180429220999
349.4056231930995
349.130059469184
348.171994482974
348.3245537571055
350.5126502203125
350.4401193941154
349.4518177765555
348.4113884207216
350.1047084927082
348.3069981532328
353.4808552120898
348.1905636643846
349.0677443892478
350.0509271145153
350.0339174431839
350.2090430322243
348.2338807861547
348.4825655060409
348.6010743970584
349.363555428375
351.0309086529319
350.0825951091061
351.3678853392066
349.656683009433
350.6753315164994
352.4835407527962
351.0867373725749
350.5374705609654
349.0636711212188
349.3316897733071
348.1012906164393
350.2056037741398
348.7781531482626
350.3307537932193
351.8084169901845
352.0312150655784
350.2031840495466
349.5708069378048
352.1116772022175
350.2920733939172
349.022365990527
350.0235696969368
349.2303632028209
350.5387456191982
350.360516160147
352.5853059580974
350.1651363261814
351.6522886895975
349.3835556495534
350.6458622331429
348.5973831826835
349.3531308828352
351.3823192142704
349.0052812020917
349.3126840691468
352.0312815725808
349.535240620708
351.083187991946
349.2531856274574
349.1590468696319
351.4444076217034
349.0479826771191
350.2309111488119
350.0158458812018
352.1394249545317
352.5655281534186
349.682394158605
348.1385637992009
352.1724119105843
348.2564086918536
350.4137551345671
351.1712457972728
349.1581037079458
350.0403467229168
349.0437489450328
351.6473955522117
349.1121305896239
351.3960297607293
348.046023976446
348.2779813418938
351.1604617824302
348.0849122347688
349.5358688304863
350.1889074063119
349.0562634475077
349.2266927843319
348.1078783675291
350.2252975855573
352.1548595410235
349.0137773848804
348.3196505477717
349.3944174864376
351.2221320930646
349.041712714864
350.4466177817594
351.8298476341844
350.241864091321
351.1199000005937
351.4101249537665
350.0282569846232
349.0897562077125
352.220768773448
351.1629332913423
349.1827899108945
349.2947511234568
349.0848410725533
349.1218717670347
349.3894333064355
353.3424924181436
351.115709358789
351.3853420357638
349.3977045884282
350.3345869424293
350.0411425766338
350.6398011034552
350.1206481707245
351.045743955114
349.4398783025037
349.8060563460784
348.1074755065028
349.7594272734835
350.1963881209222
348.1574778338851
350.6598925049944
351.0096682404522
350.5330160130853
348.3244335851313
348.1600388565494
350.3214841602724
348.2705204741915
350.8454737248194
348.0419953877685
350.2097745219801
349.0256141037204
349.0709231357479
349.4842473770358
350.2253127436011
348.2315358046462
351.0076521866878
350.0524118012574
348.2791315180918
349.2564658022106
348.6107459013712
348.7442733690825
352.2587776102119
351.1339098326677
348.0274624302218
351.5455270283016
349.4467481850112
350.2518689601024
348.0264538290375
349.3639444465205
348.3045201293089
351.2010625206552
349.0098869008373
350.0560622717042
351.3838384423872
350.2064980832716
348.0890552355473
351.3845210322363
349.059010676274
349.1088458190349
349.2422337940554
349.4306188682507
348.8003862221324
349.0800359719881
349.1041952755889
351.1847012977597
350.3219335444909
348.5053564876711
351.1148524150686
349.3539287544032
350.0841182094143
350.2269054814244
348.3141008180061
351.3126433222744
350.2740627640061
348.0664462380349
350.1395536528721
348.2943913339051
350.0389880901569
349.4667457529297
349.3368224601493
350.0551200309277
349.2920623232897
349.8970701630766
350.6117102604701
351.1534044929518
349.3609785585596
350.0173475349448
350.2522148567317
350.0681707176016
349.0705104292083
350.886943486224
349.1090249876327
348.2427412890239
348.0059874005259
349.7405504210491
350.0995211828054
351.2222989680974
351.4074705352361
351.0236507887296
349.0813422175376
349.2941524866785
349.8841909278876
350.1024285163079
348.1821208767142
354.932802085337
349.4259485481738
349.29548316574
351.2896765750578
351.0233968246542
350.0397083158828
353.599708799286
350.0715156093771
349.2727426905528
351.3457408913237
351.4880289693924
348.888790287058
350.0558141556477
349.4374503069848
351.3398801282052
352.5956348228058
351.1792948773069
351.6764631491722
350.0018724274533
349.0025236624736
348.1455610229833
350.310004549726
350.6325346034707
351.0144042152788
349.1952513869196
348.1816411233322
352.7681187532043
351.2424484874408
349.0637357849254
348.1633891467701
351.2489305909988
348.9595485622946
351.2084532684116
349.2336231553391
351.0611006009271
350.0694346346558
350.5385096664148
349.1152284622553
350.1265748705005
349.5231443273983
350.3128218047247
349.5497662036311
351.1624141069092
348.0301835877013
350.2188106165139
351.4533749797526
351.586224822527
351.1116359600765
349.2195745821896
350.2233000474856
349.082155076633
351.4814863363522
349.0112118219583
350.2405773890488
349.1470029606999
350.4201155920888
351.0552215397769
350.0823128679378
348.102199702837
349.0147881020826
350.0357452561063
353.270619392839
353.2116725069906
349.5611469518433
349.0291948785962
350.4224030652373
349.0974986090222
352.2019204071131
350.1837915444754
350.1311279176517
350.2292818105157
350.1747444297853
349.1872535433134
349.0866089147967
350.4437451134947
349.0287580897649
350.5748253927392
348.3182887385347
350.0447385400707
348.5480961432238
352.3137762231975
351.3560429620812
348.0618604289971
351.2547721240067
350.0009936354753
350.229865461262
352.3613018345191
349.4097482780486
351.1524216095785
349.1124280461094
349.3823977034985
348.80538737112
350.3387809795545
351.8310763249103
349.0124974033851
351.33871828219
349.0022264478987
350.0063653555504
350.2431931979773
349.0071967374934
349.268058768503
349.5913162851249
350.2691288055204
349.0149948576068
348.0929609836476
351.0087167423508
348.8751216485705
351.4290096060955
349.2290749026549
348.7138722001047
348.2019795399412
349.0595258729879
349.3243970765225
352.2705864811421
349.0484874267668
349.107094679216
349.1935071280478
349.1408412466664
348.0037465876193
350.1675327022793
350.1676915569689
349.3995402143173
350.0541788278609
348.0206038341316
349.3497405254137
349.0367264538513
349.1684957307461
349.0020965859419
350.4259759102943
351.0605579008117
350.2067875630012
349.2342129747769
349.1619328428199
350.6278481686167
350.0080378447441
349.1605227204496
351.1245034685225
351.7860224994913
349.4003297979444
350.3946852487144
348.2908842813862
351.8976285111227
351.0855446035633
350.0307636088345
352.1060734414373
350.433080560119
349.4553153871665
348.3684961733533
351.1412933588731
349.3506226864213
350.1507944704504
350.2429643280996
351.1537983970858
350.1961085595924
350.3003023320881
349.0940923359469
352.1429777911468
348.7259051166288
353.1522063090335
351.4361022318826
350.124841001741
351.0762720029849
353.7230765642545
352.0327050561285
349.1115318467353
350.0850293531939
352.3475495774241
348.5351981944358
351.0691866809644
348.8156149458442
350.160322613699
348.164630114203
350.4161954790437
351.0408290160245
352.3131991897937
349.0795782282636
348.011208773192
350.0188165651531
349.3377377026442
351.1034993501172
351.0773013533997
349.1548758224923
348.0698448070032
350.2765764044481
349.4914243369441
350.1210103069312
349.0087677203378
353.1441636622715
350.0091525632397
349.155820448833
352.2187282581202
349.2688419453604
350.4740899130695
349.2645152117308
349.0493304218613
350.7678252387847
351.8279631988892
348.2008049619109
348.7151706264298
349.1463928103348
348.0918409623935
352.5960432648853
352.2672624079642
349.5720043540549
349.3872069759923
349.4396573921894
351.3397115160537
350.5959299503332
351.0905674148675
350.1749009149472
350.072138594856
349.1620272411765
348.1383007916513
349.1998520424091
352.1685200580914
350.0647537266277
348.0099501081278
349.6958219447881
350.7348057917351
348.1618410700942
351.1465884052063
348.2612349237167
349.4010874072891
349.1558097364929
350.0412292734361
350.0191024565593
348.4002821823236
350.359883070283
350.1864057225183
349.4028051609826
350.1561588104491
350.2245105891148
349.0094453538752
349.2634896960354
349.2863763905693
348.2074296694446
349.0209930057318
348.0397802379567
350.3131890013806
351.4428990386974
349.8764050932502
350.8267503966093
350.2165167754513
351.1222706587029
350.1572724938458
349.6359518513104
349.3027552533972
351.0683088516025
351.3125062523418
349.1239661262388
351.010441694491
350.6510483278464
349.0221998880662
349.5330424168728
352.0892038476825
349.1697685603645
352.6196039362643
350.0436361509516
348.0749513761755
349.0748863857881
352.0834266450184
348.1091233632295
351.6008068306924
349.4237128145795
350.1735981128892
350.0724272851076
351.2094189417301
348.441862714262
350.2090492049933
348.8046755359089
350.9690718096896
350.1099241034397
348.5123136999536
351.1294082452504
351.1874606608596
349.3358321322896
350.187417302769
348.0663725403628
350.2022084316013
349.3622243367773
349.0309141757911
351.4555863197152
351.1323097877988
351.1651175800059
348.6628470102174
349.7174968436722
351.3602960335407
351.28792000135
349.6221515609541
352.3831810028112
349.1360103883376
349.4068634465057
348.0133757244076
349.6823885430373
350.7150800174434
350.3886440407448
351.5034139382572
349.0060551119591
348.0178994694213
349.1097892771647
353.1628977838897
349.6218630306324
348.0159762776647
350.127163073399
349.0935283381452
351.2670564052718
349.6352665550942
349.1257093469054
350.3326604791542
352.2188844756358
353.4751418684883
349.3529707498259
350.0536259902168
353.1290880608344
349.1038757258568
351.3284655749821
350.5857881180206
350.0977483454727
348.0341518171874
348.0935074769126
350.0525881374285
349.2361231600372
351.3314242511491
349.0467919935285
348.6294952252401
351.0143220021241
350.4671648669394
349.482566505522
350.8319057743867
350.3063930267911
350.1417737982455
351.1848831254594
349.010416221324
348.5372260367802
349.3422754607513
349.2763073557751
350.3246222058448
352.0168384223829
351.1854287118521
349.2986545069745
352.4206826569763
351.1798012850978
351.0296976191954
351.0569802407259
350.6557796683963
351.2991879576368
350.0168016549082
350.3604277814015
351.314836524759
348.74603751452
348.1758248893052
350.1540854665415
351.5596683098972
350.2464944048059
349.0771399911958
348.0282011230257
348.2835554995729
349.0214692984815
350.1510623792674
351.0617366609465
349.3248987886626
349.0892484177547
350.0518274217922
352.2319475595273
351.5466021456468
353.1523973504107
352.1120453104976
349.4251559930448
350.2276024618553
350.1629584286694
349.7608345865179
349.3168288481135
348.4333889620115
349.0759822505476
351.0744452217695
350.3626537297195
350.5009768777015
349.9561964365797
351.2519606883848
350.1862203203813
349.2888734594939
350.1036320198356
351.1599684468869
349.2942686569544
350.1204822332001
349.300801740943
348.2109926799873
348.1584158707423
350.451191617835
348.2992182553422
349.1867885270503
350.156265559354
349.4272407054526
352.589412920387
351.5731865075047
349.7686413246559
348.4451027728743
349.1947177727048
348.0808518836018
348.3104851040232
351.3990755588144
350.2384420980433
350.0641417972117
351.6058604794064
350.3519478713949
352.4591279268436
349.5047650282264
349.0605265087137
349.1390823105468
349.3069617890418
349.0027659479128
350.0368944790734
349.4063230140043
349.1306671317827
351.0961932482549
350.5314675969623
353.2105305403023
349.0335525339252
350.0612909878505
350.2396014773018
350.4157821634806
349.1603849816777
349.0846201897518
348.1245616029828
348.1212409712185
352.7444397890623
348.6805007622086
349.3677787128109
352.4559954644622
349.1327514231696
348.6564765152636
353.2573079337134
350.030503615381
348.1624195395081
350.865951762782
351.1228057413157
348.804841076381
350.1381517479418
348.0392720423651
349.1498846535376
349.1061166685561
350.9796924869959
350.4398472304018
350.2397930560907
349.0857039368768
351.120391913006
352.0182059273759
351.2452839652128
349.0994235004929
351.0454941397225
348.4709957694325
350.1203106843234
351.0382449810749
350.0218771383317
348.1597722288042
351.0606229891571
350.0349914731386
349.2169639059167
351.7934983306982
348.3440054866558
349.0102974560506
349.1624301592504
350.127667980856
350.7652093854621
349.3648338293972
351.4534929412877
349.853820484865
349.3484817685097
348.4345881792666
348.1118302781882
352.4838789640539
351.0838088057719
349.0089172556728
350.483777757771
352.3296606507215
352.2243275094568
349.0472418421655
348.9173397129981
348.022428917251
350.4698509138104
348.1249022807475
350.3650651183019
349.0229581665418
349.2860489903342
349.2187681980752
351.168206149288
349.0380967048168
349.1548036609773
353.0702056741818
348.1975793790546
349.3097228508078
350.2370002182635
350.1957435121705
350.4318447082877
349.0943597798844
349.436467702998
349.1607224908134
350.017918932677
348.7918213496091
350.3127322529088
351.1923332426142
348.0533077317127
350.4181880840191
350.2549050564169
349.7874913437225
349.0501118216586
351.3496123365716
351.1741355904376
350.2105798754017
354.8508307561863
348.0470153206358
350.0361242774362
350.4206684872693
348.4219334887709
350.656075120062
350.095770606797
349.0002765582167
351.3251726103283
348.4543948867463
349.1928442463063
350.1425750188209
349.2331755248832
349.0625690311089
348.4301668817374
348.2760962814076
351.0049054412052
349.149319710662
349.0116046699932
352.0120284080423
348.8008825753962
350.3179578325291
353.0847640305069
351.4610009663914
350.0101507260093
349.0019278226457
349.2816180706719
350.2763087573154
349.4788101300666
351.0558306231601
350.0043416727854
348.0779975262716
349.3128298713227
349.4352066227126
349.4821721579679
349.168864563469
350.8134608354853
351.960204237022
349.0490275729486
351.4619435229574
351.0142806679385
348.2822272705433
350.4875034309494
349.2035897363935
349.1001450336085
348.178672635337
349.106327139301
351.3966213300754
349.7240759491823
348.3457556535365
351.2719347907715
350.6148584808605
350.0668627710406
350.0493573689852
348.0518085402875
349.5874582670577
349.2600653348197
350.1641892285574
351.5196074865012
349.3096384699015
349.3044447398372
351.2324045319485
350.5948074707164
349.7478238461679
348.3433584054887
349.0171464151546
349.3660957052742
351.6910165955998
350.8069575141393
348.5333410276919
348.7540371140606
350.0313586706976
350.1390264788976
349.3134661665878
349.0419088980643
348.0943526016135
348.1028340381845
348.4601354492425
349.2735282618489
350.0398829670618
348.5064005704735
349.1881414417196
348.0696521828228
351.8975258308374
349.0092434691967
350.0228150430787
350.2150131015556
350.0518303902004
349.3531864879611
349.0009986447326
348.0581423231283
350.4722641659441
350.1861231564163
350.9706847518508
349.1978969092225
349.0554180243673
349.012551463614
350.1157192369775
352.154782497048
353.4902951650045
349.1524343513615
351.4396658325862
349.7799282101895
350.3382274917707
348.1229191800693
349.3826363157685
349.1336351882852
350.0896721842157
349.1173353056327
351.549186793782
350.2452178634836
348.1366270683368
351.0457536216567
351.2154120288116
351.7988588837746
348.0012707329286
350.2901483345356
351.1728749888815
349.1340024963191
349.0280148480693
348.1448586192157
350.3763248282697
351.4188300875679
349.1392877181877
348.5001289842124
350.3015666149825
352.8307417212517
349.9529751137595
351.2624219095885
349.0562640549109
350.230542458265
350.0398817432352
350.08989349542
349.0935238405926
349.6424734075748
348.1573264490009
349.1067773378802
349.016429481073
352.0061599997663
349.2147308513843
350.3176313911695
348.4539089374888
351.417529544837
348.4400599182192
348.020072365755
351.0070977660169
350.2068905694173
349.1650943494553
349.2037532908624
352.0069438471865
351.5507789178672
349.1149510683591
349.0761914421491
350.9266449972215
349.2557533395464
349.6045825464837
349.2266840639786
348.3947830072955
348.0299671457335
350.0629532034595
348.459193328273
349.2564026247661
351.0265890478173
348.6068767098153
349.3380707954681
350.1581897479476
349.2074737823814
348.6186193541132
352.1287136260769
351.1566177824841
351.4868788573258
353.0490939421353
350.3079092886261
348.4351597502173
349.3689551757467
351.0993774136276
352.038328271599
349.2964774462245
352.4952241410218
349.0412888028648
348.0307840706374
349.1093264147692
349.2024561281311
352.4781104415712
349.3127187279194
349.0854794668496
351.5512919813319
351.255810633574
352.2254767064088
350.0301376814452
351.8553187124254
350.1494328785548
348.0295421621617
348.1693882316442
348.0373814161754
350.1048459211404
350.0285213058435
351.8985586274578
348.0875446393241
349.517062031322
351.3078874127733
350.18166175191
348.2233696888094
350.6416402168349
353.0073290644584
351.0627416923499
352.4194970799084
349.1292591534468
350.0759071728478
351.1860347781912
350.1998953986264
351.0533750342417
352.011967082429
350.0311372292597
349.8782433229085
349.005068439065
349.0243309030157
350.0119716199478
349.1017450865781
351.4082351281216
349.2176985380233
350.4136870416767
348.5723052769845
352.4573169017688
349.3428358246889
350.028018034685
350.5071232007167
350.0986744291624
349.3389562727774
352.053085524453
349.1055314497725
349.440369245334
349.1102056285209
348.1124594016553
349.0008502818719
348.1934785878854
349.221764468601
349.3764790918307
348.0033336836696
348.3089709155888
352.6640641643265
351.3460680580935
348.3579235032303
350.8843989770813
350.3011340167901
350.5871767766289
350.1666172657893
350.708439028924
351.3848559443195
349.1613570580269
350.7050014373366
351.7485554674
350.2040278356471
348.2179103730416
351.6792763257254
352.1016142024457
349.0895793425285
351.0675622099085
353.0290932135471
349.081791045779
349.0137216142469
352.2044772556379
350.2238004195594
350.5616836295421
350.462421682862
350.5111378275874
351.0034392093096
349.7702382644205
350.0027474035514
350.3960762930325
351.2356205893998
351.1323486949581
349.15319132448
350.3884900058513
350.0692991440703
348.205330951011
353.4015038344936
348.5675510597395
350.1451693047322
348.4886852258189
349.6617316501288
349.9517753533308
349.0227549356249
352.1513728971508
350.3351763149093
349.0602072737366
350.8631413397088
350.0007934394706
351.8650644215002
348.0867450131287
350.0149194586135
348.0030267350835
352.0729135779688
352.2683523105898
351.1660526816248
350.1572054845905
351.0113835671992
349.0711476478041
349.0844348838652
349.0900002520228
348.3965466495261
350.2747182812093
349.1347306546189
350.2851139252119
348.0314958399005
349.0413501698449
351.0726153066383
351.1046658636384
351.0719541513337
350.1703764482311
351.3399090571184
350.2148536934952
349.0038902013515
349.4064400047609
349.482450277885
349.0652958412965
349.0325476293688
350.6248347665122
349.1077220157176
348.1375361100173
350.0432448204632
349.1360039577665
350.1012094957671
352.6732106248731
350.5426358161513
351.367681634202
350.1616749892574
350.3221177018091
349.0189306118014
349.0390040812068
349.474263806279
351.1333969806774
350.2767124921481
352.5140717207507
350.2407745219657
350.2529909148472
351.2912694917648
350.0794595183447
349.1702091267251
348.0054324589337
348.4888886416279
350.0248463680304
352.1323176564545
350.0504886521194
351.0812784082956
349.0763953450294
348.2625390191824
352.0289932306796
350.3521149510129
349.2543138326105
350.1224068556899
353.5274081281115
350.1057374457585
349.5226867791488
350.5808346381526
352.5902099665805
350.0032927776872
352.1410682154228
350.3581851620168
348.1000182860878
349.4354933315319
349.7140893339526
350.5966940626046
353.893988582955
349.7557100889012
349.2925695044016
351.7505326542793
350.1405425469354
351.0716817476409
350.5211241366785
350.9828349769001
353.6633129162637
350.6309201039606
350.5034373938368
352.427056165584
348.8402390564841
348.547432744297
350.1942756193934
351.3088100435563
349.0592611031701
349.5068954236019
349.7005162502523
349.2714205563132
348.1431395942861
350.2885392089364
349.3103410463233
348.1563143239378
349.0352067915364
351.5250947062778
351.0322637774798
351.1259696697413
348.617970753759
349.0536711908744
351.4013986156656
349.274074157528
348.1963153496176
352.117323629595
353.1710604253702
348.0791599998955
351.6382928834225
351.2833357216998
349.1740063274724
350.8246350555316
348.0392935962104
349.4726983456214
349.7843338582229
350.069361671484
351.0371471639422
351.2126152445381
352.498514988773
351.0211591859969
351.1252337239671
351.4185952956598
349.2143429858016
351.1046255726759
349.3111778036481
349.2568965191424
350.0278306486964
349.3306094110412
349.5607623648778
348.1433923092681
350.0429451607308
353.4257713536305
351.0047401955297
348.0390068347726
350.4769723580632
351.3871199103423
351.0511609722279
349.0235596145851
349.0356673299232
349.1524311356537
348.3496592466869
351.8056007119622
352.0133532968024
350.1690148763723
349.0216484093862
350.1276797498462
350.0551549590234
349.2196252532103
351.7521968526338
348.1552574468695
352.1754528274621
349.0672658488259
351.0693892995026
352.2347745837682
349.2300429856296
348.4926859129617
348.0688283195312
348.6874759855145
353.4625123370233
349.0762467562401
348.2376000656103
349.0548613467314
348.1596370973353
350.062258309608
351.152627768757
349.383294052958
350.2094902474852
351.1692816708809
350.9432531841426
348.1283304750561
349.1229277647473
351.2708206274976
348.0123026602037
349.7294506508485
351.0505676208438
351.5032060036937
349.2992295439388
350.2088734201005
349.095336534577
349.0043350383517
348.1780206557272
350.2039204452004
350.4747710035368
350.8320302082201
348.9810860201797
349.6123851473001
350.0604736778547
352.1060657342269
352.5191937662519
348.6280623992202
352.4604394352479
349.1182817692787
352.488856413796
348.8599175482505
349.0805734872125
352.4994015954962
349.4583894490853
348.7415823147663
348.1551458277459
351.0799577584172
349.4725383832896
352.4703237096967
350.8564021344789
351.4784957265115
350.0476010015191
349.4598629520516
348.2348351366052
350.0756440047111
350.3471155395206
349.0243373389009
350.6834746249604
349.0279373282106
348.2605967710147
351.3710234803851
350.6871286788336
350.718449051871
351.2711949746429
350.1172515738242
350.8749516328292
348.0591169784309
350.0124118962393
353.2494494017451
348.703569237015
349.2675212779727
349.3926382244087
349.2102489041513
349.1235826793703
348.1221318837446
349.2663419948734
350.4336387974608
350.3695349010998
349.1529640247638
348.1497724741531
349.5995387729871
352.9427404673022
350.0039776220343
351.0121339290503
349.0897528590465
348.8307544072948
349.4855305662129
348.0714154584313
350.7783983657363
352.89257160085
349.6851811017043
351.1641656947394
350.1955071126031
351.3032223632214
351.0916108757703
352.0244199769847
349.3275025345623
350.2255216352744
348.0554894837243
348.087400961765
350.0569497169164
352.0494496583961
348.0100625344512
351.1884843486351
352.0350554367386
351.2204368774289
348.2073746107421
349.646594512695
348.7418425843724
350.4339554737157
348.0426029689705
350.3932109962004
350.218019605114
350.2772302285691
348.2364225787177
348.6424810474488
348.1655909607265
349.0048246619383
350.4817182730911
352.4933449868167
348.5971252292618
349.1907062392601
351.1524191568534
349.1877200597059
349.1704765724011
352.4672531408919
348.3633251485717
351.4820250232705
350.0678183009552
351.0208255928314
350.1433032056906
350.2215150246775
351.0624821994529
350.0507304101521
348.4662236029201
350.2040387329001
350.4316777735442
351.1675081960722
350.1205023333936
350.0714893229888
349.0857160002034
350.001501807389
350.1583819875765
350.8320808320747
350.0281904353729
349.1079584387274
351.2669830349632
348.4774662677112
349.0714260353812
351.2413300438063
352.0187535437319
351.5096512692874
350.5664370917614
351.1239622421638
349.0033922557311
349.0338650704889
348.5729109339956
353.2911934402832
350.0896181338172
350.3524436977871
349.6890554379381
349.4811665830595
350.128808135961
349.1214197421382
351.2842786921489
353.6074204854931
350.4460411681395
349.450992732821
349.5786525139201
349.2735659554831
348.2490851719257
349.4024763604446
350.4881875070911
349.232194854533
349.5291569600853
351.4883913755644
349.6034038145845
350.040628089375
350.226354237314
349.1697332950735
349.2180786389704
348.5231015398825
349.7199775936963
349.1936198143592
348.45768053853
349.6930341732631
350.3883785197978
348.0553343365349
349.4118943746121
348.1350598754252
348.0815077664931
349.1854625570717
352.2260290849326
351.3547811182141
351.3095276452213
349.279291132866
349.0091989227479
350.2650391996707
350.3709617342338
351.3437930178853
350.2898398722929
349.0260745699233
348.5747306292252
350.3623006093241
352.2351449825713
349.3982883360874
350.1514184571781
352.4738394036562
348.0338186871271
353.60463447288
351.0368920168746
349.174512082612
350.0535754758496
349.3116974390368
348.1508599732061
349.0320650749952
348.4621725090069
348.5526258156093
349.2408811282555
349.0119371823229
350.3547615739996
350.0244525877691
349.5619195446735
351.3194641776506
350.3298148820134
349.0417987912836
349.388224831893
350.450717686345
350.1965749584647
350.3458710922545
351.0072145972228
350.0327005730637
349.7418144918034
353.9005544395526
348.2183970578582
349.0370987687859
349.2776521349471
350.0221221470235
349.3823887378973
350.674642545194
349.4734355317232
349.4094587380114
349.1133109410081
353.9277426663459
351.0883812130654
349.2442178944061
348.7271196025659
351.1645927965122
351.0796148139353
349.3363066639797
350.0747812230633
350.6149603175433
349.0584515326328
348.1403655177555
349.2904205973707
349.0527556929556
351.8460909812619
350.4147663616887
350.1652727418378
350.3838729569806
348.2175535090623
349.2981086840908
349.6065382359408
349.8777464227198
349.3199782497239
349.5956014882198
349.1876656908092
351.5968579479268
350.6139825013258
351.4946054966583
348.2249509761476
350.5558933051762
349.1131971840355
348.369533479744
351.1978505619595
350.2923295809948
348.003323727074
349.0805236437547
350.1107556489754
349.0615986053328
348.4910826997223
349.2976717421906
350.2238890154007
352.4561831003687
350.2728720290045
350.0094501907301
350.1974409164514
351.0587225919852
349.1163517440165
350.1393113672331
349.7491191495874
348.8040796370025
350.5592154643572
348.2674508464585
349.6037939472065
351.6100476805743
349.1869141149653
349.0242238174207
352.4866156874222
351.0086619657754
351.6440684592724
350.1239328986353
348.009771548565
348.8581621921407
350.6457433552476
351.1365295507991
349.1592100574776
350.7182027315353
349.0275802670602
352.1078046003881
349.4240167050898
350.1485749846771
350.1826254764035
351.1291152643477
351.0258745985717
348.2199083689256
350.6419927140566
350.5257442459937
350.2821454071523
349.5365216872408
348.1372579414954
351.9669350333064
349.3288403801523
349.1446924465118
348.2261775006621
350.0218535942987
350.0034108130508
350.6996058095612
352.3680577605281
348.6643302860005
350.3032429294473
349.421328871668
349.0785557708985
350.2749802528513
350.0869974497071
351.5111840450531
350.2920842896295
350.7104066327866
349.6665607577995
350.0481716928767
348.4759539383971
348.1610794915247
351.1049560210444
350.1570362199857
349.1183958483105
349.2779865987206
348.0172233502806
351.337267316306
353.7423332559542
350.3102953552223
352.4131147507933
349.0182809410129
350.2858735156088
351.5429631149413
350.1648334957783
350.0229967780658
350.2709101178148
352.0980638419944
348.1037581771219
349.1214813889654
351.7070525461026
348.3708354933171
353.1330378129028
349.0213862905298
351.0065984504599
351.1651264545902
350.1683171777701
349.0282841075272
349.3692951275434
350.0713653622716
349.0603646145873
350.2228941296505
348.2865984468305
351.0119349101411
348.5521726346107
349.3352787935648
350.2010423521384
352.4214129769658
352.9595354730471
352.5096706134164
348.0756841050392
349.2344528796909
351.2013580705496
350.0570259118371
351.1725207457816
350.0261477010555
349.2489535779176
349.3739710496227
350.2546795338107
351.0469706116243
348.2266004905244
350.0260038525803
349.1425676462648
350.0934152835388
