831.0310742509824
833.5329503411717
825.0956631548265
825.0672357210167
830.1505558711106
831.9589452106082
834.1241869591005
833.7310011998719
828.5576946703005
830.5925154016488
827.1800726804319
831.6195932748537
828.1275702806707
835.0830266135144
836.5760573895651
828.1069165607411
834.0367487937222
835.0340625617578
828.0798580303431
832.2402676669359
829.1509331197766
826.7082098288472
822.3312974472042
835.1270346281955
831.5788500347821
833.2356267756095
833.9329014804001
834.3426396188538
827.2145701075528
831.4776663062212
833.0352419953839
830.2737449336552
831.280585567375
835.0701370195745
828.9435410568345
833.0044302474736
830.0073212171104
834.1517832177037
834.2555843927115
827.5643739414248
828.2508846713566
831.1989455557857
831.3033508978566
830.2884556269447
830.1562677780532
831.5953202430239
831.1607156785876
831.2671083814907
831.5991916166214
830.0824207263121
827.0235615938103
833.8446735045169
832.1062317652687
834.52017622261
835.0276367965522
827.0881895005939
827.3824584958703
835.267783457677
825.1679833025544
828.0271714269047
831.2441655070605
830.3792417797687
831.2335451766713
835.1354444213565
835.0113981515774
836.0312479499613
833.2627358972826
828.0129333348243
828.4551989937371
827.0132480718767
835.7081888777913
835.5674876493023
832.2403926154398
832.9327102237113
834.0192509180491
833.2801501854219
834.4532643628185
833.0069567343025
831.0109081405817
824.2701699125815
827.5928960967626
834.0735306126678
826.5589785141
833.5316312499937
832.4906889054992
833.5479493223884
830.0418597037602
838.9547805498721
833.377035466719
835.1437505484434
830.8477416750377
832.4294474845591
835.1096624649424
831.2189926220619
824.1126426905022
832.0398699048986
832.0778056395877
836.9007844567963
830.5691550845105
831.0698945572967
828.15407724525
833.1690892266112
832.1740612416526
834.9554995387562
832.2176213996133
833.5983270573615
835.3743251374242
831.597860085624
832.3387796555527
836.0517238245784
834.6285495170905
830.0329446048215
835.2773164351203
834.5355478905672
831.8015297166727
834.3686713681411
833.0999293761719
827.1896785355669
831.1431659990333
831.1149122944698
824.0824233005786
826.4402214291933
833.5211777719235
834.0550072396651
834.1276446513785
831.2881949144588
835.9555939727327
835.357678090837
833.1475517854523
830.5016745016756
834.0874240462864
835.0618285239477
835.1883684162515
833.0589698695518
833.0819229375661
830.0131874715187
835.3443490815937
836.1468467717407
830.0996649254284
830.0941642685256
834.1817670964615
835.526847885704
825.4657839233045
835.0668425845452
833.1134270690602
823.0851039313319
832.2920235025049
836.1268928627806
830.3228665670433
837.9626628962025
830.1014018610173
831.0175675665813
836.2967321187574
832.6672848511542
832.337234663542
829.1004786252336
832.3694312431041
834.164228929361
833.2924224149247
832.5102264805402
834.1509346251795
835.1124670587949
833.235331842108
831.0018600562116
834.0885745878137
830.3199988477683
836.1656166626658
833.2215573161318
827.371606719251
832.131318973531
829.0596795485309
828.036252957483
832.3972483384091
830.1808432864071
830.1760891070277
832.0672069712859
830.2400224081373
834.1494465740807
832.0048455304645
836.3154761607867
828.6173417233883
832.0327347028333
834.2156038041569
828.4881349513694
834.7324298133212
832.2802495170603
831.9101126698115
833.6192179411621
832.3577580793701
828.1016557538628
834.1560297397514
832.2920624002323
826.3352202493046
831.5257429861697
832.0266740084654
832.628458045188
832.4260185349401
836.6739076966395
832.2271831885286
827.1348297790443
835.6218966452395
823.3149924026553
823.0004922791181
835.2086424770482
831.2304840720523
830.5952953923681
833.5493164782459
830.1235858310974
828.5910754308247
823.1130551952508
836.7545751303292
830.2002123779312
827.2321771663043
831.0819484172886
830.1309245492731
828.0619479474403
835.0747194537742
833.2657605123956
832.4467973363596
831.4429128732965
833.0009205325568
835.1071105621037
838.1106285760808
833.0129146218519
825.4845691684077
825.1223597811378
831.2239812241793
838.0047753537601
835.0876303827072
828.238579714289
836.2081488104542
831.0857723736829
832.1336739854829
824.2528581634235
833.5263085963624
835.3655757689957
833.0901580643581
835.5074452551515
830.0834302323294
833.078384523359
832.0673699882407
832.0179841485838
833.1576170310028
834.5437695426648
835.2608209199332
824.0434962987312
833.1999634687385
832.1403509874358
837.3151274513611
834.2689090931723
830.33508891683
833.181558616562
830.0705123947772
832.0345125613587
831.4404987146488
832.1153352177181
832.0069419834168
834.8368966077176
824.0176097208731
829.1519756189783
833.5411348256456
832.2721983354959
838.3741385264145
828.0790191688609
831.339790657113
833.0615020950592
832.555744532989
828.383927675677
834.5579295586875
829.4333094416411
833.2496948796
831.6827923198211
832.1047412969817
832.8854542942722
834.3165225621568
822.2304199070813
831.0883991679473
830.1851613774749
834.1540658754309
826.3987774795255
830.2112449079556
830.1796614149226
824.7875727550988
836.0066929736784
829.0169477379881
833.1011856277295
836.4451363515791
826.7593716726428
834.1047122803433
833.1331483875114
831.3195468374885
832.3101806313829
832.3947789872195
832.3001352448023
831.1550492393334
830.0688613452769
833.1056023355907
833.0072072494602
836.6250862146691
828.321987954715
828.0286824017269
831.2961739628423
838.4869983132738
832.4543536007735
834.3625355778634
834.0752446626187
829.9622031834382
826.1382847378205
832.1246587611026
835.5783711003605
835.4732219813832
836.5413861373206
830.6592536039523
832.1181501166074
829.0497807258616
830.7650825647986
830.0001676204492
834.9039119313564
831.0744735419023
835.1330112290309
828.0329770500198
825.1093815211005
834.139728470874
834.033382882045
829.6415237103886
833.1195032040771
835.6888546738584
831.4424799919926
835.4835082083845
833.1205804665829
832.1635633824083
831.4967960724699
833.5458827068811
832.1743225714426
834.2188931351529
833.6869507266356
834.0354147899127
836.5133236053514
833.1113022190515
832.8415405614221
832.4258613741849
829.5581731673725
832.0436989160539
832.7110918949849
825.1960773158604
832.2227012382566
823.2853910957183
828.5073471600228
836.204438589118
830.0300799134737
830.1735766218098
838.1696791215705
832.5803538740258
835.0222154796546
829.4758151041552
836.0614863307475
832.1025435221469
831.6288552466334
831.1256689055664
829.6724584811508
836.3205693343525
831.4687430447419
836.2887759548186
833.4164537236844
831.5322600364775
838.2009171456059
832.2464705813952
834.0672223259858
832.391598610858
836.549987524078
828.0053532005137
832.4386581859117
836.184824312897
831.0925174314683
834.4051197494728
828.7591252675004
831.0464720189503
829.9352596714459
835.2621141552763
834.279209317851
831.0508950471764
833.8472758016611
828.2790295448102
827.2141807639831
833.5317000062844
829.1119280262136
834.2842450964016
832.2284479947843
832.2313792549471
833.178986936344
826.091990706447
836.0792008345836
835.1018599915517
829.1400083344464
833.1696072390109
826.0245894932125
826.1725725291041
836.5546834559485
829.0982737830697
839.7818576855168
822.7868071756276
833.1333954858092
829.7130979520553
835.2441259836111
829.0725843025524
830.5668738523635
835.2657205564224
836.7647033740641
831.050705248909
828.4949773522106
836.0177122330175
831.0231375963969
829.0082908783734
833.0428926747024
833.0641508463922
827.77561769988
832.1361275756448
834.4616171002901
829.4028783916615
830.0191909140202
834.4254308921447
832.3955012754003
830.2823624110521
833.1909446043379
828.4419455612125
835.0020814789059
834.2890499645735
830.070541777551
835.0431666742979
833.0211518262422
835.2140214105938
831.4293878498635
832.2643299629751
832.2135762436351
832.0580253359428
829.466512506772
833.2364811229089
834.2755638888968
829.1598088920496
830.1336537364733
831.2267111650257
827.4028342301633
832.0476909455266
829.018065670831
833.8900142860093
833.6250767143234
833.1690240017
833.0521467094837
833.2931619817683
835.1426437342125
835.0038906732193
827.910274573274
829.2451640387595
832.748987617064
827.1252196133805
827.2144279666447
828.6362462946688
834.4872360385311
834.2372330589365
832.4391818100272
835.0049555153616
832.84280190885
830.5896614851333
834.5109869654538
836.0949515424348
831.2007727307671
826.4878745355803
832.2136556874863
836.2594893019098
825.8603119894302
826.4794360260609
834.4548515531259
832.0228436040876
833.048717133537
832.0495781421546
830.0799051789782
833.1059300208119
834.0903645996852
832.2121754944059
830.0633140548472
834.1295992432604
827.1021078049797
830.3557628055053
828.0356369146338
834.2648972225825
833.5831847906821
835.9387737378331
826.2893874186647
831.0019848400965
834.0470760932764
827.1596582840123
834.1154182373076
834.2569518118484
830.2793424377769
836.471395591556
833.3248815192231
834.1322572448214
828.0934550481373
825.4103792527771
834.5843009995031
830.393269554827
826.4602689385985
834.402109870041
829.146010675416
833.2709628297772
836.2773321000842
833.4043547856153
831.1961186445715
833.1922644478777
835.6261603514479
826.3214865309449
829.397540983399
830.4242650795736
834.1303988536204
831.1990200485459
832.1383462905937
832.4934254155595
824.0626030619179
830.0263996100238
829.4304409769202
828.1248947629014
831.0198471438349
831.3555674593963
830.1378748258054
834.083008501792
830.182745365759
832.0089924259773
832.0082588701925
833.1806651679098
836.0682539618902
835.1774130062656
828.1219980141185
831.222738827087
834.045635462763
831.2947536973097
828.0915268732487
834.0097614362811
828.1277376869574
830.4758334618936
827.4160754758677
834.133699565989
833.8360577711449
832.4807631754327
834.2559414304255
822.421135845159
835.2510129207136
835.9410297994413
831.0834306690344
833.6976478049228
828.2614938809995
831.2303630260441
830.086569127402
830.0101973900125
835.1427261350688
833.1108125697348
827.1570538493722
831.9091759913395
835.0292529522347
837.5289634597586
835.1575115742108
832.2576542182921
834.8626705599256
823.1900854134533
835.1709224173583
824.6098744529143
832.0445691316351
831.0062057557487
828.1199927537796
826.1198162469702
833.1678768449557
830.0377178962366
825.3358413259756
836.4085369696318
834.5647480265874
834.3641708246956
835.2717273233361
834.0962919377312
832.9910397228768
835.8798128453254
833.0568452257265
837.7886377907599
832.3957300579691
834.1115160518483
831.2348534866851
827.1112373564521
832.1141598166117
835.0743787797466
836.134106738149
834.492398754224
839.2163816768301
832.022840123175
836.3396024947955
830.0152336129499
834.0139625367593
830.9438270423989
834.184771650928
832.449922745194
830.2028008914829
828.0883149549887
834.1086297326415
836.3945785157553
831.026735393996
834.0177208805766
834.1882404322587
832.4463424223069
832.023022216419
829.7284306860242
835.0790570740498
827.3916387808245
833.0304009940427
831.5231423035931
830.3676262245398
831.6227466467495
835.0148850765653
836.6332154905944
831.8943660092016
834.0592723877415
823.0658048261738
836.8495780700332
831.2560729000554
827.8401826934736
835.1484768857176
835.0386738738589
830.4585180179065
832.0001527607352
834.7119402551373
833.1862034019463
835.1796637213771
834.0577486398536
835.2339732514093
836.3348512702091
827.155805518217
834.3218268150142
832.7040603247981
837.3256732880728
831.3408730351142
835.3471264006837
831.7656393954237
836.0009891346482
831.4178085059374
831.0609797045336
831.0706866674257
829.2038239434719
833.0088839959778
828.0209979903669
835.1620091180339
828.0923090995608
828.0945199802636
827.0449779951483
828.7095100221968
838.0443039291134
835.2286931031413
832.0955110583745
833.1363118357178
830.2436237496917
832.1090586101348
827.2534793140926
831.1779069874923
828.0390967373808
829.1090933503979
829.1604669523392
834.6511905286907
832.0276273073902
835.0099116265851
830.467516541204
831.4108002019788
836.1894434035623
824.1165195341512
830.4283009119173
829.3582308070393
831.0305543805399
837.6454361888367
835.4402692236202
830.0006021534864
831.8387785577468
832.4544922272962
828.1838919339048
827.0437253763714
827.2618530167036
834.3363936369042
829.0951183231771
834.072611339553
834.2545893788542
833.0823877770582
826.2398313754434
826.4613821196527
835.0146360255853
826.0926183381475
834.0446287930522
826.357659675577
833.5280368189664
832.3663735015947
831.9634779102045
830.4181005967696
830.0919212057833
827.0719210706122
835.0846772838527
832.0304256110431
826.2255588167119
833.3208884753503
830.2818949846564
834.4050588480636
834.0320837499524
831.340176220998
835.049757829563
832.6402975235934
833.0223965598767
825.4548494161074
829.9918129464376
833.3433211712654
831.1446007535109
828.3319066654524
827.7365717305347
833.5170140463225
834.0509755164131
829.0124588599418
830.1393520426759
831.1899446519544
831.0553910208116
831.7471366654615
835.4805498894511
833.3676453877416
833.2606665789806
828.2354888287941
829.0896934396022
829.1792825043532
831.2082125494439
835.2172801241071
823.5879990674554
832.4483003384918
833.0607950233898
832.0468184290316
832.0752785955386
831.1154690485514
831.0953447042606
830.1371100448164
831.3460999671195
837.0118481060666
830.687616538873
835.840188979273
827.2490969912078
833.1971711968886
829.4132043974685
836.0620036662517
833.2314989001111
834.5990933519603
836.0803290182806
832.4241901460932
833.063850519334
837.3689171353711
831.178148280137
826.1311745179227
833.0054719968024
833.2125413968299
832.1558854188462
833.9405844769076
825.0391773522333
824.13321627628
832.0383700655531
834.094268562379
830.2499532151372
834.8091659517894
835.2850661377319
833.0193012959536
831.6828467671547
831.1828778025099
835.5624519179006
835.080394125776
832.3868912882353
837.0648731228746
833.0223577718315
829.3306351349636
831.4476070110387
832.1910535039821
829.30017303593
834.2427116754785
830.4360340711802
837.0821018978698
833.5031380086293
824.1640652674073
831.7970569202172
831.6781999248885
832.5058144650988
829.1403804143724
833.2036710607083
835.0297061380348
836.457960172315
832.3110916309417
826.4371597126213
826.0010209998273
831.6232381711059
832.5654570915652
828.7256852415762
830.2646771442087
833.1619828840821
835.0686305862279
829.3894934842766
830.6161379374148
832.29867434317
829.194179300422
829.0334331210781
838.0253397661444
835.7896949030243
835.3955134008478
835.6918117164364
831.3381501141185
832.0827452532059
830.4170716297876
835.0226632621149
834.0909377303261
830.142877257426
831.0067077930667
832.2441496822647
833.0633134045834
836.6335330191486
834.6854085366169
833.1380541625078
833.3640912252209
828.2868947201713
830.0040474856984
824.4843365562228
830.0964138190386
834.0790743104856
835.3708016309805
830.2271408934472
833.2104042505006
835.4336900621511
834.8156271368847
826.4568209951153
831.2966686343267
835.969181959778
831.1387991885275
834.1686140157045
824.1470324660047
830.1271220458246
824.2609963203486
835.0676963479242
827.3013786285497
830.2148771844365
832.1365635221455
831.5571664056457
830.0079200750328
832.0248128369964
827.426722146034
834.0389308607162
837.9070862584401
834.0789198524706
833.018298598596
834.3358771028121
833.0340026149277
826.0539799694178
832.1633384112517
835.504680708453
835.817379964231
829.0747719103496
827.1961151617396
835.1923582753933
832.2282729452372
835.3704114679539
831.2434353594549
830.3617677296417
829.0583944893713
832.1967585149093
832.3141302623702
830.0764179140207
831.1549795238038
824.0110208521489
837.1427984694988
830.1105068009804
831.1509389405373
831.3957783388539
836.0957288694824
833.7705691284118
832.1613868362322
823.0086646429628
829.6340286644329
827.0286499744188
829.1126322688242
834.0516673826963
835.2564951762549
832.4055058529185
829.5896491221631
827.2509494352128
835.0345461411255
832.3643050783787
833.1925531350704
828.4069562837878
834.0142281462319
834.4054043690504
830.1349079780324
836.3707141602083
827.3839783271194
823.9699427889686
837.2688940781449
832.3788163058902
834.151109011742
833.2595159531775
828.1743063930462
832.1233463935516
836.2931330666182
833.3629570458086
826.4834972203557
829.4704093372137
834.0004736099012
829.2993432619637
833.458123482408
829.2612715078302
835.1282180797068
829.276510852527
834.0336248001236
835.0297028152307
832.8127302136902
834.6972353356915
837.1179940375105
835.0823571463696
832.2664185930561
833.3534518455239
832.0809705923394
827.5338384006204
825.1494680985113
833.240479967635
829.6134915249576
835.4308685201033
833.004797737648
835.582031237832
826.162136360638
833.4756160349004
833.3142777791389
832.0160230162153
830.6206902013872
822.1747340177831
833.3277618429975
831.1944776320184
833.7831009679854
834.2455814843888
834.1969472894182
825.8503520869563
829.323172573203
832.0948671954
833.3011451920268
827.0671747763377
831.1550981156745
836.065962718183
830.2716093172418
833.0664088046103
835.0415801467783
834.173744071853
830.2214708342278
837.2924710349445
831.5089459139735
830.4908635096814
832.458882290526
833.4861882988049
832.2256451246816
829.0326847744409
831.1605132558939
828.2080595541854
831.3405313004813
831.0852594206724
826.0350791980002
831.0744859559262
826.732382315434
832.2342245814762
836.1382614062558
837.2033403741548
835.0809835511407
832.0850880891533
828.3167720825019
830.0437457416582
835.9553287175596
826.1121768524991
831.5622499528209
830.2479034209052
830.0376738425396
837.4099105442348
830.247996399161
834.0214611269288
829.4265894922307
829.1417782073399
835.4810231337187
831.5611328737174
830.1141024563382
825.2958063301631
829.0590532536933
831.1297114317381
832.2671912122075
830.239895342358
826.5951966627088
835.139773044911
833.154602716598
831.7876866037118
835.3863064394315
834.7121638878685
835.2172211099709
829.138869459516
830.662476685646
835.2241731927726
830.0862107765914
826.1932675495054
834.2769609729587
828.2213273719098
828.0962005282252
830.2636087799254
835.0520781491078
833.2259468496375
836.0630587397987
831.4839314889571
828.4361759551538
835.0126122650264
831.1642521106091
830.074940799686
838.435856942464
829.0873398512416
833.4808486225869
829.1480378620639
827.2308779353339
832.5967642725299
826.1653470571152
831.5031206861908
826.7969811706585
830.1078194693316
827.1045504882136
835.3742426483682
825.6626798048809
833.2504674623276
823.462640797494
826.3735769662172
835.9121613722792
836.1317451685331
830.5532542175835
826.0062999849572
836.8243750412203
823.2782624675956
827.3414573062737
831.1733877212907
835.0013391964962
825.3324944948768
834.1493980165757
835.2005649435706
835.5941302137912
830.218152182982
829.1605530574458
827.1189973998926
832.4535453526686
833.2423693655104
831.5071172373724
835.1477029196742
830.5709337580627
830.1208476874043
831.1507677786229
833.1684104257337
833.3278887953353
830.0081619367256
836.0699784892233
834.4702188760886
834.0789260796885
825.3627989520328
829.10060958279
831.0801043055245
832.5502785140405
827.1794990169814
829.2022055697064
830.5946002845718
834.0576639315583
832.3545601992839
830.7979407099001
833.2779622266576
834.099103295468
830.3060572509881
829.8954222629987
835.0056583144495
834.0657467658157
831.3275798163451
833.4612149835259
834.0793572270208
830.2749226141301
834.1079614840909
828.093271987741
830.1257019954927
834.495344744426
833.6111079187081
833.6542953603172
831.6575674117736
829.3061783398709
830.0500177874671
833.1669547697734
835.0756202245034
830.1601783021908
835.1477516105051
833.0336071339833
828.8012288125026
829.3822130628937
827.6016825575588
829.0988107927129
824.0604974787059
834.0255417411294
832.2332172239821
829.1193477623295
832.2719137805726
836.0512506035096
835.5629354307672
822.4600873489012
834.2488151990577
836.1998334599857
836.8273398633407
831.03351227349
831.3742106348901
829.4186484708325
836.5854170254306
835.0813889907415
826.1741019719567
823.4817755538384
830.3192423211196
830.3348649710798
825.5103949774802
823.0943321368767
824.0673321505733
834.3808946520353
836.118395523936
831.2233588484019
832.3295160454177
830.6155441678534
829.1283003249803
836.2695374503363
833.2860047364928
835.0116296406756
831.1959963787883
831.0430866995846
831.0781461251438
836.0304711972659
832.0535471174774
834.3960352733554
831.0880209726148
832.1427652899881
833.7055083505207
829.6514934385879
828.0050809047915
831.1385348261574
834.2328982722747
830.0135232224021
830.3405928947105
833.047887589893
837.046532954743
833.3252330020382
838.0876532535108
835.2631951465394
831.0029417601403
837.0123422178639
828.0953196865288
830.4359150955897
836.3729079782969
826.0898886674414
833.8794804954703
834.1523997681063
834.108484409105
827.1733739102995
836.3968448295343
831.049675122268
828.1811486080603
828.0452741910048
835.1945796513083
836.8900518788604
831.4583743591771
837.3637602509782
830.1660702014865
831.2728111380547
834.0364493260828
829.743134738947
834.0095989630906
823.0008564891059
837.0099947840495
835.1028716617975
834.0292827093388
834.1450375684569
836.0430730057188
834.5059681612538
835.2817931604018
831.1407863848524
833.5072281043865
833.1100557632512
831.5915371202638
831.254975296432
828.4857340304246
833.5225458551487
831.0710296295908
832.6494642027152
831.0327302503508
834.4042517307537
835.2098508320109
832.0868905421806
831.1328829118086
830.0071130575795
834.211159358842
836.080287045424
834.14789821024
833.4221247539341
832.300659934796
832.6954747530498
837.0239311639527
830.095304022238
831.7968048922073
830.1541573603887
831.0100027956748
830.0522129089027
836.0976915896499
835.0250657462359
828.0645562601779
834.2828629240964
834.2767720511802
831.1463513599404
826.4581160925025
829.2403634327217
834.0750152895691
833.2633379684274
828.0512173399209
831.2524171772575
832.0169996516622
830.8545056625117
833.0820016971435
831.910620502872
827.1639698663189
836.028804761702
834.4718739573566
831.0335108889743
836.8400642437971
832.3298309724194
830.1786593159786
834.7550476827521
835.1243632347517
833.0926965675362
835.0957357105634
825.319841612655
833.3588845736782
828.2269832306582
825.5533637477779
826.2260419111064
832.8901914190177
834.4826659370149
831.0110566074527
831.6172407930171
831.5548906078108
834.0864830342598
833.0773432095725
825.0963462027856
833.0961880299495
835.67747962367
832.1305813380208
834.2863402481146
832.3409622129889
831.2210592628043
833.3039633218035
831.4810216909937
834.4003269964023
830.3432025417267
835.0288095425306
833.1819286955205
834.0961669533984
829.4115453678806
830.1005902381062
833.019343119755
834.3106290070341
836.0059061085126
833.1269943751187
832.3429559113076
826.0461899948183
833.1412581264228
835.8444920931889
836.1186660835289
834.1394901696369
830.5164456717736
833.3791454273464
835.367342836541
832.2504765073841
836.0601120145994
830.1322564524614
831.3362314693763
838.6902856131644
837.7466851253349
831.2521750258461
835.066601316961
833.5547833847587
832.0754854293772
835.2133140220963
834.1387063083098
823.1073479195514
834.252230257073
826.5570446549038
831.0468605552743
835.0493379599757
826.2451307451755
836.1401327653008
840.9912159894294
835.245754063125
837.1721290615604
834.239468732688
823.5482744530331
825.0060148270288
835.086411166774
828.0799015977847
833.0214197439991
826.1468130120664
832.1877497937967
834.0394110595649
833.5153374590268
830.244814318201
828.1722612484085
830.0176843239743
830.1334355509543
827.7588963174543
827.0535755606521
832.1990299120879
832.0880325082452
831.091059156062
834.3010040627727
833.7207416939374
827.1078077915157
828.5397644544475
831.6978026999207
827.2394031675509
834.9071144187121
830.0909861206973
825.3332909519718
829.2147670759284
833.1890533981813
836.145223644645
834.3080568705328
828.0318447535092
834.5525962034006
833.0736991408904
836.3264906951619
832.2944122214951
828.5884300134538
835.0766161549234
830.5524258716483
832.0715303054249
835.6829339723503
834.1101604852146
826.0571904771791
833.0973656582679
830.2614306199051
831.0621475171946
835.1588079700058
833.3104274626697
824.2718130784598
831.6250454615504
831.8861149188002
834.0778399296278
827.5422114804829
828.109580328967
826.206900230344
833.1197829004518
835.2090511238322
833.3303329052864
833.1086910481316
833.3210984835941
835.4433107123934
831.067962603791
834.3989320088922
827.1613070512593
834.5859774477877
836.0677556505879
830.1245417043842
835.0018135150909
827.7944478551801
834.2848491402701
829.8480205934335
832.1340520637517
833.713697607687
832.1968749350889
824.4617381401395
834.7626147059543
835.6794778150556
829.0766701371722
830.6030848719568
834.6442112423921
835.3036952656156
832.114489718936
831.3199045925452
836.0714158175147
834.2961986465363
831.0891647266905
832.6008940158907
831.3100935980765
834.2689424789822
833.2985649819063
830.055080822298
832.1323050308038
834.0215799415512
833.0304753951007
831.2616536947844
836.0240924340467
831.2978972437039
833.5038571655774
827.3107417626367
832.8260605767716
834.1366738774385
838.075726905138
832.0502506526317
831.2517782459656
827.2167374908095
830.0014581920065
828.0632069275568
831.0186469832107
829.2512583069832
836.5853249507276
834.0157402111672
823.0251574305754
835.4622844526592
834.0908628140705
835.0417763621117
831.0574062762603
824.0875303490546
824.0283638615593
832.5004045968391
828.1196718552816
829.6035568576956
833.150262067999
832.3633249772656
834.2869344507536
827.090339213977
832.3910645348336
832.0137440743823
831.3567850914577
825.0036204283182
827.025495008067
829.227938536076
828.134890075582
834.7747138967841
834.0153745672787
830.3858917226033
834.658546485505
835.6822121658602
833.0050600000195
829.2947294502475
832.3168740350831
834.3237846146666
836.998617247878
831.115457190819
835.214710511284
830.3886512971907
826.4312683712476
834.060832574126
833.1689460155923
836.0323337948481
834.0405822749323
831.2963097705441
834.0940769054516
832.3082823874738
831.1555406932787
829.4213629839711
833.6425152452854
836.167957158858
838.1811654206238
830.1935251024647
835.2362993455002
833.2667941830209
834.398285711498
831.3033660536107
834.6901516649908
834.0295353523767
830.0013308233503
833.1593458390491
833.1845808145466
835.5036614177208
831.0810644417122
833.687743508513
828.063572071114
832.1844331923372
830.310958006374
826.3527478598951
834.0320075527263
831.3126020152764
832.1966832056055
830.7108045127762
828.1339656194724
828.1260503921053
824.8160109200727
823.2518768091835
835.1638067056476
835.2514854052442
833.5729203638626
823.3728956274721
835.2405393604557
833.0615427509869
830.0645421188119
830.2499692667712
834.0917388271245
823.5376304296303
829.1108587419492
836.9223362918942
835.2975001617541
829.1832578761804
830.024257233202
830.0644459161589
828.0610366571117
832.2283197649676
830.322446076582
828.0176148513938
834.0700188254365
828.1487108809799
834.3556520860706
831.6128334585969
833.3386203082858
827.3757358662076
829.088313664865
823.2288341194275
830.4750665457528
831.074063143166
827.1117720099506
836.6565948685986
835.4628294645204
832.0443334617974
831.3824740965599
833.396794869559
835.1681630258034
827.000020154729
828.5227943675355
834.4548432590348
830.0880604555523
832.1913433223997
837.5422630313968
831.2001328183279
831.140636210696
833.9514834458976
830.5677904286696
835.6345149606594
832.1543076727127
826.13019038812
834.3116950541637
829.0135579947618
825.2396929048701
829.029961394474
827.0942436523242
832.028672626831
832.1092203812101
831.0012850768147
834.0431057874947
831.0254889357108
835.4550839645628
836.0359557750379
827.0099308781906
831.0812645938025
829.2923011487043
824.3882535108216
829.0091260445301
833.5112175294801
834.1374934155352
835.1157979782504
832.0134656080254
834.107240678877
835.0589447802033
830.0390042183919
831.1463382043202
832.9211899860187
833.6897265788048
832.371945535558
828.0888007990561
830.7136714576732
833.2329776851649
826.1624016296391
830.0039037336516
830.1516728220477
831.1333390913159
835.2389836893917
832.0880312092834
835.2813447609984
830.3008423507395
828.1155686359604
825.0005113203748
827.039530256946
834.0214380551589
837.0903087850315
833.0336673859936
835.0193867442479
833.0992153575306
834.2934795687452
831.0818985491272
833.5065648611618
836.3485983309436
834.1886681271569
831.8510853516044
834.4530308697696
835.3400329885801
833.0244085562406
831.3239627548877
830.222427653627
834.0179492925557
826.0366626060588
834.0153930653622
835.1108455431722
823.5478802346823
833.0525641030079
831.0148196693999
829.0614459158651
827.2177816928832
833.6051848215043
826.1173719283579
836.610575725024
835.0523492892269
827.1179262428044
830.1690111437431
831.8229390119548
825.1584970878473
836.1126873299364
832.0648390481068
830.0278412318946
834.6432110722825
833.332524535535
832.0820692647934
829.531415213623
832.8425427967265
835.1723435690386
837.2247726172824
835.7132286468926
832.3264205112779
827.049308919479
837.0321260457732
834.3925090950154
829.567433729865
827.4172595007788
837.1891534721082
833.696418617238
834.0909967509127
834.0086339736711
834.0602600222281
831.1574477378805
832.1831592476761
834.0505717937328
834.0401842778878
831.3398456029943
835.2078311746162
832.42425102651
834.680600642702
836.1928310265263
830.2974132397046
830.6735853379242
835.2940880746994
835.753393607242
833.1994696865811
828.3084723861499
834.3666090376663
836.013426914234
830.3469703330699
834.0132411492541
834.2985767499184
832.1276227667955
830.1625787133521
828.0995753621802
835.924137006259
834.2692463065185
829.1186624326855
832.2684552536766
833.1849066806897
834.1255407734465
829.1556977353956
833.6783494186681
834.1090351151543
833.4470654339592
834.0131752587349
831.2879597626147
833.6109678532865
833.2332189452441
836.0875827841343
828.3113469799027
836.4968605647716
828.0017991478359
834.0884202255297
829.4649355448405
832.1028802626886
832.0120517401236
829.0389045990119
834.0324493815292
835.7051459423351
833.0298492808782
831.4670816395663
828.4888621609454
835.6625112997915
831.029887089614
834.2375211556802
834.2809984625414
831.0635365576138
831.1625854936505
833.3062083870198
833.0177880217224
836.0984917976891
827.3104666327964
833.1041431019216
834.3748279122179
835.4388179311815
833.2561860622395
832.5107094433306
835.0798995835554
835.4500992789243
826.1261736497174
827.6615838857161
833.1953388863377
828.757070931337
832.036079111583
836.3280752568385
832.0104115278291
831.4640732182916
835.0298184415657
830.6112758121278
833.0518372169441
828.914816112968
831.1827505582619
826.047876740981
829.7480070349047
833.356109301314
836.2295369681743
825.4119610825778
826.0947455088352
832.663675273513
831.2773668184706
826.3706447313825
831.7262881986787
831.0331008328563
833.3318874152855
836.4841847822955
833.0587231871494
830.0648111465878
828.0953219815614
835.0722478125472
825.0128177288562
835.5730091946119
832.0189226956427
830.1358104644225
832.0119646165984
831.0388179641184
827.2045187039342
828.0089793336633
829.0698139072252
832.6586191672008
831.0460022111165
834.1855377784489
835.5026910834346
831.0321810030453
830.1168085111917
828.1458670349277
834.0347752462145
836.4226715678955
828.1175950732516
831.6814665798519
830.0547949054346
830.1719619184772
830.9936346282494
828.3301182320282
836.3499374504249
831.2974491202813
828.2187472444847
822.4946365008301
834.4640038504904
830.5253046115196
831.0745017806057
829.8506272739104
829.1595420610381
833.5818049259826
824.0175117170132
831.376265204638
833.0612543760159
827.7889271240242
828.0447371677421
832.2127739317046
834.050220030204
828.8230252928388
830.0072232971995
836.8648271052326
833.6654130850579
827.0525834711816
831.1700037771714
823.2325563981362
833.0159658150943
833.1433817014807
834.4177172120696
833.254998648539
835.4060156625751
830.1844710206427
830.5557792748228
834.5320313875393
824.1535113254291
828.0760900770615
830.3704452441714
836.1168093047198
831.0611818701235
831.3567664627341
830.571596140885
829.4722193895416
835.0130935222596
825.1409139605855
835.2062966107399
834.0077381119931
825.2188681481075
835.2072752318511
831.369904553508
834.2731633207401
834.071372824623
835.3488965654449
836.06635983459
833.4215751645829
828.2888421335454
825.127054796879
835.1042739473444
830.0052899103046
832.2595274079034
827.7977754117463
831.1444193467358
833.0066698084279
830.2805107138723
833.4884193906204
832.2257422921427
830.2761102030964
829.0062696793038
833.1084503405493
829.6851551191421
836.1769230673386
835.2042455956368
830.1673798070888
834.1567628150574
832.0336917691096
835.1588538414186
830.0466709332228
827.2857868934168
831.1591705814595
833.166549989409
833.0472656365656
832.0584473447186
828.188675395326
832.3703722573758
837.2687710002851
828.116670350667
833.2723490564471
825.1791508621766
828.0344939227708
832.0831916915517
830.4159990820867
829.3536426246715
834.4006809453281
833.134457022154
827.485557993194
834.5184893477175
837.1348943357451
837.4950221506075
831.2919110309529
835.4634633984095
830.0732309940466
832.3467084332271
834.8130086140027
836.1158158488382
828.3915727546212
835.2933557630458
836.0339074370836
831.2675358590442
829.1276035653298
833.7758056992519
832.6408676279688
835.0591834973485
831.1525719779048
836.225675993693
836.0641777282808
836.0981230787448
833.6849127592972
830.3660364818714
827.8738168235624
830.326989160018
830.2681612797953
832.2578235381108
834.8508925975399
834.0435648878006
829.0666975944389
834.0003303995003
834.0598961532648
831.2763860664834
823.3536814852142
833.2228854912835
832.3606605772812
829.0686388750356
828.40551899295
834.3034114634185
833.4530710579444
828.4438145329947
831.0645859108358
831.4111695682744
837.3723003201945
836.2348230226033
834.0607341890645
830.6073148770245
838.2908608426025
838.017770205934
829.3726843885693
831.148850844645
836.4505607544165
831.1454690450892
835.1282754048433
831.1414765481629
831.5283624535475
832.1418041806443
832.2043672408838
826.0329949154448
837.4047534045189
835.1855865121479
828.0385261226417
832.5015678435947
834.0580281254745
837.0230830451356
822.6959963370047
831.1944116415278
834.0901649612321
830.7286195182976
834.0807769742527
833.6863715820917
830.0267985574706
825.174743826024
833.7233273592536
835.2117060914377
833.2012506499308
831.5706919913054
831.7737974542772
833.0101547471219
827.355141489866
832.3750177421496
834.3515608847459
835.0558125014607
827.1408352345684
831.0162387782083
834.277124160271
829.5058259583254
830.2165736304296
826.058552267878
830.0703513067298
834.1202337410219
834.5198552680304
831.2714170885342
830.092928628141
829.6067350240978
836.3304713465719
834.039027947207
838.0099679797169
835.2924093874518
830.5191736348592
829.2431939334191
832.4329912401648
834.3038224807344
835.0952443432726
834.5408513963756
826.3078807645413
835.1218296871107
836.3906564459153
830.3950518887489
830.1332519761396
832.1615859028179
836.0870993751121
827.001128013311
826.0895262383228
832.3989643665872
832.0524995993367
828.0907694253029
828.1189615295345
833.3248048614287
836.2500334187246
833.1034082010257
829.4769633022665
834.2769481060508
833.2411138437676
833.4246769904366
831.1097240072992
831.1753979600451
836.599959587994
835.6171596273817
829.2077136448505
827.0741977971807
834.0183505847745
823.3991922527799
835.5971509168983
830.0874060158383
834.8057810330721
834.108474884228
830.0793776276291
836.2637008515937
827.0706988576728
834.3889643567018
834.0555758900312
829.8880354501148
830.4474711935044
835.266040578486
831.1111404854901
833.5433788885
828.2087918392095
829.0454675728558
825.3330130423345
831.0527778581938
835.3697730818888
836.0946837162487
831.0949052631411
830.1603892502822
832.2191776255454
835.0994356599269
833.1176830591971
834.4213841746788
837.3449527342768
