809.0029333331903
812.1429516882995
812.2201436075873
811.7688003116521
820.4593696700438
813.2087956594819
814.7506124601579
814.3140174204448
812.0520090012956
812.1181785822057
818.0166469337978
813.1067520894163
812.2910736514572
809.0380282925231
812.2368422671033
814.3676884624194
811.4267689294138
815.0950155827876
814.0732640131764
813.5044792791285
814.4543549633561
816.6069787957895
816.3371996974905
811.2227470636499
815.0244518742956
813.0621417077916
813.1439316654173
812.2311146572669
813.3766553149654
811.0463156413269
821.3201262553499
811.2461780668383
811.185736067999
813.2676121106354
813.1390862209669
814.0348112094948
817.1786897423048
813.3295754290489
813.3146749742449
817.1321609723102
816.5806011512262
812.1531990586
816.4440229323486
813.0222706487876
816.2868648417051
814.380115958009
816.0261881572095
813.2463968050714
815.0505482648927
811.0161493581659
812.4839368652848
814.5833331100297
810.6159844907409
813.058854384435
812.6121700394185
813.1923961947396
813.070809303189
811.0015482688655
812.3500664789001
818.1403348492995
814.1516142348424
809.1032715882171
825.0137849471594
815.3133767556689
813.391589105674
817.3446599559547
812.9104822957737
814.4771415401357
811.2007677119769
811.9090428316096
812.0130784382068
813.1134881369985
812.3894566000837
812.8485710897781
809.1987906783537
810.1011894061994
813.6069734403399
812.0901813016112
814.336464582449
817.2459177241552
810.0359638197594
822.8080302409327
810.36690809648
809.4931582086973
810.819281478053
811.0459731795041
815.0471790995516
820.4625373880222
813.455797470837
819.3956827661483
823.5071510485916
812.1591612843342
810.0023701466566
821.0057414887785
815.4029574085556
812.1963403706076
824.4075780028363
811.5634812017013
817.3773618921291
813.0786857330382
813.085184529252
814.3741409607768
818.5438481440628
825.4297554333218
819.4838036498812
809.23320355349
813.1604459424084
815.6492269646353
813.4501997267546
811.1702120087273
811.0586148155651
816.2326163975594
814.0818042103074
811.6225279836857
816.0520077026132
818.1204870899113
812.2171938614888
813.105005477157
814.0409327836519
816.0942021390531
814.189454900829
812.3096453084686
811.3240828122586
815.7484481478028
811.5382177581812
810.110381468434
822.0896842615823
821.1578273072454
812.6224535229574
812.5796461800635
812.8562226675296
814.0920472735535
812.4786096559064
818.6994461940475
815.4049768992156
817.1325323138484
810.7248685115951
811.0988906012175
822.058671532798
814.0159897725305
813.4942313541246
819.0096224998599
813.2050173649723
813.3385125607477
820.0798167333116
811.38766291777
813.2564277870074
814.8664624486072
812.1001941449048
814.5954973631221
813.5171728316144
813.3503545045077
811.1213899595753
815.4697260184452
817.9015774555363
811.0819098311347
810.1555293587636
810.1572892389805
814.2983530937155
810.2536196507826
815.7157406064895
819.1849839443598
811.7003796973509
816.4967916369759
821.0170955654577
812.2654255934294
816.3245652382174
813.2377233764034
813.5049264833056
814.0545699417236
813.6627809064137
814.5074860414529
811.2276119473065
810.2267038168226
811.2471115633303
810.9545591768524
812.138732466886
815.6892357382803
814.0032608255535
812.3798096515414
814.160066995336
811.2065868569848
812.1443201199662
812.013746377732
811.0862800787284
814.1665878681168
822.1970101550455
814.2236039840403
816.3338366484087
813.085605026065
812.008612403599
814.9618104019012
813.2177794879357
818.3239228782674
820.0809010400279
818.4032254262163
811.5282347652342
815.5245323923308
824.0326054218372
815.2068279420722
814.659840719976
810.2250219887977
813.1917809505383
813.9605483741258
812.0886217541296
812.5761202453898
811.694031759587
822.2564278013219
812.2476015574074
810.4583505949615
812.4355689845389
814.0194158041619
813.0533172623194
817.4055007058506
818.2450743298627
811.2389889800155
819.0314424404843
813.348121483859
819.1270604098881
814.3140904226401
815.525153338148
815.764952799686
811.3560387227666
811.1336728895843
818.524936559733
815.1121185719924
817.0392479122099
811.0967338442566
818.1551088876815
812.22298387713
818.3307848607459
815.6360987773487
816.1346517585843
818.0635434100604
813.1303455425816
812.076477757675
816.2886098256362
809.406191941746
813.0194668841859
823.4624112265172
816.7810802656238
809.0462845449067
814.7679630930218
817.3112166648962
822.0809751519146
812.0124015656941
813.147438464148
813.1355311554877
812.4702515920926
814.028511802226
812.4985419545807
816.4587409865202
809.1185728586457
816.1883721922875
811.2030468095096
816.1065456601854
813.9163728846019
816.3274391766297
812.0729922275231
812.0926186429598
814.0948108946687
815.0577125730192
820.0854195209546
810.4463961082866
815.0976506685408
817.1239858490181
813.0470116168902
813.4893642886597
811.1659565690461
818.1860320111159
815.1305048154735
814.1452656833055
812.3143239304529
813.7314728603914
811.3373321589165
813.8566813277266
817.0114974938208
817.2198547228119
816.2388889751361
811.0554358995133
815.1777341046718
812.4061240728015
814.0759366910576
815.8120579850431
814.222795229697
812.820424399504
811.3491468638418
814.9714363037637
817.4022402129161
815.8556450502417
816.2095479317604
811.5778406320783
812.5855842093476
814.0253121821626
818.4149022008637
815.1611837391602
816.0172714383111
811.0212447493321
816.1174603048581
813.1530975259305
813.0719616550792
822.3877407876643
818.3936123987008
823.2588440784509
819.453554725189
819.1409643406122
812.1970852145614
815.428789040748
821.1249856201007
809.2558416050521
812.7325169459444
813.0858056861755
809.580035990621
812.0283862700592
812.1484335391439
813.9623824759476
815.6064111611978
820.0403929370829
810.1997886303262
813.0485473912862
811.0902232109373
812.9886407936303
815.4447796034738
813.8233691204783
810.2320869453612
813.2126581008307
809.042136687769
810.0382155549087
812.8208892691421
814.2444367135496
813.362477900287
814.2916187082889
810.3422367530035
815.257611321603
813.6510703439302
820.0021970958074
811.3100165881815
809.1591363222627
815.1759837276163
809.2083848093466
820.0349796795176
817.5786716681106
810.7706822238233
814.8394126681586
817.1303892813368
814.0559374990271
811.5305380853016
814.2418275815751
810.021184014576
809.2769687119934
822.1538595255626
811.0479381808354
812.0980347242773
816.2696604147213
808.1018952238758
813.143888897615
819.0779419994047
812.5216434165457
817.0411722304838
810.1519136182109
817.0460101155921
811.0130096274894
813.1522742873342
816.0336435273749
818.4632776365178
814.5106428621077
812.8196315327251
808.137916883015
816.2538317831403
817.1612360639177
812.0463078210954
814.1971894557591
812.0367750163527
826.8940182403751
812.1361672211257
821.7425333135038
822.2717516101758
812.3118910996113
808.3171997194619
810.1444822134049
812.0497639011298
826.332084491839
812.1063738682772
811.1747090260492
811.2145486212911
823.0703043656961
813.6008829280387
819.0520200957641
813.0978274335911
811.0702262733435
812.2772575500551
812.4078439470194
812.070176599272
814.0891851751534
814.1102353175331
811.2381649767175
812.1903325442694
812.001174014876
821.6238799429144
813.1768926810369
814.5923966942212
816.0665338369937
817.0896562916467
812.5869605678431
815.2723240564982
814.0997059174608
817.4234831913386
816.011298031815
815.0665262090998
812.0329249877277
817.50292746248
811.6271525777543
816.3752207112956
814.3539237383098
815.8259401927472
813.4283560805269
812.009014482099
817.7265347677419
812.2832460056455
815.150567515625
818.5518435808449
819.0663015598195
811.0232698463332
814.2621668454995
811.3505898932178
817.1449253905068
814.0496600299034
810.2155478129982
816.2503111005165
813.0620339918872
817.076949471844
812.2819171770144
814.022295150114
812.0007033854365
814.0435133427958
811.6327425169278
816.6071225901075
815.0162433438063
821.9470624795769
812.005523110034
817.1013438245592
817.9915169697995
811.2949086311424
818.0305983914097
813.1043496793121
809.5185611949064
814.2125893599789
810.1880532753788
815.7552412015502
816.4816138041966
820.7830354072877
817.0603619219951
817.236107867016
818.1129801563554
811.2375948171295
813.1767124299881
823.6873366417342
810.2995075428619
818.3774742201575
816.0251816617813
811.2105434686582
812.6127643333743
813.0113447602137
811.2062470662787
813.2658741161288
811.7667797981326
815.6280078655863
812.2388565115152
811.0444654804519
812.0141192155149
812.0016749065517
815.4345845844231
811.1588506414226
814.0217210044656
810.2137311304242
810.2050997635885
816.1138140349121
809.2887308575918
818.2110486422232
814.1242928633175
809.4729778019578
816.7040460915723
821.4525903379275
809.4536720570829
814.64125318214
816.3294487196406
816.0311878544883
812.1048906927439
824.2014397516277
812.3356030357992
812.5314956817261
815.2089993659221
814.3687917877335
812.1087084389478
812.0043421031661
812.2109656229007
814.7331378618411
814.3087324489079
813.184276167578
819.0596916515655
820.0532006352705
813.2232443888148
813.3441147354888
811.2054999071984
814.0176919812899
810.1692214926217
814.2702896681117
812.0104695476113
816.7340620641659
819.0937854897596
813.8277536366488
814.3342814688025
813.5041119075007
817.8707213027093
817.5250400269754
814.9362855308192
818.1092595574454
822.011838405584
813.0473666424333
814.7667338598114
811.0974014285033
809.0840980862439
819.113158210065
822.0822119909342
817.9895057273851
815.0758433445197
816.0325404428477
811.0513571391411
812.2978181244551
814.1371174420749
814.1923807316058
812.3201279707846
818.0916452699668
813.2021054176199
815.011311421327
814.0355181452121
818.2598844469053
809.0261042445736
811.707808117644
812.1050444084796
812.5334358451707
820.2240471137602
812.101572925348
818.0100416954264
812.4639233632176
813.4004086933492
815.304754847226
813.5980313058382
820.6888302727506
812.2857756352504
814.2644460734116
818.0603022547923
818.0497255439243
815.0745526979975
818.0282451944703
813.1022754921548
810.1751098211095
814.111743039698
816.4877708809645
811.6051501401328
817.007072242036
808.1883485258272
817.1858740263965
813.5826034130739
812.9283542938512
818.1898497453388
822.3438503518149
817.0254586501549
817.0896159073404
814.5277935737844
815.3985808186117
814.0878497482236
811.8431331993822
813.9187825954695
813.102126712415
812.2765740014793
817.637582654702
809.1091234226056
813.116120028555
812.1102709166064
817.3972564030878
813.2914335438492
816.5924600280933
813.2363778450836
813.1160766588124
811.2090479776713
819.0152169179763
812.0130272181582
812.4246585496351
812.3093553512065
815.5770694959066
817.0653308951057
809.6795114801193
812.718931052179
815.2209494240263
809.0993863233771
812.2928575614653
810.0764568105685
821.8336931289691
809.1454263402409
815.2789446079264
819.092779546128
809.0997326294162
816.4226043275455
812.013624538277
810.4454460559942
810.0928130117524
815.5691374331562
812.9696415207836
812.2495284684749
813.503160735456
812.5926919930631
810.436230108001
814.0298190340865
813.3751774081409
812.1989096483285
811.0261702910316
815.2313083041879
811.1745434897383
818.1198346575652
814.1293654994607
812.5818269270081
817.182049729346
812.5029103589209
815.1420769257037
810.3829325849904
813.4373324346888
813.2200316814933
817.550888561535
821.1298909191637
813.195799997468
818.0507091091342
816.0160351401594
817.1977053624892
810.3671370082741
811.9241693365724
816.044833310634
817.094553186886
815.047841786622
817.0315672533461
813.1441774859196
812.0102318831397
812.0387578418042
813.3312991458376
812.1659493124124
815.2094971872001
818.2758349707022
813.4714094216228
809.1768067228004
812.201974586837
812.1189646121345
818.2498878611849
812.1094463808874
814.2365020700726
813.2674897657606
815.3821401208081
813.1700724414729
815.1582915581403
812.0933544313177
812.6982287711486
812.0694622555519
809.1917692854405
817.0990681886824
817.1193083775806
813.2245482726642
812.223408409497
815.0481349552234
811.8317480910955
814.1337685218647
819.0199983202509
817.0889471839123
811.2557896858715
819.3022332787071
814.0296400947383
820.1940177994937
815.0529378178595
816.3082684830878
811.0273267705089
817.0967695929446
812.6781174776653
818.2747418867444
818.3619691692013
817.1322807129845
810.1059428580095
812.1510395747814
816.6700061163423
810.0149872042331
825.24681122492
815.0162499107071
808.2386104755833
810.8669806932672
820.2334316317696
813.3075116118503
816.5117702944767
823.2967635968803
822.0462746244482
812.3351237581265
814.4361646231536
815.0284623471499
813.133829876693
811.3873791005773
814.1416592175818
809.2166307952173
816.2019679999529
811.7168571654669
813.156921246442
822.0739435409959
810.0921201870337
812.1568422524024
817.5078971598472
818.2361829366758
813.3573559576854
814.0779547738862
813.0736772895392
817.3534883865682
817.142252010499
814.3701997686065
810.377193863286
811.0365450498116
817.060096761389
817.0956269370082
813.1949636480533
812.2858454786157
808.5445990252139
811.4373132752215
814.1079078598499
812.2113234001823
813.2037657484423
813.9958106892359
819.1972917318656
812.0591287481869
811.3536663977541
818.0154236903915
816.1151214570343
819.8913470064819
811.2852102192383
812.2482298440835
812.0532725215679
818.0309871118604
811.4679774148196
812.0545881830751
821.0156603306946
816.598818166234
812.349636409509
813.2255266683673
815.137301527177
813.4872569574724
810.0981648374324
815.3510007989271
816.6673525855566
816.2045806682305
813.768999106704
813.1818289794052
811.2564945581922
811.3238661037535
813.0073712308729
813.0808434057179
823.1403642862492
810.3713081676291
813.7148461145858
811.0169575780664
813.4043836418733
815.276746431823
813.1346959488957
812.0244457568109
815.6738569752024
819.4860204768426
818.6529388474411
818.0976071106801
815.2829148718889
817.2912658951554
820.1875479092187
813.5538997330849
810.1782970482336
820.4631176730618
813.1113126280147
812.3082523276432
814.3347025078897
814.1117353097858
813.079687615166
808.6857460402792
811.0471659801674
815.2779779848005
808.3920415973964
823.149748865435
811.2550431836447
809.2126511043167
814.2437368720713
812.59407917832
811.0948594245664
812.0125977947177
813.3807910187431
816.0715110877936
813.1536455725363
814.0325378507675
811.2642045831452
814.21874577555
818.4097406030977
816.4539432538096
810.0822928695583
813.0480045947895
812.0240539430968
814.1392464563402
811.013508126677
817.6196570080283
809.4527185494399
810.0715525398595
818.1973896024222
815.0428832216103
815.8962426759205
811.0111231999415
817.0642646356363
813.0125502707356
819.1685481168304
813.6864324990655
817.0626791538931
818.0008449700663
814.0188481338665
815.1927685415784
813.0742070491046
812.5608247285824
811.2927208437407
815.9402697883065
816.2802484890926
810.1245016489895
812.4807544787184
814.5631656886982
817.0750253223325
813.3055012737159
815.2281238476145
814.0590608758046
813.2201623886892
815.093256592483
815.7507179976882
817.1975853415604
819.1283229206747
822.710410835216
812.2917087229413
812.0270180581327
817.237499312901
810.491865523251
812.4174119977658
813.0673694604881
816.1312318050486
816.3267936321594
814.5909174450462
812.2229252636915
810.2197092574517
810.1922102804908
817.5716783120234
814.8865872578033
813.0454983061645
812.2272051955271
812.1034464097172
817.1188461914812
813.4682699927234
812.0641509804921
820.0182379528725
814.0775411457278
813.5087938668
818.1499868203364
812.4530705788742
816.4205370513095
817.2370175144787
822.7499553258739
813.5561149500747
812.6353832876545
813.2043967850207
815.6848944628721
811.3483012744236
812.487180571462
814.4915750942854
810.141704201111
812.2694713088175
818.6220321532923
817.0807034956651
812.0197579472674
813.0038851913724
826.4358016218966
812.0181997572739
818.5294235127122
821.5016958388286
818.5862016263138
813.5504533292552
822.5612585947989
816.2194221950909
808.2275266549551
812.5591449300002
815.0181064140471
819.2457357605628
818.4446445116249
819.2613018521287
813.5571666950763
814.3387616375754
813.3968397719526
815.190248828051
813.9521210366925
818.0243382688984
811.1433992029466
812.6571489023942
817.0182014039615
813.2487756459644
810.7793707664106
812.536456302106
812.5292349393281
817.009918513786
821.1754591039837
815.0930008670055
811.7399499122266
817.3381489978324
811.1243610301577
813.3039748321164
812.0122614665643
812.0368482812763
813.0937883803816
812.4485925788694
811.0448932029594
810.3070308173234
820.0387728012656
813.3041865625211
810.4799379576264
816.1608959403255
816.0832735096158
815.6962004496098
811.189127883665
816.3563451519159
813.1011456359198
809.4659880366274
814.44251633623
814.4550673432835
816.7501257161172
817.0964661370524
817.0158395749863
812.1190892254398
810.1143228430692
813.5227165218979
812.4744390450916
814.1785362350596
808.0523720623588
813.0900291561999
810.1367372164812
814.359901593646
820.1538347641438
812.6434788153309
809.3896455940015
811.3589234409122
813.2196982635327
814.7102097069933
813.0032684239699
811.2571504979495
811.8328300383191
809.0193126823818
808.0413361876678
811.190962189441
815.1068491169348
811.2875348278526
815.0988243130339
827.1513798795586
818.0136429650864
811.5870972018608
815.1632838768354
814.0725598287805
825.240853684944
812.0825645310048
813.0379943400532
822.0307750621128
813.1819586189913
819.178664025451
810.3389644449863
809.3314895881005
812.1887534506978
814.2341798622607
810.626334437033
819.2581084393908
816.1818964603215
811.4799546051444
813.1437017901899
817.1390334929785
808.5344326541947
813.2788955021074
811.620615386235
811.1259953816714
812.2533432845058
815.0330335707014
817.0351157264794
816.0848611810825
810.2278844602131
812.0964485990412
824.008280246292
815.7117660296043
817.0141509509835
814.5157414611723
811.0504886761223
815.1632346459834
811.3354480319222
819.8804062719988
816.2832409918577
821.1253082841334
814.8326941257316
813.2390984838637
816.188000993859
812.0004746860985
810.2822877819452
811.304803667613
821.1099674253952
819.2457357732227
817.0326855885784
821.3607729272825
812.1042506337911
818.0882830916165
813.2362402721126
812.4120858186909
813.2447846685022
810.0206450322756
817.0352938568774
819.1703663434961
808.5672697642071
814.5580196793187
814.1824121751335
810.078239197438
815.4071824926697
822.50416360516
810.0643864582853
812.4959143078493
812.1141207422161
812.6794396098319
815.5776986676425
811.2158410799547
818.0956777849128
817.5582512563415
812.3871316258026
813.6731791293759
812.6359614981161
814.6887912055342
817.2653065968159
812.5067915014575
814.1919729450083
809.5876600632196
815.5439010954016
817.0485140530734
816.0461486857273
811.1412259274894
814.1458930877506
812.1414025370896
821.0033149583039
810.0381446330391
811.4161401250071
812.2317516619105
817.4321407767711
823.0721334755585
811.3193025358242
813.2933169576137
813.2827187810786
813.2336127911935
812.1551298804058
813.0292916464709
812.1564057268231
810.1325065116745
814.2175968654125
813.0592585305868
812.2649309832285
815.2401992340834
822.8982647314275
816.2667686930371
811.602713351096
809.172155047165
812.4439363802237
817.1952253748289
815.1734530187464
818.0255928956709
820.0545894300728
817.1227964099729
811.4267260165047
816.3405013667175
813.2142053415128
817.2810033901044
813.4651332081313
816.0373245751479
811.5199109790456
813.4495636261433
820.0417609714666
809.0635424700243
815.4102408868941
814.0515131273618
814.3127201432314
816.1849115290082
810.163954211738
819.418061878094
813.1825346053889
814.3074183594638
813.2647798847271
811.0314755749981
817.6514017973673
814.2716883728178
824.6413054952867
820.0516606737821
812.0029567589497
812.0972292062182
811.1350138151636
821.1841652897218
817.4785873226281
811.6480563394587
813.1602072207038
815.3968985754558
813.222657473841
820.1005784446508
815.4398320735015
810.097083085486
813.1179969278904
815.2710876561157
813.3359517109874
811.2989161359003
811.1061256441552
813.5802153958626
815.0512554343459
812.4853074141139
812.2428187073319
812.1514068267725
817.0640205012568
812.8686005816811
816.1265852407539
814.0883625129206
813.0081457761394
810.310224606707
818.1225781103785
812.2694096289248
812.4813300875657
813.0529380215271
818.1369928424007
826.1373327609831
812.0597064638346
812.0020380368845
818.3943778845744
813.0038749645227
814.0172916730774
816.0319854961978
815.3602391328322
823.1959210722163
813.2145119875371
812.0849414622118
811.0154045580966
817.1749113428023
810.3785487454473
812.6028833360061
810.0860758664139
819.0173228487796
815.1728949573513
813.0016046977836
811.0284905829643
811.890335451468
813.0970006138896
814.3647568330581
812.0946672323905
812.6793620370411
809.1090868055745
812.1332685232899
821.0202888544901
812.3217107965751
817.2436692416326
812.0814037306553
819.3127336485344
820.1754835523743
816.078375453684
812.0270934454643
816.490033908931
817.057054593163
822.1083328642432
814.042066320316
816.2263939469167
809.2460818185301
811.1150591663126
813.6665743237809
816.4925550875753
812.0050295524778
813.2929012510335
817.6830110736423
811.1940291056783
814.2384267243916
812.2402207402636
813.1009295778149
811.2664411333808
824.9743529914198
810.0505769765405
812.3267155678935
816.3941513365318
814.1165089429661
815.0120042970203
810.6390089455844
818.363044933612
812.8113986216813
818.3943206192354
816.252578477454
822.380028761399
812.306402083562
814.6094179224068
817.1574847784964
816.2297322077106
814.7182512582151
808.973376226976
823.2347696612719
810.0334526688837
815.0294717955147
813.1198047374032
813.7009059148658
812.4405794001793
819.0967655840242
822.2142450780716
814.210477563794
811.5206196355809
817.220447448686
810.1329217681241
816.07679047613
812.2970929409119
812.8079868730188
814.5864406209388
814.068346605449
814.3266230842296
825.0931696858066
815.2241242589109
819.4201775776448
818.123109220077
817.2370748971077
810.0400916551173
823.0335076993343
821.0135555369325
818.1280610817846
819.4179561759686
814.0004507814739
811.0074702793279
811.1136099278615
822.7060991364928
815.3575675769665
811.0832147400862
813.8703928278179
809.6874026809605
813.5135882742636
812.1572120280302
812.6154193592358
821.989387568922
817.3647763052786
810.3571815749766
811.3199251733581
811.742214413364
810.5288115331831
819.3397872645575
814.9136209826256
818.9573707921446
824.1337955901379
814.1988362070837
810.0598037846735
815.0798643891457
811.1247390262155
817.0182142999817
817.1789295533848
815.8950442719362
813.3937879501024
813.1360718896116
813.5668273358338
811.2600315465137
809.1803738420117
811.5154689728137
813.0018143904333
815.1592667598744
818.007207912217
816.0343284801913
814.8064943040304
815.1728421133291
819.5809029862423
811.0477427086245
811.1449347066822
813.1191299006065
811.2421204713963
819.2598684498772
814.928260680261
814.0879129897639
814.3568058153822
826.0971014972082
812.1990185474798
814.1041592041925
817.344145549457
814.198975840794
815.0502513775315
817.0726661095074
815.0012184053081
819.2351469041372
812.0812382872107
829.9766175771728
813.2719665687738
817.0553550181519
813.1489488690432
812.0894260129546
817.4252744995814
815.1281571873302
811.1307926043281
812.4332410293638
818.678071045386
813.2901225789478
812.1898905747298
813.4555856092678
816.2683945310606
811.2829107692031
813.0370361095808
817.2811758515251
813.209519104656
812.345534509682
815.5149889115468
810.3917265305519
816.1204131076893
815.1693794794792
816.5010676346757
811.0175519759766
818.2499685361287
816.0902188952437
810.1312894555743
825.1353435994145
820.461212353877
815.9138602811975
816.0379854982516
810.4171913269836
823.2692385736435
817.1087407940068
816.0999877348976
808.4461483778938
811.5517146831321
810.7337674179714
821.2407871709286
811.1922931427919
818.0841403874781
813.0249598532127
809.1443580483045
811.4046091580095
812.0615863144768
813.4282005541423
817.0028991420834
818.1664640774624
816.0093335750481
811.1294100375898
818.3880356485993
816.8381244137439
816.0724824354567
810.0387420844444
816.1378911247574
809.3015209330883
814.3621473750263
815.1506870964164
813.0324086480206
808.1517449428454
824.1615978490777
812.4077811238681
814.1954045312128
814.07396364624
815.0817368643133
814.1536331826408
813.116508495243
817.4662634148322
824.189052213741
814.0025479689159
822.3492781856237
815.8371509270088
813.4247200598986
817.091513006466
815.4074629273072
813.2203288961136
812.1002065042785
818.0170303738919
812.1683599538287
817.5902157690243
817.0944501667581
815.0269390096128
810.0788565260669
813.378371100045
815.4549340937664
820.6921319577933
813.0607638282231
814.156985851112
815.1818160658149
813.3878042124283
815.0145406133178
821.245457878956
813.1844043694012
815.6966787415492
810.1893130270574
814.1276094784927
816.337328133993
816.1321712505808
809.1423396703783
810.210377935554
816.1851683529934
815.1024670705418
813.0663620722097
819.9952914529428
819.135561157288
812.0645106381814
811.0288050560035
814.1070525356275
814.2068233250724
814.3871737352866
811.025936340988
813.4511089817261
814.0083797562575
811.1111757954827
817.7691749005631
815.5236396887138
812.090715182984
813.1550244278673
810.2387702643603
814.3809153583658
810.1378573142069
811.214872457658
821.1125200332497
812.3701023260626
809.132374881179
823.0605679944816
813.2012633398444
814.4101817168037
811.1957848234559
820.2746568782799
811.1205621023513
813.6314082566561
824.7465009450602
813.5084023576238
816.3732278949085
816.1980388373638
824.0166911933371
813.1626223046459
811.7041392275006
811.5113019280112
818.2394552787912
814.8113788520745
815.517481052549
813.3864286322456
814.0260256886022
811.8137817916762
812.8798838981352
815.5182141966984
812.0808650554947
811.3988691344825
812.2522632677353
810.5473532810092
814.2586100293868
814.3331866725877
820.4074267223102
814.3572032402178
814.4195343034853
814.0990269926426
812.0598661328695
813.6047909195631
811.3583831780498
812.3140130468375
816.0390103683196
809.0220807771692
816.973530648741
816.6294947675312
822.2835904830224
812.0746334620504
814.0342526207756
811.5671860339271
818.0411115939139
813.1289289589452
811.6497565139972
821.4017520834749
814.2644567401825
812.9943615857152
812.5741821680057
817.3248642882943
817.0288935749771
814.1739648731426
821.2010224888195
812.2367725416719
811.1202798148859
810.0259391157515
812.1929352183611
814.3215874649338
816.0462296944555
815.257972199055
812.2397458992997
821.4283662705355
812.1489484225243
811.4294720876949
816.2438866698982
813.3947298877256
816.0429256171752
813.0973185354669
814.2253395344088
819.1685752603175
809.0767839184967
817.3721594477681
812.1499685773381
818.6850926045314
814.7563924730468
821.0295551685188
815.0617045810955
811.3021160623211
813.603146916628
815.0658041490655
812.3484247123371
811.190794269137
811.0216247254809
815.2164774190292
812.6248956499165
820.4954213141581
813.5644571449045
815.173851191739
811.3732909146156
813.0911443936332
812.1864770998375
814.0210155415454
814.3482276676682
813.1195447652175
812.3793728171315
815.3141575378017
817.3031175016254
815.2145487646902
818.2048564183237
811.0995967166593
815.0082342266487
811.1391747969857
819.3651910246697
815.2873425876575
815.143901706249
816.1286314639029
815.1626445514099
813.4184931416808
811.0215556423389
823.7126109866138
817.1439809468762
812.2296092054406
811.419345127981
814.0088031869298
811.3096569273993
813.8312548058427
814.4317389780114
814.5089786235305
813.0778183698608
821.1910896869091
812.2471078648193
810.0094681201336
814.2699962920232
811.2503076538377
818.0447753712363
809.0546188581135
814.4446358285024
812.0420708153501
817.081676587607
812.2813678260944
815.3506239744636
811.2056796983438
813.1451586259913
813.9740423726123
813.7695596173362
810.4443341088565
817.049775016472
821.0971115730366
813.0902109006253
813.7834483604121
818.41115016359
824.1349947585123
816.4773697157789
820.5799507097081
808.260093839823
811.1801469461655
811.7064812954791
817.5085812099874
809.2005687720425
814.1650368805057
813.6120860979315
817.3331564970931
809.060047323797
820.3851337485937
810.290528855427
811.5844344763856
818.589240054055
812.8073570841015
815.7715221712796
812.628938489497
819.0292842023273
817.0955362240081
811.2297236203965
818.2296073920282
817.090304595671
814.7477185871029
814.2014362760916
809.1260294519249
817.6324245142334
813.7128247499295
819.4980047877473
813.6507181054901
812.1082235614341
817.2997547110198
812.0952664702654
811.0948875132456
814.3591121880751
815.086868353582
812.0250843942189
813.202665686785
814.1647327262004
814.2067574734027
814.1190393078645
814.251784464304
811.3329540858205
809.4435015563099
812.1816871985612
813.0422847700067
821.4120218537588
815.0696311620695
812.0045193352119
811.7014833405268
811.7137697751526
819.0793603309442
809.1651036183206
823.3859706682545
809.1267349071502
813.6043165470785
819.2958750047288
815.2618069874358
813.004560210795
813.8017216585009
812.0490089834773
814.3838563270518
816.2975135313085
814.111421783745
812.2133436962711
821.000671695431
817.1263468790313
819.2716999481129
814.113987885147
814.9375349701859
817.3438131173534
812.0249270360688
818.4415463424397
813.0011443336666
810.157487084273
808.586643368975
814.133083049396
817.1071407433808
812.4364774539142
818.5885157848181
812.4098226907823
810.6184383684428
814.5915940448406
812.4669528361817
824.1550760004819
822.1649891125742
810.3282174219037
812.0285802698838
816.4796828437478
814.0176755372623
819.4460531877479
817.1065373777216
810.0250824389448
813.1464376890646
813.1458786823441
823.2361294016555
814.0547946625325
818.4847483579252
813.3032978805121
813.4628587434181
817.3824156061885
813.2042078647862
813.4727471696866
812.0456557312832
812.0924080653182
814.1625645282381
813.1169912164752
826.5079755170905
812.1309752882947
817.1527477250755
812.037969726181
820.302104436143
809.2185600773971
812.6690773137057
812.8669108299996
813.2733558765287
809.1878644880735
812.5578978943789
811.3663079350586
816.0103970076071
813.0401525140272
811.1284762202465
819.2629990671085
812.1267363705115
816.1915304752189
815.0394976158831
819.5508259588081
814.1927353347533
815.0287469454
813.0556468912447
812.0694868708152
820.4167127819723
826.0912826617077
815.0840947839363
811.1898160342525
818.4858093033843
817.1449191696898
816.124079221223
815.0106222821947
816.1682328500957
810.2389631107892
815.1772746197632
815.4464832045222
810.1617975677003
815.2282264585438
809.2957291719043
815.4358801805938
813.4349143790253
813.5304470361732
816.4892448245396
816.1367145971077
812.1375349294684
813.6529549889491
816.3414610068983
815.1115917397854
818.0073265831894
811.2610972645829
812.0717936737057
822.056937814396
814.2119060051078
819.9865089133021
817.1139186265793
815.4753542510374
812.1985524884748
812.3428139403476
814.3043862484299
811.6231304915107
814.186772325617
812.5776769112067
810.0220124746642
814.0805088473195
818.4281262653277
818.0117258155746
812.0820847263351
813.447045145086
811.3699485599142
811.2066667869017
819.076757043854
816.1219953023542
816.3110550021273
811.811188437249
819.3230142991902
818.6176253767387
817.1241696286277
812.0237929998655
818.2920398578992
813.1822567231991
816.0606260025156
808.2947712817964
813.3664623466789
815.0683157207318
814.5435345270993
811.0305576511572
811.3162012793422
814.8508473828961
815.5261102614105
814.0465592442915
816.229429711314
816.047176356022
810.3481195644665
813.0009146180196
817.0743187366651
814.4285494728997
815.6332300994814
815.0199752208936
811.3782892706705
814.2925803991772
813.493639300422
812.5100105264872
811.1328040206853
812.2573429924759
811.1802334611766
811.3300409856972
813.014580443117
816.0131085108283
818.3539612712597
812.0401855185855
820.0154789428138
814.3235984191527
809.2981411544954
822.0064711226139
819.1884644554882
816.1669997650088
813.8524170484283
814.2436683708307
820.2259305919796
824.1419902287221
813.3563941393003
812.0686857619504
816.1016080899269
810.7645406281404
824.148296605375
810.0078974326557
819.0579766828275
823.2532748894837
811.4694354295175
817.7163960859102
812.0255546909084
818.1892368122852
814.0553668720222
808.8408166542528
816.1212083505759
813.2434720473394
810.4588109791544
812.0973161628135
813.4089153510665
833.3838101620314
824.1391167387861
817.3061832312804
813.6245865729674
815.2653533861269
812.0932860860011
814.5082424586649
814.4804088420361
815.5251112260673
816.3439068159674
812.4920967328704
812.2526379286728
813.5155382421656
818.0251970509586
824.051026956994
815.7498610181777
813.401092207427
812.2512703693351
816.0578375952128
816.3204280587795
821.0671846421753
810.2891616055888
812.4235914442789
816.3612213204663
813.751527269529
813.1121413499263
810.7865692478789
812.453937060219
810.1533006497621
813.095803263936
809.2299154473308
814.5507428991483
823.5158720437893
813.0213771223729
812.7878103222442
815.1598272264366
821.579400810103
822.0756350568491
816.0209445177877
817.2764081292046
811.727435391491
815.0723787580804
812.1312379488587
817.0073356528048
812.0636470483618
814.7550874855564
812.2925727773816
808.1665889667058
824.0182063317033
816.9857125119397
812.4292072059671
816.0265122778206
811.2019744312333
811.0344718719639
817.5147914346264
818.3319580179169
816.0895526531077
822.2066129848349
823.0631320615786
809.1692454378144
813.0264342235873
823.0490837882062
811.5077896786302
812.3518123353751
812.2221235048834
814.0131374157016
811.4871371902864
810.0664325067263
814.208924499071
817.2134080321033
814.091699511637
814.0270450902966
820.4307334235045
819.1351599377083
811.0095953260942
818.0917940060453
817.1485897238517
815.1194478381216
812.0376350035218
817.0520680117436
818.1935915081742
811.0933365360725
813.3398018616417
809.15811533615
812.1408829304484
812.1473054549186
823.0818626273788
811.0603433744329
823.0626349065327
819.2205023818315
825.2290042371617
811.2692582589634
817.1942214266875
810.7293527341113
810.0407652658896
814.0276280137525
812.234852426675
812.1100333288355
812.2474350566779
818.3911065739705
813.0032786512384
813.0221566208843
814.1468938823713
810.2203209895584
812.2649016885471
813.4682890108089
814.3553666140187
815.086117113918
815.0388386894509
814.0723374751472
819.3715115696276
814.3931144732402
815.3447930034696
811.0072749985648
812.0742841411384
810.4479105247175
818.0233413415275
818.227919956279
809.594197648083
811.5328437538545
812.2342881406555
815.2889265350685
813.004990455969
813.1787976321875
811.7094086684233
815.8058227625035
823.4397162338963
814.1252308436679
816.4773753567605
815.0657231331022
818.0345268191912
814.1644091985282
811.3970009836003
818.100370550263
811.3588262098572
812.3476331973447
813.4188490926135
812.366678936486
813.004758067692
814.3628002857225
818.0540522061939
811.262613632481
812.6515576323092
813.3952631744625
814.1163625112727
814.6935430179313
813.1669422100925
816.0733599537734
813.9844171510516
813.1227437725299
815.1340724927667
810.3388772826937
813.2863625543048
816.2444762066922
812.0128859688626
811.1447270290865
811.078971304522
812.1833891222828
818.1169686576085
812.2534390817913
818.0133253131439
814.1992712557126
811.3089215855467
814.0655149273008
809.143484263551
812.2422825326206
808.9287037427332
813.1121322894422
820.2118197286753
814.6767040999687
817.0003088959833
816.0895595631567
817.0776893430073
813.2872801302982
812.01265602103
815.5819863582773
813.9242966938848
813.1205961561625
814.0138673487049
811.1005941008971
812.1960376990849
813.2233724950729
809.0764410809194
812.7698063389009
818.0862510108566
813.1702763221809
811.2393849432467
817.1800211819246
814.9503508279254
823.0627641274594
821.9150280288446
812.3297372007409
819.1492794998454
819.0118475365542
811.5126062366052
811.5533795072807
