1173.020661269532
1173.507192408624
1173.39750487643
1173.116435741443
1173.227058028577
1173.045003452133
1173.167167825282
1173.130802451973
1173.094291599763
1173.555085966651
1173.851170878447
1173.106941085348
1174.339093035768
1173.106669840566
1173.016050629889
1174.299197245092
1173.166904183089
1173.190117836088
1173.429285912896
1173.091862019343
1173.142263675977
1173.036010838272
1173.321990978399
1173.015810314263
1173.317878030575
1173.086568090123
1173.064763697357
1173.002873363523
1173.565465021389
1174.247391516094
1173.645963971147
1174.041175088436
1173.18889150788
1173.026377907574
1173.534334295985
1173.400741219518
1173.099001663161
1173.871268316317
1173.034132598262
1173.134570868378
1173.166604459256
1173.233299627351
1173.037586460515
1173.111750358497
1173.380371112542
1173.524884580397
1173.816651935929
1173.086204138777
1173.844519296942
1173.621767128453
1173.176038359862
1173.37101939078
1173.147062931627
1173.034050291496
1173.387649417172
1173.146756397828
1173.459932928892
1173.329780664638
1173.24169151501
1173.127746174621
1173.952754750276
1173.322161599757
1174.66442788655
1173.123018344596
1173.18349366375
1173.463888090704
1173.134354997958
1173.301016998912
1173.086227278826
1173.167170981579
1173.276858884649
1173.585284040075
1173.368428932013
1173.254380934447
1173.07446268502
1174.262255095906
1173.592636948168
1173.066858383509
1173.477785072763
1173.202251883472
1173.27382928594
1173.186761989283
1173.232498748357
1173.483029297865
1173.027540790305
1173.43954573038
1173.13567265038
1173.418233167316
1173.019728798087
1173.023462765221
1174.141713037333
1173.090502317563
1173.235135187172
1173.173915681586
1173.382536924805
1173.521863217854
1173.043075102276
1173.654102354876
1173.015358683011
1173.479548594904
1173.880666515002
1173.144476959162
1173.051834444226
1173.412975993551
1173.710620606695
1173.259879272011
1173.050935672952
1173.047730162591
1173.179929411888
1174.007818829564
1173.19680129281
1173.163052478883
1173.042891854767
1173.520214079989
1173.934400664862
1173.710068586792
1174.715244608715
1173.106374768466
1173.203271345476
1174.150827743558
1173.178975538904
1173.251934251345
1173.19338339676
1173.106178156628
1173.419925107398
1173.169778075227
1173.480951101631
1173.708121681461
1173.136554050148
1173.04109527645
1173.537801459133
1173.754881253991
1173.892078163828
1173.057767989271
1173.138273051213
1173.560564030802
1173.523747009356
1173.770641099101
1173.703065697316
1173.245554864085
1173.354854991833
1173.004034332583
1173.399527720825
1173.336812894686
1173.10329651762
1173.374088633421
1173.854012302978
1173.255881128083
1173.369111713066
1173.104053579299
1173.013183918677
1174.057554993119
1173.544429687887
1173.432497113481
1173.098512763375
1173.152471030327
1173.060141446844
1173.767129887763
1173.517149764993
1173.387375896174
1173.575658530822
1173.754820401818
1173.859204457047
1173.493152305857
1173.278353648177
1173.049950265655
1173.900462378451
1173.109863526632
1173.154917982148
1173.190846142921
1173.46365098301
1173.276384681073
1173.18311528124
1173.131752569301
1173.40300661405
1173.001405132237
1173.134759489236
1173.076277196464
1173.28721481398
1174.037408693197
1173.134334577103
1173.123415130373
1173.430177341731
1173.07910744281
1173.235068939002
1173.534727219205
1173.265210493857
1173.95823839482
1173.550897675485
1173.324870099923
1173.438188157454
1173.03080152617
1173.138400718807
1173.117499104947
1173.243556589915
1173.867041962194
1173.125988469646
1173.201888749933
1173.065541958628
1173.737412429158
1173.162097191428
1173.089168169714
1173.778006079195
1173.027953943474
1174.034507807967
1173.155439489119
1173.25470547182
1173.089723551445
1173.014134215507
1173.081649361216
1173.012365399667
1173.250960034219
1173.076132245012
1173.013659055036
1173.329120036446
1173.423459971225
1173.572266129556
1173.264691109737
1173.141681218105
1173.145428849122
1173.223144558516
1173.232448772909
1173.630845141464
1173.066644133659
1173.016965725416
1173.492592984545
1173.191671895005
1173.022967345152
1173.435888083107
1173.305392586011
1173.017517292323
1173.699154657591
1173.377499487818
1173.0753428074
1173.102327183974
1173.447507308061
1173.114194364414
1173.040572533026
1173.213010497486
1173.526683863304
1173.187528516373
1173.043928143588
1173.129121306306
1174.368234153382
1173.056689234839
1173.25439778976
1173.255509523069
1173.46250323252
1173.267606794898
1173.405980410754
1173.025514040254
1173.103617956588
1173.561289641355
1173.091008510268
1173.020980546607
1173.616274136543
1173.206496433221
1173.16866999022
1173.424355373254
1173.083969988606
1173.443565053396
1173.004427777273
1173.345846668487
1173.187425318296
1173.068972397591
1173.044325483548
1173.049475355985
1173.032398192712
1173.430127521872
1173.001754928295
1173.460785743007
1173.190049815307
1174.047912835828
1173.038633976338
1173.32299311308
1173.503799531302
1173.044147484796
1173.021032486078
1173.566360882844
1173.488726917291
1173.740645134962
1173.470458796832
1173.132293775955
1173.10941851418
1173.668214362526
1173.852151703486
1173.373590583763
1173.378009294279
1173.041738741807
1173.45838027512
1173.253555284139
1173.076465121394
1173.734818145476
1173.017661858913
1173.632298394275
1173.300964758843
1173.239309337683
1173.756298257358
1173.398813208194
1173.003995840593
1173.239825731743
1173.155556709814
1173.104050072493
1173.237729979211
1173.190315272263
1173.242966656606
1173.545159237461
1173.149141491834
1173.013767024147
1173.591286619349
1173.951999791037
1173.189413567927
1173.132098826059
1173.257566021995
1173.691025836989
1173.116532991981
1173.348139524516
1173.749719137811
1173.175890042983
1173.483143554374
1173.153669907248
1173.337660682047
1173.06888056965
1173.330480117516
1173.075094283763
1173.16987328699
1173.207034942614
1173.169120632187
1173.412123200426
1173.874150147297
1174.096669447862
1173.797552290106
1173.169054709183
1173.995711646074
1173.145410693338
1173.48885870944
1173.226450591719
1173.523564247877
1173.878292415259
1173.006793029799
1173.028912422805
1173.264916693438
1173.175885727137
1173.13894214731
1173.29431761494
1173.011566961504
1173.088822508197
1173.11947436204
1173.019456962191
1173.192660662996
1173.577582306326
1173.516143410345
1173.01369891559
1173.050530230624
1173.475657712734
1173.137354736621
1173.300166682025
1173.324617107074
1174.311077403838
1173.526855049238
1173.219143148663
1173.058407420881
1173.432736449874
1173.843491602579
1173.025945383753
1173.385186192156
1173.062712922441
1173.107415649192
1173.209754218913
1173.154074343934
1173.178201255169
1173.166982592422
1173.249627995882
1173.09966577491
1173.606549992447
1173.273792508313
1174.483317399397
1173.270839281795
1173.253848341213
1173.09304573432
1173.371741191669
1173.21921271841
1173.284320115135
1173.097725304119
1173.082763201247
1173.207358808186
1173.042846236237
1173.324824770508
1173.801884812503
1173.5264742213
1173.433707390296
1173.206179159169
1173.899559727368
1173.311923941375
1173.976889946551
1173.517732529048
1173.406106746157
1173.145128479651
1173.176790098258
1173.142791413969
1173.045164824762
1173.353228855253
1173.22456572329
1173.202713477373
1173.101666628884
1173.184174152757
1173.262254887503
1173.073015467582
1173.313152775862
1173.176110914885
1173.144882599056
1173.081306340471
1173.496712602076
1173.272801687018
1173.068006296668
1173.631063152689
1173.182056318736
1173.287794612742
1173.949917685039
1173.120454392801
1173.185409528717
1173.141824141257
1173.583544692708
1173.074806941792
1173.256419154968
1173.360148672364
1173.645670244469
1173.017900291419
1173.065976567111
1173.044589544739
1173.026252388934
1173.184815627874
1173.11007968993
1173.333780739283
1173.460684263407
1173.395442334466
1173.278769388516
1173.127682714138
1173.09420868418
1173.678998679947
1173.782932697844
1173.067249665234
1173.167828805212
1173.003315479519
1173.111346068408
1173.273224711576
1173.412728429391
1173.464627762175
1173.170161869687
1173.661985734663
1173.097522318612
1173.287299321868
1173.133238823472
1173.158867945983
1173.303976710392
1173.002624080847
1173.191801828476
1173.257077370196
1173.184853433588
1173.03786984043
1173.970001394709
1173.059115418427
1173.539212215203
1173.140101747684
1173.601390091647
1173.034065249428
1173.682160306896
1173.444988709992
1173.377612428186
1174.245713918289
1173.16653855354
1173.417756551736
1173.103484391982
1173.84323263855
1173.349906193237
1173.135421030519
1173.069650754276
1173.200146732905
1173.273652647819
1173.3975803962
1173.408737582011
1173.498447714041
1173.622422886048
1173.237829490798
1173.104404381411
1173.183044256181
1173.163070370125
1173.036873500276
1173.22687011283
1173.262175805219
1173.111268025533
1173.418505668893
1173.055733294844
1173.004090001986
1173.268284031996
1173.444631594198
1173.348864472084
1173.150401365602
1173.931637691304
1173.373739512707
1173.038599201411
1174.088702833647
1173.059581509079
1173.774400777928
1173.253569501011
1173.123930422201
1174.142351228149
1173.033439934433
1173.27985116242
1173.989372349433
1173.416169394091
1173.856730648375
1173.442577943733
1173.584407701691
1173.634251326179
1174.111150732509
1173.099422068316
1173.141639857616
1173.134981354549
1173.184587290008
1173.874342821358
1173.553089179955
1173.020492032781
1173.057497640502
1173.269419305434
1173.288504071446
1174.94178434277
1173.832084389409
1173.078553802299
1173.548223904796
1173.423205707426
1173.102670556065
1173.325429522077
1173.165036545649
1173.495978005216
1173.346058559273
1173.36778287238
1173.384875869541
1173.392974023591
1173.07601679728
1173.119197960851
1173.48990157455
1173.171659438297
1173.366285782812
1173.063991862762
1173.014606246376
1173.190738130149
1173.080525383232
1173.755440503252
1173.391336505222
1173.406135627756
1174.171245488045
1173.053013021558
1173.152243619173
1173.010324337969
1173.484030092299
1173.068864028182
1173.094098118703
1173.264236757007
1173.109824201228
1173.363402167215
1173.359564149157
1173.061237110072
1173.355412668719
1173.186064960714
1173.484030961557
1173.06783388236
1173.401849984135
1173.805747342666
1174.397300003558
1173.385714108583
1173.232536870563
1173.005330596399
1173.254870541512
1173.560990416832
1173.015133448805
1174.794659563111
1173.029933095478
1173.329811893805
1173.613565224685
1173.560016490899
1174.25599350354
1173.127826657343
1173.301573556949
1173.173884333518
1173.297668961482
1173.618341959075
1173.788707128791
1173.213477153203
1173.714496993077
1173.198328384833
1173.200275893664
1173.26441095974
1173.817837144747
1173.072184024691
1173.414139505249
1173.157781772471
1173.029906308949
1173.321042048497
1174.288075511633
1173.173040951566
1173.368480623594
1173.538433213917
1173.023357161409
1173.239118165891
1173.247652021906
1173.494332275517
1173.219616236245
1173.053792923863
1173.117513343972
1173.54233121396
1173.79452938899
1173.116077541459
1173.847917518897
1173.458452065434
1173.132127480334
1173.829132314672
1173.178154836202
1173.180840474453
1173.02691423435
1173.127671606548
1173.284106596657
1173.221143812724
1173.480941462907
1173.501072682109
1173.311909803657
1174.231011362469
1173.050101929319
1173.251355286473
1173.345048406786
1173.217281078185
1173.005339847434
1173.017020324465
1173.145979955624
1173.180230218636
1173.968451518814
1173.120139751361
1173.328029260778
1173.321507765141
1173.589624013925
1173.121566536048
1173.130638494131
1173.197402788962
1173.602513669696
1173.825868353565
1173.192320177133
1173.150148985848
1173.942547041906
1173.335889944378
1173.218876450605
1173.150979424636
1173.434499423394
1173.670532212635
1173.090886126201
1173.356386447506
1173.434237775016
1173.063432966936
1173.912459680553
1173.346642111932
1173.381753421932
1173.195815591124
1173.001091122321
1173.491472035117
1173.187709349695
1173.428249390406
1173.203825898563
1173.042398331904
1173.214466243284
1173.649091891623
1173.167586299195
1173.115774885395
1173.496274418125
1173.329004769553
1173.348431398604
1173.152331571314
1173.103501694771
1173.070405346576
1173.60358240518
1173.602711115215
1173.204221186235
1173.374643603198
1173.13505897014
1173.044746156901
1173.181124027022
1174.518267874185
1173.006142663536
1173.49923311516
1173.154986882429
1174.226127509467
1173.540063737178
1173.768057413882
1173.3657282675
1173.078266290301
1173.150435555819
1173.475523956331
1173.614467833225
1173.804675993363
1173.087276828489
1173.053851616283
1173.448210426788
1173.020696456147
1173.293514501991
1173.298626874518
1173.356762320635
1173.049946060934
1173.090001156161
1173.429378084396
1173.181159452433
1173.179951536554
1173.211756048787
1173.142805181929
1173.16673461122
1173.762260880633
1173.246025755138
1173.117918432036
1173.070306830363
1173.227219169794
1173.321336759244
1173.528096042345
1173.483790934227
1173.554417980675
1173.28393053353
1173.532588730127
1173.938906298028
1173.149749642502
1173.257574396365
1173.177140647789
1173.113143430429
1173.015284243413
1173.102633038946
1173.109758319674
1174.279672477845
1173.589388242927
1173.488169283249
1173.572267545196
1173.079135254443
1173.346901063862
1173.100037107099
1174.067860190875
1173.313920385824
1173.060655033262
1173.10867895069
1173.588725273907
1173.02506266394
1173.198977120665
1173.088811289719
1173.35994039461
1173.105085777276
1173.615171948713
1173.401809744942
1173.566989341455
1173.02076747711
1173.037426063188
1173.388305221746
1173.454494845062
1173.380746076061
1173.385422090645
1173.519513246127
1173.034678608459
1173.446111900355
1173.127414073977
1173.100467260351
1173.139261732656
1173.065612935115
1173.555134765086
1173.004207308746
1173.102079378179
1173.511614869368
1173.031519260669
1173.033934372263
1173.660362989315
1173.127556374001
1173.249942901167
1173.04903327521
1173.594630542889
1173.501644443048
1173.046634543352
1173.370789621679
1173.052817789422
1173.727160794374
1173.30780162118
1173.372795483316
1173.252925735268
1174.264366076606
1174.667647570583
1173.355837996701
1173.834980193376
1173.026942055913
1173.147910736737
1173.300563436459
1173.240714444279
1173.034957227987
1173.519410648913
1173.272214322941
1173.079482186268
1173.068500825648
1173.330194683902
1173.310212138317
1173.364690726487
1173.234499750797
1173.302380381783
1173.189200909959
1173.254911810708
1173.693892083686
1173.414029416624
1173.088446404359
1173.67831816577
1173.456213504714
1173.164864824244
1174.960095341996
1173.075775518172
1173.119580871655
1173.063076238151
1173.572509343862
1173.827517564073
1173.235742691622
1173.051864137341
1173.989038840052
1173.141150554905
1173.253110151522
1173.450495745686
1173.04566601274
1173.200353496511
1173.029500563619
1173.056455743721
1173.02560463473
1173.522614533606
1173.02504041782
1173.446265286799
1173.83682213948
1173.239568223797
1173.091278030458
1173.018319518841
1173.145298142079
1173.199384408394
1173.031883022928
1173.090397146624
1173.135297947133
1173.089295705953
1173.412853855037
1173.011564493762
1173.178415351806
1173.02532035441
1173.954712698515
1173.705362160421
1173.3952979919
1173.32016612344
1173.080717432907
1173.025073285835
1174.366451260268
1173.107392408892
1173.01572846206
1173.315975610461
1173.47806349915
1173.164216802816
1173.354080879625
1173.983401350722
1173.051816621361
1174.063319387578
1173.320424703363
1173.183938511351
1173.468687261881
1173.015557814332
1173.058043132384
1173.051489767123
1173.04165644765
1173.173437539459
1173.183338211205
1173.173830358753
1173.059079431659
1173.099295125803
1174.593061109834
1173.274554736065
1173.220416380968
1173.324912033706
1173.148480394126
1173.721161158186
1173.004198200972
1173.728825487872
1173.245853933831
1173.173643999894
1173.050444565292
1173.087094845445
1173.296149565348
1173.999687816279
1173.170989362573
1173.180679539405
1173.629515130505
1173.250999103886
1173.332058650614
1173.360216140965
1173.026285656589
1173.680444629917
1173.275402838659
1174.001287547294
1173.104889932327
1173.434074577121
1173.229066622871
1173.295165296745
1173.306410883565
1173.049878262056
1173.30303261384
1173.072542207092
1173.743872713127
1173.01883677865
1173.065370855619
1173.842127806049
1173.44187164764
1173.052145878278
1173.366372821331
1173.22881679531
1173.175140630071
1173.07617437036
1173.284478928692
1173.153364974866
1173.165396565441
1173.831693799367
1173.178692786367
1173.725862081662
1174.059442691924
1173.123365647492
1173.284546141922
1174.290205893509
1173.530888197979
1173.868149433063
1173.773729258647
1173.714766859466
1173.083897750396
1173.101038982539
1173.026267250962
1173.749933171443
1173.272672749372
1173.304827143947
1173.075666012565
1173.616980711598
1173.023267598219
1173.214013476072
1173.590791408901
1173.194498351044
1174.075863657131
1173.55814070052
1173.062017444312
1173.253357184179
1173.152215730197
1173.149692192594
1173.524874957428
1173.44622813481
1173.136809913992
1173.095817926536
1173.00415186771
1173.233597013634
1173.011365096557
1173.788753393643
1173.185305439064
1173.830593251477
1173.827820508958
1173.661767158892
1173.068496393422
1173.726239480487
1173.112194188155
1173.813276983494
1173.113395547882
1173.224229612604
1173.691520949856
1174.121770371533
1173.293688687271
1173.495265274336
1174.708213522129
1173.251494481705
1173.34649680157
1173.01873837169
1173.209728773611
1173.384248818459
1173.170640540246
1173.095475777492
1173.111321315157
1173.102708212783
1173.468368631023
1173.311759089399
1173.346712266562
1173.546235971515
1173.134532700301
1173.028457772007
1173.273376789118
1173.113029697988
1173.41563248663
1173.062250452022
1173.031379855079
1173.000010411776
1173.549695656838
1173.98195818501
1173.243406346257
1173.187776157119
1173.124242456022
1173.304912835043
1173.436086540678
1173.061936957768
1173.475600343482
1173.169617437359
1173.472919629584
1173.406903644953
1173.432108779927
1173.622259018373
1173.103053877295
1173.234287184922
1173.082505276617
1173.161738538061
1173.056280151148
1173.327128597693
1173.844115166249
1173.309256467415
1173.018803595377
1173.731620233052
1173.005493975975
1173.235268966925
1173.723674951073
1174.315970050024
1173.158228947073
1173.13789526392
1173.097948159464
1174.096002041101
1173.535085767106
1173.400645762537
1173.864963976654
1173.682515277253
1173.02110325098
1173.0300623752
1173.025620203323
1173.15958985856
1173.514597807358
1173.287766428326
1173.208772203843
1173.522716827347
1173.478721711526
1173.27519866448
1173.40788059563
1173.155329976469
1173.211430563638
1173.030973782658
1173.051662108002
1173.292996537839
1173.11211631023
1173.134225535542
1173.114424221329
1174.103929371075
1173.029359608785
1173.493069338646
1174.407331288067
1173.0838144661
1173.491110679025
1173.750058150323
1173.063027395466
1173.25409926386
1173.139886807823
1173.196131534196
1173.059153182965
1173.089213761307
1174.395839795756
1173.365442131732
1173.190850520683
1173.795502212226
1173.103157951311
1174.15262078192
1173.05583457792
1173.478214754455
1173.291849084371
1173.184372634268
1173.729771140781
1173.020373823244
1173.693327159596
1173.050364837229
1173.45938052423
1173.31709120769
1173.443339936592
1173.307101110086
1173.051263058103
1173.326193102471
1173.01063334381
1173.393063371491
1173.184569688258
1173.083423610607
1173.241310040136
1173.163517809935
1173.077193863738
1173.259008635463
1173.18427029356
1173.209199031378
1173.358846440578
1173.133507937951
1173.168083264309
1173.799168496335
1173.137698262783
1173.105162490315
1173.316726372922
1173.157122669462
1173.065598215304
1173.41772030884
1173.438101952091
1173.13173203053
1173.047471933655
1173.345294683037
1173.230270684726
1173.878311578175
1173.451238953049
1173.503862273884
1173.525239378181
1174.006916324261
1174.497835307734
1173.165126115799
1173.144398029895
1173.050805220132
1173.126810756597
1173.52522896395
1173.003830675929
1173.197304715012
1173.237711694211
1173.031222177578
1173.22212107968
1173.07141380028
1173.307436097835
1173.669860965111
1173.046805003779
1173.678764276119
1173.936174849627
1174.326936292545
1173.181091486845
1174.197549177357
1173.324542083282
1173.395643284249
1173.721228805033
1173.38803714506
1173.037305777312
1176.218297006774
1173.267664387717
1173.060604000439
1173.267046966686
1173.16839527004
1173.222641998782
1173.248516670204
1173.002051047075
1173.20507872706
1173.365276231302
1173.285029984788
1174.341874391595
1173.12151742266
1173.063220782515
1173.067614885669
1173.152341780346
1173.098797066219
1173.259421243564
1173.839658108239
1173.578115048085
1173.015815532075
1173.000505761021
1173.02382120921
1173.001145436667
1173.039685294433
1173.192026275934
1173.923719973989
1173.052246274848
1173.11804615672
1173.242999224726
1174.962718881381
1173.267947313669
1173.1608652229
1173.053379408475
1173.050187284547
1173.235026859182
1173.057058672783
1173.046345042704
1173.131018343021
1173.015312707825
1173.034986244908
1173.851718124986
1173.433912308923
1173.407184195964
1173.113357271075
1173.07069300872
1173.080551462223
1173.472227090527
1173.344966450296
1173.309688259487
1173.439815123452
1173.329111384547
1173.471115332398
1173.0035052894
1173.449629257343
1173.267361439245
1173.354637177377
1173.072151398863
1173.318190303154
1173.12650520707
1173.62305055414
1173.006446102155
1173.744356861666
1173.173934964088
1173.079040500515
1173.282572885088
1173.135596286832
1173.233987009881
1173.044525899562
1173.788467474607
1173.130762860674
1173.276209713733
1173.04955994032
1173.367776160862
1173.45269175864
1173.334095937156
1173.449374782305
1173.612449426053
1173.082522043379
1173.713813312289
1174.234100071466
1173.403429622977
1173.485315452021
1173.297910570338
1173.400425937564
1173.148839412132
1173.214274380867
1173.245748211997
1173.39289492837
1173.150406011262
1173.438976964904
1173.139007415263
1173.133334704615
1173.129443493503
1173.17408400628
1173.169906878485
1173.232101082891
1174.066904987094
1173.627498189248
1173.171839125665
1173.146493405316
1173.063501267592
1173.631348850946
1173.095654255837
1173.133867034884
1173.001373670297
1173.546744448327
1173.230828427463
1173.195325393821
1173.184400299493
1173.087259483813
1173.267819287223
1173.193268403756
1173.063272056291
1173.09899717933
1173.019077604554
1174.001253991472
1173.185195828532
1173.091884667291
1173.906659283834
1174.188036622688
1173.220342774051
1173.018593361989
1173.087053384666
1173.023880869024
1173.126244142337
1173.010654495184
1173.182237463489
1173.296378104087
1173.008846968424
1173.401964980453
1173.706251218415
1173.168148023122
1173.456357182296
1173.035071889904
1173.191768842744
1173.154985846743
1173.338712259841
1173.027223081332
1173.062850904207
1173.346482004829
1173.007450082336
1173.599161815639
1173.070454943606
1173.293822071402
1173.060607330297
1173.026754425985
1173.233607644938
1173.376893402948
1173.130900290104
1173.159489348781
1173.135016632806
1173.074930371684
1173.300982515672
1173.563501026431
1173.053376340756
1173.038465834704
1173.020050545378
1173.159432974727
1173.114361080549
1173.028437196165
1174.001274195218
1173.033966377638
1173.489923587664
1173.546774006031
1173.37695696604
1173.969676867717
1173.870865906785
1173.935039107671
1173.150094419808
1173.088139170212
1173.360481665886
1173.044037832958
1173.075633336586
1173.198653523039
1173.116790997279
1173.00314865831
1173.468025167592
1173.023861411725
1173.005819230795
1173.20840169846
1174.00369056701
1173.083478022507
1173.073197794168
1173.03555853726
1173.377877895624
1173.818355899951
1173.187734139609
1173.176090046013
1173.37469376231
1173.712804032546
1173.115867291675
1173.171616375021
1173.261197160868
1173.795949904096
1173.962171710778
1173.818946535368
1173.125715506762
1173.72322608373
1173.076986505252
1173.037767525988
1173.230070543748
1173.096707340704
1173.608455817072
1173.011632618378
1173.263819888162
1173.301283884702
1173.204354691999
1173.378855735108
1173.133384515896
1173.965537689576
1173.006253354071
1173.179127965479
1173.572746386487
1173.144752953438
1173.635158880857
1173.052150626861
1173.151424499909
1174.302551895711
1173.336782853744
1173.660746958232
1173.141056973702
1173.27034499399
1173.136308190443
1174.169522768327
1173.953683346871
1173.087984989027
1173.022479305032
1173.001876803874
1173.03736762102
1173.66986531985
1173.517190403569
1173.145042821032
1173.208678798764
1173.329335187364
1173.031299856173
1173.01242734971
1173.206996897484
1173.647473893961
1173.406481672451
1173.433419809271
1173.40438730058
1173.02126494525
1173.002173037023
1173.525766851363
1173.329602484502
1173.058535257624
1173.06312682695
1173.840267405802
1173.744931040774
1173.293591371651
1173.124644085897
1173.437731636398
1173.021363958255
1173.040706377939
1173.078666078753
1173.315786034835
1173.649854683335
1173.294207783357
1173.980054740833
1173.896757656182
1174.162860388704
1173.202731614081
1173.8613582214
1173.062443197696
1173.732897342885
1173.056598883453
1173.383272471415
1173.871810995415
1173.09506129074
1173.952817726196
1173.094296813407
1173.412152190035
1173.104225862335
1173.481115345958
1173.036200855642
1173.578112362057
1173.653513802702
1173.06729631355
1173.138656414619
1173.014780283906
1173.351041250426
1173.130393999157
1173.187260761835
1173.979147463176
1173.083901104424
1173.296286135614
1173.029032203237
1174.093670778836
1173.222058424048
1173.002790949925
1173.520116199638
1173.305527295286
1173.230773368656
1173.412589945561
1173.201209907224
1173.95273418915
1173.472109933156
1173.181870952295
1173.390676325586
1173.325626947628
1173.213370192407
1174.101817633636
1173.26400873617
1173.533387230224
1173.894965862875
1173.655826933774
1173.002395208019
1173.423095996031
1173.133134961212
1173.610698132901
1173.848454322407
1173.116658811401
1173.118674838824
1173.106658143716
1173.134616805069
1173.259963093193
1173.134115156382
1173.147821399131
1173.359944309679
1173.12998356461
1173.069966410837
1173.201520699538
1173.43305586655
1173.071430788614
1173.259838396124
1173.246781607286
1173.000074620062
1173.4537335764
1173.231932998322
1173.515343444654
1174.068534533178
1173.184985634852
1173.136168360298
1173.075533011371
1173.064259391404
1173.061006929378
1174.981895374651
1173.85527734725
1173.545557996549
1173.063108961511
1173.411819052727
1173.014169050119
1173.070837118808
1173.117606477263
1173.199842030727
1173.045388684073
1173.207210686913
1173.017386534259
1173.467753697269
1173.189646130121
1173.474164279928
1173.586330838774
1173.02460624839
1173.911775532157
1173.314539410194
1173.193229836771
1173.138548827059
1173.084170250862
1173.201590567989
1173.853707397998
1173.984121153036
1173.997329299684
1173.099424786926
1173.012442597279
1173.116374230378
1173.601701432133
1173.401037083334
1173.061037394289
1173.13555603082
1173.261947721907
1173.037638160948
1173.641027919765
1173.734207023985
1173.99414116187
1173.556366307413
1173.18326857397
1173.175016793678
1173.342669034311
1173.084398832654
1173.404493952617
1173.008115517049
1173.304516463564
1173.053708837101
1173.078127648777
1173.060017363993
1173.663481998188
1173.590749683232
1173.072104294916
1173.930570112971
1173.004359923829
1173.899078299428
1173.022061305685
1173.256914522762
1173.448614879149
1173.07992666125
1173.48320498593
1174.035097283054
1173.179340051553
1173.004364309068
1173.646782310219
1173.943323711484
1173.213657408066
1173.431177968349
1173.803145285756
1173.290085693228
1173.120791047778
1173.284158356942
1173.197586842939
1173.943926230616
1173.234652553938
1173.305641712632
1173.241375047975
1173.073050210173
1173.290636238199
1173.237889816512
1173.258198556832
1173.012521027892
1173.064062564668
1173.308417054606
1173.226290473771
1173.660978552984
1173.03950660818
1173.256676881342
1173.118575536033
1173.559603063359
1173.307707568657
1173.266046235658
1173.099092588907
1173.391208948379
1173.252701200661
1173.483919181559
1173.562492836183
1173.070234137376
1173.181108184704
1174.257999277746
1173.006910510329
1173.076437445939
1173.186353733127
1174.007271480109
1173.132539659638
1173.030538153309
1173.083256488184
1173.379960413791
1173.046414072759
1173.330415100346
1173.087606802628
1173.095127661879
1173.58094924796
1173.551148735872
1173.335830351754
1173.036710383179
1173.162950341769
1173.071819944572
1173.206707301468
1173.01597041232
1173.138847926768
1173.135085204932
1173.085514868636
1173.18319336393
1173.23697020281
1173.458009075514
1173.051331974192
1173.456157002448
1173.646357358808
1173.556176744311
1173.202494308341
1173.173394632758
1173.030688553377
1173.602228805437
1173.071670000168
1173.847946553559
1173.01635531739
1173.694953178443
1173.032387096713
1173.16929824536
1173.262136276856
1173.349997706753
1174.047441733967
1173.145114634001
1173.082034010471
1173.258241230744
1173.191956935623
1174.136393499318
1173.408461846635
1173.12428470166
1173.013702125508
1173.071260531536
1173.107930844411
1173.296052504015
1173.024558541263
1173.07355922138
1173.602650690038
1173.121503938954
1173.76957883348
1174.14522582855
1173.205402806097
1173.014911917094
1173.199478524838
1173.647123008245
1173.341475523357
1173.543280904854
1173.216120576258
1173.104648174845
1173.158284360779
1173.223791904708
1173.231571933974
1173.047326722032
1173.866963473111
1173.842176825164
1173.115654160303
1173.414504074694
1173.382194545121
1173.648000500466
1173.840768233649
1173.002293336357
1174.145729258861
1173.170811774922
1173.635352601468
1173.118652730857
1173.22940217999
1173.77978925332
1173.193541953207
1173.4171056204
1173.091657936646
1173.1155199992
1173.522795984998
1173.324258483254
1173.407049580458
1173.803979059827
1173.39020065936
1173.061912739733
1173.051950839436
1173.708428458185
1173.17393825289
1173.879033603307
1173.355171919145
1174.184444458265
1173.837809729338
1173.15451058454
1173.160060024437
1173.121276002461
1173.011062159357
1173.54881686741
1173.008685715359
1173.102703519474
1173.074093299352
1173.016722865144
1174.468270523246
1173.118197884736
1173.097310526994
1173.118168123072
1173.320707310223
1173.16754340044
1173.653484484377
1173.43297406636
1173.198226306813
1173.05538868555
1173.028768371164
1173.768449220812
1173.29369866718
1173.28983897846
1173.329993143658
1173.007341144967
1173.151978336726
1173.027946682439
1173.107181216712
1173.423094321252
1173.698053722661
1173.138006740978
1173.755273415962
1173.000632164857
1173.06462806953
1173.20657514467
1173.191122707573
1173.53134813423
1173.745148666597
1173.348458671172
1173.244059193497
1173.514748618103
1173.562063237389
1173.212792854822
1173.1080046415
1173.110487774318
1173.95046014802
1173.394048941893
1173.917423992799
1173.391769791597
1173.17600486729
1173.462091088516
1173.179604859135
1173.440226606643
1173.89324663325
1173.126531295516
1173.334936979704
1173.018878110567
1173.291363220028
1173.042848651214
1173.005223687121
1173.231064133083
1174.431648421741
1173.258991041497
1173.285957847172
1173.232701416765
1173.457284196559
1173.067895727605
1173.015366139934
1174.700898998533
1173.165589896525
1173.155395256934
1173.000931775546
1173.640454006929
1173.320084331936
1173.009188084506
1173.2132763869
1173.024059188522
1173.638352715862
1173.189870237969
1173.750015804136
1173.310214656758
1173.564248933414
1173.248341811599
1173.217162435456
1173.158934511072
1173.136374016679
1173.084689618405
1173.149727644876
1173.055391847759
1173.010804162191
1173.005524581926
1174.575424088839
1173.152301479844
1173.006290162318
1173.093560191722
1173.093379478255
1173.377190780549
1173.259280117435
1173.384834517084
1173.008971019563
1173.17544968873
1173.047235461156
1173.385994312969
1173.167676682582
1173.240233373898
1173.696264317491
1173.016529539963
1173.132009126131
1173.200373038424
1173.733595025904
1173.156500411981
1173.504118908394
1173.004923439447
1173.415817910621
1173.333128103265
1173.126275309922
1173.191614566573
1173.313616338299
1173.42419431098
1173.403825592734
1173.456517411014
1174.112244087613
1173.269954948918
1173.044654124877
1173.30089536045
1173.411271519555
1173.437628859544
1173.404938359917
1173.281136336885
1173.130768907054
1173.218054583604
1173.300284218022
1173.499270549451
1174.227448725384
1173.42457238818
1173.179652431515
1173.060014587148
1173.297990782246
1173.146907039452
1173.931750966593
1173.125083080463
1173.694661137568
1173.460442886519
1173.182720641556
1173.248501146232
1173.631323681871
1173.630527603236
1173.067454649026
1173.122786345222
1173.210011817281
1173.226136079599
1173.247857106795
1173.285488047307
1173.196765783364
1173.075940571925
1173.039463957978
1173.069325002234
1173.143346250462
1173.162366107607
1173.17090182122
1173.094587016232
1173.089352965618
1173.018189416559
1173.478938475287
1173.352393084438
1173.057951518364
1173.030510236058
1173.208076716352
1173.438186696636
1173.036945465369
1173.4038586947
1173.705492200248
1173.572563786398
1173.283282195856
1173.140617105179
1173.077291279254
1173.197388426542
1173.733040986737
1173.668701636232
1173.771548963555
1173.350789543603
1173.310282699919
1173.301598425174
1173.05463917216
1173.296754516228
1173.17922369345
1173.109071518943
1173.188359502575
1173.335871216498
1174.797262927813
1173.075561348311
1173.551394541254
1173.321866896513
1173.452200661
1173.058700175114
1173.202286473591
1173.223144494711
1173.238753211603
1174.616602066347
1173.181058732549
1173.205731020926
1173.251561789415
1173.120394939487
1173.489892364702
1173.065501410657
1173.121294361491
1173.174963681445
1173.423039855732
1173.094487231771
1173.037408287815
1173.046735265408
1173.274874455163
1173.629135619701
1173.554533965848
1174.441027440616
1173.151089663421
1173.468418290509
1173.042035109044
1173.037983738392
1173.157018437053
1173.288948397642
1174.106346533715
1173.417036184082
1173.524025198028
1173.289349760174
1173.768223273356
1174.888001211695
1173.091930423174
1173.561401449747
1173.046434960677
1173.499736079182
1173.078414579425
1173.216046817025
1173.153876265086
1173.062922424441
1173.005048149659
1173.20525380987
1173.063838304855
1173.0548711437
1173.183622740017
1173.213746394995
1173.162628170064
1173.163051525404
1173.702790953072
1173.426163822506
1173.035677188945
1173.047224559571
1173.493731605912
1173.043547572526
1173.605636094461
1173.117357367286
1173.048443094219
1173.266067077072
1173.089615502433
1173.299425493877
1173.107402190329
1173.760730974439
1173.376089203615
1173.161942617183
1173.152449713289
1173.463857605531
1173.333208272057
1173.196262361266
1173.061094264102
1173.144242610539
1173.072716421227
1173.176659774305
1173.028817144841
1173.151938375481
1173.080048404291
1173.420076344968
1173.644301542937
1173.428722352247
1173.033860318725
1173.729383000541
1173.635883287353
1173.068285844989
1173.005968903515
1173.238778433308
1173.493229301638
1173.265274995058
1173.970856033716
1173.198520097115
1173.081437798565
1173.186677657308
1173.139866376487
1173.305504154691
1173.190939268163
1173.608454202136
1173.681957085582
1173.039864651846
1173.346604935962
1173.028843384134
1173.655160954331
1173.407993337036
1173.127538791354
1173.565017091925
1173.330585423712
1173.05938268861
1173.311480676485
1173.368773639106
1173.022537122867
1173.249948211119
1173.228800425172
1173.138788026496
1173.390507895188
1173.307181022477
1173.082238132697
1173.283428659098
1173.128743178034
1173.141339107961
1173.451221254704
1173.148742232728
1173.109082896293
1173.249232157413
1173.113803945525
1173.342626969053
1173.172586969895
1173.143640959448
1173.275362954304
1173.065901920414
1173.476348556774
1173.180280515124
1173.289669366921
1173.598372876616
1173.580231532175
1173.322238884426
1173.000773784505
