441.0310368702438
440.1007626151618
432.0410104938031
441.1115247650815
433.4947983145302
441.0536555318004
439.0338917542376
444.0612422327233
444.5203847221374
435.0779857221808
439.1543447863425
438.4940734354789
439.1585136994551
440.2033753817296
434.0444419125402
436.1190651732485
435.1943838637332
443.2955302145812
435.2405187621731
433.5106247405793
442.0554741718051
436.0821743624834
443.3983571346552
439.1244308781687
438.2797668826194
438.319833733173
434.0398237246733
436.1327378704021
432.4944547261662
439.5726069514347
433.1945515610969
435.3372708063411
444.2285775096778
437.2265725929287
444.0622734143034
433.3269186057013
442.1609885965021
439.1438533833593
439.0747979755522
438.8809542939121
441.1531227457493
435.0295088100426
435.1523728933859
432.8861822718888
445.0926470350882
432.0775121740029
433.7904374997511
445.2667498821444
444.149774470531
441.442688864841
432.2137227028439
436.5063222799141
431.2944371933719
435.1995982503425
438.6773139930596
441.1332603967498
436.5899889413984
439.1713995222307
436.6146610094394
437.0497238503141
431.1911511026092
438.0451570739565
438.3382506299711
436.3369367972658
436.4579669571022
440.0288919695022
437.4944790197272
445.1426955404785
438.2244501313696
434.487751027839
440.1927116780126
437.5461901442372
440.5089585217718
437.0982045345459
438.0338072090998
449.8719898312269
434.5111466804488
440.1988089802585
441.633221571996
437.0230270750526
437.3757181614723
435.8035245138556
441.4057400053343
437.9393570179278
437.1987719268722
435.9206955609855
435.2201043898643
438.0967950016039
440.754409759065
433.414133550275
442.7905398130273
448.2219628368788
446.0644263695878
443.050273077044
432.0588720629279
445.425388306052
432.2215973390287
437.1376724101204
443.4085998326223
447.0729375900499
436.5049396950899
439.7825290650881
442.5235281186254
437.3534155730302
434.0033090232448
447.1030110274197
435.5813643973042
434.0479613948743
436.5347619091522
432.2132860390383
436.1325873956562
436.1361970133301
441.1154099280418
439.2093902553897
439.2517397986476
437.5675282755622
440.9118029192284
436.1938494854256
436.5744584808024
434.127134057325
439.0185489792641
437.0054664847274
456.3420704265438
434.3875962655846
435.7122406397856
435.0294863614637
434.3959020394615
442.0352610657674
438.1703708256517
445.8577336563013
445.0372677155175
447.276440183559
433.9224390791327
435.1964190528718
438.8727123910136
442.2770679938051
432.5271430411786
440.065742396821
445.2985620273849
443.0602312664383
444.1915379646067
436.0228302918776
442.0012192606902
431.0990259125045
443.7339310579404
433.4993045499213
434.4169380752589
440.0057781509695
442.1719122514182
437.5977672074056
443.7990019904707
436.1013208427288
432.0651496770691
440.1257805878925
450.0851228179595
436.5544433862357
438.8005861465371
433.0954596822281
440.3212754765463
437.1260615798038
433.3621048380447
434.0611701211759
437.275719853653
437.7967816714529
438.2965496944003
440.0780546144308
435.0065648253236
441.0481560897854
440.8076717279064
434.1439840634976
440.1631801379182
441.174479607826
440.1965011907787
434.1433319936828
431.3548154814015
439.6416774354283
441.2278613770736
440.9585054507256
443.1621516466322
432.3024603021259
431.3473123760093
447.0927374361891
435.7109321890685
446.1065545507939
443.0310901658764
439.0079744581132
436.1256544617056
437.3198022483559
450.0570253225623
438.1376225885913
443.181106628673
437.0712712223764
440.2688792766893
437.2606089798083
445.1697039049239
436.3023249593247
434.514568587111
440.2140466159585
435.2586940481679
439.663116957832
433.2354303528595
442.6997712737601
439.3619244081121
440.4053955790338
437.069798661382
436.2542571723782
435.2604500145275
439.2326255167927
446.2411425647634
442.0330979982101
433.0081430248141
441.5330266195194
438.3951039593059
437.0472817102564
441.2497038982426
440.4481809166642
438.0536612323319
449.364024101502
432.2006194797659
433.3366496199603
430.5031746866121
438.054843114198
435.291713186187
437.2978878931283
436.4998336190565
434.0640469601458
436.1718372578594
438.3647397632639
439.4634284904594
443.2308100766859
439.049022237594
436.0741993702204
433.4387299137948
434.3130532947834
437.2997494933226
433.0955958740466
436.4441193556355
439.1115564591112
434.9128701182857
433.1359642538706
431.3161530474839
438.220766592955
448.7740783929239
436.0045706572347
439.3671741520702
435.1675822204685
446.2329547665986
437.4780981220835
436.6963262426956
441.443276359937
436.9877588727028
440.0185928460805
444.3386561359097
436.1874590579614
439.1752298929339
435.3126976337664
433.6297852530182
440.359791559114
445.8337946691851
438.1043667374814
439.1683758260313
436.0278129110774
437.2741996414867
435.5453337568201
432.9689506198197
432.1725084299457
440.5733892712014
440.1651459259797
436.4826013978845
436.2934513799619
435.4996717111558
448.4639905794998
434.6855373155812
445.4355551179235
436.21647184942
438.0400428249434
434.478954497219
436.1697009506781
441.3070460629282
435.3681008168489
438.4115080395964
436.5123226925673
451.1019043053543
444.0884414417828
439.0883063849757
437.2486184703035
432.0449253381374
433.1682215434078
439.136374523382
440.0642112947065
434.0443890089671
437.7447023806947
433.1262130039078
438.1680067694237
444.1689635348025
438.487654125958
437.0313285548682
442.5276397359873
441.2735693224637
439.5986427072344
437.3191074195756
440.1500308434993
432.0338144773697
438.8177233558365
436.1006045633586
440.3125471378747
437.59865563054
435.1231974162131
437.1302012326145
440.4483814063177
440.0839895791339
434.109086357516
441.1577748539727
441.228623671046
441.2534223111635
441.1003569974408
441.0750728044114
432.1440073963255
437.2220159588326
435.0654042207149
440.4006684289137
439.2243229493011
433.1759857627101
440.0415517714754
447.6104524158147
440.4376802050774
438.3460681848869
437.1634485983104
434.0713090451181
438.091094224645
444.3791518088899
441.1225927557704
437.3529754513821
442.2392512512891
436.2305010767975
440.2930012087605
439.3817977497125
435.1667492413721
436.4396510586017
437.1884984293256
438.3591327368429
433.2318824360704
439.526425359964
434.172944040422
442.4282353703171
442.5434759892913
437.7886925979915
439.2626939026147
437.0544152177866
442.1006761986123
432.2346536421255
443.5437376062958
438.1298813175592
433.0517457326263
435.4965183315463
436.7491758602702
432.2552942308699
443.2661650602059
437.5092661556921
432.1609941296734
441.0920956018876
440.5708957625063
442.064829799879
443.1167428121963
439.217954303096
436.3064394474901
441.1584658997253
440.9502230136895
437.2459981741361
439.7700933938273
441.0836949209096
436.0577417125279
444.1926314472715
434.1707475567999
443.029500065909
434.1320051252835
435.2210523622255
432.2466029032544
439.2658866652972
437.0074904029061
440.1976314578128
449.0065165748598
441.0582178421365
440.0245415518744
438.6918907038721
431.488201332651
440.0192627937222
440.140821126777
437.385637345663
436.0267005997437
436.6398330485557
437.0823080531164
436.4503881293425
434.2511338357569
434.0696804538844
441.0244402203107
438.1888917802145
436.1203671860191
441.3890019549251
445.2660563216457
435.270822488957
437.9663337396279
439.5055930151369
437.1027406086469
438.3647052113597
437.1225899426148
437.1395482188445
433.220995698128
443.1770701345054
441.2034581609403
443.0730583313156
441.0480451554711
437.008739044277
438.1984681904384
441.9948615341312
435.0149369333084
436.7344994606304
437.3360814783248
440.4625599244003
434.5590356888935
440.1792426180443
439.258399425615
431.1146523021861
434.3400122819618
443.2871151378194
434.1580145250001
439.4572935272794
437.1317905974803
444.5505803574295
435.2622503552505
432.5408348563851
436.9729780478987
432.8829939562048
442.0660935386541
440.0031857321586
437.2472054872063
438.1305461234747
434.0680895561526
437.0904074682037
433.1616686755736
434.3869257651216
442.0931548222557
436.1620147722585
435.1306198059986
447.1181102215955
443.7181832376522
444.0062156154888
441.3252023632038
441.3153162573769
432.0004694445235
437.62839972326
436.3278529056449
438.0815020227721
440.3442730956348
437.5234091723696
440.0992007846305
438.3058494985093
436.125516844347
436.0170617057471
440.1110950460252
439.3319250556164
443.0251227611843
439.0281427379892
438.5113989975675
434.589720307504
439.1637793176551
434.3196868994755
444.0298199038506
442.03050440129
431.0749090618796
443.3802339707865
444.4026031898121
439.5023006355745
432.0460503816138
439.3351919070489
439.0601307402036
441.1715538664318
445.505517089755
445.0201791920726
438.0423054688865
440.656109297929
442.2329857634033
434.3026888891365
438.2093593632129
440.1798809032586
435.0608023383284
434.4647727555553
432.6926360058299
434.1415025815489
436.1829534662342
439.1463146726645
436.0872943934326
434.2762529449705
440.5101134833668
437.0551615878693
433.5552189354189
440.0719214614928
443.04614920453
443.5079906246753
431.3202067891726
433.3572386979193
438.9329684976938
438.1408130640004
438.2378791670976
435.2741376647969
442.2478469760914
438.0266748964149
438.9435208099442
438.4676791526051
439.7633570095568
434.178779994013
434.1403968455049
432.2185364802816
445.3755826036361
436.2888182267188
436.3573479480077
447.2365956987858
445.3221268660397
436.5739004526948
438.0121123538694
435.217734002006
438.400535769767
441.9248439487725
436.3388198527724
434.5479475934414
437.7294494950333
439.0966323548654
433.4787213487946
439.5593099110263
439.2454710931914
437.3612106179903
438.761945110079
440.0849997650512
436.1967662059639
438.3011940046001
438.6691131292797
439.0478175859062
432.2969497891326
433.0356469495397
439.1963241925999
446.0606054344833
434.0511034535094
435.8265366921428
433.1309594565429
433.7249195078463
436.1849673083152
436.4041428398775
443.1912545191453
431.7736135520296
444.0933440228421
435.1609128898917
438.299089558209
439.023275732992
439.1094741858967
439.0433338834964
438.0632991741285
438.0410427228845
432.2082284004405
433.1580698575423
438.5450866548847
440.2321559220725
435.1711964770573
435.4322542585709
444.496076989815
434.0455164189804
436.4428318531037
439.4045970438484
445.7277205798843
445.9313088159904
441.2281853110703
438.1476084463075
439.0377181817527
444.1604597276066
433.0155434877341
438.555442386267
440.0727774743006
440.1231275663508
449.0571354286213
439.3894654961504
440.1660641434168
442.1806988728704
442.1521120829683
439.1471875135411
435.5108903987984
439.2827590492485
433.146058560759
433.1379246358206
440.321987104708
438.1199454412633
437.0206480120796
448.2208209219994
442.127383439365
438.342294281203
447.0234265969884
432.3496191539318
435.5318143363052
437.0175607675044
439.1629384792621
439.2162952791084
436.3257881652963
439.0920270653489
441.3383901636101
444.3460628236597
445.531521491998
438.2150728650184
435.213717098006
443.3426330979928
442.5730125364819
443.1439357434114
441.0849709302107
433.12590135581
445.0036779566465
432.1065178555747
442.166181747875
442.029874410037
435.4157821875916
434.0264652990464
436.4351015656824
445.6971853480557
440.1479573302632
433.60762921297
440.2196842767711
438.1025135770246
436.4974026636065
437.3251941505928
435.5817560176463
436.3440215484165
448.2561175244838
441.0322890352555
440.3123429872815
433.4719533483645
439.1155225203041
439.3557696019662
447.0154419341094
443.4397430298486
436.4386784438345
438.1033908305775
439.020914484709
434.1228913552903
446.280690543192
439.603704358723
440.6565769197755
438.4352324837301
442.283063856959
442.6335176377574
435.4506998450344
440.0030255636321
443.0360885196217
435.3153752406616
440.2038447509926
433.3895936412608
439.1922115657319
438.7734048134935
436.0406640329436
434.0799598208785
433.1913885789596
440.2310715484366
441.610006595712
440.5397005024759
438.3247816220618
433.271260177377
437.6404942976316
432.4462673132078
433.4134572519839
436.4008151961217
443.3188278943605
440.0173160396246
443.1243479479079
440.9701256684514
446.3296801116654
439.2927695743375
434.2201919790695
441.6293702114098
449.8555057844251
449.1461754531621
438.2288652789395
440.3920597808938
437.0217858840842
441.4672067737822
439.1141063397187
439.1825625993654
438.0381174710278
433.6567648648401
436.0124809437592
438.7650931786928
434.6781887210332
434.3139155980035
437.5149798479532
434.1611800726595
435.2761207121257
439.2441916052633
438.0181011733997
437.010772461286
439.0382559084189
442.5073627538949
443.2121618053483
441.5254406922124
436.1861369853669
443.013193171238
432.1743274427902
450.3894916179231
442.1351377396024
434.271110396395
437.2770215960192
430.8323404687271
433.1066970846165
442.3051194687561
432.7423668334923
437.0947058275556
444.0130206099905
435.6622369953322
435.6410739071063
432.001120496317
434.114942456633
432.0489379149294
433.4977940198635
439.5421644514552
435.2960738477898
445.6654407485865
441.7754294344542
431.3610327177217
436.1519896098478
437.1059196346116
445.044718377082
448.4938083165922
437.2863892796671
441.3658239237126
441.7995566660582
440.0668873159061
436.6138470493755
433.0469895824431
441.0448755976622
445.091927947054
436.0780415408509
436.0779948587563
440.5315283046311
440.2912595957179
446.8209765756696
435.6533204706563
437.6754806391532
437.1501734994766
440.0229030514007
433.0284649070411
440.4142083846497
430.1492132764732
436.3029812358013
436.8911605047467
440.0493076033102
439.889562500283
438.0251310449429
440.0311694243362
434.4245570426997
435.2369709729371
442.1950692316502
441.0086641413248
438.2491725191358
436.4944909188298
440.9562943820915
448.1015221423113
433.5563741899207
436.8769069997589
433.0552650479468
438.454278280501
438.4896624335452
438.0315302881633
444.0312750729811
438.0816815573668
435.1056587455031
437.6993966370288
438.6221239689809
432.0378898880309
436.5080899413911
436.2653778006904
434.5062468897671
437.0889463090757
437.4460135969495
438.335844662414
438.3163340295943
445.6584010557455
432.870284709721
433.4027292746529
437.3171897071552
442.3294317916229
434.6545037250085
439.0767381826508
433.6252331518603
437.2613194496042
438.6794715862309
437.3046098330672
442.1518039306582
437.2556629324994
441.1759705285655
443.2881344917507
433.2945946289142
437.8645037941801
442.9593435355628
439.2716643611255
438.0975531568942
446.6671868167621
434.037671312308
435.0313955145521
437.4020758133459
438.0581085160312
441.5272556671055
432.3151161190413
436.1636961076459
439.0006248433342
438.3108923880909
441.2036932604642
440.0235439356315
448.343058944753
440.4570715946327
439.1445406414122
442.2307755130509
433.136537147156
434.044523428407
445.2159711550241
446.1410227869137
438.2083162056685
441.5732543691478
445.2751059935422
436.0937894158512
440.3804634027443
437.1167498210712
439.0058312742831
446.0333024671522
443.0910254537972
445.0636791216317
432.0535540669089
432.0522492249603
434.2464617117267
437.7972587297608
442.0207101204781
435.4130076964346
433.0749448205532
442.0303451278127
440.6255723547665
433.3016892816299
441.0295429918102
440.1158194045267
438.019158082311
434.2458406742333
438.1670812032479
441.0410545916704
440.173714816616
440.6126271612604
433.0819736944828
432.2079199024199
435.6512497847157
442.0297299339699
440.0813352217011
441.2053869710425
435.1061463024636
439.006023128388
438.8064558525444
438.1665876280837
439.2089111412059
434.3084089651331
440.2419732373009
436.0345910582855
431.2994965238547
433.1898266654856
436.0854654032512
441.086993620552
431.2651805030675
438.3687293338966
434.1242271677926
437.4928643781876
437.3160941190512
436.0661830311227
438.1443951114761
435.2786394261458
434.3109357408508
432.0227270746336
435.2288649945518
439.9176860168077
435.6626067618831
444.0695618982574
431.1586671076295
434.2704688213043
436.0191706850163
433.5682483238936
437.5756061502656
434.5745421561405
440.3976919318443
433.739477217561
441.1767247474964
441.3946084933172
436.0879390358006
438.1289210557125
436.2157845098538
449.1822062727599
438.4102780825649
440.8850511619651
444.9084973495408
441.3269136026065
437.1654588941808
439.6932629672414
438.5896373716664
433.2699050692943
438.1903177367887
439.1262839005462
434.1618827178362
438.2219507939462
433.5719069681759
430.3780048876305
436.1535035595547
433.9075504959043
437.0732864100076
437.9047055883287
439.0579454748809
441.2359235760245
448.3618099852246
437.1132121584956
442.7899435169165
441.0073241837391
441.0832413632555
446.0440743447708
441.9179575584187
433.0441666094117
430.3676116051802
435.0091271342369
432.0267633386401
436.0972249151416
434.0729730682575
432.1561768248652
432.5252775683122
438.4740108516851
435.7904392873482
435.4974600849783
433.4170151374404
436.450039412961
438.0444170102728
436.0949900917712
438.0743462161681
438.7201978605891
440.3949136685458
438.2502550867734
433.206693512422
441.4775938600276
440.2707270876198
438.0612813134607
433.0022240020178
434.1228967232017
443.4868195727381
434.4066053469446
439.5331926097892
435.5379795331747
433.0038890172882
436.6894793615349
432.1841783587361
438.0019484287379
436.4806383252869
442.6759842728151
443.1670647417318
451.0012950004868
438.7950488546317
444.3680673159577
435.0054929136276
437.786283062335
440.2360079538263
441.1390498542992
435.4794580061899
451.057728087421
435.049971676242
441.0744232755076
439.36285806634
440.1103521346332
435.0299757868146
437.2805896233818
445.1979267541079
438.2774627118945
435.0493339243858
435.1179330776017
445.0855912768882
437.7100078694312
434.6222895688957
439.4217245613771
441.5326983867637
437.1880566778568
445.5225446246533
441.2765415215684
436.1248532035737
441.0667218631688
433.2322330681401
434.3364305526026
446.2249987217412
445.0509860271587
442.0939367347923
433.46798495002
433.3195323327248
438.295629501907
436.0918673197928
433.8456331713817
434.1424135464971
449.853540233712
432.3850334130776
445.2013965311458
436.1407378175454
433.0499489688946
437.0679678021842
437.2272903327626
439.139337696765
434.2074090984933
432.0812246151823
438.1461399454301
432.1158933273734
438.1205795870769
445.3684077079444
431.0580571746743
446.4028722025458
434.2001026472906
435.1026564872481
437.1513859283816
441.0424572229473
440.7418619656609
440.7288943010806
436.2026936628792
434.4771067984867
435.3826807009511
446.368158224175
443.7343572465942
431.4830434493841
442.5700545338124
433.139945744554
439.9131056485628
443.2650177525585
437.0328483932311
440.4420970669906
434.0012076543484
440.1543456845772
440.0249554276552
440.3616814160811
435.1577230334044
438.5034123510422
439.2541740517458
443.0278628574766
434.4429218954505
441.6856455398324
437.1174922185599
439.1332587612271
432.2518210242461
440.8650104328491
441.3721349911654
443.0996179111605
438.3658116087182
440.0448378544539
436.1032595608353
436.1534355575028
432.3790658091442
435.3033060833759
440.511788814571
437.1232539447734
440.0124243497568
438.1254251238757
433.7740007115779
435.3758278273236
434.294623185745
437.2838107742534
443.0173914544704
433.4823847843561
434.0227503743984
438.0243204101377
433.6900641639688
437.0832102139165
442.8389862545616
439.3365013784556
435.2986054264028
437.5975020831468
446.1020550893859
435.3183529065091
443.2378069251584
433.334784125848
440.8798001836022
441.207526199569
433.2731049855989
442.0345987077193
439.2654175187211
439.2650548752711
444.6795027542307
434.2026002811074
446.0153824526279
442.0732332110649
441.161927370143
436.6873693684726
440.4618751940009
436.5628859351538
439.7454671665778
439.5952154372735
439.3349004137494
442.1339322749751
436.2736677325007
440.3501822943989
438.1538425017284
442.4619164192184
435.0695127500932
439.5792659663327
433.2876683660612
440.4017885130997
441.656952113907
440.9666935400343
436.0376467722975
444.2336757572726
434.2180751102126
435.2054562719842
440.3949842285524
434.5966484903915
435.2109889377813
435.8667451863454
437.1329926565953
438.5251949205123
433.2218466314683
435.4365156832027
437.1145820073742
444.0085325645272
446.3116685815806
444.1428194060773
437.2236340415254
438.0311767843526
434.0997478774689
434.0724084831803
436.6314862199137
439.5542506708919
440.0653539676694
437.0263872675332
439.0535607948943
434.3404925196368
447.3634930401856
438.2711908305703
442.1067436806551
439.0891788780431
438.5245448817087
431.2589802601929
432.4181066039273
435.1834169405238
435.0841669876073
436.6085351422542
436.1111995109488
439.5531141619463
439.4548180632277
433.6017376780274
436.5326451006464
435.3005334204769
441.0105773860027
439.3490396647096
437.2625098130979
436.2689866454524
437.3550077749587
441.1522495452319
436.4006247579936
435.4638603692724
448.2153764997665
445.701942337708
437.0556443497916
437.1565322003301
438.6566841625282
441.4680620457605
436.4203187378587
436.3054335089009
442.1128030703389
432.3583402218
442.2908064246125
440.1785908281236
442.2539511441773
440.0164871465916
446.404691826988
440.2759471449159
432.0909041040402
435.3124721320946
438.0526729217598
437.5968185758873
440.4939788977515
435.0926214625504
439.3554701780342
439.7168741426557
433.2013449509515
432.501556098844
437.127727543151
439.0046929137398
437.1970473430126
436.505957027649
446.3416250217438
438.460848524653
437.9940031017234
440.4568869052208
437.3704161716009
441.0371325888741
441.3982516256557
437.4239516383402
446.6080872147004
439.6916362418874
435.0237193993114
437.0382413372728
434.3094156192537
432.1591957083559
438.2470279499033
440.2182249710098
443.1102515611343
433.496790649518
436.1322714233839
438.5043669411112
432.4044289568922
440.4381785394068
441.4985328103427
440.315912693464
438.081572035705
450.3107431580258
433.6379101110944
443.2647727715652
435.5614728184275
437.0864346220847
432.2840779832551
434.0578612940768
435.1615183859093
443.2536696980279
435.1311886045114
444.2183502710481
436.1394643234167
434.1371095834797
440.3180670521655
442.3220668404895
439.3554890122591
441.5450436600175
434.2656501214546
435.4349723987822
434.1630559193512
436.0087887124826
440.0786978903466
435.2917759860713
433.2807306753008
433.4799122467662
436.0033479603967
435.4094802181452
436.2286513411613
446.0236630092677
436.4304549401231
432.1880380648306
439.2095187214969
433.0105273937206
432.1321016797098
434.4962186478778
437.1290349632367
441.2247074241054
439.1286102028669
438.1844135011024
432.0712481515387
430.089475257624
436.3354153756625
439.0198787345983
440.324967259781
443.1425398239796
442.4598716482638
436.2438293725305
433.0907421387465
437.4121960552914
438.3894112069247
439.2884344921061
436.7800604581487
434.1200681332681
436.7882298827906
441.8066880700476
434.0715550093368
436.4464977427933
437.161689512968
439.915688116151
434.39219793656
433.4752711431385
437.6161533422924
433.088466278312
436.150365749962
438.0373882540334
434.490044315772
435.1993794392085
432.3160703283559
436.527837764322
434.048921816581
436.4144519086875
447.3128456629297
434.963837114644
434.9612834264134
432.0232301540203
432.7561691732805
435.1701845600946
440.3831768764386
434.0767445225238
434.0145923161282
448.1042381754802
435.4641862207461
436.8587039599336
441.0169867444922
434.284785576723
433.1258788018961
434.0597197490718
438.0292397530723
438.1422804232133
446.2783926158378
435.0378699987003
432.4163045355389
446.1397773240033
433.4234238345714
440.1571781884425
436.4661599789252
443.4719230132425
432.2201260425941
440.0384714552948
441.1348332092357
442.2618813821279
444.0940161952691
443.3979861007017
442.3626111802789
434.0322342069124
439.0373060250232
451.1045339933502
437.3700713275535
436.0535445025753
437.1913982294916
435.2725331559013
433.6910726969182
439.4861187870065
434.1677398624336
437.0257395245722
438.0260736264519
435.4776325564896
433.5903981221086
435.9545663885544
438.1419558503419
433.5408238715874
447.0863294171273
437.1255892090278
442.5220526194664
437.2964075408393
441.4278382173236
436.0517329344228
436.6380088311359
436.6214966956646
439.590219642128
437.087463434601
434.0126288766206
437.353279941289
436.3958661057918
440.2143333856544
435.5283546442582
437.5639913055316
442.2442354850618
439.2900859513439
436.1040822498036
439.8316550986183
436.201262178762
437.2798409225464
441.4330212781101
444.1939681639207
451.082304209671
437.9716426204246
448.0817278558636
437.7312413530626
440.8166101417527
437.2842027519303
435.1139527927882
432.2778764794831
438.321868751146
440.228620567442
441.454201652691
436.0670631454625
438.0031757227754
443.515441696058
436.0357322311939
442.5799947270924
437.2600230851027
432.5262403642404
440.0675317911192
436.358306547879
438.0069923177326
443.7980928567503
435.2447707205954
431.233369955656
442.33442905384
440.0295095370761
437.0217429048053
438.6398552799154
434.480503388076
436.0029302119308
437.0941974918034
434.0751769163288
443.1085488059313
435.1260516637403
442.2762494834888
435.3677721039797
446.0636988350263
434.093076736191
435.0899155576474
438.2087355144068
442.0260824609535
433.6619878239993
441.2012469240038
436.7223963664146
434.2078997577412
442.0026931796665
444.4269943743539
437.2038551281601
434.6061990555966
436.0054952067348
437.0443719471227
440.7926997262999
436.055360552501
439.0474379731766
437.5448718886482
431.4319326264601
440.1231346201449
439.5755381226923
437.744745435956
438.1243877296772
437.2482391699313
436.5947315988765
437.204249364569
439.6738948120042
442.6014412346407
436.3966454991479
439.025560915862
438.3721766843823
438.0482043075875
434.0330072908781
437.1956433280208
434.4661813677101
432.0914604503558
444.6681093746461
440.3581366522387
445.2881038552848
446.5790032344268
434.5147541461065
438.8072021030724
442.1286544815946
436.3898283082069
433.0212493161258
442.8307404328742
438.0383491632414
444.2785903022208
435.6727828630812
435.286939473641
433.0531429755193
437.6775201621732
436.108803236965
445.1063541371522
438.1185150139351
439.486982243755
435.0004723547076
434.0496590136457
439.2461130923601
435.3720352520454
438.0255648274988
439.2206295114415
434.1862236359641
437.0702290352129
441.0216099602815
440.5997501082931
433.6207131783769
436.5223075244138
438.5372469928262
440.3555895386982
439.2764981564135
441.0588454551626
442.5806668978538
438.4464971881069
435.2166751751026
435.1996538875391
433.0345924267475
440.3654506345621
434.0977642743271
436.5086456292851
452.1299948044687
432.4284839684295
438.2422813083504
444.1726082963805
437.2081565310687
432.0081998858589
441.9742267098852
441.1610795422169
440.0487060246217
437.2550337993578
438.2384829424776
437.051530550184
437.6114686156374
432.4478663933601
445.449500716193
434.4146755777951
438.3167155547486
437.1035947113186
435.3320845368269
434.2057088576899
441.0762804365967
441.6715185965137
438.1718321481761
434.3701455319056
437.38760679206
434.821329375452
438.2819016489983
433.4191946173927
434.7300245983477
443.0888207010486
440.2925892290876
446.1020209804435
434.1814209992765
433.4269451525448
439.2055612338892
435.0999346433822
439.0404998519082
442.3912183740129
441.2717700484607
438.8536123102855
434.2385559716369
440.1319387218928
441.0838055850465
434.1871068598347
433.1716174498546
433.6990722603574
441.3921949105042
435.0823114359906
449.3065289614473
444.0863294237549
440.2046063201584
443.2958934330968
437.9327874066039
440.0335760993627
435.0324486551328
443.4446448819879
444.1628736748384
434.1234764925637
437.3680931432224
440.521310126051
439.3050994728332
438.0230180587311
436.098370130067
438.6691829996531
440.015244652066
441.1019139966496
439.1444220498984
444.2157648980157
439.2314156361711
434.5047999772732
435.391412076994
437.8957711461067
438.5046263575087
435.0680563495467
434.0403986288235
432.0271981095333
447.0379740720085
437.1611102233161
438.0271488763232
433.3920040703296
439.2701324785161
448.0105914237263
440.1375201871754
436.0091977851807
434.9200995230296
433.4445539395588
434.4399795076723
437.0628299204853
437.0338490196164
440.0860992067293
445.123695156559
439.0850712355573
434.3726179090542
435.185189492947
438.0388849282082
431.0035451293229
440.3567342936905
436.4698123836306
441.0287167648262
440.2881417279546
441.3285112934378
443.402559385055
443.7011646978781
434.7026677713363
443.6257635178649
439.28424800984
446.3024984329419
431.2634797758901
438.0118599873212
441.1449024905999
440.2883587732878
443.3289754801844
435.2758032416723
437.3974018897088
439.0436035948046
438.0285403619098
439.1355764303663
443.3146680945801
443.8364355983535
435.8428820312826
448.5050420983753
434.3701301743211
438.3099483159015
439.058643560181
437.0503023320558
447.1301158856317
436.7902291086256
442.3834222225926
439.2056072472554
435.3770903900198
435.2887441306044
446.8516736214597
437.0172768272994
438.4060443933916
435.6928389124498
433.1654052674816
443.2014480624672
444.0704271972716
434.2702824848219
437.1795593435901
440.0307513770161
441.5690570652732
437.2049046702214
436.2787125830544
443.1357887153169
431.1225756719015
436.7676342517004
436.3529761539008
440.0561568740203
437.1890412922892
436.1659173297002
439.2681162565108
446.3535792134304
442.431235344317
437.5243099259302
447.017374344846
441.0504823911963
436.0555672206406
438.2197285464175
432.3375664959666
434.0960380468661
441.1066277053725
438.199418785913
449.1272969201113
437.1307679246788
436.01009250362
439.60831643455
434.4381532330026
439.8203669422887
436.2692668834662
438.196770500871
440.0318336864258
435.0243950099461
436.032269971497
437.0858543354015
441.153674026622
441.1643820644123
437.3957224464291
436.0724885485188
436.4352142127006
436.1163618507039
441.1294328236957
431.5705460178496
436.8980997666682
442.1823297559391
435.0128061793368
434.5543368857872
437.3003276606806
435.1110009387033
445.3569059217173
438.4487506506507
435.879640786151
440.2576373019966
437.0548134186266
434.6795495650342
439.1423008132177
448.0797563426377
440.569661620985
442.7436425349931
437.1145876651724
440.37540776108
436.5942581802002
437.0231742240297
434.0788484957152
432.2655604584868
439.2967664547617
439.2805832400846
437.1417607942895
437.8166397064827
443.108549344922
437.2169048134309
436.3850637984668
435.3963613665637
438.3394662724078
448.355808218818
450.5995885979393
438.1136647109867
434.6029188905914
435.3157511498841
435.2009380034556
439.0023912256194
447.0841199361568
436.2544647456027
437.3985041725044
442.0533167769552
440.1854768094113
434.0462491594033
444.1995565012201
445.0790486091853
446.0633071926504
437.0960445577022
435.1109837163766
447.554770152765
442.1167789321246
434.6290498188512
437.6729534105015
433.6641841224097
437.9552206813027
433.375453847006
439.4359336053232
437.8369831808818
435.0578538574651
440.1299588242591
448.3759306006762
437.0837542201225
443.644724443883
435.1257892158148
434.0511280909892
434.0817179949652
438.4458544678963
438.5171309704938
440.4076698295686
437.4462978820854
441.367345621213
444.3445806528554
438.0608495441769
437.1213288310632
444.055576515461
440.1159214391649
434.0869171841305
435.0751340508116
446.2905113869687
443.2108709955467
432.7209621534817
433.1608400257051
445.6785267516746
435.5218407174312
432.3305150489153
437.5834868967276
439.6685337550775
436.1507188173283
438.0681642643709
439.1872624169119
443.2010623350839
436.5922263975185
437.0590339398933
444.0159909737796
436.2289551409512
438.0695712722062
440.41901000967
433.1011787061724
434.1549729988706
433.4160024733801
434.528522501855
443.2084801079452
439.5258418456054
434.1189176915482
442.0445318487596
433.2510746654527
432.0084527277476
436.9269603217964
435.6462769906742
436.1105568389338
435.0476942280064
434.2151327856818
439.424753813442
442.4028453586491
443.3205584423014
446.9892953786206
440.2261615953768
437.1503368572425
443.0917328887959
433.0810796581891
441.1033383437467
436.1671587279326
436.1096533405205
442.0393733494274
441.2608704249026
443.112448586104
440.0250191706513
439.0332014581604
433.4636569362285
432.8344475969743
441.642246934319
440.1246217843868
447.0533321385258
437.3760599342692
438.3957722595809
432.9333607520751
438.4264875697185
436.0665145613824
438.0620938748808
439.9533510477895
436.0534731647119
434.5803235554365
449.048412036806
448.0324721981681
433.5361294318569
435.2339567488162
444.0176971577023
440.2058719299803
443.6029216113874
440.1003614032149
433.2436315345697
441.1697974826437
443.0226319856374
436.0803874407275
438.3236160303416
443.141955147408
437.3280721208633
436.1734401823684
442.0925576340302
435.0714844202839
432.1377896329212
442.0244985626492
437.125985474258
438.3406324051628
435.0721906563122
435.276057874212
441.5591152022627
440.406488948388
440.184140124774
436.1425496472404
434.0528899845133
442.8795282354093
432.4679687014607
436.8568579742586
436.0258744560106
437.2058452923
441.0768939396225
441.6255797251919
449.5325827227405
436.0554583581275
434.6714255264108
434.3610465125935
449.3360236913251
435.3063939156755
443.6231576655942
439.5409219940353
438.239778141824
435.989407140357
436.3309876477538
434.0243940859209
433.040647102381
433.021321275858
440.3593549387682
435.1330516082435
442.3926416904494
440.5439490765322
436.6623451215729
446.3964020354817
437.2349068481325
434.6117216042512
437.4164438913668
434.1023616746082
439.4014437516952
432.2385223632286
432.9024684041737
437.2033917117499
438.088039202234
440.5048634149776
435.20642224431
445.1113269704497
437.3255160110597
434.0343722009951
442.4564522943403
432.036850759609
433.1007397082399
439.1633889277773
434.6951213865126
436.2503656904902
435.0407666215354
442.0256639771433
435.0501827458706
437.6418054502641
437.487623663896
435.1188338265576
439.1303326826052
433.5327367194899
436.3632228056036
445.2373302550084
432.0118852620563
433.0744551433294
437.8081808334073
434.0172551997184
434.0619076327088
442.4100172975469
435.6834901643649
435.3900381600694
436.4392511006988
433.0007861140539
433.4882418957342
441.0048130419256
444.1736264708177
437.5069575304915
438.0366830182102
439.1252601512168
438.6503492941332
434.4642167613976
441.5171749634121
435.3388502834121
436.0228929012555
438.1158706679978
443.2041000787775
438.2492384306873
439.6722214490851
433.4073112125783
441.6805518135201
441.0464505560749
435.0462244367437
431.5421713225492
437.1013513455433
437.6676624812996
435.3091714200693
434.0015315336826
438.0600757044868
437.4592334372148
438.039535789129
440.6229304229172
433.2138479240906
440.3503572351821
444.5468450124513
441.3966297498069
447.5380935041304
438.0163904066661
435.1757129659771
440.0618535430626
440.5652784491573
439.0833348742394
440.1007033228771
434.0172785594161
439.4076920739059
434.068547691886
434.7696264610398
436.3497952735788
438.5942439837569
438.3148286355306
435.3536961562158
433.0574359384324
439.1474602901704
430.9981543607682
437.2018868449266
438.0367518791479
444.4449318454048
441.2559448399281
434.0911833012332
441.1922695080368
436.3260791260892
438.0039868591973
437.7802383065426
435.3841791838447
438.1408668912998
434.0450470409954
435.2344486546398
440.207711972287
438.08493210676
437.0491800219587
437.0561949089344
432.5570989156946
443.2296320728406
436.2888150101346
445.0963262810497
435.29739868408
438.0353406977897
437.3911845636528
442.141007735039
436.0120993530224
435.3131536332418
432.2397237388429
447.6738315359668
441.0638327379596
435.4167005737073
433.6929203558479
438.0482223092649
433.0742632277779
443.771447255711
436.2344851458407
438.0718867702893
436.2073669870901
438.2348366940378
432.3765603493838
437.0506472811245
438.5801849928775
432.9671663604328
437.0590466643552
444.3057741283624
433.0270980583369
442.3292642960188
436.1795036707341
437.4962355890559
435.2050492604328
433.9925641596906
435.2652543481186
435.1146047646432
436.0924639417581
434.3744846030199
439.5340508182452
440.7443270972974
443.4637508938828
440.6595370596406
437.3380537931944
