826.1468754519182
826.0450562709971
827.3120424651765
827.2474862695252
821.9068105866021
823.7414778490428
825.0047926226488
824.2319704428431
823.575649511051
826.1689111939473
826.371130406389
825.5401070592235
826.0206070597006
824.7246071470113
825.0301190556893
823.9247560185206
822.2904012969169
824.3524032284507
827.4998695369462
823.047341264193
826.4938097847388
821.5791411667175
829.2794646493655
823.1903287731848
823.5745186440037
823.570752124742
829.5482395424184
821.010962803414
829.0469257667862
827.4505012882355
821.7097340515927
828.2000059962467
826.6977386714232
823.6178503777402
836.4800170937939
822.0905088810546
826.5800156365661
828.1419856885628
828.2908332651717
824.0056963490747
822.1557507357802
824.066839599906
822.0652139458196
822.232300460824
821.0811495091876
827.8474382660761
825.0821979700353
826.2224427852453
821.3459922293991
826.1983460914496
823.3642494482194
831.687510588706
826.0358886840085
825.0137703997116
828.1691123410245
828.5988070236743
826.2405142231005
824.0153465439281
828.107081526494
837.0390959422034
825.0731853641195
823.4543848062494
826.1585041489363
828.1129952814721
822.4233022170059
833.6897816489853
823.1492177148848
830.0377015974453
831.023204990148
822.5448978947221
824.0643713780216
830.3561371490208
821.1025503723658
822.4510820263627
825.0560394753562
822.4257458085298
828.2875274388967
829.5802246378989
824.0415685853011
827.3214779597602
826.098179849479
824.3201052364823
823.1142713177965
823.2236060373237
830.086554909629
829.9789601829793
822.0498102560913
827.2346075983669
827.491242888496
824.450873948096
821.080609585849
824.2854422737196
830.3016715694318
824.7756832768225
831.1698246100281
825.0993699367151
823.0217098629857
823.2496812294478
821.1832093095067
832.3845331693751
824.2030612863476
821.2071462693633
824.3646487133044
827.1439046340556
821.0982992850112
823.2297828245876
821.0871347165524
824.0021814665467
821.0101019596065
829.2811675770375
824.7243122962682
822.2291676633243
821.1859979023493
822.074337176053
824.9323142251634
824.0924296936257
822.3534879839821
821.3059033871572
826.9116391176824
832.0690235737325
821.0366047349376
826.0419535194983
825.7421558145239
822.548414518957
821.0473654774028
823.1604046233589
823.3792307813547
828.219410541034
823.1161778133895
824.1738665566767
826.6557542409745
822.1155902629973
823.254372351728
833.0683917520131
828.0581285534498
823.8688514217305
825.0157750376372
826.1535517393754
822.9213632994137
826.0837336953555
822.868471709335
831.6121771212979
822.003490401061
823.1074596156479
830.6398802911198
829.202493177046
827.0320552007938
823.0572312021081
821.155229564364
823.0358877026092
824.0729805205402
829.9533531077237
826.1994161633421
824.1103735599797
825.1385319824201
825.9033702760341
823.3859475574923
824.0522098749203
825.0551678408725
828.3292230536795
826.3298868848233
825.1868815324974
825.0531664710212
827.2595396229466
828.0154214046522
822.206723649359
821.8771455603329
834.1646850934509
825.6277402226376
830.7900133376199
822.1899886523113
821.0380097969704
826.1326549278765
825.5938857269601
822.6360441333836
827.5790375029621
821.0253958545258
821.3883303665955
821.0898197555498
821.505982571266
824.505847550639
828.124685723118
828.2524973542055
827.1682421967473
821.3818505539355
821.0937813748853
825.5418362389161
823.1273993812233
822.048682982898
828.2421184963762
821.2479223411633
826.6984134882188
831.253002715576
823.1886374865118
825.2681126837209
822.2855264909649
824.4230442507752
836.1647152907914
825.132171579782
827.8967938537743
822.1242825366453
832.4595473686607
828.1497641140622
824.2358120885158
828.2437495277916
821.0451115481291
823.3420862950246
829.3084638064553
824.8946752793732
822.0283595139455
823.0962584172844
824.2259371082714
821.7102044302759
833.1786430612026
827.1502622698392
826.1346130062257
822.1873330212597
826.1742810452706
822.1122603536294
822.3062567791923
822.0573002817366
827.2731974598356
825.1418847622028
823.1661275431419
826.0046005993705
828.3650627201902
824.1520211223385
825.3646328999529
825.0357965827775
821.0724921548671
834.6036986989703
821.1707975049721
822.071234432781
824.099775282703
822.0513941486303
822.2546012702485
823.0869735170774
822.0729172823978
823.1926922686159
821.7967956162043
823.2967576811084
830.0841885774037
824.0872675010008
823.5958522204143
824.0061891657308
831.0792103296557
824.0634808634231
834.1492137209877
826.4211740074048
827.1455915125944
825.1091851341408
827.1083763310296
828.6898563059061
829.4068563248288
824.0770901033684
822.2632443444691
825.1907600362985
830.29983918449
829.1656469401107
824.6623836922448
821.9404061287322
823.44065907394
822.1198759040507
822.2236559433716
821.138720985257
839.109501575534
831.0532245246225
822.0098729515789
828.2383119999876
823.8077067960312
826.3387454095794
831.230470518014
826.6052393734968
826.0762126253339
824.2011205077887
825.4146746797774
823.6689843704024
825.0793273764992
824.6638766311618
831.0874263326217
831.0135502431954
826.2362654669411
824.0606359094801
826.954961422813
828.1810161675236
823.0599866943089
828.1504556733701
822.3115011335718
821.093483307482
821.0268542370411
823.7388821772349
829.9230699138168
821.126373976757
826.618455001175
823.2667607640622
825.2594621207344
824.1887594581112
823.0871507895166
821.2886532808063
826.9590984330863
829.2255337975628
825.1693510246879
821.1329886712815
821.0693205635024
829.3139094019106
826.0894680142843
821.4730497125759
822.7213060511725
827.0111218991598
823.1345249416107
827.4634675716364
822.7880819230708
827.0457440973091
829.0850965969012
821.2789464756471
823.3172016056433
821.3611822232137
822.0879661102188
828.1215261747047
823.2625876891192
829.0947595324021
823.0393871910094
832.0544659481181
822.0811976836599
822.0156917990125
832.5412823615515
826.0333125329876
831.307346832112
823.5885268871525
821.3419415248615
828.0917032766386
822.0094688124168
825.3153860385146
821.0782368984029
824.2095918921573
821.6227841531394
824.4592915232515
835.1809341671624
821.5952190997974
826.5928059930062
825.1747451784422
822.2782870529213
826.3828038096959
822.1164722514892
823.3546560347143
826.478123331473
825.1254855753944
824.2039774171806
827.1696822293842
839.0132762203795
827.1479134871024
821.1255234065002
823.4637052908469
822.1881435045825
821.1494090373459
832.0454909499526
822.4483164936329
824.4985269144686
831.0676108262876
827.1416108668916
822.3532195227199
825.0960799345246
824.601189328418
827.6473085545963
822.1313368108565
828.181952274402
821.2676293805769
821.4328207949262
825.2229990583543
830.191242967174
823.1572048625568
823.0838067197932
826.1596033962104
823.0718029418146
826.214345460478
831.1216329155641
824.354470251115
825.7239648600037
822.1099153867979
826.0578212976149
825.9469022960791
823.4329716747746
825.5257999167144
821.0969354342828
827.7033982769458
828.2849064172012
822.5187360788434
831.2461703612569
830.0980980264254
821.2513321746688
833.0333939591385
827.2046293062259
823.3918741946724
827.2359967379157
824.1632029974589
822.415267334308
822.1082303460004
822.2529179932709
823.168520000882
821.324029366201
826.0873443196205
824.0921708503666
821.0775663603741
824.1747454411704
830.4186324452431
826.0723053904921
825.0658739666974
821.224684465554
833.0314203204463
822.7577651713884
830.164059030194
823.1659655453565
824.2275191985713
826.1788104116814
826.096101300603
825.1344501497995
825.0398400808058
829.5462655110226
826.1705545491353
826.4459776809214
821.0639738185669
827.2062857189496
822.6348668896757
823.348344068431
827.2132441336461
822.6698352550375
823.0729362399811
824.1484552414926
824.5291239072903
825.760607645279
825.0614984448758
822.1952319447104
825.0437234004938
822.3798543361944
823.3579427101972
821.3560248280983
821.1291729008502
824.2594013106353
821.3138435853226
823.1206598215093
829.1911676701017
823.1077374315921
832.7726205639124
823.3926120981038
826.0770083346737
821.0748258571721
824.561519855196
831.0516654754827
825.4359967312887
826.6567406771157
829.0300885470347
830.0134294791178
828.186803385125
825.0475428304258
828.165432595819
822.6428462956648
821.3705077816452
830.4693510403451
827.0165634292068
823.1151473754954
825.0077149233224
828.1294989703938
826.1070646292885
822.5108482786566
823.5113149521759
821.4166877519318
825.2656026560106
821.2169916230519
822.1798374879061
829.2600473597184
825.6412487290547
823.1560706529399
823.0352666117201
822.1214122226344
821.1067665427154
825.2042144063955
825.2883647703721
827.1410015994364
828.4615336142652
826.1095951022182
822.1138954770604
824.2268858928433
826.7938410961292
823.8620012310992
825.1663290475346
822.6611377278646
830.0814956862592
827.2662056690245
823.2793575638661
825.0694122674576
825.0632817576568
822.6831250887653
823.408251688103
824.1495167720025
825.8221586032982
823.0197735189672
824.0920356809803
831.3637919176343
827.0080007991049
826.743157315241
821.5481970278332
823.7556631067773
824.105419501037
826.3577459281111
825.1036620917312
826.4124775491213
826.5176834559315
827.2719287839782
822.5028672955538
831.2251504355065
827.0995750116477
824.2885381604059
823.2514842006623
827.8182094373352
823.4686761776402
826.4310842839684
829.3508645149925
827.0768436701303
821.4158555833963
826.0774763002054
828.8081177353232
822.0406799237793
827.2557704784856
831.0858032322097
826.0301415901597
825.1500063910822
827.3265897495573
823.587006983687
823.161947751774
835.3830005519989
828.6976795080544
821.0708225789824
821.1136481700187
826.6422323034996
821.6096439064303
837.2478243523359
826.4805558843212
828.3199405237494
824.021443145946
827.1818041359735
821.404696802241
825.1988792421678
826.309048116753
825.7142559478153
830.2018569061569
821.3157674908103
826.3405024599721
827.0931109877838
822.2415567230388
822.1904330191721
825.1368192940737
822.1761204536291
835.2734836545745
828.3150469796367
822.2313540594982
824.1224291757462
821.2569978238224
821.457059324458
825.0741487168048
823.1533173832117
825.0335210889962
821.0215817494873
828.3568446486089
822.8762223199789
828.3631318879045
823.1634351159861
826.2090526868902
821.0325503216461
822.9845213483605
825.3088105849002
824.3909834583048
833.0677704122179
824.0540189413985
832.3353739087945
825.0258531707094
827.6805154795151
826.0598146992777
826.3979723847209
828.0796314295131
822.0497299049802
828.1802896944826
827.7949071922136
822.2280385121766
827.008019652326
821.5832125144194
822.1198839529065
828.5196144179129
822.12883773876
827.2088729160234
823.4202773073667
822.4602841963431
827.2606346503417
823.2983452717316
823.1138407967874
827.1696174650576
830.1200466981094
822.0562060411463
821.2063942688237
823.0698602727344
823.294508898178
830.4608607182555
824.0921610537628
826.1671346744272
824.6322669479893
828.4312496753159
822.5606654769142
825.1087743499779
821.3801523528027
823.0597470178393
823.219012070759
827.0385153689397
823.0859270735793
827.2528702973863
836.2781714562697
824.1164183282082
821.0995735308472
825.3744016195159
822.1905860426767
830.4868156441752
821.1481429687802
824.0614655563933
832.3713732027044
821.3634972661076
822.6352615859108
823.0722806850788
824.1302218601006
824.0064127485736
823.5006869846325
825.0377578032521
828.0525394353078
825.2101136100306
835.5502521080914
828.4270614276993
821.4317731422235
835.288291985854
822.0109539613741
829.1830974329955
821.2108811822295
826.1055149401936
829.0048544483282
825.3536240056291
825.3320363332144
828.1013843949403
825.1576486624685
823.2948567578878
823.5317851769925
824.4273488000625
830.1666906712053
824.0951700848298
826.2454908266042
831.0667676186737
826.4776191770006
829.3887099758724
821.39202063083
828.8437999379818
824.511993461949
828.2053492435123
824.1231870784378
828.253903848927
828.5694867533804
821.1893787788483
822.9016689997607
821.1731161264368
822.0286222917828
833.6747655449622
823.575740806277
821.2600275725025
824.374987149342
825.0970852469701
828.2376963210304
821.0590629923554
828.0374945411704
823.4373389195123
822.1840408942893
827.0343705642284
821.3494238489518
823.2668769808575
830.019487945841
825.0565797772534
829.1433512617882
831.623740476261
827.0755547388444
830.1810182321922
829.099484053579
827.458625243399
826.7807189108909
822.0425559617387
826.920547298431
830.9644904493953
824.2719486083032
824.0926706772607
825.0293758806139
822.7305814134288
828.1618741668157
824.0490534162678
822.0797805373389
827.587960800054
825.6965613845406
821.0320725716393
826.0966070119835
831.5749209510636
822.2236221449963
829.0862318028459
824.2259642971453
826.4464461784959
824.3690991551914
832.5661424914351
824.2189737171858
826.2654608956531
826.4374242303302
826.0250681998434
823.0165485671855
824.4113082368214
822.0422512737214
821.1974135678831
824.1260293060151
826.2678854585733
826.227758809758
823.1492167472197
822.4289299006851
824.1314433261232
825.7885245889478
826.9261114407439
827.2092920868317
821.2144313335937
827.0560690720156
835.0295814899541
821.4976371532887
832.1922835991649
823.1796343204566
825.0322266270435
831.1716124610352
831.0297994856652
828.1037218627632
824.384991623069
830.1726577285293
825.2670399647902
822.3808491495573
823.0525671326294
825.0865603606055
828.3911048865589
821.7784503532507
824.053923872996
827.3877319603433
825.9312137496389
830.2826452680255
823.3928229817343
824.1766491036052
823.4539037943016
831.1523689331337
823.0093932574882
824.0853958882795
822.047667331231
821.3711557073561
821.1456010680606
827.0087762180889
821.0167271041473
823.225767738987
825.8443660492517
823.0614666868483
821.4649205986319
822.3548996535283
821.0035674393275
823.9852949995807
823.0127072765397
822.2117639979413
825.3155281142352
827.2529404225708
825.9574560723962
828.0450991571008
826.2659388928815
832.1464339278086
823.3568331783599
823.1058227679505
821.4174243007635
823.1898226619579
825.2817183187951
822.0206188833072
822.1987660846534
825.3282528045155
831.344819296512
821.7253714695152
822.4131410057913
825.8470779272242
823.2610567149851
823.5959532392469
829.953547466079
828.2964633207824
825.2393520498716
832.0036053002442
826.2290451809791
824.2873723730928
823.0391633436707
824.7254190941607
826.267110400604
830.0062830132422
822.235404837796
829.1299356129128
821.6416755151154
832.133286419402
827.1619944204975
822.1244148248301
823.0661391348758
821.0877448970322
822.0130965706447
823.8122464065639
831.2972519063163
829.1236637766932
830.2006702304815
828.4501230935157
821.0530736001587
828.5313521145964
832.6237166367558
828.4291174108788
823.2506038345413
824.0617614635873
825.2970269892984
824.0024685779935
827.130718585953
829.3030849807388
826.0370272399393
827.3493132179161
822.057371530299
826.3635396022381
830.0726999931015
822.5677530145192
823.1448443187853
829.6237778887458
831.1791947371045
821.6608066815473
825.5460282765193
824.4077825000323
821.5586355567367
825.3664009445025
822.8688612216267
827.9683244905332
822.1377163139288
825.6380858292323
827.1596740544667
825.112962766647
827.3041366747211
829.9518497108307
823.0512349895864
827.9948158862602
824.1788250413761
830.0169270258783
827.4595901502335
823.4462946060437
824.4468307043654
821.3772023839629
825.2600236715571
826.1153577682335
824.5223267274022
823.7040184723655
832.0841698384488
824.1323722464506
823.1763463717198
824.3178411566729
823.0987609709065
825.8298264278777
824.1093009134242
822.6989235601587
831.0100734432225
827.0207855515803
823.3416567674077
828.3120560484301
827.5071185511797
824.1106668196326
821.2093256851142
822.1058693543077
822.7547717824341
823.0259025564163
826.2900170840716
821.3089177608554
822.8580829462376
822.0534648813914
821.6133884252015
823.4218710806392
830.0955700687483
821.363589590329
822.1949890268629
822.220983978836
823.0305373668799
828.0166133262979
824.2185355569655
821.047060425738
824.4550218246288
828.4899449120902
827.0775047047446
830.3916042645794
825.0331288554114
828.1120245818622
824.0065688089112
821.6958169356417
821.1560172857362
827.3642751256716
821.2595310415504
823.4380194586561
822.0784899154635
821.5058055234982
827.0640507414658
827.1061871548347
821.1631472574569
828.2330071994015
823.2869465592711
828.0145792088589
828.015412136176
827.2327284912755
825.2321116849183
823.2459847181125
822.216654123233
824.1593539884159
822.4749902475793
832.0440634282138
821.3495441066946
826.1226913306681
821.6982114722487
822.378176999905
822.7951179140374
825.0007988363051
824.0197268170391
825.2478685441669
824.6279042811836
824.0362761485277
823.4124622675348
827.0097813400026
826.3322314749503
821.4347909093607
822.3629808004209
822.05100122134
822.095481789019
824.1041511394133
823.0353759223337
827.7220160027389
827.0719615330042
822.270082313928
821.2291843457142
822.8320119878229
826.2034845068988
825.9561022043329
827.2968279182112
828.2089726708103
823.0238130540613
827.7443254043327
822.0447852758521
825.524745755479
821.2291092192058
823.1970244602657
825.2210828720181
821.2047958706871
834.9516730289254
824.1149903596312
821.0743237447842
821.6897503300522
824.6696834414429
823.6438472826902
824.1156704634446
826.0967799779368
821.08006282042
828.2124646214253
821.7618188302719
826.1849504955925
828.028652121232
822.3935607390515
825.208502735506
829.1852822749811
826.0364380914236
830.0438479642419
823.3149941484374
827.4699277299183
829.1079463833411
828.1650301010644
822.050607601336
827.23873946895
825.0140717948235
827.0555927500136
821.701296531183
822.1868022237103
823.5304950933796
821.4041441963486
824.2375067879921
823.4731041496066
831.024835407344
823.4841835747391
823.0623875685292
821.481965558275
826.0255529589491
829.0309193729236
830.637346821032
831.2505985876026
831.2071533998222
825.5456663887899
823.3253046862317
832.6823388247631
826.0827851344225
831.0223199029745
824.5317682484167
822.485317597129
823.2010517652083
832.2008215760753
821.0382131855116
828.3276600343336
821.414486983404
831.7658486614913
823.1004295743169
822.444384077118
825.2841729924239
833.0894086969952
830.1170429269736
826.22172641187
823.0194086658316
821.3761020727972
829.8873643618764
826.0150316539634
825.2879041306298
831.0171050644507
826.0652439433835
827.1645295530747
826.354334477112
826.3000801007914
822.1172062696749
822.4317821800067
821.5497421370306
824.1071574277399
823.8398569748206
821.0956081716979
830.121030085387
829.7075923141921
826.0163961357474
825.151149846604
823.1489649148851
832.0178817916063
822.1770575972565
828.5117523924418
823.1399645971626
824.2772655013789
824.1601405422767
824.2030256898593
822.474757007164
829.1380727348604
823.4698205312782
824.4375608490209
826.0325828274304
824.2056140097451
825.1444771643021
824.7635974190758
829.320821492814
822.1597703413877
826.318350581191
822.681828079399
823.4550189874062
827.4989464876305
822.4664379146067
826.1190367166944
824.71012076607
823.2233432075367
833.2992329515012
832.3580089640585
823.7402212771502
821.0161880401065
828.1864818064098
828.4262310873122
823.9606740086083
822.0790127967673
826.8707417548262
826.1410110642789
822.3132825353284
830.1628258866984
826.001619460899
824.5152220353776
829.2354591021806
825.0994252207042
830.3083265974794
825.049711566349
830.5177166293839
825.8026677422537
828.4284429600749
822.3677678047665
829.2196465146375
827.0506538077093
826.0768401958607
835.1744150387265
823.0841651290041
826.7224179773559
822.0998139750172
823.1423218564435
825.0514027022253
822.1182442240628
825.1068466473131
824.178838114008
827.6084557106481
825.0340035195946
827.0642212773333
830.7230538333686
823.178828624537
827.3601646132885
824.1697391942275
823.1264193473993
822.0916245951928
825.1036607605961
838.6106522919719
822.1751130844194
830.1682789975591
823.1961513372764
822.0703285242276
827.0539235812425
822.1644472239508
823.336867411903
832.1195244057542
822.1833552361446
824.3290682224178
829.0350166043135
822.5020634972084
825.570274319074
823.011903322337
823.2790780541882
824.1817594521095
827.7926506778128
821.5632867157585
822.19382692272
823.2801898358329
821.2944859335519
828.222943926108
824.6332327678464
826.3581297621555
827.1141088405814
822.080521845949
825.4388310458986
834.9675856407212
830.0707515773099
822.0485899291192
831.6678455406915
821.432514249249
828.7159427565075
829.1938511303922
823.2590850270651
827.6064074580003
827.0965315127495
823.1346245295532
829.0108898224431
822.0543439288857
830.518975791764
830.143357148115
826.1023359250037
830.1119050486294
824.0455982061138
825.0362229054206
822.9085312370954
823.3040991799838
823.22334994231
827.3245778767483
826.5233487567835
822.4953195015294
823.8647535125912
823.1096842715183
825.5579368036582
823.3849539938241
821.2623876595679
827.2185377093433
831.0244120511285
827.0106757499317
822.4697583414234
825.0697116884828
830.2282184562309
829.607422497473
822.2188450969346
829.7396611696744
825.1459106232068
826.3119993496832
825.7003141002517
833.2401563336351
823.0806774183148
822.9079257613927
822.1393124068248
823.4204391718505
828.0532207198371
822.0719399356993
830.4311734646304
827.3332241188696
826.7520402823897
829.6496365955097
825.2288931811778
827.4758530867919
822.0248083725148
824.3437669831213
823.1215479942842
822.1038892898965
826.3001953469992
825.0043132067905
823.2313341738384
829.3464090142846
824.2397344791126
821.054698970992
823.812823172525
828.4821996534624
827.5763035274645
829.2767687104858
828.0964178322859
834.5810898035936
825.0312240309497
829.0451741190573
824.3595053404607
828.1436754475252
827.0326861879976
821.0933533215599
827.0416399645866
821.1174310868918
825.1966997091376
821.4944257794888
836.0952211750292
826.19006922344
821.6418306314727
825.5757491800796
826.440918689987
821.0283672301186
821.0566772879429
823.3504459671987
822.1627068331494
825.1721786262823
822.5210501170574
821.6261069718338
824.6419601082547
821.231844689011
832.0477803331854
822.2217401320332
825.150172341952
825.0898576801046
821.0352519769175
823.0600149121261
821.0959287005402
829.0598608065253
825.3409611219007
824.1923515199242
824.5224416375806
824.0446613269255
821.00068396186
825.4066168495425
826.0868049372496
825.0771101925818
823.333247848603
829.4315844050172
822.7735471998624
821.2297302073215
826.7084558833329
821.166674715787
821.1021176297821
825.3847102683605
825.2181235401029
823.4529591715145
823.4505212205638
821.0996235456611
826.0760577459699
822.4588083664848
822.3070053220517
826.2529609874399
827.5921240214583
821.2463455213402
821.354201583282
826.1734495196628
821.2177892160946
824.1582816188086
827.391747390995
823.1387900308463
825.0983641726583
822.0766972850441
821.4558309767265
827.1106790520163
826.0012311658777
822.1642585916431
822.1907908252641
827.2787615887914
826.4462188531626
825.1228703141771
821.3300283978308
833.0101457969639
826.974656407184
828.2589611426641
821.9819021791185
830.1316129276513
826.3375565506852
826.3075450877334
821.1394070206522
821.9724344182956
827.1299930521254
821.1302618633371
828.0632803924593
821.1217839233277
826.4882395505352
821.7370268623421
825.2438499635873
821.0843168873665
825.2577983554895
823.2370896681771
822.1793289624193
826.5864780391853
833.1985264683443
830.3842503337348
823.1256460348022
825.6013897710168
822.0447520878453
823.4103671571222
821.2557560525582
821.0636548435075
823.6721644833607
823.1616886341844
822.0575095707492
824.1196793770674
829.5887928473807
827.2052379962255
821.8716400950086
825.3325034568205
822.5902775159528
823.1897903405295
837.4954561169301
829.2237938514553
826.0866583892716
821.894689975825
825.9316355560504
821.3658568607447
822.0473632965691
824.1890776850206
828.0863546872882
824.4214552220232
822.1178432698605
825.5369215826934
830.4210169852528
822.0130667752967
829.1005692532533
821.588946022052
821.1169110573762
832.2367466604986
828.5314038272967
821.6061516238431
826.0123863047999
823.0691748928422
826.021155668062
828.9347166375004
827.2687099591692
825.3440686238226
825.6094664933856
824.383394306872
821.5218941343014
824.5326701235501
822.1889562781142
825.4071884776489
829.4550844426234
826.8388764354568
824.0737211290864
830.2290516007301
821.3629792002264
826.0466736134124
821.6665645779456
829.2844976369846
821.4172659584768
823.1308421857633
822.5600946662667
824.6018212000199
825.007016593763
827.3475717399092
821.1647756583922
824.1592718960142
822.6035357259517
834.0764330408834
822.071414855045
832.8793763095783
825.0494455292176
828.1822601363701
822.4070436375642
828.1540380216614
825.4388010891604
824.079011529211
839.0013425431746
822.1502851424539
826.7109495351698
829.6204401878272
825.2305423697322
826.755094090672
821.749760840703
825.0159746026724
826.1011710357523
824.1662539286353
827.5046709998066
832.170094843441
821.0022314528742
821.2823370937153
828.1115119310914
824.0234392192199
825.2486254277685
825.0348119876421
824.0636591461927
827.0634405883793
823.3865966837272
822.0512815345961
825.5221616888572
822.9902262418602
826.3326271159915
825.3293822083677
825.7145811795602
829.400372348536
822.1736247055717
827.7726820434032
823.4462844072165
823.0016188293088
827.9451277326968
825.1260436288111
821.7122756062992
825.2529563954603
826.6023523602532
826.8727663133476
828.1389849255871
832.1580574729785
823.3325644913092
822.348621087806
822.8474669523623
825.8811143786027
826.1637843533384
823.3460397587082
821.7597166250662
826.537772477164
823.0700974774837
826.030134734065
828.4022726786299
823.1054977262464
822.2765593398132
824.2784084708563
823.0175122125627
823.0132598835168
830.3552565502716
824.1093463069144
821.0358521348419
825.0160793974517
821.800329872924
826.6092393095172
828.1743897248696
827.0330211897503
826.0988562130166
828.9117055913478
826.1897198212708
827.4158563981839
822.1567787605306
826.0654847290726
822.2233958103265
825.380224033635
826.3947910566408
831.1207723841466
822.4571049423888
823.1096643280366
824.1940366680886
825.1484660947621
824.0442399468055
826.5078588734456
822.0745960364301
831.0597954364035
830.0664348139618
826.1294583803876
821.0010113622044
827.0054753469911
824.4126703757933
832.7249999702076
822.0899339160951
829.0014884267611
824.4696290070258
822.5197625032624
823.9801724784326
827.2075142854947
832.1771337301857
826.1743452091565
832.1817411688014
837.1767134580207
822.1270836060305
821.9984993596446
821.0467171913184
821.0665136761565
826.0605676910561
822.0811463422565
824.4758738385262
824.3435582842686
826.6469541068197
822.0458460227624
835.678941479378
822.4260226132823
826.0408667297962
822.1785428053489
823.6143483806214
824.2108030039053
825.0859248711625
821.5745622341091
828.2393735244833
821.3530615215907
831.888292423029
822.2004081186553
827.3288492572232
821.4472142149425
834.1490729850927
823.0319572207841
825.2863484573712
821.4974820011481
823.0421071064793
826.2839325153344
824.1152111343714
826.0755461376584
826.2329339924167
823.3169089991574
821.3216337785283
826.1630810397719
821.3653587599792
830.464439309027
832.6519241621443
823.2332140678367
829.0002817499127
832.6880940226503
823.5212963419316
821.0037822754799
827.4592032516982
829.2630725573767
830.6618538314526
822.2245393947856
823.0748877564002
823.0162693605079
831.5817493397885
822.1268102175395
822.6277228888769
827.0259260590751
825.0600329605693
826.1940567241935
823.1074098150528
821.7120652889616
832.1389361177874
828.3108819957548
824.8275208321514
821.4573568722018
827.4046555685924
841.0799423545507
822.0743838101444
831.1390397233072
829.0706837742691
827.103822243661
826.079176670798
823.4053301712197
825.054602123543
821.2524535527268
822.0004586769206
824.4966886657378
836.2413604260446
827.7853278291605
823.4182996894185
824.1262911648186
828.9779139037914
826.1842931527486
824.0917476512992
828.3105303879811
826.0642397555199
822.3222958021315
821.1948598663603
828.4046033463596
822.5921419419277
823.0850471413081
822.1978906333081
827.2821173935986
824.2018093853864
832.3608790170441
824.2876536791581
825.2693082836709
826.0003010436409
825.0789207457167
826.8584450412558
829.074014122384
821.1193667631528
823.0932678252128
822.1559878607669
822.7396674618022
821.0482059637893
826.0583320732866
826.098293017673
821.2754779532611
824.0067096112671
823.3529704850718
821.2211580314208
825.3928200497242
826.2741693416286
821.0507887853163
826.035790405522
823.4538440789386
825.4028488047611
829.0327077412995
826.107687088622
826.3533575869955
824.1895609110625
829.0559079254685
828.3796707230789
826.2007028984109
821.6105083614739
825.0275184442104
830.5790160875218
821.0621859034648
823.0798156880853
821.9777073209486
832.3174122756633
830.277380374166
822.3103221915609
826.1536950926694
822.1402978766744
831.12055815976
826.1539476380113
823.0908781856709
824.2293482941803
822.2693657409006
825.4794480206673
824.8391791575082
824.016957983196
827.5252026094784
828.0267784133276
825.0886137024279
822.2764696456286
828.4735845651637
828.1199101479027
829.2928007423836
821.6747702852673
825.4388669297692
823.1873092659303
822.2946142413828
826.1536013993502
821.4787344024314
823.7768922154513
821.0839763964519
826.0872747844793
823.1935527841675
822.3288733502445
824.0850457526163
830.3020982233786
825.0047111528394
821.0142535591444
825.8244075636478
827.4739391669079
829.4191469854077
827.5218843915267
822.012708752805
826.0037752497165
824.1686359641658
826.0360886317162
822.2692092202689
833.597861579606
825.4949313121931
821.399095990584
836.0585416394592
823.0008820977781
823.1893775799288
821.4595425694213
824.914233979085
828.6368617190594
823.7794850057036
829.0093667181073
823.1511595185092
827.418653988523
822.4732118645751
821.5624565578717
822.0175002386646
824.0121555146793
825.2598318904915
821.8883590858244
827.7336690366772
823.0327340154753
826.035938817656
821.0499192929504
822.0382798775512
826.2131447113971
824.5214906611076
825.0061611028319
829.2823023943675
822.7915713880055
822.3305689187487
829.0217750924054
822.129939897173
821.4430834537285
821.4462508411558
821.1250975790014
822.1848860607266
821.5509792755639
822.0649570723834
821.0458694245816
822.4650521100807
822.1237374265693
822.1032274804182
826.4195912632293
822.1494738306454
825.2589263693379
827.6236422229134
826.1307126963557
833.3278400721642
827.1064286587531
823.0067269959774
825.7021168067535
826.1096276003036
824.3369449439994
821.2085732342957
824.2158068946218
822.1151062492763
828.3488542454987
827.1245446993266
822.0105025121836
824.3612957644326
823.5941206620067
822.1564111916522
827.0327303784444
821.2093435712213
828.2275157613174
827.0756701521495
825.6577380940424
822.0379700974527
829.096345001989
827.0232238053234
824.1590195747372
824.7187240588131
826.0031076129482
822.2256374498068
826.1230194430495
823.974248876347
824.3280681347071
824.2206332910727
828.2087861296992
825.6909558843512
825.1160556007541
834.0425468694773
822.0778198208244
823.0330974826173
822.2289908879427
825.0861444595221
822.0636741967531
826.3228763711436
821.0081211395647
829.4573782901957
823.1198523575101
826.4634283925044
828.4078070467491
831.0790548785646
823.0617205075446
821.0577435336056
824.1431803162803
825.017995560236
827.3567292977208
826.3432093766152
821.0989455202742
828.8295706948478
825.1459558579733
823.2225619923836
824.2294405810812
822.2153298990884
822.1093878826563
823.1312793474713
821.8431229568984
824.6565454069959
822.6531513030282
822.0235942400149
834.691938283024
822.081892327961
827.2686217395515
822.1158585803965
823.960858183674
822.110518758404
824.9118973024476
826.3399038780076
828.4044531539871
823.2122582328374
821.0940495613096
824.2699071879046
821.40321507885
823.2902177329155
829.0399572102812
832.3132223944466
822.0169703842513
827.8976117126672
821.4522401595594
824.6800344193729
825.1516597067307
828.0263759499271
825.325248721946
824.9281281955876
830.1212576755911
822.3029292884573
823.2584160839643
827.9019363487478
827.2327104432916
821.1789997081588
823.0883017618193
825.108301794767
832.4360191352993
830.0303111170161
824.2160983738293
829.7617262122104
826.1093248378016
828.1524695910288
824.21406427744
821.1938342841589
823.2355961882974
822.1762914083922
823.5329903966766
830.1470627156086
824.0735186403759
828.0346540329408
827.6726332255021
827.4922154842095
831.6522620506587
827.296041555259
826.346426639681
827.0800042144286
823.211859387688
822.5036984450977
822.2176330048547
823.5994727796464
824.3816551346297
832.1223110372622
821.7915009046945
822.2884240239877
822.3837897701734
823.3050296015167
826.0095818904703
826.0929024119936
822.3598003072123
821.6320486304472
827.2063080127605
825.1122104284137
822.7025313149151
822.0017833639151
823.0335842540463
829.3606580130925
824.1140295330756
826.7121206523235
823.0103083342337
823.2341272050342
823.4761364707712
834.1543662262259
833.2913805331652
823.0800380210709
822.1825071391494
822.6588019497689
825.0423109372521
825.7830019603949
823.0015112799704
825.4110688540565
821.0066543820353
826.2904483972346
824.0221677821789
825.4150988526304
823.0042160632632
826.1145048661948
825.497166548576
826.5451451013349
821.4442577363154
826.4738339909713
826.3501031494505
831.6439008891894
826.3331816065598
826.0421228818891
830.6931576276312
823.2784445981519
834.5591844823109
823.1295314485277
828.1512444842064
827.0164070868145
821.1483365578945
822.2299307124487
826.0951774283878
830.1584134465398
824.0092340944811
829.1470403670505
825.1936823923786
833.6942978697837
823.4351520703134
822.0489577251782
823.0291894490397
825.7617835966813
822.0430680940665
822.067770333952
826.3165153831455
827.905326293454
824.0102909838307
821.6923237343073
823.340518249605
826.0564856069919
821.7515661853515
825.1399381629848
826.6900414996288
822.4328528369941
831.0124225518257
829.0533621024913
827.4051325013776
822.0238414096005
832.5146059879138
822.1509654193591
823.1287934765242
824.1051557417635
823.0740552083685
825.1559828966687
823.0044118248485
830.0998586258261
830.439191867911
822.070159470461
822.3217070907388
826.1090717687615
826.0361434643753
823.0534601623568
825.0851489447717
836.1261063919014
825.0108218763182
824.3511148755188
821.347045024374
826.0094958986926
822.3614339404992
821.0656870897591
821.1254059967787
827.3171474618971
821.1884784517724
822.1790927269792
824.4121324523887
821.3647949200412
823.2998877217437
821.32577417527
821.2194927178201
830.7332225344323
823.3873992192185
828.0177512470211
827.7457368036881
825.1616850094864
831.2024397538501
827.0561712169986
831.0396711877771
822.119533823704
825.000404546679
822.3117823878467
823.1540776519048
826.1484393346418
822.0800942785097
824.4730435082462
824.0229074320138
823.1377444866187
825.0491733234586
821.4278056942437
823.9318718500339
823.6397228044093
827.1035552012748
821.0020937851068
833.3028160190875
827.483926271325
823.106242280769
825.1125637256283
826.1292944100804
828.0803241197145
826.0844310746364
827.2443058286217
825.1980271491533
827.1370801369322
822.0976777923722
828.7437828748775
823.720320376068
829.056151074202
825.2607046752568
822.1628803523384
828.0595908591968
821.0849532260052
823.8217029481393
826.8066396848437
823.2725151283931
830.002495373215
824.1253743509251
822.034562821096
830.255015977146
821.7783151095075
821.0299116502398
827.8180145922034
822.24736704859
827.0472156797315
823.090418545714
829.1303326448879
827.2516000782695
826.0210015021062
822.0587108914782
825.0686510504669
831.4267412380809
821.0518461665745
822.4811062809213
825.0774703125479
824.2547415336667
831.3855325668131
822.1993564667933
824.0594404971588
832.290277737383
823.3248363792088
823.035577742675
827.0228720241013
827.5318768228802
824.0803832136129
827.0114466352874
825.1431011874223
822.462182306354
828.2912459501615
829.1141992547325
832.4716435593372
824.7524214355838
824.2243837678031
