1189.317430712779
1197.698531875153
1196.107833876848
1190.368320134436
1188.093051058062
1196.353002125253
1192.044213808408
1189.434700389897
1191.604786593267
1193.072899140456
1199.323589671659
1201.211759323273
1201.670475518103
1195.014582707449
1192.036921274578
1191.35996464735
1201.315684897645
1194.099953745311
1192.050170841016
1197.57267699994
1195.187625176289
1193.383032641278
1189.223186104428
1196.025221413308
1189.032189276051
1196.646667380465
1192.401447551121
1191.025692314067
1192.432812501736
1195.610476312979
1196.778837929611
1196.567361120537
1193.10568161069
1192.244602476947
1189.499816346801
1204.135153489961
1195.064282703758
1198.206404751339
1192.843722555802
1196.454269930758
1192.380336151738
1192.040903025107
1192.008669545975
1192.973457805479
1196.491794803359
1197.271708368699
1188.459277737778
1190.925314307313
1191.236981411477
1200.201384486887
1191.406572137966
1188.320531303239
1195.595196980065
1194.627174868008
1189.019203126439
1193.377196726832
1190.666891213752
1191.244545426513
1190.068547269245
1188.306977998338
1188.151605688521
1200.659116996002
1202.03657143431
1192.527116423423
1188.018637095024
1205.674767537328
1201.197802837003
1195.110158551206
1201.52366660277
1201.252900213092
1192.270069992557
1199.564306467543
1194.252256980017
1192.013956779581
1198.024292168298
1195.250446991082
1194.429655614636
1193.274020947154
1192.043782306223
1189.143114280734
1197.339323935288
1190.162574314331
1198.152775582728
1189.200223777808
1191.194626785018
1189.21082665757
1190.500209431971
1189.193646022203
1190.712486391856
1192.0568262068
1206.983549306206
1192.53872381098
1192.168450694946
1195.341211169728
1197.382628069684
1194.592924020952
1201.456101230684
1198.122056607914
1189.744833561954
1195.327138885981
1191.092857295133
1195.454468842763
1199.56439301239
1188.570115849245
1188.469434553763
1201.306320112607
1189.116265426553
1196.08008231239
1194.015904604692
1194.096193539329
1194.379105772713
1189.327729311369
1193.144669141754
1192.004987365349
1191.006256877839
1205.201391458181
1192.495943829882
1188.083867677369
1193.250393563944
1192.48466350545
1191.362306668919
1195.083401410749
1192.077057897466
1195.033550323686
1199.457628752896
1196.437321743114
1196.083303647424
1195.079614361499
1189.218427501192
1191.400809163278
1194.04706530612
1189.472292563985
1189.27923016562
1190.102882475179
1190.047615088759
1202.286166465857
1192.369866643052
1190.34557647936
1196.098748908526
1193.071018462813
1202.066359211133
1198.248329776939
1193.579296161063
1204.254254936792
1196.257879713311
1192.251923707509
1198.514949430932
1201.057086847065
1199.227283976597
1205.308080818381
1195.264904536782
1188.098933351265
1194.030806915167
1194.06407724646
1198.008755007934
1190.051584875195
1195.738583883066
1189.335032868865
1192.711414723692
1191.336838772017
1194.460036131138
1197.261641047749
1192.213985325014
1203.027043185565
1189.205206526163
1199.81988031487
1192.066318592303
1195.003659984403
1200.713606606098
1193.482061127842
1188.847610222602
1199.255897860878
1191.449895786898
1201.041922724881
1193.930433597619
1195.342705678526
1189.017207482778
1188.365700296022
1194.238919593728
1192.680188456061
1196.106630286358
1194.176395908983
1191.178335358386
1188.059078116076
1195.076222524576
1195.371684857827
1195.65023568111
1191.408689980095
1195.031128496889
1196.371943385911
1197.716330024434
1197.322300741396
1199.160853581126
1190.488625321615
1191.405118417907
1198.147120103844
1189.551372359514
1189.161465352907
1192.841928284636
1193.031870124519
1199.084098455676
1191.213984101591
1195.615695789674
1192.127801912162
1197.36634676721
1190.759054188114
1190.365636744228
1190.617690572234
1190.898249733795
1197.68315171533
1198.046912904734
1194.822210235975
1196.266127783799
1194.540538787158
1190.461326008638
1194.625910061372
1192.134496780902
1192.333274097089
1196.36864480827
1191.128033532786
1193.355928365094
1200.691824673974
1195.410573163506
1190.527591935914
1189.012029247618
1201.303594774415
1193.125418942047
1188.290728676544
1190.433423781634
1191.004923983345
1199.023237454341
1202.266703915375
1188.034257002832
1196.175773375937
1191.107023265334
1195.043888285931
1191.437800380258
1192.005892035046
1190.000527590674
1193.210491253203
1193.216342200474
1193.76889633349
1197.004972458293
1194.638211359562
1195.066705347589
1194.315049401333
1188.008431555563
1188.205792211944
1193.509858936926
1197.402455153752
1190.01720357874
1203.154079974969
1189.632125557846
1195.707796422669
1193.203740782265
1198.02246205979
1198.117881023454
1195.449293741581
1188.225377672389
1191.206744580441
1195.034476710702
1198.490175964227
1198.54526060229
1193.781293902539
1201.068216154703
1189.049837746003
1188.266162340132
1188.004145235469
1194.362978566905
1189.007293347619
1193.035302380162
1190.308064882359
1191.589510591998
1201.052911306666
1196.943215653372
1197.14910580041
1194.445679520876
1193.301204119443
1191.10207212255
1191.366269080648
1200.894271702093
1207.212161961121
1192.09930333899
1196.071906531763
1195.488651866748
1188.252361852499
1202.049992204358
1201.005902423954
1203.251844965399
1190.932612850742
1199.212913367869
1191.367013410994
1200.817321457836
1198.208356687829
1188.403037910027
1188.634325560141
1195.138565242665
1190.125290424988
1196.191193695807
1200.148266376099
1192.217418680725
1193.207546844751
1195.109840753325
1193.131159018339
1191.846483858046
1197.618554935023
1197.014386894424
1191.505258074314
1189.445661007741
1189.441476321595
1197.247979978336
1188.75390278157
1194.431441126513
1190.273337580546
1195.189606549481
1200.482709021085
1192.060298005409
1200.125928667722
1193.202757660975
1191.060191188968
1191.697306971316
1195.255673945749
1207.237511633885
1192.927899345563
1192.008250436358
1188.415833900571
1199.930806084477
1190.361438072881
1188.033192715307
1188.420265776144
1191.174293448356
1190.994810954067
1197.316312805628
1204.544029011128
1203.67889832576
1189.169514091303
1194.115710980718
1202.056173927159
1203.148973821749
1196.155926558786
1194.266544055237
1189.487005738546
1194.07543460194
1190.000862691196
1190.131548633011
1189.054394231901
1198.277812880277
1188.545508538901
1200.037565783505
1198.941658137163
1198.076209226173
1200.099205379856
1190.081760126097
1192.137364874843
1194.308175411506
1194.065063404458
1190.148804923974
1188.009623660105
1191.022961813291
1196.051199196204
1190.445858821893
1189.15361986809
1190.228798861644
1196.295034936525
1192.30682697507
1195.132497342664
1195.296476871246
1193.095782956017
1190.504557970185
1188.108270581117
1190.466890041326
1196.545075690919
1194.37306117675
1193.190370865384
1188.094446574674
1200.013984358512
1188.107432967005
1191.479452019175
1190.788640571104
1198.577174098941
1191.488221969781
1189.085641999452
1203.023885929817
1195.433081236822
1189.536866794559
1188.200727723138
1191.403558763458
1191.255766027956
1190.596914834854
1199.304339388274
1196.314073585128
1188.456941678661
1194.47068641939
1188.051841251867
1194.002676988284
1191.847817957379
1189.274249980684
1200.345650711784
1202.018287478566
1203.205819552426
1190.630777124687
1200.231640598598
1194.478619324346
1196.389513379804
1190.460623375871
1192.654759997301
1197.335333649608
1188.057187180449
1191.268770493509
1194.250635609294
1193.430601228237
1194.335975482141
1196.005049743402
1191.242854907843
1188.311651805747
1192.900293805373
1195.019494258729
1194.261560911805
1194.143020016081
1205.176976313706
1191.249960650555
1190.035760640983
1197.645139020759
1206.055296389231
1189.178794972985
1188.535736234721
1190.048818636338
1195.687250348008
1193.394843287609
1195.577152101548
1189.169828499798
1188.630678456085
1191.564289113434
1196.173762815668
1193.050210475119
1194.681221377281
1194.098332501167
1201.853239650336
1198.162372780748
1191.067568230651
1194.609222501238
1191.888615022031
1195.372557594346
1203.478497119905
1195.062889283826
1193.7497809593
1191.126412359294
1189.778065139526
1200.315513866804
1196.100386658969
1197.650731786021
1195.260975011341
1188.230649828998
1190.274238994527
1192.118193062873
1198.793796380579
1191.034579520998
1193.03812060758
1191.215742382033
1204.159816148539
1194.117692424542
1191.017207093756
1191.103981476728
1199.196787251045
1196.524081389368
1201.170726668059
1198.019733258544
1200.003401542253
1191.132040143836
1189.608427539071
1196.071502874496
1191.241112795958
1202.784316178082
1193.005857295936
1194.24723866334
1194.329893699038
1191.336472077391
1194.048095660484
1197.057180357506
1201.253437835269
1193.922042619727
1199.132700756728
1189.060697782148
1191.088385809712
1192.152975615796
1194.332372753333
1197.159756485741
1190.014517273375
1192.908313742437
1196.901742403369
1193.148561243482
1190.065399895176
1195.649088602603
1190.28539916777
1206.374932661957
1192.580608475796
1190.423863880702
1195.126366260413
1193.483670525578
1193.720476791192
1200.331297788817
1199.107421601978
1188.279230784561
1189.266198408147
1190.713655132554
1188.065698681787
1193.848483022227
1208.853752593587
1197.727718347845
1193.709396675125
1197.327844010788
1192.095933321418
1196.355385792875
1192.762293444752
1196.558711636368
1190.118501728761
1193.500962470692
1190.058404396604
1198.102823624972
1196.023779777281
1198.04906757775
1193.045694371403
1193.138740537379
1194.195478902491
1195.080036024962
1192.364910768989
1189.777477681142
1191.280458174625
1191.272438305721
1199.074354282771
1196.496381854075
1193.45062597648
1198.48230357789
1188.244970202246
1193.551234137967
1195.042383013687
1194.113686191721
1189.178090694011
1190.109856458211
1198.851183579801
1191.431284533438
1202.105433246111
1188.088146258261
1195.265126168397
1188.044179158803
1188.651579986291
1204.123505638789
1192.152762938828
1189.200364231861
1188.272320367469
1189.008670078534
1194.036182475798
1190.153943957862
1196.107244938953
1193.112035637947
1190.638446948244
1191.081797726576
1203.077735901719
1194.324355452972
1192.645806210169
1188.033065542461
1196.135347816024
1200.53260890114
1191.024084864124
1188.004661310164
1192.166768980455
1190.031617243784
1202.015597418329
1190.462801392085
1196.103038982686
1191.03708142014
1194.045679405884
1188.177055592193
1193.22170315689
1194.301504173387
1194.275230347334
1191.597534067924
1193.161168707325
1189.56235694607
1189.421249241766
1198.124385462713
1190.703650356983
1199.190451199728
1202.856407084905
1195.092397190392
1193.162788061825
1192.575356168609
1190.936438027872
1196.112528490222
1203.313266987847
1191.186366446426
1192.027545585276
1196.270068417555
1193.825437083692
1191.172878913806
1191.259284755597
1194.419803460092
1195.030800983211
1199.437080827852
1195.620498887824
1190.140898266973
1191.089997811724
1194.029619708554
1188.309855088265
1191.197573734799
1196.060606399191
1189.103213096791
1188.191526498247
1201.040114444545
1193.307970748165
1202.087499588516
1190.618085290513
1196.637742804529
1188.59896088257
1189.826312101202
1197.380217080546
1198.013848738653
1202.054419250025
1203.023167424454
1191.08219806373
1193.943437024472
1193.417320680866
1202.229358671353
1188.524089197255
1197.469859807468
1192.148389767581
1188.069428338438
1193.245501252743
1190.280605744349
1189.039772832146
1192.003300658548
1197.023884404673
1192.161516949111
1189.120367497219
1191.213202110617
1188.557384214824
1206.264109092204
1194.568220685917
1202.400700723671
1191.262649627038
1199.350826686765
1195.406968768616
1200.02382821054
1194.508449675498
1191.516626653636
1195.846864687308
1194.044928771214
1193.071867073303
1192.712739426605
1204.833703938716
1195.037509128537
1196.480732675878
1189.038099228052
1204.141078312038
1193.388144395368
1196.425802687548
1192.264825907653
1189.471876083213
1193.019334059527
1188.267867820049
1200.058344370038
1195.024769728583
1189.421487627875
1190.265893874352
1193.238135484778
1197.151389614039
1208.22815441756
1196.093511695822
1197.095736948894
1188.069812752635
1190.935868113131
1195.454855860458
1195.446819579416
1200.119657911183
1194.311228841453
1191.188307720836
1195.957780352001
1193.18446373251
1192.32221145855
1188.579627475956
1192.444086560334
1192.128414165467
1199.235524106721
1195.583474433884
1195.454988757581
1192.001622438139
1199.94847983324
1188.182401493002
1200.144892371987
1201.22344120956
1191.025599027117
1190.469705292562
1194.256262478462
1190.951338392721
1197.024798978032
1196.138305444436
1188.364107696587
1190.306813358814
1197.812168781541
1193.084214300231
1194.048194325634
1197.540050990522
1210.699962639222
1194.095117625206
1191.7661021654
1194.11785164919
1192.001665302892
1190.295038917119
1190.359610509052
1195.211897636868
1190.045773010893
1194.156341156318
1191.27807515886
1198.17661655128
1189.18898208115
1192.027051483522
1193.629454440253
1189.00677148761
1197.120084802114
1188.217148231288
1207.132778611984
1188.608571176494
1190.029097585067
1197.03486937189
1198.010382762844
1193.074560101489
1188.459022965044
1205.219853189717
1191.212764653078
1190.074577450436
1188.54832256749
1188.132591220009
1194.490925969117
1201.009010172484
1194.758481242547
1197.073041183884
1195.187760587257
1191.490820180686
1190.449025716905
1191.2277304006
1189.021111642378
1195.681442659317
1202.449810591097
1188.471166576977
1190.077713892526
1202.465939785948
1195.747260121047
1201.035880345263
1206.185416659913
1191.559904070327
1191.549011482844
1190.021262391508
1189.304511735426
1194.073381187715
1190.12178677398
1197.77276461253
1188.10917822368
1200.29651922662
1191.724435239677
1188.154184005924
1192.242966941983
1197.622530053785
1207.108303942853
1194.040751201191
1189.399884337304
1188.166306773029
1189.486743742465
1188.081922479461
1199.231819911767
1195.168773531451
1191.403339822351
1193.089014678827
1189.760596862476
1192.020510411354
1190.047952086595
1196.173143615644
1202.908716697936
1190.639204609879
1189.050130843596
1188.507960266472
1189.331499165972
1188.803398936991
1200.004087913781
1193.123547625951
1201.190746230733
1193.727977482183
1198.72299532238
1195.313559309241
1194.509775176568
1195.433482252945
1195.160190608605
1199.036289464683
1190.739710537873
1192.405622438329
1194.041702649401
1197.256211155044
1197.190457830064
1189.48798926042
1190.680452808559
1188.134258678828
1192.566867890891
1197.10301301319
1188.025844935202
1191.540564445976
1192.031366478274
1192.706898971375
1190.22036201708
1189.761002917566
1192.733803971473
1192.330202285011
1190.038872391237
1196.049289851554
1195.25053791545
1194.054002661424
1195.856324354534
1195.968799791065
1196.480470405217
1189.089953401513
1188.282884500331
1199.214119511977
1198.122112669464
1192.299614458419
1190.181529707681
1192.325806467125
1192.157237419101
1193.026312972914
1201.725411909507
1202.786053038642
1189.180593135025
1191.341521095673
1192.166106267461
1190.505288525493
1190.186938876089
1196.062535004224
1194.123849987297
1194.820430772134
1197.030312730169
1191.170725566606
1190.383819520392
1192.381282802226
1189.679044658563
1188.007842806205
1198.266194522931
1198.074197588328
1192.340082500628
1192.199122603913
1193.120773663479
1196.085400174966
1190.146982296322
1194.962148323991
1191.292551345558
1193.301882304682
1195.16154037994
1195.1448906828
1194.044582486295
1199.12034460559
1193.056708281041
1195.548259686178
1194.487715446062
1190.612921819839
1194.604459684394
1193.448152342792
1193.077597213969
1189.176703185628
1192.326830148182
1197.017305987235
1190.042846507225
1189.193042123742
1188.271224596891
1196.183981217108
1193.140171780411
1188.04707579616
1196.052169631433
1198.291255091205
1189.884788637784
1198.182707380785
1191.030244943943
1188.469478582937
1192.042012383483
1191.11553403595
1202.144066576755
1188.594784985148
1189.377166533412
1203.365787278619
1194.732665487854
1191.054391404021
1188.08549887686
1203.712547517499
1188.303424654112
1189.325706964039
1202.331809988169
1193.565893846698
1188.927147852876
1189.021923400881
1193.71482843647
1197.039406245243
1201.485096638216
1192.040007953611
1197.018625631212
1199.0660659594
1193.233665453487
1188.653742097334
1210.444541019316
1201.708930339038
1194.303902191261
1188.187170863822
1194.343400464579
1189.31077290618
1191.049205900582
1192.263290708643
1190.048056843349
1197.078299152386
1199.027177028979
1196.166316477131
1191.063258323218
1201.061890770781
1191.322450993215
1193.126503962604
1195.508500289282
1193.319260695567
1192.130270175725
1195.062094143123
1200.546810686881
1201.309005758656
1192.333523463214
1188.086679346367
1197.60135642632
1190.569828859615
1193.08471355673
1191.31330789782
1190.821553502675
1196.334619355599
1197.056721778001
1201.491738863571
1196.194750871839
1189.034628975443
1194.743045909362
1188.016107889641
1202.482819797927
1189.509282337213
1188.273377470686
1188.030757769917
1189.380008554151
1211.303850420528
1201.385342572184
1188.241775617209
1189.493734991339
1200.367708511684
1199.077566759087
1197.270688725232
1192.892923987774
1198.405134763084
1194.183503116721
1192.421961253984
1193.099805914098
1195.382164569201
1196.255490101821
1191.449290873617
1188.460670850283
1195.729832395702
1189.093410311654
1196.194639304552
1192.072831701539
1189.237839423591
1199.062782421214
1204.133278832587
1191.144461296938
1189.038415006429
1194.063363709776
1197.670777162976
1189.068689341075
1191.220869493846
1194.616964787021
1188.372104808293
1198.017380222324
1192.057412194533
1196.051398821953
1193.098861237538
1196.980795865014
1189.195654941205
1198.002260582187
1189.451190186672
1197.482464597207
1191.528024572293
1195.389761447234
1192.392436654276
1189.786031812672
1194.427734948284
1204.150917321638
1191.471257324171
1204.492024522978
1197.030090533584
1194.266058612888
1188.758019014609
1190.561429380074
1189.349251185031
1192.366464669744
1201.35946655503
1189.462702694597
1188.342053664016
1197.099394552415
1196.182753754036
1191.283536810893
1202.218765413026
1194.5420678045
1189.816725865568
1195.416109445403
1197.629727784628
1190.742973683973
1190.432604396438
1195.118381857739
1201.067738791793
1192.263135245487
1188.603131165929
1193.68717475856
1189.02898043212
1198.436752173437
1202.354856731898
1202.462763723029
1189.113376482881
1195.092715542727
1196.101059418267
1194.424419806997
1193.092205088411
1197.853468588716
1191.313222508887
1199.13139757977
1188.084080543594
1197.303538413727
1193.122655847948
1193.6871813749
1208.556270991544
1198.169269869925
1195.006136650657
1196.251136050611
1189.225854096454
1194.470275437747
1190.041880717452
1194.039393820736
1195.416680925146
1206.420919413816
1197.204596074111
1197.09917525445
1190.21505818486
1199.239155357296
1193.285537585612
1195.408303410293
1197.591491707149
1195.085930500021
1194.073426268869
1194.526171145315
1189.237557331295
1188.201320114566
1193.864412335041
1199.099215668599
1193.120647953124
1190.017663390557
1199.37841724551
1200.213416263047
1188.26123545466
1205.437126975401
1194.142715994585
1192.087853349372
1189.120802849574
1189.074347825202
1189.174042127694
1196.024861849524
1192.428085950584
1197.90014855926
1193.393541310108
1194.27232399862
1189.273090593995
1190.105508673987
1208.060667093345
1196.489295896525
1195.102293690713
1198.572411638177
1196.085392776277
1195.082479435338
1188.034296037518
1191.151064668262
1192.022782157066
1191.364808243009
1192.096920577652
1196.269400696311
1191.503156947739
1199.231677494316
1193.226889221846
1197.13412885599
1196.059665393275
1195.376679295097
1190.30317803467
1200.07755556349
1190.499007528663
1192.300295858349
1188.20798337016
1189.950823686033
1190.033121529257
1189.14902403
1190.424821561375
1191.040649670791
1192.418993427921
1189.347544691832
1190.756713046847
1196.122779296669
1188.148571673318
1197.157408958368
1196.176937167581
1194.896255709656
1189.057196518792
1195.098887835843
1190.075348847761
1200.72511538067
1190.326521741413
1192.232060270807
1190.078659052858
1198.772105841952
1189.308368269339
1204.598107926723
1190.347344275612
1190.069902355792
1190.42133701717
1189.208823296815
1190.011618199641
1190.172087797316
1194.119850384907
1192.175807963112
1199.423031735138
1208.136126073564
1191.080871015389
1194.126259890158
1189.101721998196
1196.51310335082
1195.237729670721
1200.605428039111
1196.724233671981
1197.001534362235
1195.236140816219
1201.052768592957
1193.054402723957
1192.410339668589
1203.023528448789
1190.242198450061
1197.35359595831
1190.301071996574
1193.127495824509
1198.170677282344
1190.142412290743
1188.27364298882
1188.256138488775
1198.66806908783
1197.071997270834
1192.259209449374
1198.384758361213
1188.172225035847
1192.005125330111
1192.778635838356
1193.016838011119
1192.532494107649
1190.135370161171
1193.226041105721
1194.006462570878
1188.214537724864
1197.011733210538
1194.122345998534
1189.206383991492
1188.09898991305
1189.218945371542
1192.710693656121
1191.232742519185
1192.104392214874
1191.498486313026
1206.093908521771
1190.005173615721
1195.086111801574
1193.062876813134
1192.383982168368
1192.35158046659
1193.030811242732
1188.074456675847
1188.109560237855
1194.201683723448
1199.13087877889
1199.235260661568
1194.712613340893
1188.431229298368
1191.209003267272
1200.093183900883
1195.289520753699
1191.186820534662
1188.496965712972
1191.334913218242
1204.489720357869
1189.166924637377
1198.350770626191
1192.200609011811
1190.194696212607
1197.023246052955
1190.241406591182
1191.703000789381
1188.405841632782
1199.011875081257
1198.459994619523
1191.645246793587
1188.274039331049
1200.666314487807
1199.305612541267
1189.058898849486
1201.144630516963
1192.068157033962
1191.09539071535
1190.606623468329
1196.614260513351
1202.173644608355
1194.286052300338
1191.076250235265
1204.00805344531
1189.214911692074
1190.150175342438
1200.184622419334
1195.393754649657
1190.649279454009
1192.423289480607
1191.269288089239
1190.419100053593
1195.077750078636
1197.145661531917
1188.883315996996
1191.303755475657
1198.167356332996
1199.34271874539
1203.011083811117
1192.668547125585
1204.278548324348
1190.058970334616
1189.475347651334
1188.386444671018
1193.338088790538
1188.694504379115
1192.083811841761
1190.203568269649
1199.18154784645
1196.14951803387
1196.087401784642
1189.035814323565
1190.261522189575
1191.358669462158
1193.30406777383
1190.505559702865
1201.128722351058
1198.880700871253
1197.382741377387
1189.198224898279
1203.06692417728
1193.526447120298
1196.026849072603
1198.286752859497
1190.339554417839
1202.010550037352
1193.133405578524
1190.205702227942
1194.42048197233
1188.37169720729
1189.511987201411
1194.079199439607
1195.127495108142
1195.154449058848
1195.213958740911
1191.008223408629
1191.494980937154
1197.0032936188
1190.424401895773
1190.014657634435
1192.449316516379
1207.334382411079
1198.157943709645
1205.250980495238
1200.159784007634
1195.074109131363
1197.007712009746
1190.063101554759
1195.190453939398
1196.143974514898
1191.377275694463
1207.213288224429
1193.165590641915
1193.010578167175
1192.282343216297
1189.337998345326
1191.198665393211
1196.013009972287
1189.238023569679
1200.560808372388
1188.231315572817
1197.420648282189
1192.256285186571
1192.793175480519
1190.010149827229
1188.224275559294
1197.002680620595
1202.37580664465
1203.173232014506
1188.300212363643
1191.616787020713
1194.527819933233
1201.116069087861
1191.327815177632
1199.019879801507
1188.280419464541
1200.115485322346
1189.386736518434
1188.484287513887
1198.445745275718
1201.044951989644
1194.535769009842
1191.416955597244
1191.12266259781
1189.567013153216
1188.241068328158
1197.191316290294
1197.369894026934
1194.184756041217
1195.516197077277
1193.465849012237
1198.176925195695
1194.813303341283
1196.467424289434
1189.189899773202
1191.066364285915
1191.540811043307
1199.253505545346
1191.310565622146
1196.156862720779
1189.868972453207
1192.320162462451
1194.37834329353
1198.102296968172
1194.575082588482
1196.208603410655
1199.349257494254
1190.507390930302
1194.045156194286
1190.409057812488
1192.255168884025
1189.087026053549
1193.007154748233
1189.204278657678
1189.167152365367
1197.027441242038
1189.193682946228
1202.115972161135
1191.119247580113
1195.099494852488
1198.138542038205
1192.579179533363
1188.266750721517
1190.106719599043
1192.040768123325
1191.693660768598
1191.177659402611
1192.37777590022
1198.063608009586
1189.880383135323
1193.163510552234
1202.820075116639
1190.489844768088
1192.127049257662
1188.284796593614
1189.488910753106
1195.563453115495
1195.086867516952
1192.247810257057
1194.491367394672
1190.284915267958
1190.150459428015
1188.017718282822
1188.242795330419
1197.46868016875
1197.12501618314
1195.033395017525
1193.450735246375
1195.982418637045
1196.339252799526
1196.032005701764
1196.283533659698
1200.126745756842
1195.658730940439
1189.016488275414
1188.055675195186
1189.969827953848
1197.389326142243
1199.10673343559
1190.457101136556
1190.009024929369
1200.208051806991
1192.476800139911
1188.199428028752
1191.221286393287
1189.046278807911
1193.066088965051
1192.798583279692
1193.998477743573
1197.390799378713
1193.526763399035
1196.159808585805
1200.078629292842
1192.014614371108
1192.316505844386
1196.027371506213
1188.664417615426
1193.0433903838
1188.399220646327
1191.422175169666
1189.576689480118
1192.400181785066
1194.387042952468
1196.596690417948
1190.787859735394
1200.272387812327
1199.048124513846
1194.509425592868
1192.495888416958
1193.026374162195
1188.214132988366
1190.731736837842
1192.532917864129
1189.306439697193
1194.237968897496
1191.322797555218
1199.084169719285
1192.674770465369
1192.486992041046
1192.002340966939
1198.055260713243
1191.598953551641
1195.02577295636
1195.420417659708
1199.284726901614
1191.041156328011
1189.9113890348
1196.193813029075
1189.599083437573
1207.322003222413
1191.11197058894
1189.290918503589
1189.202127622061
1193.304430385206
1194.367345705448
1194.073595259275
1198.478625573921
1194.350424621811
1197.050014198696
1197.365553454872
1196.055821473597
1197.230571954557
1194.478981645387
1195.241910665544
1200.464741300653
1194.405588439671
1195.020811621813
1201.006780671835
1192.18136989418
1209.512083987529
1188.333943182208
1202.603469397624
1194.989519761554
1194.704182925142
1202.073779975305
1199.262480489655
1192.636463286744
1199.202088146305
1206.463800645048
1194.041381200126
1198.435655921884
1192.091771010186
1189.168128267455
1193.208879310872
1204.042012382242
1190.344593743346
1192.181135917548
1190.46355417984
1192.307752675835
1188.135423575284
1198.430994831738
1203.093590714939
1194.3179305038
1202.051505800852
1188.379710024482
1191.353704403291
1190.700550037259
1199.146440093874
1191.139762679706
1188.556840070873
1201.046008603325
1196.341929501308
1189.539982493306
1191.613909711483
1195.984124361627
1191.072516852438
1201.163430431439
1190.259428521895
1190.107711877323
1193.541466639008
1199.105630997704
1188.136460869857
1189.070355829122
1192.459786202848
1192.148028570744
1188.128917958944
1189.294318392392
1200.076467662188
1206.292948555243
1191.478207588048
1195.008001550738
1190.033574785092
1200.034072798185
1193.190742691524
1198.182412558881
1195.007686608627
1194.06384280515
1193.587100516053
1196.317404090937
1188.5293322061
1193.875573634628
1195.140945944142
1188.367845345032
1195.212058833816
1189.64262247073
1198.393348044932
1195.061701878001
1191.074594791
1200.115466038577
1194.219444940862
1203.507042235429
1193.656307594982
1194.439794820539
1199.155969909573
1192.185293427349
1195.918414108618
1189.669439717987
1198.01654575234
1192.64645645917
1194.014830112211
1198.807362023309
1201.004708492674
1193.073789340786
1198.231595111667
1193.412999044914
1191.661976647842
1197.681537634496
1199.034375634504
1190.214473150215
1192.155545074378
1198.086687145378
1191.649981699925
1197.049867160595
1191.148549918999
1192.394348186237
1188.327314523623
1198.150206255313
1192.001665916917
1199.357925470787
1188.142942877845
1204.194662376377
1191.109214720977
1195.117981175374
1198.217221520565
1189.230154883228
1189.01443226744
1201.195611173472
1197.060535090043
1196.363949452918
1209.029614625941
1191.766055295284
1198.395286385293
1190.771760362855
1199.46620311118
1191.417810079377
1196.314476054946
1204.482474190789
1194.196283346408
1196.917941265165
1199.291411800651
1198.087274196254
1189.547483212929
1191.372790508511
1200.034819621372
1189.115657128017
1189.207670029714
1191.007689588105
1192.007765578413
1199.110910127591
1189.476630151539
1194.02945693113
1190.03348412946
1196.235948447305
1193.309394204437
1193.060557961233
1191.027641646587
1190.016772625553
1188.51990379781
1197.275428836572
1188.507644235475
1190.206785186951
1193.459258533107
1190.538566026659
1190.305413024314
1190.631512831443
1191.022715368982
1200.037980724788
1203.130920811075
1198.629131236372
1190.04977400778
1194.035712771602
1200.199522022482
1190.431954234124
1195.632012240326
1191.320205492137
1196.000465446029
1193.711859769916
1189.535533316521
1191.329400992576
1194.037248224384
1198.233462099919
1195.281809717158
1191.579608674098
1194.023048291578
1190.493389207781
1194.02339984988
1195.018734809984
1192.040976683706
1195.094588502787
1191.151986462745
1199.346541163558
1193.13130444144
1189.598094024386
1200.393895806772
1193.191525353644
1201.450548254507
1190.030691851379
1195.268312381046
1198.334240695079
1188.034000340359
1193.434052391864
1188.042426813116
1189.863429108095
1198.332147620803
1194.333419123304
1203.705568639251
1190.144700019131
1194.088497882773
1190.472819020903
1188.146793012223
1190.016092740674
1198.60372618068
1195.346889183337
1188.485977967342
1194.855014595454
1200.036807265227
1195.313347511498
1188.359336606632
1191.123359869656
1190.429217077827
1195.312315480631
1193.044589749194
1195.351199499543
1189.962499237839
1189.363344030936
1201.13873845808
1191.300824979524
1189.329131057489
1189.194375108595
1194.143816350716
1197.208309402822
1197.09758382229
1188.085350432734
1190.302047318757
1191.001648504055
1193.141844384781
1205.181900473607
1188.153792254423
1192.111761610104
1198.741951770251
1194.507264301074
1201.007971355628
1193.755641821527
1193.241083118645
1198.238059657
1190.159074047941
1191.02197808831
1192.211236699475
1196.288510542715
1190.665951050161
1198.431215601902
1194.797225304202
1194.329992354593
1190.13182924777
1190.436092538011
1188.481827042722
1188.341146752849
1203.361415271912
1195.504730625504
1200.411888749996
1189.072001051532
1189.020424287441
1192.1523666226
1204.35335989095
1188.769545734316
1190.037588392425
1196.268034075065
1193.045739965762
1193.228310864783
1195.188530328752
1193.150712045423
1188.647416016781
1207.403288560797
1188.10431755767
1195.465540067265
1191.176394346642
1196.533011528377
1190.15659584988
1189.439201714347
1191.20147877188
1196.039111083104
1193.167070348456
1193.132212752084
1188.086309994688
1195.716488940127
1191.028520570831
1203.118935933273
1189.304337512642
1190.252859286217
1196.519488330076
1188.610928572369
1200.319954350219
1201.371683451166
1193.618477764234
1192.20989799526
1188.066691794913
1189.708611433914
1194.16960639043
1196.162293798661
1190.492011085981
1188.481687570907
1201.315429897798
1190.559669789928
1197.107891790298
1195.041137513017
1192.107559585907
1199.311843369527
1188.113913610876
1196.264305641125
1193.661602482036
1192.008036449608
1188.313569578146
1192.064472495895
1192.5263590341
1196.320673263276
1195.149040966326
1192.084029292715
1189.580535592408
1195.0025121072
1200.172029423753
1188.392552374452
1194.269393072298
1193.193103936466
1202.028725235517
1196.595729914759
1195.01947864297
1198.64117510345
1189.100616246607
1196.122166673762
1190.077183044089
1198.167454313884
1192.906356816779
1190.258253110774
1200.541742219501
1190.99908098882
1192.099067059978
1191.108525901385
1192.127415427888
1193.094794279919
1191.758650659589
1192.028111452279
1191.534107264795
1191.894942580346
1190.133595201693
1196.063687417387
1191.297976585505
1194.031228268215
1193.172679656006
1196.035144190251
1191.531032066822
1188.611955888608
1192.411869648589
1194.065429908391
1198.196395560149
1194.084819343118
1189.268849149148
1192.592032884042
1195.808021640183
1190.652537248937
1190.30711972689
1194.02032139523
1201.151477202829
1191.584585955579
1204.054138833416
1195.170603900301
1191.29517180435
1190.458735132449
1192.515231091375
1188.537435651139
1190.464040651327
1193.121203954861
1199.324040008176
1194.194932433
1191.567576843198
1194.051878878906
1193.171247474844
1192.196369848713
1196.008458471224
1195.849243501557
1193.300186703456
1209.842798051043
1193.368923870173
1192.061149551456
1194.792429001225
1191.111215146617
1192.394208998906
1198.132366405576
1193.197501278524
1190.586648890241
1193.534864449756
1203.306203386035
1201.170626569769
1189.147945086185
1189.528641884165
1203.045310820817
1194.297758419083
1197.508142187805
1188.365423312514
1189.120440627333
1202.103810268318
1191.726618358649
1190.679638905652
1188.027952260828
1199.675738788714
1194.040867336059
1203.231569699215
1200.46101867585
1191.17920221705
1196.563369770948
1197.029376202326
1200.391397746729
1198.382024365151
1188.01288394735
1192.320915342242
1197.045396629358
1199.247630319736
1198.1009032774
1205.215146194923
1189.233081738539
1189.130429511176
1205.001797975484
1194.021888622058
1200.212482737207
1190.513049173912
1193.12796959811
1205.487789992952
1193.111270997426
1196.282206985904
1200.174892368475
1188.113948355168
1189.249591033592
1193.245007799293
1191.508264154895
1197.035227790671
1194.189282541249
1193.027923878305
1188.23623489543
1189.323670721427
1190.031730602235
1195.436890779466
1191.431720588431
1191.04488880391
1193.169875054126
1201.460487071664
1189.12977657732
1196.20896554628
1188.447892771618
1194.309618446625
1193.230191432471
1191.139233264175
1191.603250786464
1192.837850604492
1194.047745536289
1188.241845690869
1195.053069783754
1188.364124057466
1206.364186513761
1194.261677148578
1190.093115840417
1191.124385622775
1189.032819368266
1189.336215195754
1193.03482210983
1199.428906675342
1192.57066889312
1190.663316579634
1194.584474137126
1191.388113010409
1196.011113512205
1195.609676573654
1191.412513283548
1191.237759612495
1207.130197364637
1190.127228923753
1191.426123585234
1200.164425763725
1199.215158330766
1197.123570760821
1191.378899088989
1188.596186614026
1191.030355579287
1188.244033217738
1188.212817121918
1199.336113554377
1189.09712235687
1205.041624962568
1199.157196523519
1195.505658650504
1199.142206159859
1196.0382409782
1188.047553015034
1195.432965609235
1199.529205382052
1194.101295908483
1193.452464157705
1188.104136339278
1193.02392472586
1197.330014245544
1188.31902170665
1190.579017716491
1190.01375466518
1197.427383805965
1193.016768312939
1188.30326875635
1193.205574667837
1193.121467178215
1193.978910815443
1188.129697326719
1189.358490788932
1199.800453602783
1190.2109136539
1195.618771969735
1193.330097180939
1189.554844215101
1208.486903615817
1194.025143095402
1198.724071004019
1190.361188642525
1197.139644016959
1195.526056292157
1193.096479947892
1193.116297208715
1201.051931011716
1192.069790361386
1199.023192196832
1200.002540854306
1204.214143120836
1196.058452238264
1190.135973489439
1191.377366690714
1189.200387144074
1192.219695573641
1194.364927092674
1188.077658432505
1190.375751162427
1201.159001888841
1194.008768576113
1190.172440752832
1196.215047139391
1204.016665622119
1188.314139158082
1190.609286554228
1190.147492631223
1192.228987560824
1199.748273359299
1200.228718500891
1189.07032702767
1196.112296969258
1194.558535023122
1192.248714104185
1190.016913584957
1198.152815994638
1192.218609676949
1191.678256215486
1189.037426565098
1197.509839578889
