904.1446304196579
887.3530292673365
909.0345589955098
895.168934516986
892.320109636767
901.2897480229947
896.1004506605206
900.9914217788847
901.1980004205245
900.0431956115543
890.150124575141
907.3672122517337
902.2447725455575
894.6041424400299
898.138255254283
914.2942645743009
907.1971715109755
901.3627796694598
906.5528958650088
895.4616713189922
899.2096721088375
901.2681089243367
905.4880086010652
897.0464204116947
899.2011472912583
892.2772097315242
901.0840924278165
909.1164699775888
897.089615125415
904.1490972356296
906.0924583801482
900.1046283387459
898.0307348625447
899.0732265385094
908.3179519428818
911.248913966849
901.1481423145384
906.1317821654188
903.0394017307428
899.3930144249573
899.6408717811548
904.0733923357873
892.5163163083014
908.4502957203731
915.0279302406036
911.2119519920216
907.0431092172531
901.1591158844057
896.6950813120112
902.019184390013
902.0461695521045
896.0531612829722
896.4260780553974
891.3760896062092
903.9098524939349
906.000841699579
889.0778332275689
903.0340405596168
907.1851767614712
901.0890036756106
901.2263806865839
908.5664478876587
894.1303278324563
904.2083330481066
901.0851515012318
895.0726165316356
900.4985375986737
889.0551490526052
905.399344559228
902.3700793989593
909.1558868001796
906.574619631042
904.3476941892367
901.1743111282335
893.3783897354555
899.2798875934449
896.4361159169334
908.1314815577356
893.0483071714485
899.2152615243286
904.4292223410833
898.5488110856635
897.565423216347
900.2545863320249
892.0616765860448
901.2365958777494
898.0310887889791
892.6090336583892
907.4027410607715
901.9240228267413
895.066347888467
895.1733156698896
896.0368506942381
895.5296894193114
899.0897782922466
902.2736131731527
905.0968823703749
900.0404343665952
896.2176839948281
911.322651042256
898.1995901848774
914.1109719460163
892.1242732883893
906.480961757134
901.8098709564763
905.0506029517635
903.178672439773
899.5267547675909
901.0362631983968
894.129661492793
904.1058176137926
895.1410886453646
900.5148048819473
901.1377990144213
908.0812362550128
888.9141670824326
897.3453872112539
903.1187296275923
898.2445663234356
895.4826631761133
908.0702520420216
898.2422899997893
897.0977387438334
901.1167763806696
902.2844038177228
897.2379636832535
904.0328330113019
901.281079045712
901.0086543917927
892.020239005152
900.7990029902588
908.1501906082593
902.1318435087204
898.4173493064133
902.0940364838837
893.3577431821021
902.856623059809
903.0696756651491
902.7474663506418
895.2803630847392
903.5889287406043
901.0688570559303
900.0964707470049
916.5884367946828
899.4061950247525
894.9188383941536
900.4522667695726
906.4325317638663
904.846367119943
899.4770506799191
895.0396539953966
898.0728780033292
907.198903028186
897.0823436887697
900.2096299359508
900.2551870314101
894.0949086570691
904.1407680303532
903.2222397106121
903.4249457258503
903.7173107587937
895.2249539627837
897.0131161803332
902.2535683657471
893.445111491031
894.3050695816231
895.2958772889681
897.1451363368582
892.0801284100271
896.1773302980483
897.0240069668611
906.0898810878535
894.5673575035182
903.0637003198028
905.1479600080451
902.3966353330777
896.503319594004
900.0254875489868
901.0215843220759
892.109795782545
899.5723968194839
902.9859859785057
908.6110079032471
901.6841138200541
899.102929383589
893.121502771812
902.4215322646727
889.0135642731941
905.2834677584123
896.2834257102963
897.5141080325805
897.0013568422477
896.1050082334398
906.2497982246579
896.1230874940278
900.0597510956618
893.00355669451
898.0292749933875
903.0763888005793
901.1845584529866
901.7758750084524
895.8145296249962
899.1877669888684
903.0053425799704
901.0604294106504
897.4281466344546
903.1017273531176
913.4289009432306
907.8746566759286
891.1955671672073
907.5211952362929
900.1163422407524
896.1319141232221
898.0063733940423
904.249295594449
900.1251511680877
894.4114131386309
904.0821360691988
902.1157897603646
902.1825517690417
908.0401234218249
897.7382474557566
901.6456257077612
903.709674220322
895.15010403144
901.528283092853
898.0387005165662
911.0273131463869
910.4496929270531
899.1706993675798
893.6333274023722
897.9629353728839
908.3263962578784
894.1166126204374
912.4611864317568
897.0463531240764
897.2095690736944
899.5406337297028
903.0593247410052
895.0338879704336
905.6569775079897
898.2207503362789
897.2070424249553
898.8220273703016
891.1957235815984
896.1264341086361
894.1103198446435
895.4323124168316
897.0254121237803
904.27138831701
900.3673060288373
906.7261329080416
902.7259974536325
901.4999178214676
908.2118178205911
901.0900393060923
900.4915160181907
897.1480827296817
905.0295084561598
902.4062326836037
904.3676886561201
906.0419144874041
907.285769864348
900.548081104572
905.1077548331606
900.5412104199805
909.1604994033269
908.156316881319
893.6333034498493
901.0489953459667
904.518057215766
900.366560381393
900.6085637715152
912.2173540817579
906.2284877540555
899.4694144273925
887.1176321725051
913.1330183606941
916.4538171273223
903.905165310187
896.3596041886835
909.6205049623164
909.43157480156
896.122040793232
904.438767054043
906.0559568198306
911.0581821574652
893.131799953367
905.3568851603046
897.0261660982325
906.013345289073
906.3149598681482
898.2021125006521
900.9857854301183
901.3326578263196
896.0803608767105
911.0832682487544
910.012024206006
909.1009113843651
898.092061683394
906.0609486657887
897.6360985007561
904.0257020083267
895.3137842483218
903.1605916258061
900.3495317321383
908.0976835984343
893.3597150725616
903.3998065352476
896.0937316102359
896.2383651098435
900.0223109164693
897.0819561792131
904.0226083221816
898.0459347172316
901.2367995239777
896.3978840465896
905.0718929109078
904.5364550824439
897.4419031007963
894.4460577548382
896.2234085466623
890.4630891264671
892.0043254791025
901.0273936297943
899.5488862986291
897.64060789471
897.3823940537728
896.0768894470491
899.0244936145294
901.4624886389677
894.3256372665825
897.7821409584116
892.3450114689252
897.7615035519138
899.7749157964128
898.4970038159992
897.0594863578592
899.2088785642778
905.1606170035728
902.0871578471905
894.0272243537516
899.1807475836412
903.2473625344276
897.0587108114194
906.2298199660515
908.1231844205915
891.7306459734027
896.5337401068911
902.235296788398
892.1116587600824
912.1033396183542
899.924982851152
899.4974148744134
910.5442687885716
900.3193761168362
900.9712972831568
897.1407690279027
894.6197706087681
903.0762535187073
897.0269084318002
903.3250060530515
890.4213415557217
898.2594780507817
902.0692935187545
897.6142532324823
896.4505768138495
905.0027673948638
901.128541188294
894.1387321915602
893.1622802578212
908.1808072195843
901.8139940119155
897.8885138511301
907.1524839263473
902.0724337452414
904.1702986453874
895.55000710096
902.0181106634856
888.2408460150236
895.0368489755791
901.0462050183057
902.5796944147813
896.2217837428951
905.3942031609567
902.0108599541524
898.2564269227353
902.1605585197844
898.3655359888946
901.8394458484975
899.7025433591405
904.0943630903495
902.2609884790826
896.0952394662111
906.0355097755014
900.0355757519662
901.1199802893158
902.1304312215661
902.1183259635282
897.0313911910068
917.6984812576792
903.7856824425016
897.3439401467723
904.3117816962451
903.158226276381
911.1804151226298
904.5193573660094
903.4489252495638
899.0928924321756
903.1262548167751
892.0435527188212
891.2787274692599
893.9174380631898
899.3085824109955
906.1076961652534
896.5668316742847
895.1546442432343
893.9984380937077
907.5286759798879
906.6616752972557
894.4352937779257
906.314445613176
899.6829182691546
903.2297200875012
895.1788612926495
893.1536758875318
899.3584488472313
901.3027991933159
892.3964425164482
906.1088884263221
895.2230102407693
904.408537818255
896.4021228590589
894.1554823483207
911.1472861213242
904.3421756669118
891.0250790001519
900.5090467674897
903.1763247177993
892.1759979940343
897.0266924009156
904.2315946194934
899.1892706566337
904.1948447700831
899.0751216058113
887.1109212843666
900.4554515121589
899.2237003814801
901.0007309811608
900.5466868912326
906.9857236358475
894.015181700504
911.2866869841326
903.019128761594
896.0065098338818
907.1613912099345
903.302584731638
902.4451947811884
913.1755736118289
901.1459260890038
908.0966003150063
902.0332262200815
897.7827218121187
908.0744019229326
894.0441026239754
897.3410731731483
897.1716542016394
903.0111777464929
898.0004039591454
904.8690332332928
900.0240938327735
898.0472014877793
892.2557938433843
902.7413663472324
906.0817123254519
890.3347637904901
903.2271240823953
901.3449234273606
893.230161364776
897.1697948360879
904.8309080162192
899.0364777848757
900.5071213228302
895.0979881218906
900.5346970428685
899.1564367268068
901.0337027286126
895.3342941103477
903.1315941374759
896.3159301140328
891.042990224456
904.6884881234048
893.122229547942
902.0376571372485
892.1022631964059
894.8870072737835
899.4067364246226
893.8760473904247
904.3757461868796
905.7008553253916
910.1263707261676
907.3935262778207
903.064584628091
893.163811778715
889.0987364590085
902.3483426560551
896.1179710407887
904.1404916989089
905.4000623553818
894.2569041149255
897.0160533420848
902.0091337824463
897.768624847951
898.0667691186384
898.44764132584
907.4691645035557
904.4083845363477
899.6936984084772
905.300112662738
900.0932892718243
901.6764461922751
911.0701344849405
904.9538227102687
904.0361002092322
905.0009357680976
903.2222172364275
897.3474102342055
901.4808796586802
905.2332044162877
908.2176177767819
889.8038426541535
900.2129042526379
894.3393312780828
895.084355183352
902.2507601451754
906.3285825690015
902.1830800160692
893.0699610241278
902.5516637308972
909.019436245895
900.410866306853
903.6125726514666
903.2000864927102
905.1778635982937
904.0936369213575
902.1662509046288
905.5186684134881
910.8435068358518
892.244446844417
904.4599524196959
891.1826510112486
899.0817348277253
908.2049932518619
902.5176641660674
894.1862397519321
903.7155611674882
899.133852665979
900.168401989528
908.1508798716634
903.1580102817346
904.0772500670702
903.1453332197043
900.2429016260082
895.0445488774133
903.0157050125957
902.0276505008361
892.252164300509
901.0625136318498
888.1047377455311
902.036742518794
897.8608118273764
904.2825087144726
903.1800504437128
897.0223137179094
892.3328686131309
905.4387553772593
903.3571214790892
901.1576495868704
898.5136474283522
899.2218244330827
909.1730233244608
897.3433379935442
890.2566782333095
914.7204201252056
903.5076800340544
893.1081811619753
901.0247967722142
897.0835930283052
902.136718919766
890.5880322567248
892.3925125116231
900.1757966650675
904.1151470427532
894.1759890940317
910.319400420516
900.1949379034181
901.0299438128501
900.5416594630525
903.4881321354287
903.0805609726591
905.6401299626001
890.1364724117641
896.1514311773369
903.3061297995565
912.3619816321229
903.11526005771
906.5059809135182
899.2600950340204
900.6140463288966
898.5348335776212
900.478140158772
898.0795643627613
905.2978435245465
899.0061128811096
911.2452457066734
902.2511689489303
898.2519292382846
895.2053881224386
891.2908739780516
897.0169278503676
902.7477950135384
901.1583536233327
909.0979890556736
895.5131791802359
895.3030694822401
900.1505208597421
907.2946160400794
903.8383542756723
895.1448455895234
899.642801721147
908.9125354593821
893.0261621424586
897.5760255085231
904.1688219122542
900.0887168328804
894.4848767790482
913.331607844498
893.5976374230703
902.58231655524
898.130077386075
903.0695888601947
905.8739722255854
899.209717784933
907.0907919841992
901.7828491048317
901.4310327705676
895.3275390537253
903.4253594665663
895.2296141325821
894.0033445597819
893.1510287480119
894.9358966893827
895.5965945878077
910.655767345313
894.8239982976589
895.389321649431
897.1097758188251
903.707043243461
893.2491654787026
900.6208979349561
904.1153951495961
900.6208375041333
895.4212564647861
896.158257453478
911.3202273924019
891.1237406600882
898.977391216461
892.0100065869918
896.8481306881182
897.3333177158753
899.2037408346176
904.5723944454558
901.2932036233334
912.3303779005488
900.0256044748809
910.049908674145
899.2622251509816
899.775345651238
893.1801216378987
903.9330597002411
903.2980904918583
907.0286480935392
902.1043817552535
906.1975018181049
895.6820557617268
906.0434622741417
900.0127952951843
902.356170146262
895.3269280145867
893.0748608207747
897.3134170215419
903.0830659546017
899.1773487080367
904.5052109753797
909.1105719927573
895.0834846557701
899.3443913551737
898.0242405777674
892.5906994866451
898.1445838868742
901.0217010625548
901.6378037110895
898.174610672868
896.0908864601076
899.5723735778637
906.3393805644399
908.1376983863253
904.8576368769487
896.1170402672591
898.2320181593219
896.8686097126658
905.2549558745077
888.150572047759
899.1914150364353
897.0718242953129
900.0173021370033
903.2871833589054
898.0917327401526
894.0432947971073
905.4158043334918
902.9414837060965
900.3486281277079
902.5367594133163
898.2677879717029
898.2542761099372
898.3913463558476
891.3165191717634
898.4004909106692
905.169169029164
889.6481048999042
899.0053011217132
894.2248393766529
895.7016915825907
902.9137758290349
897.6041393125427
899.2878115302923
901.0805161636638
896.5382870227537
899.6773764722476
895.4153541643958
901.2899130843989
895.286942259426
897.6081598501665
910.1357014000981
899.014801165034
899.2024629189443
907.6981095587115
901.5685701533023
900.0299491221641
896.2466173375141
903.1554921421126
900.4635559210699
896.6787623766081
901.3294734858254
894.031012601121
898.0193889515408
912.1189527681987
897.2340602689972
892.524483998073
898.1242163818431
904.2321825164449
905.2558460250025
903.8511720516672
900.0090706700735
903.4602457962485
910.7667322895696
901.0411158352506
902.1419076100922
902.0669354294844
891.0947909321479
898.2577610903284
905.3976730492352
907.3107911330369
903.0004845180841
894.0673033582169
893.409988422376
905.0060285399492
903.1422198386674
893.8052211382509
904.6394894530346
899.3996338459347
901.6782742901039
896.3180674421935
895.8998329550042
897.2327584924243
892.2059559129026
897.1554496679174
895.0863091334996
903.0178128124038
894.1168464859471
902.4481159273969
903.4002639599569
896.8546110462148
894.5677258375018
903.0864081614508
896.0406054186047
894.2619153346685
898.3611721204101
907.3574406825579
899.0200348464318
901.3524576787437
906.2522078648354
900.0792549180575
891.7617653571618
905.0248583098324
898.037366994216
900.1250044027693
902.2000945287679
898.1622933422427
899.2876765347838
901.7827093266878
899.3325738878285
897.0668959803415
903.0351850030598
896.0261751651068
891.0881396006008
899.2636707866429
896.6013270035555
908.6395002798089
900.1199676752974
908.054010343151
902.2696408598214
907.014818882995
909.3170236408953
899.2853613566488
902.5056578915143
904.0406573787961
887.7940825474118
907.3038102720668
904.9628586893415
900.4074310397018
901.0327839212529
890.4177291545091
894.2083335976397
890.3623361114068
901.4930374345467
902.8126565280916
895.3540850435722
901.0365090653049
897.5135726086518
897.1042001728888
904.0469390490904
909.2634996186075
905.0549572287073
903.2215425448768
892.1012360828498
902.2867116783577
908.1208400318638
898.0420373300825
899.1038064917005
906.1385094252828
896.3535049429275
900.0545396330627
902.2321372779953
904.1613824007711
899.3638067349465
903.2874365024029
904.0630181346297
894.2200395751213
902.7302500466094
908.0124153998669
903.0601233547167
899.2413288892535
887.002093856659
896.1000388911418
900.1876097460863
907.294649871359
898.5202769888749
898.0691516061748
915.1496175106505
893.2850301450967
896.348115185091
911.5374745026414
904.0058923580809
895.1492989572779
895.5944038433972
907.3180329244541
901.114342354989
894.298891146267
898.0043154443861
918.1697739964751
904.0629253942969
906.3919351098624
896.596394238506
892.2006797276696
901.3432582360089
903.0256953407662
901.0100517065199
897.5363306225074
892.313295696201
900.0883879856048
899.0197785297339
912.0828114252133
903.41544831858
898.7333639868859
900.6378202762729
899.3109952140205
902.1634363832502
901.010705852814
894.0721168813781
896.5430682615672
905.1725678659451
897.3305678407204
903.1077833821618
889.2199861088592
906.6220964958724
898.5633347696689
891.2858325923464
902.3354226979135
899.2238567578983
904.165649193443
903.305755350492
894.0471770108163
902.0543135581595
897.0219934415636
906.1684462677874
909.2229780704703
894.2208786801261
904.2293157705824
893.1856910103633
897.5290518837386
901.0955570084227
901.1909938340968
898.0982079832637
903.1251117473336
903.2381367809472
903.6135473896538
903.1074816795576
898.3012806339465
895.3646689615666
901.6106627358628
903.2299867636749
898.2280263594206
898.1086394807148
901.0544030280237
889.1238441537862
903.016627949112
909.1163239339465
900.2953216354208
895.1630252372494
894.0319091523826
896.3690603754807
896.9573159491401
899.3787748774299
894.3124157142787
894.0188876266568
901.1602191893743
909.3289677490507
900.0206977645834
897.234574864362
903.8083004228228
917.3618437542602
907.6054910343852
897.0032069367687
898.5515122418708
907.1937398876338
892.124714312036
895.7630712643893
902.6857561550244
896.2343102761077
912.2060738098571
895.1714987561876
904.4609379432205
906.12130850774
895.3336589965749
902.1083679728157
899.4977878352157
897.1077617600122
904.8636657271651
892.2217937230976
894.7674347495249
899.4265289454148
894.2364931543513
896.0721851940299
899.2400254538207
913.0151289164503
891.2051358330281
904.2396800150407
899.0794311834017
896.1125514749443
893.164303525896
901.0850619300918
891.1086453268556
893.300668296766
893.6459837094562
903.0460068976249
903.0119024031919
898.0765405543877
895.4445902885666
900.2832911945055
903.0108739811337
904.0483134756428
887.6040870376268
900.4569049476601
907.0553843052118
898.3983017206702
900.0698850706927
905.0905270049209
895.3097379516686
901.1897907888529
899.0820115205192
901.4083451434509
900.111900370641
892.1926986670918
899.8471120515179
903.0323431840005
910.4262025841394
906.1365238695909
903.3393959158639
900.2793204364976
892.9946959241177
899.1234376711558
903.2846065741838
897.2355374432594
898.8822740362332
900.0229385430413
896.1118235317734
903.2302113225915
899.2581789399171
894.2839877983916
901.654365403388
910.1502016751214
895.5179045638089
901.2506106734485
906.1073926653687
894.2049068666724
894.2304607464723
895.2326065624178
910.1420572765726
909.499007631398
897.5150458335605
906.085725257394
903.005540923485
905.033092681645
895.8589681105656
900.5514654348367
891.1193021596022
901.3724521877318
902.1039165974603
906.3205456044531
902.7694360571093
900.1237429171559
899.0306608218325
891.0088794307258
897.1299202861858
910.0326614085822
904.4262950858678
900.0963867831382
903.0831300622399
896.4407944334237
908.0031404169413
897.1114141636414
900.6240244974684
903.2781556378119
894.0815267148186
901.6189848823562
903.0426442815541
899.098615451684
899.0420355371676
906.4981803619269
888.7311128111643
894.0716411165461
903.0606144995455
899.0085217641143
903.0432011573678
891.2111297785274
896.1834704096715
896.1194265561817
896.6051339980195
900.3319321120589
906.186923331653
903.1818929733005
894.0709454613337
903.4129309150094
892.1181132150967
902.2016875464027
906.4612499724598
904.295607995146
907.1002001452229
898.3222172467617
894.3988616763575
906.8066648064133
910.2418763058407
908.1653546951693
901.2873715174135
903.1284816323642
905.0205279101302
902.5516591620727
903.2129776179299
903.0764853976858
903.4075040868373
902.0536597176946
899.1989504674433
917.1562305313828
900.0109157403909
909.4929739784224
902.1309314180717
908.1699020841996
894.4920351124307
898.0934829499299
894.0618473031819
911.1545639489858
892.3917455747994
893.2764498529231
897.1578520982354
904.296261720627
904.3190966344706
897.3209229240657
899.1817384067086
919.0252236058835
890.0549232286754
907.1117403609369
899.0770156280655
904.8384623295484
905.7260977448277
900.4207176759023
893.0769204336902
898.0493048288938
896.0984243593451
904.5436486474593
900.2198520300021
894.6934762632135
904.2082696585467
898.035052209932
900.0632254747987
895.3214006366467
897.3658442971519
896.7376348810606
898.0756502471677
904.1127070273591
912.3402698443048
908.0874245856537
903.8808373192259
909.1722056970657
907.1364568338446
892.0871975845738
899.1141888005601
908.3625615645991
894.1910788096583
896.1824452017588
900.3155047201407
897.4772135202463
899.2153691881219
901.0254311153277
897.7175922026603
894.3276427345897
898.2082956997549
896.3099484511206
898.5143379667194
897.4047008878355
905.3859341183763
899.0328475853848
897.1867567823629
906.303108818759
897.3468297505392
898.1386844730831
889.229166833065
907.2728105845918
906.3626944151633
901.2381364981519
898.1110629886975
891.2585395645859
891.1495747726804
898.1523852904226
913.4403892865748
893.6935558544172
905.1013103726797
904.9680146184138
897.2282406504646
892.499146594162
896.0135831338886
901.0831846258782
901.029516499604
898.3221513728339
903.1602790142847
906.3814042587804
901.1231035036324
895.0857389503711
912.2036234886002
904.3068225457288
906.1346404238463
898.0683136095473
895.2677139196575
899.089386021811
905.0174748273965
902.209325570846
909.2590194311991
903.3510059703079
904.1200423627978
899.0634961905696
907.3054439670622
902.4425286879301
891.8889433219437
897.4544566175159
905.0799187125714
893.0837637943306
904.3106895609559
906.1499698027028
893.1953433907186
897.002711709391
902.2612034252395
889.212925096553
902.1859669023798
904.0836192242682
899.6165273997354
894.0201144535768
906.3123024763548
906.4721311847461
898.9184015814302
906.339944067341
901.1293580806482
902.55991346805
893.230984164824
896.0021812100539
903.0495863010793
910.7333771620868
902.0218900449653
906.087688346517
903.2396737734614
898.2329537539972
893.1806780378174
896.3249060423883
907.4362965003436
901.1251732726676
906.1389243475298
893.1319869679941
900.0485627191831
900.2361459084647
903.5424680236129
894.1806540395736
899.1054180020601
908.1993178937515
903.121595180472
890.4885026796233
908.1056992831559
904.1803768501494
906.0576676012663
897.1302168793319
894.6904379611157
900.1013888343612
896.0602452629778
902.0694488059114
904.1068254037284
892.3477301162262
893.6484866259988
906.0241605402399
898.0028282372119
902.1609167591522
897.1661188307105
901.4884408243626
898.0020003522081
899.3586188756009
902.2047418077842
910.0611341634457
898.8632227190499
901.2714677667639
909.0442531829254
905.0933300488324
898.023069563763
899.7951800194504
894.7048483333039
901.4881032405934
899.3263382875932
906.184396659677
906.2401983429598
898.0001550211732
899.2101033160758
901.1094556271613
905.1512455015524
904.1479067018379
906.0203239341167
903.4888297473361
900.153695207305
902.843531120802
895.1175419637611
900.0282446185117
893.0777221265129
895.5805030078915
903.2277050754186
904.0214886823536
906.0631544958807
913.2199733183479
894.1582697418221
898.215092554109
892.9453207511782
904.5049655397083
909.3505768773442
903.3943169583367
901.1299583184988
898.0896572459944
898.2662938001813
896.3724443376108
891.1941584670333
896.0085163461179
904.6444017602824
898.028447691459
892.4560074034405
901.250391775986
890.0778521666969
899.3922998480156
898.6088829542982
900.213960368725
890.5152661248185
896.0190266876419
909.072245088593
900.0794129938539
904.0841255654673
905.4975032830187
906.106897163645
899.2788720917094
910.5356321381792
905.8674147139268
892.1668953688795
903.1436166969658
907.0100232656375
895.7661573259987
894.0888090700139
899.4647630031965
906.6819746910093
892.4797210082667
902.1356736916185
907.1396550488759
900.4225404793971
905.549034610341
902.0686269638396
903.0025817203532
900.1255363765023
898.060456498989
896.3427757120595
895.0201961583549
893.175330746655
906.1552485825457
905.9937507656123
909.7330206843083
903.2554700994165
903.2318823839157
903.30977182635
904.282634744017
910.0628626468008
895.052879920402
900.1520270309861
899.0843600630099
904.3518247229134
895.0776778340713
901.2422970100515
903.0755324955511
907.0486643030561
887.443535693432
901.2099141300723
889.1865457519351
904.5639407715971
895.1235980488401
895.0169025431011
892.7662975315588
895.0645411104593
902.1919474118033
896.0076913030703
906.328651439226
899.1525409247736
910.0797951244436
907.1684860308145
898.3094359670997
896.4855057970246
891.6579091047607
899.3550087824849
908.1199974917873
892.6576491967469
901.5210056262508
910.4774319311656
905.5017865458041
898.4617203717471
897.0120537775077
899.0745640858602
900.1223469462789
899.5585589474074
901.1146284296948
903.1689283082285
905.0208402887728
897.3594926262379
897.2875431513471
897.5440797341865
910.2100878965988
909.1195337939834
896.8267569021443
901.0941364081539
907.090231208444
901.3553000656043
898.0960660501703
892.4682278102962
904.1084018520501
899.1424543929659
903.1900312130475
903.6775424448168
898.2058924164801
894.165161012469
901.71566406779
896.1276230236796
893.1766183406879
893.1436490654469
897.224505456127
910.5874241168309
905.2190750219537
903.108301180509
900.4169594750915
905.5041552203894
907.2859348072064
904.5447195478013
895.1509711605265
899.0187131527582
903.3415315027195
901.2479914285381
904.1188808720585
906.1748210083721
906.6118674091875
906.4898472863376
896.6339467600129
909.1168207157582
902.1296311693837
907.1852239378857
899.0593289859384
900.2194096576762
910.0824303605768
895.2765913186829
899.8079188464782
903.4362149107599
893.1098370467649
893.3607339833935
901.8509832030247
902.4474578315834
906.0236874506626
903.1399426728491
895.5541631524169
891.0117452190668
894.0765583694625
904.0798882349552
889.1091065737513
896.5582035262264
898.034474992219
893.0828111955151
911.2511007254934
894.0660796004818
898.2629782640485
894.4725423995412
895.4615851561534
894.8257417092155
898.135273802583
889.0343433444443
907.968582498513
905.4416621839814
901.0894339134476
896.0546746426859
908.4982695419188
906.3608554565807
900.0526326104091
893.7320253367533
888.2532312231098
906.2414241431004
893.0939523354859
893.4601238123743
900.1460350927573
898.1682567955216
905.0461564363101
903.7246070342093
890.6279695795357
897.0643696321887
896.2962399208391
908.0786569941689
896.2847156101425
906.6399534709996
911.1457283824922
900.2830659406195
902.1923520298539
907.1705475013488
900.196481085882
893.1576279287073
900.4817048535075
894.0089779359928
900.9056292727004
891.1458904931593
893.5047870098314
913.2266763317244
899.1244850159843
903.0081805940592
894.178479713756
898.0673543076923
903.7512587219276
904.1298356797065
891.051948449217
903.0249085353406
907.1730958371629
900.1545808536017
902.3056170220497
902.0817710236316
904.0789456372194
899.6886136664348
896.887533067912
898.0005415961541
910.0691323846511
900.9714474091069
894.9021481727927
896.3703802220175
902.0008327994836
895.1090862794479
895.004447972354
899.3493878218025
899.2468513565258
893.1318720912727
898.0481201532405
893.3550100307101
905.6794291063915
913.1146424423888
898.0214366061809
902.2635634487895
894.012079615209
908.0350198523794
898.4500416554289
897.0125152399651
904.086792750691
901.5644342137842
902.3644063670171
903.3346061733931
900.3156834000395
905.0288736963657
900.4339281019484
894.021494648272
903.3020681920021
906.0460875935656
893.0100639422241
906.3222040546775
899.156014140989
895.3390367352148
907.4319705035264
900.8684517053573
898.058682403596
895.305735888707
901.4559778681022
895.6748740630964
904.3480881712576
900.1707928852898
896.3194110049786
907.4805710096832
908.0122775854788
902.8972909014934
903.1414290856311
905.0923721088649
910.3312251719544
904.3757331370443
904.040430235551
895.3138526493199
909.0396366381119
899.0866039450357
894.0742990054637
890.1216270175099
899.2816479837398
907.1914202194936
899.0133065544243
889.1598081257127
892.0515995362073
909.5972327432128
902.2739424878113
903.6191775895927
895.4055142954832
901.0594739849649
898.1181527452756
902.3916599861004
903.0011668491609
890.7820076521778
898.0188918065132
902.3460461308923
903.1536496652743
892.1381679328559
898.0551267587942
908.7960183000935
904.3133615192985
900.1713571670953
903.4115832461212
898.92201640144
901.4423145215826
901.1471175508298
899.3139048920103
900.5442400792347
895.5852566746578
902.125788188508
896.0287895895906
902.010058716287
898.5102283092252
908.0125474595225
900.0081205826854
897.3013460155134
898.559322873046
906.4834099727909
897.0196428320214
896.3561195342628
904.4650568255429
907.0034063831597
890.2203164292506
895.017153118259
911.4352203389935
895.7384399435126
902.3632989640971
905.2827090042905
904.0820431373439
899.0735959159289
897.5054259649984
909.3238925221704
902.9476106974707
896.2066642189099
889.1324099056965
902.0967636947872
902.0094090625734
896.074749179819
901.1377341982226
899.3755233302361
907.5392185885171
894.7798676427034
904.3418511197544
906.5885420062189
890.2839805652837
890.092784253262
903.2534502209128
897.3261919488963
905.4748620786279
898.2653019267827
892.0496164029669
902.2565778764326
898.0961881939902
901.1587284448229
901.0112305952968
904.2930483809497
908.0405324078386
901.0720208169807
906.3129742495242
900.6612460476111
899.160158786312
896.2832431003592
911.5281859070531
896.3219763722067
887.0659522747555
903.329339082319
908.709987192349
896.0542908331307
904.0822804124205
892.0821089149375
903.0920949066691
916.3329491179985
902.1048775554962
901.2689688273243
908.1119411890585
890.1563725401336
899.1201849388984
906.1735395136903
896.1564900533928
897.3577705435332
900.2122846484339
903.0723238654617
910.0304614380645
902.8165892458591
900.6874014950968
896.9121973858717
900.0975187986276
895.6296201543696
897.1766386312333
902.683100049987
899.8371897835253
898.8339270951133
908.643856164444
906.021039331183
900.3398891103933
895.2685617823207
896.031523207521
908.3580002396685
906.072526981664
894.3842596891965
900.198859084608
897.5333616071558
902.1829144624852
905.4719638160724
895.0912392014907
894.3710314480005
901.1368427753464
897.0760114132056
904.5073590520045
909.6693713251907
909.1895059166293
902.0093452173921
900.6832912400606
889.3231935753591
902.352530598152
899.3942264646774
893.2880147444644
913.0793785607347
894.275838279106
900.0400212211669
913.0664024285595
894.0312362469148
907.1276683920145
906.0478382530666
894.5805268611384
900.2958817704126
906.3587834139489
900.2454646628966
907.5443442791898
898.4792329748915
899.2199610144753
893.1527026094511
890.1771014396691
899.2245299991695
901.0914973599924
897.0896785845473
900.1379888129094
895.3557307292516
906.1651518800728
888.2220202453269
898.0132120174492
900.0520091010459
901.4222814197575
905.0028787891529
907.2403496194102
905.2814810911796
895.110997228744
902.153130447494
890.5917660391194
900.627859462908
905.1358771474529
900.5157332720576
902.0104454843652
892.2263353739537
890.5658742602935
899.5141599283579
898.2605312940605
897.0036515550954
898.4219955841986
899.6926702541576
901.0312074377234
893.346546982758
898.2973777177189
911.337480016251
897.1385440469668
898.1924785484201
898.1259148742579
903.0864559020911
902.031306086078
907.0552476026265
909.4015291426488
900.9853940150393
899.3755783006663
904.0976187984709
907.2036533090173
895.0150312778834
900.2518750227082
898.0139034889828
905.5650356970978
903.0274320981728
900.3708052035323
898.8401275949976
898.4369615419107
896.0608355735753
903.2320721423824
901.6628215482409
898.3048016086751
904.1736005981602
895.0532715121668
890.1715381392621
897.0195359672095
909.5216743464588
903.318695093512
904.2912824537111
908.2100442208811
900.4120462790326
901.0067862227273
909.7498739150906
904.1863027450037
906.2423468442779
900.0012611685447
903.0526695220458
894.1684665067703
912.1744213343561
901.2495676043144
906.4656689508229
902.0869629635224
899.4400106801072
893.1520515687931
897.2814641354095
901.0911458886868
908.6247385518685
901.0394022978459
894.0239235803572
891.702301932028
900.0581962503279
899.0035528703148
910.6002545442046
901.0772905913016
897.1905874040406
898.344087086272
900.0060722982942
904.6895263670223
895.1144456433157
897.3776435336149
901.2681473081719
891.0413431542543
897.0126312963802
904.0295610644444
904.3024921844232
900.2423467905448
898.2009392198543
903.008937694044
904.1957013493592
895.0281960832253
913.7873945871271
899.0022196450727
893.1619977973145
905.2324420409631
905.2752566940103
899.0099310963053
897.6276988078005
911.0027661157105
893.6311461563149
901.0470722842425
902.7935762264609
898.3737988450262
894.2833791058092
899.9948315083382
901.6710605914845
896.1253351425988
904.0271037887331
906.517035261683
893.0672776543256
902.2260070857898
894.0399815107024
897.0729392068157
898.6531774548994
908.8075995936546
897.7099618804629
905.0710610523823
903.4669727857463
902.7738731900058
898.058045904016
894.9140111564938
895.0256098635227
905.1118891664338
903.2407720823284
896.03631264533
900.0943881599543
901.0661077351211
899.4661064637402
903.1072030966801
911.0129496511469
903.077948834756
907.0001269065947
911.3900442966689
910.355603278106
908.4297152564392
900.4935272469866
896.1193062905407
904.5112983659915
900.2435518478561
899.3652952371845
903.1402805292107
894.1391539727219
893.8941322654724
898.1265545656736
891.0039200276229
896.3312478656119
900.0213225571204
909.1718659487954
909.2539123085173
894.7781213648148
903.5807980024291
909.3867762969247
907.4488473099113
904.2098068145497
903.3757161797545
905.1942282886687
903.1847282129742
895.0098823727651
903.7582363587746
907.1821930336364
898.2300163501409
900.3060996711171
893.9889830702548
913.1472210837794
903.0669088875018
899.4342107553744
909.1569137293628
898.1397416567678
898.5193059878336
913.0664976354292
901.1993712009294
891.3928437745224
899.215698463661
898.5138975736922
899.4845452570012
899.3948560978384
899.0352361064743
907.6249025736041
903.5996131352332
895.4828836040216
898.0915912287774
896.0884252757759
897.7009557748079
898.274846759188
907.1642894996279
903.1063184259959
906.1104558811984
889.1374447908403
898.2035900162182
911.4907129143389
897.0127176348833
903.2647880849238
902.3151710283037
908.583232254518
895.5793433296283
902.2387959539402
902.1863910921966
909.1318070162595
902.3822239876168
902.0581245757269
900.6333290712804
899.5793635423249
899.247011379553
900.2084246893525
908.0556093255456
899.2559968516204
902.0750409777467
904.2402750619578
902.0467337469995
894.0679524051483
900.7146865778791
895.3119296039384
892.9225745409309
904.5491212429818
900.1811117588227
904.3325697265055
899.0672369454293
908.3990867860134
896.3161742576896
901.058466989847
892.4874484450658
906.6024630572513
897.7647325828008
894.4189868695814
901.1122876191837
904.5619220852169
901.1714805646711
901.9931094420253
893.2853882127192
893.729587104408
909.9456347872932
899.2748557859442
905.1203919216282
903.1089907777108
897.4044996241582
894.0205316935609
898.2012364812666
901.0776090323764
901.3772212294135
899.242986489841
899.7473383562915
906.2464485547194
898.2131972545083
904.1378854801595
900.7676242243291
892.1080439673555
922.1432637940121
906.4485383495238
898.5072174684539
898.375049783688
898.5736226300777
897.2109049282317
900.0947550208269
896.1221062049387
901.2576709558149
908.075896649473
901.0847922134478
900.2484577666986
897.1765611308399
892.0911323081464
898.14323844044
901.5339154640592
902.0220859966992
907.22687352399
914.1209310703453
898.297643188179
894.2886024491511
903.4249679837251
892.3354557605896
898.0696959324298
904.4865275416203
902.2473462166862
904.0050708479097
905.1832417568153
905.0300230006202
900.0926038395991
902.0144510957977
902.0793125644061
902.8186666402014
900.2941853421414
903.2151316365713
907.0214833430026
