947.407938547703
949.0643684584744
948.465292126619
948.4949272541901
950.4935267202957
947.4842332360876
948.2358291701042
947.9722421366674
948.6740445936641
947.0125569181648
947.2930118488586
950.3248315896423
947.0692971983334
947.0401837396031
948.1190329238773
947.7962111638535
947.0902693728316
947.1794923737775
947.7443371853427
947.2431136192386
947.3637111051472
950.097229251586
947.5280407040646
947.0846822803139
947.2414506616137
947.2942827331284
947.4690622398224
948.8255667171868
947.668017578781
948.2194167079103
947.0068124985021
947.1515355868768
949.2513835264854
950.1405979746688
950.5567894352905
947.492293817749
948.7364055240013
947.0357002197492
947.336997721788
947.0068251341431
947.409194624468
950.0170192655227
947.6989633076029
950.3898385793988
947.8771778678465
948.0383169817403
947.0942790048954
947.1415619609586
947.0953228527044
947.531025227694
947.7145119628657
947.1938160937003
947.0022124350676
947.3998232770026
947.402142393932
947.0235754753066
947.0800318705942
947.0116197586384
948.9677590385922
947.3505606894311
947.0520252908085
947.578231467885
948.3726981980996
947.0103745540813
947.4605060438598
947.6380415014306
947.4040639313504
947.5137877953109
947.2335740231125
950.4132004695166
947.2402915739459
947.5461513993615
948.1033885691522
948.2633824142235
951.2385564795567
947.5338286848626
947.0944191416187
947.3333909800987
947.5072025282282
950.2023475329089
947.4022628526435
949.0270371004124
948.499213203777
950.0918894044905
947.6572554736979
947.0260512335722
948.0672146206641
947.0936620206934
948.4079214299298
947.4003350853645
947.2146275949012
947.2769437681702
947.1272534750434
947.1443488644675
947.8573860407847
947.4375334348588
947.5914515192921
947.0899389958133
948.1608659774525
947.1585865697399
947.5044519629254
947.0389417742134
947.18188087896
947.4002422052521
947.651467697031
948.1510686055412
948.6028631663683
951.121891003909
947.2376687429763
949.0177772918614
947.1775557423802
948.635695689791
947.0795293917416
947.1088362602886
947.1341707308841
951.0694855171404
947.2231266457708
947.3099781098781
947.2283648351353
947.1831862962248
947.0685201775141
948.3643442338913
948.3477125699362
947.0904484843439
947.0134261275113
947.2080533198096
948.1260599420884
947.0302100396118
948.2961510341938
947.9372161993596
947.1253018418095
947.0854266943021
947.0532748982705
947.4624760145175
949.192989015168
947.3175943747133
947.0329404129479
947.0002677586872
947.0705715784883
947.942154128817
951.0843505927234
947.9315043014839
947.0039200287862
947.3970776722097
947.4677006450868
947.232062997826
947.4391106670806
947.1343298528046
948.3094018111642
947.0858343966327
947.1454170242158
947.5896328347881
947.3094107413274
947.1880455495768
947.2567456012811
947.522807575969
947.0423590614109
947.1088873227383
947.1777633437407
947.0053150107333
947.0140413853798
947.5239841630441
947.0704819424091
951.2643998077821
948.1913724099404
947.0544839214083
950.1805009340801
947.0401526916571
947.3539444409996
947.847957065823
948.1564066270555
947.0583503219945
948.0041283162303
947.4342691484404
948.3402060438943
947.2416488995642
947.9507278012557
947.1737055384127
947.1209898917116
947.0177611545145
947.3946478169051
947.1452344682613
949.3638934645458
947.1782978261149
947.4267598784526
947.6013637714808
947.7901253676656
947.004799417415
947.1716370866736
947.341511033039
947.2843774865872
947.3632457887534
947.3434258958129
948.9593189305318
947.6700131485082
950.1431475213258
947.5508846486529
947.2549273289887
950.2179886756819
947.6911922388945
947.0038336633971
951.6748345833741
948.2719820504275
947.1853057593264
948.4532170124202
947.0953931074441
947.0690317447853
950.317262621051
947.3310144520092
948.4062511097131
947.276166335935
947.5795081026148
947.134455246823
948.4999410159799
947.021937980435
947.4655358425908
948.5682911395193
948.3623638719816
947.051512348308
948.4304998472167
947.3619961145984
947.1406109976357
947.1182413127248
951.7616200853963
947.0793220568578
947.5831234039224
949.9410488075998
949.0764050469489
947.1630958645492
947.3089767258056
947.3984337977826
947.1131032841685
947.2362267405535
948.0567750606357
947.6097953772352
947.3684986917459
947.0457924589522
947.3913128116618
947.1386015775804
947.0871301590399
947.1072135465713
948.421238210026
948.0692002483995
947.1918891894621
947.666849509805
948.8609934283811
949.6718966167849
947.5483606124631
947.0852164278161
947.6149864370769
947.8793738069759
947.3342671505808
949.191165507378
947.2178516116571
947.1265366014009
947.8359385090542
947.0808994004068
947.0339330398942
947.7897743996994
947.6253054557362
947.1234184614627
947.2567180387076
947.1007435593763
947.0453019416706
947.2425218428567
947.3375722618456
947.7156961332848
947.4673724348579
948.4093129933591
947.2553146791291
947.2772544403014
948.0320631144671
947.2535517359718
947.3704971494441
950.3717897396485
947.4116408593177
948.9550795076581
950.4733043023914
947.1832417830683
948.5078086337162
947.1109686564204
947.3068712109807
947.0687632937975
947.2491238636225
947.0485436601937
950.1451565201769
950.5958615318021
948.0019996394054
947.7360583342659
947.0602804788887
949.0698441358273
948.1896535350263
951.0249549078053
947.0889996058952
947.4999395856556
949.0462774525332
947.0806568857043
948.2291662926586
947.2784067809571
948.0268320719648
947.1062732530363
949.1684388711852
947.8171355923969
948.0941986688996
948.3408717097957
951.7265163592053
947.0508433465862
947.1682417153461
948.275858300637
950.1084238048948
948.1551420247458
947.4681807220021
950.5991164297928
948.9200242396336
947.0413196921804
949.0962323009956
948.5284570615552
947.2174604983554
947.2517078265894
947.2913364100332
949.1497426576173
948.0152486522264
950.1759409520628
949.0176066618137
947.4757168964964
948.8615486144988
947.5226687993203
947.005829801191
951.1584905976327
947.2044301586111
948.2719609320357
947.0791507489843
947.2647645782496
947.0778900972351
947.4358436030886
947.0775403945721
947.2619679917781
951.0590138877182
948.2769680098183
947.7960879914907
947.1540330126752
947.2271926749473
947.0398746583219
948.1658754358614
947.2075944532314
948.801897162362
947.0964453347184
947.7781681704089
950.6987657786094
947.4683481540566
947.3551565067058
947.3585107529311
951.1263190598283
947.3191325451387
947.6496033676515
948.0275092985979
947.115283769831
948.0701489729922
947.3371520242147
947.2220225887589
947.0456415768518
947.3697936221515
948.0613897805853
947.107243903587
947.000857610908
947.0274172718354
948.1342572040239
948.0278535693982
947.703350174945
950.0418917258514
947.0738449618232
947.0026505481535
950.1023852971707
947.5079394455129
947.0611109815584
947.9515596402287
947.0172803139105
948.9461461369574
948.6145069879578
947.7921216202907
947.044262080672
948.3116925259012
950.5000565458336
948.1204195126413
947.1282592993971
948.3976897088868
947.8415894950112
947.4338385288961
948.1348371226269
947.6528611060762
947.8982939818336
951.9330167528506
947.0424818540423
949.1006097629113
947.5522509859248
947.1511375710552
948.1266460354867
947.3422383123127
947.047998298076
947.2423566236662
950.2638737396196
947.7094179022287
947.0966454958292
947.4886112193851
947.0889517515448
947.6743493738084
947.2928139789385
947.1785388493286
948.3039374379406
947.3028926334893
948.8593327598392
947.2185019027879
947.0560051985523
947.0958219236645
950.005966840462
947.2476415782352
947.2267188736423
948.1525917815854
948.1643574592086
947.1276398788293
948.953906074078
947.0909712304268
948.0833662774781
947.0565430917869
947.8932816345531
950.0036503554458
948.4741933438767
949.0503741835737
947.3093187147331
947.283520928846
947.0708284417811
948.1186101493233
947.6698044689533
948.06319985277
947.0225286982821
947.0009772283024
947.5918773805951
948.1145541025651
947.061216828861
947.1518220256919
950.5666445353363
949.6669015188251
947.0130274140594
948.3711443253255
947.285930769052
949.9816165715102
947.3594956434994
950.0945325713063
950.040943745929
948.0658450553603
950.0360480725881
948.0529627785253
947.128530695737
947.7062989510812
948.4188713110842
948.4735783967415
947.075402430479
947.7032706218994
947.0428020177086
948.9344614005502
947.668102530818
947.1484152572763
947.1990037959605
948.3233820500468
947.0501832924153
947.2970710430001
947.0713433591193
948.5333445152733
950.1132632575432
949.3942802054345
947.0596415338648
947.0944975668841
947.0558873914865
947.0542537749878
947.1692751864678
947.315663766063
948.4000558550713
947.2096201407848
948.0474940474663
949.7970039465557
948.3207491502468
947.0420245150076
947.1935934065383
947.0057225559959
948.0564661391943
947.0133579622271
949.3274183949085
948.0379963721427
948.0996512572046
948.4172456592908
947.0682249722004
947.293322761549
947.3147627542988
948.636201542859
947.1542955232828
947.010370384329
947.2674772248264
947.3478130664581
947.2932784227543
947.3739798957323
947.006465797476
947.0771950185373
948.1238768732578
947.0406035209388
948.2969762048399
950.9177459975014
947.3139220546433
947.0696288226588
948.2362774215852
947.1037683471006
947.5244671985458
947.2919185582347
947.1591555629825
947.4533853953892
947.4881078838591
947.751338353934
950.4191749433941
947.1334605801243
948.484718424099
947.6442858582942
947.0701187114571
949.0363601955713
948.227122448048
948.1039030546478
947.7405885000763
947.1533281898363
947.5983764419135
947.9416338480513
948.1965741150257
947.0053647732324
947.375908205489
947.7293251980097
947.1861023807866
951.1979180815142
947.3400128607045
948.0932926120146
948.1354942556302
947.5722803633067
947.4421636663835
950.2021830972616
948.5549584243555
947.2361688070491
947.1971252983572
947.1393246427036
947.0710332158544
948.297451360429
947.3601021930233
947.3045813745289
947.0524605260244
949.536991688057
947.000553125486
947.0526031514445
948.1412269342479
947.0054596392529
947.0148714915919
947.0160627307974
948.2611664831729
947.2450133002377
950.0991323629269
947.1764484455045
947.9342313346997
947.7626760213211
948.3390685127864
947.0476070964106
948.0668527144799
947.1002552372016
947.513184954903
947.2700917353309
947.4791350053418
948.1147767118698
947.0454640135375
947.3168837099824
947.4716245344762
947.0645195025302
947.2355409372719
947.0950931831245
947.4958932259751
949.1893906242923
948.1039513508413
951.1554295304785
951.2064668303033
947.0414288572431
947.1046638472905
947.9885773872251
947.0957024529056
947.2507364639714
949.3327557529664
948.2587032736953
948.300686114839
948.5023575232973
948.6230504522376
947.0986646987269
947.0776276571517
947.0838108475745
952.7396737678534
947.0896783949122
947.3858133787384
948.4686939190184
947.2903124244718
951.3913294161414
947.2249985585521
948.1191273979814
949.0292962756351
947.9609842301552
948.1613680323939
948.6665702940231
947.0311360475463
947.1988616654488
947.1831040847266
948.355779813408
950.0244288035311
947.2349984811954
950.0551525183334
947.2058930644852
948.1740036855876
947.4113742150918
947.1583539400037
947.4303372931544
948.8445764014957
950.1128686496648
947.036945175021
947.3375864539947
948.0634323805712
947.4004422343183
947.9764741955345
950.2301436291704
947.1448226202984
950.9643904154997
947.1562307316333
947.765445937699
947.0354879559018
947.5748419498469
947.1259153043867
947.6062834343123
950.0017305012786
947.7264834154919
947.0308869477236
947.3931230988397
947.0819743536157
947.2220756192786
947.2076481046324
947.2908053801247
947.6302461964041
951.1482180013204
948.2273732573126
947.6042094802468
948.1137348949808
947.5097364404746
950.8852237879904
948.1509509414201
947.5809174743868
949.1462800136801
948.113941552897
948.0365069019289
949.0433787197534
947.1705960362873
947.355842162466
947.4585060956032
947.1040477967027
947.2093873159685
947.0292594739552
947.1377864611684
947.184994329092
948.2294461488198
948.5332323501771
947.328951713702
947.0242499585628
947.0630630340128
947.3625347940432
948.2471162742603
947.5882707725805
948.0292210056366
949.0737610190839
948.3215417997797
947.6145837273682
947.1748714802419
950.3630145727935
947.0994679913445
947.0323221750517
947.5559616479869
948.2563736059961
947.1551730105405
947.2834611298141
947.0663182977868
947.6830514371595
948.2138382157898
947.0441388903048
947.1606940829049
947.3653860004727
950.3774274202362
950.2105723351577
947.0855919607684
950.0786716923024
947.2552855448463
948.0887153991067
947.075827943332
947.2459558939719
947.0755726421397
947.1871182792187
948.0398367385817
949.5009293722908
947.1605673878366
947.4144172037336
947.1196047925798
947.0763021943345
948.3455990001665
949.6301197871105
947.4132045112054
947.3112113203143
948.4350136809225
947.3344808993694
947.1753092123513
947.0340852924224
947.0245173440204
947.3756984430325
948.1526413384103
948.4061497920727
948.3946573373535
947.0619504710137
948.2036294334418
947.0668890366762
947.3572842232251
949.0185659360061
947.194662977479
947.0313570421325
950.3576884965237
947.1377266521824
947.1490160024756
947.4889731114131
947.0704726055129
947.6346413177627
949.3653824663418
947.2312578335782
948.9015427549479
948.3245250960148
947.8344052883261
950.0289502757929
948.2383324909205
948.4165131398772
948.7417274129376
947.2186996751399
948.0893813306975
950.1550930259449
947.0756191848682
947.079625653018
950.6434101979902
948.333933383167
947.4224419896307
947.0339070638237
947.0100140282458
947.1149543275632
947.1021377833113
947.3209802843584
947.6633075761537
947.5324769801413
947.0365620659925
949.2119788623106
947.5457781042253
947.3645548718594
947.0642494411098
947.0413605950204
947.5442234513281
947.0727106449511
947.2531697886391
948.0496365759209
947.2177044875075
947.1712768780916
947.0778627832808
951.6578453235585
950.0739653224357
947.2508543804697
947.0873834208423
948.2594292401596
947.0951877876172
947.3254925361575
948.265354896113
947.9987491387717
947.3976804588017
948.0149908265809
947.1061159243692
947.2132867115071
947.4373070588031
949.4643593119409
947.3244409997484
947.0006686972865
948.5978091434001
948.0301773311205
947.0659023041247
949.4615975783421
947.4144574624055
947.3367242432585
947.491478320597
947.360034302164
947.2768210680302
949.5848618573709
947.1272180710511
950.9926813509285
947.0183616712634
947.0217998173014
947.0600458571568
948.6323411342662
947.3320493806685
948.7076290477522
947.1596563787955
951.4522042448153
947.1910714091423
947.1082468510737
947.0311516364706
947.2427571960594
949.6867219553723
947.15038415493
948.3482940021964
947.184001010653
949.02099812901
947.2340712837479
947.0953476125786
948.0946689520481
949.0089665597161
950.1797734374898
949.8133262618169
948.1033849001682
947.1153490369937
947.4531941767302
947.4942664965707
947.134606649478
948.3451374677815
948.1799874069628
948.5474944541321
948.6959636459485
947.6172839747235
947.2419546803094
947.0613049165631
947.1728378577749
947.5314314605309
947.5796095127764
947.2691322794808
947.0067871979473
950.0602138074835
947.0168270617565
949.5962987630724
948.7880018584943
948.1425201391176
947.0409037163937
947.2507034965957
947.5575217917906
947.0676030605644
947.4300724449398
947.0280637312405
950.0095970418481
948.3013242532671
948.126963898139
947.8919907257965
950.008042712821
947.9220266485237
947.2054469855137
949.046330575596
951.2901775070562
947.2634443551868
947.1211312170262
947.6539848048039
949.0300945022163
947.6389265547485
947.0265188489619
947.5384147611885
947.3823324513266
947.0733571185715
948.0741792071204
948.5149121175059
947.2533048953343
947.1209704841189
947.5919921879314
947.5040275028874
947.779783885158
947.0922490864841
947.0240480252365
947.0578889496365
947.5011308933564
947.1556553823525
949.3536000812103
950.5806262491844
947.1160190743902
951.2132088573414
947.7479282446676
947.1304541306408
947.7049370821595
947.5530231233267
947.2487952632881
947.2268186293136
948.7540323264607
947.8208305297826
948.0637137757199
947.6699633904278
947.0583888554986
947.0260053903486
949.2313761931897
947.0015185915569
948.003832662699
948.5567305771639
947.4159214784978
948.4981024353282
948.3840831521582
947.3218451858793
947.6208609361065
948.1296129400595
947.6999103443193
947.5366122295425
947.1675047076002
947.3910836814674
947.1299920280233
949.5156955508701
952.1869204812473
947.0653519947217
947.258324245936
947.764176553297
947.2080210388173
947.1399735846488
947.0085115134569
948.1054457203892
947.3608402595212
949.8561027314926
947.8547348769972
947.3155847395697
947.0742023276108
950.0990636254769
947.0828659419918
947.5154301439017
947.5904306184093
947.1438824651999
948.006671240186
947.4352514269319
947.0795253601268
947.0511738509105
947.0156842917258
948.0621233960409
947.0777937845312
948.1412592918562
947.7177429678957
947.0157607949718
951.059964845973
951.439144037285
949.1135411483724
947.4693488692509
949.0126044050619
947.2207087197037
947.0545154226963
949.6428266011637
947.7209091347877
947.7226726091617
947.1070237137797
947.3851489678055
948.162681723865
947.818450620826
947.4010349123685
947.3723100529437
948.1521411163628
948.227484480449
947.4233088306082
947.3224149450325
950.7307807275156
947.316282871288
947.0991793196258
947.205517147526
948.2170304108969
948.3902792360989
947.0565442869084
948.2773225572594
947.0437678427813
948.3034064532754
948.6325220115127
950.9835323599192
947.2725451241513
947.9721097109644
947.1146113614612
947.5700272372117
947.1948462973363
947.0125123573157
947.301885989888
947.0842963342628
947.7980905164102
947.2373688905751
947.6534574590451
947.1756112022589
948.013167855429
949.4613383417507
947.3040273293525
947.0335276555589
948.0830528989251
947.1114267109159
947.4475751248266
947.1585869048212
947.2876350268849
950.0073653361635
947.1169412998111
947.1498275010621
947.1974512408042
947.2645477046624
947.135346131691
947.7426744417147
947.0097854497224
947.901340420573
947.0185401048227
947.7283295316021
947.4587259149424
947.2164968368709
947.2667946369088
947.5386684104097
947.7389953033044
948.0522259757211
947.1246383257069
947.0523590264188
947.1527773088773
948.0461482685082
947.083318210767
949.3043913088152
950.1079984268248
947.0425025662607
948.0290466529774
947.6064148533787
948.0562827545203
949.1360597892864
947.2800590593662
947.0146941396282
948.0137678598232
947.0223888389875
947.0497702747658
947.3956930827984
948.0127064328101
947.1391198040459
947.3331816388279
947.3033010604629
947.2911761270046
947.0441351051884
947.9626076494174
947.2216195206241
947.0299998449043
947.3518461408929
950.9118928035552
948.2239257989039
949.374418412671
947.3215721419408
947.0648721139574
949.359709269025
947.2469009156744
949.0883585675192
947.7270130429816
947.1639044148505
947.3349500450404
947.5409703611625
947.1693021282839
947.3498811345082
947.108621568718
950.0052449261946
947.3663355684181
947.0961104228506
947.4973461209448
947.5938279756563
950.0173086018375
947.1034971739211
947.0321899987568
947.5041608371337
947.94572360728
948.3523067488533
947.874370092527
947.095174215126
947.035964147062
948.0150673019552
950.059407485151
947.6777819283124
947.1018535769317
947.3662582768189
947.0302388048923
949.7089296371246
947.4831634758759
947.2231138451716
948.2601065101663
947.1998751353777
947.9281688081862
947.8790520301026
947.2058158213135
947.5304594820097
947.0852099475401
947.2211669997691
950.309265899001
947.0139652230615
948.4474834831128
948.0243710452067
947.0638623789248
950.349556896282
947.1646232921827
947.207320368405
950.1757461413266
947.73216839796
947.1771606041552
947.1348437497934
949.378137563505
947.4734845992364
947.202109292369
948.0953396046211
947.2223517828417
947.0217964834487
947.2006890988614
947.0347493826205
948.017594978295
948.1738206744496
947.6603505247068
950.1358765886465
947.0315883039956
947.3760037273223
948.3634518099897
948.0379209386316
950.1721009771937
947.0843522051281
947.777542185112
948.3387988181147
947.9801495915684
947.8551033434511
947.4498560037201
949.5479656785576
947.5580179549781
947.2536157439242
947.0926955057316
947.6008913313551
948.9062956298742
948.9064208504161
947.2010133128517
947.7005200244106
947.4067839065128
950.5652939938936
947.0516374362882
947.1709742999385
947.5120737589914
947.1855029825415
947.7640718398935
947.1560104745686
947.0936554258088
948.2544428470177
947.3370602489927
950.1628250497856
949.1405905086789
948.0456173977772
947.1423005317723
948.1948988206317
948.1891738700348
947.2896895547841
947.8816836892861
948.1366012015532
948.1187207493881
947.3800142581096
947.4837370525785
947.0699875729057
947.8859526979401
947.2243629846406
947.0631837336484
948.2304339686252
948.5117376290076
947.1690564845313
947.0870890987359
947.637339018103
947.6291094520041
950.409065072656
948.2947983080468
947.6324855334943
947.8318152402155
947.4091728337944
947.3440677338327
947.4387540848445
948.4232490014111
947.1042412655601
948.0620745539851
947.0804377875062
949.5099872881635
947.0575414236974
947.6309384473149
947.0090177769829
947.4152669868809
948.0298005307508
951.1402522851071
948.4031277398302
947.4629063396827
947.3266996700623
950.1555511655451
950.3660847352421
947.4906847689667
947.9410775877767
947.2709982544287
948.0359889063391
947.2110109433492
947.6540474590237
947.2176908954668
947.4163425088461
947.1809818512279
947.001397769515
948.0725470108672
948.3422809707288
948.3850987152221
947.1543375093809
947.0009396508954
947.4936137124295
947.4166515196964
948.1833665987931
948.2614994818974
948.0896949980853
950.1399635825409
947.5808028749759
949.3525083460928
947.0947291333026
950.3625117624402
948.1971324823679
947.0176092628805
947.607826802327
947.2591183606618
947.4259063458101
948.0665922385398
947.1840317238627
947.1822670296982
948.1200781527606
947.3423159844964
947.0145140346169
947.2120569091885
947.4232916510255
947.2263048506576
947.0563668888125
947.0855331109365
948.7031876549763
947.061725387994
950.2822379052087
947.0762199961694
948.3690238094955
947.2812323094466
948.0135023552064
947.9587090534924
947.8872178496288
947.1477311599544
948.4727470531936
947.0314515352512
948.0692858005086
947.2722878593067
947.5547530869693
948.8409412467809
948.5201270925197
948.6145891865865
947.4138090239468
947.0285685501232
947.3249933747455
948.5160707188281
947.1916912671738
947.1031130520076
947.5224091472821
947.0410002934444
947.7325512694389
947.1989254618242
947.1184729338727
947.0455395459157
947.8120117696004
947.3669676224905
947.0911422342763
950.178452702503
947.0646880883913
947.7734450973161
947.363015659615
947.0878498743674
947.2579801976996
947.1135281047591
947.5881336334814
947.1252960887678
947.7734839733262
949.2940834681783
947.2347284472602
947.127690006457
947.0898270240889
947.1341263307168
947.0720690272868
948.553827648616
948.6360463461323
947.2209978422194
947.4086910920028
948.7365155684662
947.1420873118964
947.3143309248651
948.1025209782589
947.0411258401155
948.5086418428766
948.5548311793862
947.0489473925734
948.0801957380811
947.4483725440346
947.1276828643465
947.0627493178966
947.0482497729832
947.0334639979449
948.5972610313862
948.6006142331239
948.5586237781529
948.1032857710399
947.0564354865465
948.0966417728653
947.0306395638725
947.1153002028096
948.9939843319512
947.924078139483
948.4416513087685
947.189051763896
947.4939118265025
948.1462513029932
948.6948616138217
947.314679950391
947.0208471551991
947.5916622623491
947.728823926652
947.9146076625877
947.0251824693346
948.2516293888835
948.3742194950581
948.3071482542905
947.2639490321374
948.0824229815008
948.5890397721099
947.0511193349777
947.1170131250025
947.1390324774028
947.1220658041153
947.3299269300179
950.5312734214564
947.154520829311
947.4709641374401
948.0127052556919
947.6412245554857
947.6431295197168
950.8874217214682
947.9258710979072
947.2129765379462
947.055176307787
947.3092947459681
947.4972593419731
947.654063318607
948.3287417713532
947.0362086822379
947.0518119286438
947.3249559725626
949.0357713073769
947.2645014291833
947.2046965917879
948.0902999956851
949.2098015856814
947.0397648897938
947.0043589027944
947.3224395504789
947.0682955506426
948.087360537347
947.7552764722591
948.4254523441219
947.1234110771667
949.0960192594795
950.1108774770329
947.436562027997
947.8925456601529
947.226531962222
947.1021525468159
948.224847996764
947.027234733249
947.471828154335
947.1602913170206
947.0932625822796
947.0248797432492
947.1402117566006
947.5559375008589
947.8119777365368
947.0120372699758
947.2310868200847
947.134947463271
947.0062036200208
949.073718573292
947.1259323078982
948.1686858265714
947.2577241720901
947.2258033253513
948.0995912894512
947.6317812837702
947.1650865703266
947.5880647238204
947.1071329317485
947.2304468342505
950.0479103176513
948.7024611026176
950.0410745013559
948.0082088669561
947.0248777983294
947.1808438590386
947.4237588778789
948.5560800141283
947.0701492079318
947.1688093849043
947.1755941272692
948.2105484338164
948.003168535601
950.1991231209382
947.1601153631996
949.3807435887989
947.0955864502482
947.2629144256392
947.7236226728447
947.2828947270851
950.0641094774375
947.1789338494488
947.2750154577587
949.0918039131309
948.0088553226989
950.5005288580334
952.135680191535
948.1188937944935
948.0420449314923
947.0631085017259
947.2608942394401
948.1298329118175
947.150746109035
947.3303008940826
948.153330644108
948.9182466556459
947.0279456770124
947.3486943051956
947.001100131329
948.2500178138586
948.1885764414119
948.1172454635772
950.0654872837687
947.4039821374259
950.2174491338038
947.186023247749
948.1389473471828
948.6168184608724
947.7386846307079
947.1184913768957
947.2580853156537
948.0427458059935
947.6739810507299
947.4855000993651
947.0907051620651
948.4149008330377
947.0783596097862
951.0569718368314
948.7336502916825
950.0598528965664
947.3229932351576
948.1135728767913
948.057181628754
947.4278207406525
948.2069208673837
951.1448335197383
947.0447470736948
948.1223207125348
948.1731746125108
948.1709675380534
947.4218641026456
950.2192871779722
947.7832066687715
947.4738624994995
948.1092953446976
947.1187967803513
949.0950202662139
947.1158262172789
947.0770731570003
947.276901517173
947.0164516139191
948.0813725857666
947.0466695364004
947.2730384882036
947.0131241278318
947.1017873945841
948.026279501289
947.6984833172438
950.3249735913545
949.2264790922185
948.8904207719906
947.1764214627669
947.316027854957
947.0993497559815
948.4291378250091
947.3470430717504
947.573187976498
947.1981361171798
947.2707348467994
951.0105445699241
947.274241676052
949.2558419258438
951.0396651284507
948.0428142079618
948.0065898942693
947.2906405091686
947.0562856531179
948.3020675127987
947.0163276069509
948.3740301359769
947.7144204100406
947.1056535156625
947.6972519903685
948.5176014289399
947.4606964132872
950.3791518256645
947.7888598786245
947.0984837830068
949.0824718559986
947.1031576493478
947.2025330354392
950.1201000025568
951.0373664410777
947.2633347982971
947.0579861431213
947.1415863940745
950.3134207438698
948.2495783752739
947.2432406785196
947.5677776018745
947.0208839251461
951.2286785161692
947.1762833114818
951.3334248953367
948.1298344367466
947.1862439340903
947.74413289582
947.5655449135153
947.3391978641669
947.0936331543494
947.970558857128
947.5414997217458
949.479811988985
947.2368437534524
947.3868916856349
947.1833726600466
947.0574009524163
948.0458702647471
947.0050605407492
947.5451822755242
950.6168588575146
949.130727521706
949.3754464124276
947.4753930170134
947.0074832078847
947.0367507873548
947.0610456825283
947.039917216451
947.2418455254311
948.7766751626532
947.6232371716159
950.4746494226497
949.4627325515271
947.9480717458421
947.2300906913279
947.0160018277622
948.2682489466731
947.1216238551526
948.0517467913064
947.2134981177359
947.024022184104
947.9588827205445
947.4912709424619
947.4417128607979
947.2442230108783
947.003985313357
948.122143233518
948.6560863294208
947.1414509574878
947.0536886644121
947.1500594786914
948.6716342808772
947.0268576901974
947.4457466759212
947.0839877868846
947.2117221290836
947.1415236634122
950.7438938291705
947.6786607463704
947.1032444632616
950.0685785543639
947.3230758864898
947.0085220620218
947.5432004386578
947.0273258471656
948.308758230228
947.0650433870399
949.295955259215
952.3094614230803
947.0686453611571
947.0379232653813
947.1463563700262
948.9441289900655
949.6615288541475
947.177777985967
949.0167661894285
947.8887923607302
947.3178346225219
949.5445636343778
948.1864526063881
950.1016737197148
947.096932043699
947.2266788546563
950.1634885207332
947.0129505474897
948.0381131553331
949.0828992968092
947.2919752970163
948.0744095885426
947.4883923454737
947.1969237818304
950.1943302694959
947.0701044107623
948.0906187228959
947.1673283136963
947.1288757016331
948.0337346332178
948.0878621707271
948.5452517936078
947.019186747953
951.2476908352721
952.5707204450536
949.5167171193184
947.4783037825562
948.3006646976274
949.271690769874
947.4253096049531
948.0120218452362
951.057173777561
947.0167692273374
947.0469069384136
950.4582193004803
948.287968939375
947.1288165969908
947.527813638711
947.5257610991607
948.1794074635552
949.0972070264913
949.0726610779997
947.8426941024408
947.743042741836
947.5174206673029
947.0993573140081
948.4348616729009
947.2095019374462
947.2564281226124
948.3715924139375
947.2047997146685
947.0731640620244
947.3517090000832
947.2635111585256
948.4045371827998
947.2017982071259
947.0827879924237
951.2976435411199
947.2334662551048
947.56659485358
947.0465846393573
948.526586854307
948.3310383573184
947.2110869259983
947.0758683962989
950.2339001310389
947.5178413503245
947.5079121437952
947.0116867552068
947.0380406028737
950.4059770513674
947.482214622492
948.3063438858529
947.103126427503
947.086630589984
947.0056132897491
947.2134955256724
947.1305405198409
947.3963693213434
949.3260638162425
947.6178937938101
947.2564902833645
947.0796687671836
947.5573549901071
950.2541668657346
947.4501425477124
947.0863662205184
947.2779476949265
948.0373133802257
947.225862293585
949.3525704276823
949.1635464477292
947.2040216073326
948.034320314446
948.0838531387952
948.0898265886676
947.4377449293299
947.4801827409318
947.2468224093918
949.0063434089931
947.3120587511588
947.002043252997
947.0458890900912
947.0002666342644
950.0170458055361
947.220723383334
947.1806115106942
947.2619243952581
950.2648402273292
947.6236683753939
947.2033820224924
947.0897700522236
947.1643161540878
948.4420293743926
947.6111422207
947.9582877280812
947.2947017465086
947.0022271910185
947.2826834954577
947.3106669012733
947.4023970930839
947.1491946712852
947.0070618218476
947.0299651505762
950.0697969511607
948.0112514969646
947.4061202500918
947.7313571086058
947.4230896629759
948.2963422286026
948.0410812205553
950.2876139537658
948.032049119771
948.7172481077004
947.0960453169495
947.2382583591608
947.4093232098611
947.0402519352375
947.4519341441803
947.0752161400059
947.0221800565752
947.0865593019681
947.053414043377
948.2191857561064
947.2725030317798
947.4422074844598
947.6640324783731
947.6449288041669
949.2080948377159
950.2815563422819
947.2519113735293
950.0741389916433
948.5819654357971
947.6483794593516
947.7109904531966
947.0571886418203
947.0209142382137
947.3143447380462
947.8928596154867
947.4052172289553
949.2839544686815
947.3990122872905
947.2056530726506
947.2704678634901
947.4204412028248
948.1219115428478
948.1773169317706
948.1199723001127
947.0458812089639
947.2916022224363
947.2423877985417
947.0337236901734
948.0296820558955
947.2701198358719
948.3417915017744
948.094359867642
947.3166109992396
947.3976817605276
951.9774949803586
947.1225131521899
948.2864647207265
947.6694238309273
947.092220317182
947.2048115843547
950.1997998168565
947.0315937947967
948.1032161197592
947.1988577432
947.3306758987628
947.5965591922877
947.006256808949
947.0418989767036
947.4649205876683
947.2490251131494
947.639242948435
947.3697382581336
947.0782627917697
947.8564711346319
948.1518951431332
947.1151883659485
947.3586585966423
947.139177892512
947.2014056007779
948.5559576067353
947.3353190229932
948.1521769539601
947.8083779643792
947.2393595259675
949.019901264902
947.3929672765937
948.0148754411357
947.2002242779674
947.6740043135245
947.0066761421554
948.0881101018391
947.1099384252674
947.1031757703768
947.0153106705225
948.4201098088679
951.1961060694314
948.2985563202311
947.0164779138955
947.2362547325259
947.2602628104028
948.3563509213997
948.4482479811445
949.628730089369
948.5044054289758
947.0499724125859
947.3217080433469
947.0802083036878
947.4897869530421
947.2186384738627
947.0157622887662
949.1703631338418
947.0878939901881
947.381258307757
947.1439058163506
947.7355019753952
947.6854001076917
948.2695724013466
947.0662281948001
947.0182725544206
947.1743016643347
948.0920197684934
947.0501454593648
951.1053704239591
948.3973688488496
947.0536051863675
950.2770003799403
948.1644690512632
950.4710050451378
948.6177793906087
947.1178791038731
948.549286453228
947.560078187736
947.3570671612501
950.6007568383185
947.4016430369085
948.302577723476
948.4136160331198
947.1718779679649
947.2384291028915
947.4224713280579
950.069146500579
947.8834693852394
947.3877508164097
947.0418814384662
947.4512547707957
949.2632511759173
947.0037287010589
950.0311929463305
948.0496922990538
947.0026099072907
950.1608416131567
948.0895544031516
947.1026867980586
947.0917684232135
948.8212503418052
947.4612166467623
947.716561693021
948.269406846526
947.4732844158252
947.2274431096729
947.0123723676336
947.4490572651786
947.4592032417048
948.1272770103116
947.3113937516158
947.2783219113692
947.0720521035851
947.8646548590647
950.5532614547072
948.3669664713415
950.2036251424066
949.0662650643577
947.2338953199237
947.1246490006073
948.0487226755031
947.1672081020612
948.4215265275509
951.0757407812529
947.2717974005343
949.1310853364266
947.2433314512238
947.0247094259205
947.382514575753
947.1688695823583
947.0544968524279
948.0205928177066
947.2407797219355
949.1367183991991
948.4319747996076
947.0626789937511
947.7436047569007
947.2182569731648
947.0414101795662
948.3317511936463
947.2626916430424
947.0451928977432
950.0203282798968
947.0999181394939
947.0211437997579
947.5022317115976
947.161826525561
947.5813111503406
947.3003114534861
950.2030101049494
950.0965040843219
947.8901136975403
948.0843746834745
947.1812275814445
948.7390632562591
947.9306536212158
947.2031691316334
947.5587416294233
947.0782728704726
947.0643342228476
948.2065039078211
947.4674793823942
947.0927604554593
948.1126209977135
947.0875666030422
947.3441446595591
948.042345677906
948.2562720385606
947.0356933621775
947.0164112812761
947.0880393609887
947.607393161551
947.0722013442464
947.0706690250022
947.1415506405692
948.8312538424158
947.0618009788191
947.1422504596736
947.3621301619671
947.0467111672091
951.7673097001293
948.7082055279569
947.1088500276098
947.1858852673065
947.360223205814
947.1022000360101
947.0653009384415
947.1359500571499
950.0918173856874
947.4937674920728
947.3241713074332
947.6134671276881
948.9503850129652
947.182782785756
947.5125932958848
948.0127629859528
947.3749735391884
947.5646448167222
947.4380879142406
947.1982235140778
948.0917143585935
947.0969489065906
948.3755206563911
947.0601905571262
947.0945798870578
948.4712835050991
947.3907494581882
947.4861742062743
948.17812528524
947.110511706247
947.2354148388285
947.1400554009269
947.0739854787681
947.361592041199
947.281302554387
948.3394981314326
947.367122227237
947.3369818544854
947.943490760257
950.6515890718654
947.1562191028206
947.0967754429679
947.6503912940906
950.1356949829266
947.3406235486374
947.2004666949482
947.1534908097227
947.0846003840543
950.7394085145279
947.043785138597
947.7086776101017
947.5663535388883
