825.0240765867657
812.333306634468
823.8260805490206
812.6760390928805
826.3809353501903
827.0730470562385
822.0081929748357
827.1353366034081
814.7438515131737
820.4413632186403
830.0033040013521
822.1325074656733
821.3892543275434
834.6928038092628
822.0760233310492
816.6718270593558
825.9262501954685
828.1255967900605
821.2026222010387
824.0707817715689
826.1563747906608
830.2148480148044
825.1607115582641
819.3741773033313
828.3202849877255
818.6057205209199
827.2458319450922
820.6546829518488
820.5961660759664
812.416330773505
832.1318419442794
814.0628827341403
818.07590655229
816.2733423156386
825.0846046454049
827.1022038189552
830.3901113272923
825.0537923944183
833.3243255139514
813.6803139664431
825.0557338166758
815.386597367106
823.322458076722
819.3788883926034
827.1825984532032
817.0158440271565
824.7371402287702
825.414015343736
811.2967119502865
828.2545912967418
826.0704803221215
831.0284823007283
828.4239253533425
818.121433531755
820.2324579943808
825.0436135244621
816.4270128206111
837.0493680196374
820.231704480608
826.7326484066668
820.2099462535347
829.3884372332963
829.2924380080284
818.1664090077843
815.1549296271806
822.3236610970572
842.655205463415
828.0635253507711
821.1429123667592
826.5485016024401
814.3283254484734
820.3186517322747
820.5470816071938
818.1685350231066
828.0904280859031
833.3169807704033
820.431805201728
825.3307321842352
820.1179619960669
827.1999284212818
831.0902701693268
811.9230222269534
826.207153167523
815.1462735890518
818.0547109065219
827.0017015265344
820.0202154113762
825.6435373788174
835.7398097427912
827.4268802382411
827.3389776472764
820.4425113933578
833.2126278541224
827.2486181918587
831.3640813194933
813.686006965712
819.2658208593459
844.0140043752494
820.0128705267816
839.085002157058
821.1864137340965
833.1074797747784
825.2025218217732
827.4392563324438
831.2164533736176
827.2829447834972
828.3313253993985
825.1076390428108
819.0062334248499
821.165684804811
828.2106162435507
817.0221411569316
830.2192289318776
818.6839596163554
826.033178968721
825.4317588460008
821.3036987159601
817.0274676730735
834.3648441098379
824.0549135478639
815.1121169581656
823.0985885041842
826.140842236052
824.1228221811015
815.3447723544865
822.0102073968749
816.0107091245532
829.1796470255596
824.2067167911938
823.3736693595012
830.1726599084559
830.4858226568203
828.0367734133495
829.5727814917868
834.1582949966777
826.7416455127012
816.0349615277784
817.2753115745172
817.7714902910669
818.4255387033087
820.1377873870391
818.237888647829
824.0543361347753
836.4484386405386
824.3358543668558
818.0673721642991
827.0041266214487
825.5655547608486
823.5482040048596
818.7692009432412
822.0433101128982
824.0265000298355
816.0029547402253
829.2779183664144
816.0650079595407
824.2661402482873
832.6877564392958
826.0002259628664
819.4968117412221
818.1755965506051
837.1767133899436
815.1087315861179
827.2454020371919
815.123733372015
814.005062404174
818.4873830605337
820.2115911240865
832.158568668863
821.9486524691815
830.0319547263745
820.0019562572588
832.1484579875812
819.2447808519062
820.1009124496412
827.0555242459452
832.0410080256046
834.1988177137752
826.1085760118337
815.1107575269226
828.3446697152591
819.074446546617
832.5147498929457
818.2305198250773
817.4418061264417
821.0850743285096
825.3262590607808
833.041079393943
824.4547253538245
824.6904232544055
830.1985359841407
813.0192763949881
818.5767031870646
825.477254402819
822.3689631995866
820.0204584819028
832.063462785078
831.3140729188588
828.3838452173138
829.1540825132504
822.0989036355595
814.2824919628117
837.0019113617841
820.0777508602624
819.5448288080903
823.3683914574314
820.1319247328486
816.1607494272396
812.0118519975787
827.5657551956474
829.1555955613466
823.1934969331431
822.0465767231901
818.2331951447421
824.4421422726581
830.0389610485407
824.0711222386067
818.2925206079173
828.3055473712514
821.0370969964272
832.0538372521913
820.0571980140928
831.6872876565836
816.767124789014
824.2615687247944
830.3884245986161
821.5480843702106
824.6308971273592
822.2116765899787
826.198080330774
833.787429880266
822.1238690464603
825.299456168299
818.2137869972726
825.1993262761202
829.4771329434747
822.6849499129077
817.0524479173846
830.1282937623316
827.287930755231
822.488020049567
827.4185971915032
837.0003990210106
836.4996614962232
817.6378935025583
825.9879702883385
820.223026778825
822.4212890978637
823.8675312859843
828.0888226290958
816.4737590806328
817.0329111104026
823.4625660504418
830.1107189348058
829.6094013763674
818.4025836394959
838.3022969220594
825.1508583542128
816.0040052280829
823.1524751150517
835.4503531060968
828.1546809240942
822.3620628557668
824.0106514815392
823.4385439647748
826.4196097130434
822.0534249840788
827.2843234957265
826.150217223796
817.183667122377
828.4316207817023
821.190279653654
822.1427162700991
815.0586293935173
813.5707048967657
825.5726974552031
814.1905682112865
818.4303661252994
827.7785909319213
825.2624781849147
825.0970087633203
820.8967297254798
826.3060509769547
824.124816959478
834.1390384457486
825.0961205801091
816.1185564229104
827.5168605024804
828.2901153151153
818.0374273460232
825.674466517047
824.228103929927
823.1867067057157
828.0088733381605
829.5532319154797
821.6467012863375
826.0076217433336
827.1603865008631
814.74216136608
839.8473466902832
812.3903839775036
824.567329100404
823.9361304437149
820.0752741148632
818.1098245425819
823.1760555556173
836.1628772201917
828.633898069527
820.8664328699488
823.075076676346
820.6281790825772
819.651876119018
822.4072657717505
836.1735055670072
818.4052609809787
816.8492760667074
823.1555799220268
821.115297211015
818.3928055060373
821.2437908879042
824.9926094444429
821.5800079878584
819.0479761427931
839.0527440888309
826.1402579593331
823.5877559784589
823.2441450438397
817.0670521348507
827.0573342141894
820.9066988535106
821.9753773700162
824.1678754277649
830.1865111967112
821.5800704481
831.1169826034413
824.2964315304217
818.0055457944055
820.1276354139029
813.012571715687
815.1329157568244
827.195435328411
824.0749282910879
829.1197095782891
825.0136147971529
829.0605667901347
821.443864219445
822.0421441371295
813.2918799237913
823.1032503061217
826.8880087068222
831.1204641640244
820.0331989162255
833.1213301215253
830.1808446656552
816.0052141653982
828.0693646662799
822.3973726747091
819.0521918522859
822.7840204844822
829.0108957571721
828.4848864634768
825.1603887181951
834.5216726249416
824.0932072445629
835.0379283364189
829.0127157116771
820.2638191434818
822.6512656256099
815.2195040230224
813.5794692947152
825.1394937671012
825.34004634287
814.4718888587253
827.1270544395933
835.1003210120443
818.0568758426641
819.1525531930224
820.3443337981682
815.2152330862733
814.3390721146604
817.7178226478769
816.0643084137123
824.2193942225072
822.9957537584512
828.895028890198
830.5687714200391
824.0203267376658
819.8413506796834
828.906389464292
831.1429192180808
822.2454122044263
832.6620293779476
838.6968970619125
826.0352958042039
815.2420301903054
819.0930102797056
813.1706366649496
822.0654126019008
823.2084870489657
824.2125352533225
825.5019273895966
826.0329809759585
816.769330999801
820.0361185458685
824.5188494721572
820.5367864265257
822.5507283412359
824.1574573714419
817.3294054196698
821.038490641414
822.1718749317972
819.2548747730472
824.5644255219818
824.0380019399292
821.0668637860997
828.3776240878318
830.0496793526125
834.1438861418338
823.3750004026647
813.1660118125393
827.4455535445003
818.4090449357063
822.0091422322228
820.1808415354824
820.2561922591319
821.2191662654683
824.4082684324245
822.1049135972102
818.9833566049083
820.7742323225991
822.4244435094181
817.7311934290395
823.4006120497962
827.0516152417723
818.0008262368208
824.1138455444543
814.012889922748
827.1713751373703
815.1465885344976
824.0670914813202
822.1986654275858
816.1607376871361
819.2135980517397
819.2038755733467
833.1469535544193
820.746587912584
822.0819878770161
827.0451946944941
828.1852102380369
818.0617293920509
829.4058938786477
820.162724063629
821.3127788042742
825.3970768551204
821.2409880330678
815.4414332958896
826.3482150943254
819.061327912506
823.3835271611074
818.4708775258108
822.390430650405
825.2026460139641
822.0596464550492
833.3168596287841
819.0369929691938
831.0165009052583
830.0165043528399
818.1148068168615
818.0248956118702
823.037908941816
824.1955182946384
818.3707576629251
824.088538037329
821.0084712715768
815.043852108571
823.3819878589586
829.0889351302599
822.2732172146558
823.0902526812325
817.0519928358809
821.0233806250782
819.333109367372
817.0451733885642
812.1344472735306
816.664576411165
824.257473921743
826.1358883217032
817.3781435360354
824.1268407576761
817.941486236246
823.033988116994
822.467004982622
811.0423759919556
820.374049056993
819.995605945622
819.274067757955
824.0698837210533
830.4011862465478
828.1899460558677
816.5639802274072
816.499407035984
822.2444221187037
823.290943687618
823.0102763804476
829.2903772818845
826.1099363567087
818.2940813685547
826.5470628398386
837.4000985582373
818.3436769338971
821.4226889851477
830.9686669971956
821.1306105328922
829.6412980581398
827.4564134663059
828.0359034110525
820.3571591479357
822.6229300381691
826.1468099510587
822.2846093618717
824.0744246378074
818.0208687477859
833.0767634507866
817.264628827551
833.0698972918414
827.2028087019448
825.0902375278871
824.2862573980553
814.066322002401
824.3194294582322
824.6843466774066
826.136594564493
819.4166118830268
818.3060979830186
824.4206826501855
824.0931392449688
822.468161786668
823.7167584768799
819.1522481758506
821.3914930821402
821.422533946407
831.5901286109801
818.0888671088196
824.0467629103966
833.4349863369625
819.081817601542
815.2705197169157
817.0384927078784
832.0683673113664
823.0813427715825
828.2158810948067
824.0428254867484
824.036032901578
823.7774548160917
817.2821092805228
822.2159904225742
820.1508079280657
815.1962984737008
831.9061096705975
831.3397312422431
830.1149043189523
820.2933053688773
837.2962640118483
823.0045022399436
828.1560167608594
820.1620945964545
822.3740941421978
826.1288768181001
824.2422100168932
823.2849412644553
823.4543215352617
818.0013687126435
817.9840540050415
826.2681935111787
828.2251531176557
817.0189830739087
822.0876882231289
826.0493001062914
824.4646969440048
815.1235650831931
822.2566731776834
827.069055134478
820.1264652773332
833.4712728755559
826.2803812013337
820.1419206023725
837.460142130811
815.9345604302395
818.0896546992076
825.6258638658438
820.1467790582096
831.1040097092856
818.3167962984274
825.2751014061558
821.4654274738463
835.1502458828918
826.2009030342834
822.1201235758759
818.0411561996206
827.0093520444753
825.0493108417068
821.1931702921325
823.0777344492516
825.0920222971314
815.0029871995305
816.0522736532089
817.6067087132408
815.5293780069131
820.2263505402727
830.0056505948681
824.2216833807323
827.0161175413402
821.2055408696889
819.0502407911954
817.4213818333382
821.1808267909435
824.1881822254924
825.3274813381407
824.2444680760882
828.0953415455386
818.3578163268085
824.0145182532566
831.0591754773997
821.6104579312872
823.3913707580496
828.7604790816594
822.1243557811258
827.5894014303634
826.1532882137384
821.8940875937857
825.4673509223506
826.0164258976276
823.014098327289
822.3492713334188
821.4329741991793
824.2601235210423
822.0227742035337
817.017157560977
815.4485933147557
817.1187236695127
827.7167804432438
820.3639316917674
820.0565827460391
826.0397771505646
824.0508248976137
821.1266580453611
828.2671464419589
822.9887662009932
821.4023307065331
819.195547370422
829.1516827174464
820.0164062069924
824.0185844883812
825.2252313525761
820.2787448650569
828.0989115078839
824.1051293402348
827.0150604742123
824.4824478967843
815.3800511148722
815.3176094957523
822.0243326283756
833.0524339674423
832.4186646480504
826.0422408551748
830.7696304151993
818.5324875223638
822.1096486064677
828.037393842376
830.4974401451666
818.7470779946932
821.4581875081767
821.037452911288
822.1004032027895
832.1941672502011
826.1366284957107
820.0692445487945
824.3591642057163
816.5184487234577
821.3167660073653
825.3259921269321
827.0227718964732
830.2631792621135
829.9837263936214
832.0496597576156
821.1178949114479
832.0104810168863
822.4870311207386
824.0767681311479
814.0368687653005
824.7282394382238
826.4858379685292
813.1111511843937
826.2420767806871
826.0423029735283
818.1039226811259
823.1443797744323
821.2747129148023
823.7823556213584
824.3527050789397
817.4498786636361
820.2356530404674
820.0151296908332
825.3916365379362
819.0748891562849
819.0909513316266
827.0672850316164
821.1271771288971
829.1003608194005
835.1724203206222
831.0564998285683
828.0899798440348
819.0078292879235
827.1997928303384
819.561307490428
820.5024125107648
830.1637164075482
824.1148299293103
826.7756217269546
823.1843511031032
816.14890492362
828.2817104831635
820.0756230547911
819.9625806235489
818.4838547056473
823.06249957336
817.3172699981044
820.1073409438953
822.0397757598244
825.0541568732629
814.2231585404279
819.1829720553781
821.5913577681124
820.1117385570942
824.7854751083654
819.3366632438308
826.0947384828461
828.1737379146169
830.6113978053465
825.0868323494489
830.1477016866861
816.197654783026
819.1921338195449
822.2084385400566
822.2599651725267
823.0009287249444
826.0605232640347
827.1010009431791
819.1551892127173
820.62931341552
839.0242844778968
815.0553308168694
825.228184849416
822.0420884542882
816.0643107474184
827.3301851214577
819.4511777103407
813.1405744736005
825.0454617960871
828.0890306896641
826.0699778607101
827.3785162365779
827.7948307531252
831.5924144051328
825.2128181252122
825.2330609372151
823.5951929664554
827.254494922396
822.4033028449938
826.0075699384134
815.522840348398
818.1242557325952
823.0212559443635
819.616110264777
820.1951900831481
830.224168138194
823.2234347836462
827.3690280591583
828.3277562317644
814.0505867015067
820.0333651419966
826.6687898427408
824.3811285055664
824.071555053498
833.5681074013921
820.332471178699
819.1887447240164
833.1203137132778
825.1649147988356
823.5156222701651
821.9891290774785
820.9239777038168
821.2114919062091
820.1020276154712
824.2893725883982
823.1585915292605
820.1204194108531
820.0298200200833
825.1886739437389
822.1545433635038
815.29254026764
820.1249493271401
835.2404597287467
825.4954294193096
818.009690443099
831.4783265519638
823.0211201994264
826.4693310701269
823.5086217899216
819.7189066303379
822.1591140330084
826.302057279075
823.3377857983096
819.0129254300688
815.0131995786662
822.1353365196555
821.5732738746312
825.3364459594718
827.1172333282149
821.1966470699784
825.3096157112678
824.6342471118339
825.4306918183211
816.0900154880359
819.8033062847245
831.1074177602102
828.023359005246
822.1304318243751
825.8099342296982
814.0244526964293
825.0412955591983
818.0086480695256
823.2696413242684
818.0142399617428
824.6939129648039
826.4066265291502
820.0084750611741
817.294447464995
827.3467488422962
833.5499167501916
828.6108636593738
827.8735544362518
819.626959307181
821.1691360200185
823.2454323945092
816.5491407657883
821.3265080247292
816.0341963866996
832.2907062129862
815.3608907996746
818.7656306491134
816.0274381929985
823.0803889820116
819.2240718047292
826.0277202981507
822.1529792360401
821.3091785072456
831.0209790107139
831.946842731378
830.3757231119957
818.1707165590162
829.0899122386844
816.2686643030996
820.2884205312591
827.1040910369209
827.0930947452334
825.1334740520151
819.0559284131814
815.7408905726779
832.0529419976796
823.3709261062368
817.1234986838807
821.0211105477727
827.1559146171331
820.2295450018536
827.188806750626
824.4714603263178
820.7929553756701
820.1746047977143
821.1836438832432
822.4608804855044
825.0360571747033
813.613238738966
826.5050368073576
838.0256242246145
831.1156945047226
823.0671069794805
818.4287821001827
829.1718800713752
826.4893427948358
832.3198353508633
821.1513994367645
829.1116937237065
822.3683310802301
823.0538282685284
815.1577677599387
814.8776483164453
833.2069192470046
821.2630389571333
820.4448379078162
826.0576102403865
822.6084294991725
833.2417259397743
838.770002658229
832.1535735844037
822.7903566197066
817.1168554023793
823.0430118251915
823.0943154408403
829.2490586712797
833.1137346877838
832.8910153395314
823.8548636312721
829.3448124535506
819.0863343264281
822.2099080203146
831.2668539003562
824.0522411149612
825.8115843921281
830.2262465049895
831.3204399591958
819.19111226479
827.6467038947252
826.7914335135067
823.1433195591231
813.3245874387618
831.0120970654374
818.2483652014952
819.0751988308723
813.005046103052
826.8249758557588
813.0824347377051
811.8828731015842
822.180731685197
818.2327071353856
820.0646334992092
827.0485005439091
815.0655118761251
817.2139438159431
817.1441845376229
826.487592206659
821.1835277183793
820.1597163319581
827.192154212854
818.0311634958173
820.0075598208449
834.0858397070507
831.1572676738066
828.1065232232784
817.8351804388876
824.0368539842293
826.1070583584457
830.5730462268822
829.071733901462
822.1201772521478
823.5390319735955
830.241818178522
820.8402145888907
825.430456902702
819.2132606276476
815.0700443090799
822.465003407087
823.0327353033733
822.2025333834071
829.2847949418327
820.3400468124698
816.2147159139269
820.052356501971
816.0443871743299
820.7330889658184
833.2009953311916
825.8140321316556
813.3749044726844
842.0954476640328
828.3913003730746
831.0980588091102
820.3590083460718
820.2215668012244
822.1531458872643
821.0417403168033
813.225062318513
835.0514695064642
831.0346632503815
826.0523127988633
823.3288341611084
821.1472407033148
829.7323497052085
828.4152553596688
836.1791912349217
817.5230019981436
821.0098590131463
819.3301018694323
821.3739380652667
826.075095689643
829.0311963528836
819.0145681964
823.1983098440026
816.1625374243501
821.2901158606799
819.6111919954036
826.6319793142794
822.0558261199269
826.1805507762035
831.8466100746678
831.5109060229888
818.1536400849934
815.3724442014227
822.1457682674273
832.3818515261775
821.4594871391304
832.1973361030634
813.1116168646524
836.0460205183965
830.0943175246675
819.1079047661567
814.0159124102942
821.0667850631551
826.50876425801
814.6290933718017
823.4957065199487
821.5161800782313
821.3590978312835
817.1758236584801
818.1137617112116
815.341532446987
832.1336420845013
828.1127608474038
825.2261865830418
827.6513210337571
826.6632277872553
825.1633935069988
824.8602293385406
823.7975103321941
827.1494315248162
813.037057014879
828.183943467319
818.0776829860201
824.9639867434618
833.0181826662313
823.2919481973565
838.0985644060784
833.2598751527659
811.2521261317524
818.3523484934283
820.2709918291014
818.3169839337163
829.0686123786347
824.0128116210778
826.0905968935233
840.2237001348378
818.0200198681702
824.0046730010897
818.1290148594865
830.1249959490782
821.8159355494631
817.5681849588894
817.0242229988705
831.0506131489874
816.141968169121
829.029139732039
829.0197185084896
815.1148040915251
827.3199479241969
817.3553526885227
824.0723303154044
816.3764846301576
834.2577726139109
824.0949184757575
831.1843398895194
818.4466599964023
821.1246812891296
816.2962580537501
820.0329084238763
818.010672594558
830.442616867692
818.3935894404852
815.489944576999
829.3070577225448
828.3279967803984
820.4433751092735
835.4824731490784
830.1667434428402
826.8740267601178
824.1140909068945
819.8661085900158
826.378327792603
828.0567192717942
836.1172871584653
821.0481937856003
818.0632717716726
822.1618384295664
827.0569325835291
828.1953193209425
814.113383180747
830.0623327434936
827.0851174173464
814.2445572207502
831.3298369238261
830.3213534138433
835.0172830804588
823.3027706071249
816.3956225969722
817.1003075382359
838.1910552201407
822.158724802709
821.0364461928757
817.6866260988364
817.5158617096382
823.6603263964732
822.0440338079158
815.4337812816331
817.1353184402269
826.2547904088219
824.3927501034566
823.6760803803448
828.2103938017455
824.5410288070609
817.1741182622218
825.4981242445309
831.8797974546554
838.2141383953639
825.2650560696956
830.0169709402039
819.6038530349975
822.1530080565193
821.0021394420437
830.6281516920164
822.0294218665431
823.199723554346
816.0703439974103
825.2592434306678
824.2053971683393
816.0233593563196
824.2703201261161
829.135807588484
827.1663585999252
823.2284435966324
822.8674067148559
823.4632396587426
819.7247127446359
839.1784627846974
822.2093151969127
821.9048622367433
825.0597835297682
822.313694911554
816.0535204717747
823.6353808780812
822.2481522059879
819.1036160964279
814.0074225064477
829.0612876371639
825.1322256933503
822.2193171231461
820.0858796793008
817.11274387209
828.1605647462956
829.3074747746913
816.0692827551545
822.3014620532539
836.0255052122737
842.8863347434655
818.3190930157097
829.1467964223057
820.5310020717519
818.1520305317092
830.2902023588292
822.0606618176363
821.0486589300299
822.0310248699311
831.3634593040204
831.1415494936674
825.0322250345457
817.0636996077811
822.4135690422146
813.3226361971289
826.5748560653236
821.1908744182416
826.1429002565583
825.1159602872546
821.0532687367211
824.1852495354316
827.5639830867376
828.7058630526475
818.0166521783347
820.5170485120971
825.3477546456825
824.0164084800124
826.6484448758058
819.1690131146119
815.2568148373363
817.6018636581911
819.3391234023004
824.1517606675495
823.163464747563
816.1935213171073
825.2508888604607
829.1483209459881
820.4882054444024
820.054935089351
825.4188748882148
819.2205188880155
816.4032203553613
823.5982479224646
826.3142905785957
828.0715368911575
820.3941276938478
822.3367456379068
828.8186656554883
812.0131254410164
821.1070107131254
816.4080512105736
824.2408029707891
823.0460980477408
824.2304287330446
829.2596256417402
822.0835623392671
825.28071719907
819.1631001376512
836.3120612278232
826.3427491103258
825.1080686934132
824.5218250663487
828.788674111195
824.6158837185427
827.0520581499409
826.1521772318366
824.0388035479641
826.106094505968
835.3382835915395
825.0569043323106
822.2890473412119
823.1650271025117
832.3630367392558
830.417309700113
826.1845970936768
820.0628047739674
821.2211013755899
814.0872887676503
821.5134227265576
825.0856589142818
834.6066952013624
832.135388429224
828.2172677435667
830.470504731795
826.0229692478205
829.6606448092813
824.0165572811176
825.1406850909691
829.1644671005703
820.3878704173995
820.2814920631687
822.9552433369887
820.7517276482147
827.237762937273
822.1502972955419
823.0353030383308
823.4465462214613
827.0249858959528
828.8698744644743
827.0008447449899
818.3814015351654
817.0870867788932
831.2740111393151
818.3082036450869
818.5707085310322
829.3914730347054
813.3937949431838
822.1512029682108
821.2257403557265
816.109803107228
830.2012310074984
823.5361870076742
818.270713951954
827.8305276606284
821.3857254636063
818.3316700696466
825.2458091776759
825.2904549423688
822.2503414206795
821.590042066944
812.2604146780991
822.2046342174485
824.1321688730493
819.382765236519
823.3693756180629
828.4337939361541
823.4883947637358
823.5986107806127
828.0959222727695
822.7398665593338
826.9662463578396
820.2665379041694
826.134739136286
827.6413613239048
818.1493244877049
820.0202582192297
826.5868079807735
826.1665496902565
818.2233598193893
830.1239194801594
819.2299324140221
815.168630931174
823.0536300892767
821.3201359732543
823.3592789577423
820.1414748942315
825.4064807598238
822.7516433768924
821.363737713878
824.2455702764897
823.071653769818
821.1640753565761
823.1780975180064
813.4247469521003
814.5610178625475
814.8575574037809
824.2834333679278
827.3217438300793
815.1622619879064
822.5727284846758
823.1567913882578
827.3218000247933
826.2106401558518
824.2635947042289
838.8909750464333
814.0473835808428
818.6341517564163
819.3114469419539
822.0398850124164
817.3835802481458
830.1347179968031
824.199432708156
826.2522205020038
819.0307371143099
815.3236019067776
825.287458726869
831.3153093145124
828.333723966412
821.0099686593902
819.6626291083327
827.0522353552831
835.1346095578986
832.4645336714103
815.1169148125759
826.0493582179664
830.0787266818165
826.4315581790262
827.1031336128789
827.2219346223378
812.2793247973555
822.9691655206123
839.3786834051989
822.2998523929994
821.1563807694711
831.0759926503605
815.4686598595712
825.2018459551081
826.0838684496376
823.0386284024947
827.7885146098238
826.6094293467155
812.149480706856
827.1488133279291
820.1400752304696
821.0213286262267
837.7895048946873
812.0489861027419
833.107630519462
822.47985136255
823.0233070647585
827.0017538579533
821.002455958154
831.1594319994194
823.0923604951648
822.204897248334
823.0736737081874
817.5088660993615
817.6455100229407
828.2848679506262
832.104727576401
821.057999088103
826.9516250472498
828.1504648006807
816.2531679848339
820.1328774965702
826.1995326443148
815.3182078921508
821.4063259605686
818.4061483228622
826.2085865954166
819.0893461728608
823.1511660389963
820.0994221954586
825.0407315751871
826.2079412487736
815.3264848331012
825.416340052485
817.2911727193883
813.3433325307305
812.6003525225141
835.1756336531491
836.8411713251763
822.9268858975522
833.228685510262
819.1479050829075
827.1429812560856
827.4126143629842
817.4148196983879
825.0091592569667
822.2335722942133
819.196609524575
820.2316383893506
818.3736138131568
821.0298668344459
827.4075139572315
815.1923105277867
826.2917372394706
817.3253472766041
830.0203821066401
824.2299282341106
817.0011424212985
829.026720451961
822.0219073653366
827.5719582528612
834.1269788919592
817.3037545554417
817.2829307134223
829.0067468393545
812.0332374326865
825.1103640471459
816.1542864693049
832.0258110416142
816.2564600712894
821.3248658595996
827.2244719789068
815.0837543656303
824.254316825214
823.0858780763192
817.4337971969729
833.5514927141237
829.0231439625078
835.9331119388668
820.2597898662002
823.578090523663
833.9926218055164
823.122990333632
819.7817915149132
817.1912714236366
815.2434063860968
830.7325026924856
812.9586730682342
831.0268654030846
829.4612382767247
828.7484593067416
821.646908297061
820.6705281505477
823.5199633408405
822.4283148601328
816.1227737186651
823.1407555699349
829.0513432304301
820.0788110903708
835.316793497668
827.0727808397037
824.2909131673845
814.165092390586
822.0142142327395
817.1056652458054
826.2846392630829
817.0796971892722
825.4733666052947
833.2073722042531
830.054515780372
815.0997860263363
827.7160699639385
813.1014064540185
826.1100245140158
825.0443858367269
826.4793344109269
822.0206459102874
818.0445354536569
815.0132743920699
823.1020856697506
821.3047220807023
822.088574758794
824.1062020115835
832.062779964973
827.1281018745409
813.1885678730969
832.0681731856151
819.9221768662245
818.1404238300503
826.2331508826533
834.6514181334026
823.7078903622706
823.237280193423
819.7735689080138
820.0669745161131
817.0479168853066
820.8144211237111
821.357200611935
820.0224660892276
830.3849348949616
831.4035780128122
817.1050582219688
827.4271492234923
822.6607823873738
823.0044965733831
823.2600367742227
827.4451868612111
820.1196087835925
836.8379100242933
829.0629319775561
833.1455067049059
816.4005961667361
824.0322903289181
824.5121829147927
833.0908836753522
820.2299418776657
835.5619484906737
815.119520156941
827.5441601653248
816.3519303011436
821.0960961556308
828.195508373258
823.2891178274182
824.4025635417278
830.1293519993869
818.3957692781484
822.7090255426497
827.0513008270848
817.1559989416586
820.4842479295619
816.2940161005447
819.1581299021929
820.3285847617972
825.6461071802134
820.2063669944198
822.42742330694
818.1024832208857
823.3636639983507
822.6236087933015
824.2032794773257
828.1607669963946
830.0188177017197
813.6922922006419
812.1603150191258
821.3139153709566
826.0168504650472
818.0576837900034
824.1497835130402
818.938421154866
816.4382237453619
820.013223562759
819.1166269731568
834.1698267210221
815.200600070099
837.8502603054271
835.2443577737774
820.0342022218884
818.3684350631419
821.3821461379521
821.9664130799309
825.2195821579427
822.3425949241179
825.1125043038063
832.0641084774845
824.3535919431926
831.0439732690309
830.1773700862141
819.5356478365112
818.1400959012742
815.1375162907548
825.1431132717503
815.3432368844406
821.2753718950328
816.010094706694
820.4165745798354
825.0952509725154
825.1655353888865
821.0778102307019
819.4017093230859
832.4455408886311
814.023414298107
814.0187783232598
820.3959528985023
823.3221359917819
823.7050920784686
837.2155810650925
824.0871932339593
831.2998435345721
814.0805550920663
827.322622957268
822.075605463576
831.3710623641396
830.1531369108826
826.0413391883668
824.3520420817687
828.2472976109676
824.3593688005723
820.0514528101266
830.255170220292
833.3153223147345
828.3263625239201
833.0169466977769
832.019467098715
834.0875847418424
820.086757464265
829.3131458058002
816.2262834263471
830.1944873834611
823.1434580516045
825.3350780310865
834.0118081206133
822.0469171609907
816.7848213755294
819.1242117736585
829.0745718539467
829.0597855748837
826.8003046420994
826.2177075574746
828.5564988315492
821.0223715290368
823.1913614958531
828.8623611140299
828.3645146389154
822.1144899750915
827.0066109006844
820.0731600151279
828.3856241969529
824.4191989937755
821.1119299955338
820.5328364236326
819.1940079900673
822.0687451885779
825.1594934193877
830.0836952042894
815.2954136057145
822.7371878586637
814.7207500703039
822.1331649685991
819.7793938231347
820.1271290426137
820.1364256793458
821.2078106264186
833.3071769244377
827.0127389784051
831.043369636685
825.228436171477
830.0568738246753
828.0145314089211
828.1031453557124
828.0620519408305
821.1281274310479
826.435041580409
826.829368018595
825.3131777219074
832.4941118741023
828.1145670238022
816.0512063410408
818.2774952184249
828.0295066914974
836.1782391660412
829.314618938071
824.373628874132
830.0417197596826
820.1346056357071
825.1743440984482
813.0346179622474
830.3745422963833
825.9335148563475
817.2323742197177
824.4126676121044
814.0156961333423
814.3547464663166
825.6654501965281
821.2820338626183
824.4111580052356
830.2765068948476
814.2125075336404
823.8337582128335
830.2331391693237
830.5028832172893
816.0483194672566
822.0906328349602
819.0558825468898
821.0859607714524
819.007493094581
824.4178417909449
820.0936719901816
822.1388958681677
817.0680023408305
818.6254302930757
826.1873638146787
821.2446308928821
827.0341534631187
822.0819897348968
826.0970274382441
823.7729839425555
824.6151213143507
821.3000212709412
821.643104153627
820.0011162078173
822.0465018946928
827.1570136249868
819.0432043982677
836.0608885726406
825.0112369331863
821.0807636998771
820.0990163075189
825.2140746601444
825.1603289489547
820.713210416033
828.6183864466803
841.3347820199473
813.194651754808
813.7311192464092
813.3187999562385
824.5173590989851
820.203909002803
822.2375743784291
822.1900180755277
831.1739782572587
819.4172974019388
816.224429881749
826.5566761655649
814.0172293358553
828.0516202025909
830.1253329322889
831.2167296509901
820.1153716169031
816.4298902047655
822.2293080505136
824.0553247790131
827.3123096264073
827.0834992025492
815.187901300491
820.3564325653789
828.5534595506365
830.6186490483558
822.6180990252963
832.7017157174232
829.0316282068659
834.1330921129089
816.1915230599403
822.3150709113107
823.0365705618475
830.0757429344612
817.3781533472542
831.4707222887341
834.3294485578801
819.0151171510632
827.0275317082276
821.1318109606036
824.8200886315756
820.3446829615417
829.4506929734041
829.0712925646853
821.2305866635426
819.9274034715852
830.3988784176279
824.7557243484839
817.0710142336851
823.0682104946632
822.497399337991
830.025759838377
833.4693986186204
827.7617146922834
839.5519883644623
823.5212000187821
824.0489194443345
815.4787303362898
819.4301968845884
822.2787190663863
831.0599959603056
818.5143576857582
831.2879851589319
834.1083123652547
826.1513915564623
834.0062167751104
824.3060703711665
818.0852266203892
817.0488118853443
825.161565882181
829.6066280057191
821.2761880564468
825.3756503872816
826.2625121256507
818.3785152586205
826.5122795004504
821.0141043499583
820.1493883980933
815.1966019412786
826.3002833137004
820.3420298455545
821.4445430337042
819.1182714550005
823.3445329891126
826.0118644101068
820.1253697499
815.862648293464
825.0417981655276
825.0559432125668
817.1808685480215
828.4045306187564
821.5490253160556
825.1818991074404
823.3689928745094
817.2750348090034
820.4468353728313
819.2808325358669
842.5032245809111
816.2521102786907
818.0891337789798
819.3191456461664
831.0567209718474
815.0503723286174
813.0735556773628
827.0364659888702
833.2501789369969
834.2389078037298
830.075523512798
820.4371770938121
830.5336984820523
819.1623549347509
817.049311356182
814.2041969519022
820.1431131407973
819.3149315073282
815.0499408790345
819.1498276848267
814.5474097446844
822.3356386732561
828.012334204857
825.3013337834635
823.7941655202621
821.0224042805966
827.0008501890705
822.3856988842836
818.2021074806934
821.0680048174423
827.3056858965956
823.0516118490858
816.3678588976455
823.1467829096723
825.003942292247
827.3598292735054
827.6902123814997
812.21546834991
813.5549046003943
823.067228943783
817.1731477227981
827.1695991862799
822.043753670084
829.0334659255165
826.0800796281993
815.26889218916
824.8128673612231
815.6035976516922
821.5602206300917
831.2929870152379
825.339913153028
823.0344775449433
821.2916728901791
823.0922687720483
815.4105041676154
822.4979160161943
823.6060629158294
823.4868075767279
823.3225135156276
831.9440638617746
824.1641334040918
822.2025381885952
821.0368865220471
820.188482142413
822.0250847679811
830.3423224496743
833.1336858681924
820.1861092634915
832.2013895574619
816.2081236659401
821.060050376923
829.6165464568221
814.2889161044978
834.1512859558359
824.8255645912748
821.3981483367514
825.0404982198219
823.2668926632294
817.7201795470611
811.2777958406825
831.7685730245894
824.1240975487801
832.1091793469633
820.0756611050598
820.008143784092
820.2442379478817
824.2843308544903
830.7463551549657
825.2023367976237
823.010112060001
814.2690986890069
822.0063952501824
830.0703453192366
825.73950007879
818.3176435225427
830.172665522612
832.9317404801967
827.1479207753628
812.1840392869168
821.2916362375026
824.4383840398375
824.4766186621409
827.2267763047172
827.0261131814974
833.1599340062598
830.8671686220746
831.2597334023619
828.1691630929839
827.2492366546494
820.1361247169833
828.2220807148468
811.4683394454721
828.0803894844294
828.2973361405151
818.2737977363886
826.0786120173501
816.9516158034102
825.1170286987729
822.2105916803537
820.0901072354405
822.6563606739647
824.0315772444499
827.567121416562
817.7071117701981
824.1423995273694
829.2029787381935
827.4151079458694
820.0781883422054
831.3190747231602
826.3966205300457
833.0021360115923
834.2731914680992
829.1977308052423
823.0576032268681
823.0217771745879
826.5214017645204
828.4933809823846
816.44196904181
827.4132479337368
834.0382604034453
825.0347077669113
829.4942422428384
834.2074668750703
813.1988533525642
820.0387893961605
830.1531887837551
816.2599757819517
832.2594072754129
823.1083707105024
835.3569389471453
821.0114734994658
820.1199229862792
817.0070333936821
817.4012686746177
829.1152659106352
811.3947841575863
817.3871359805967
818.9527838531867
822.3744263586841
818.2376326118783
820.1077268045773
825.4161042557016
820.135907916404
829.168300207468
825.4483859023179
828.2263986959864
833.4220929246603
821.3804786208351
824.0595983271179
831.0815037033612
828.2793776201082
832.7708627047599
824.187954816278
829.2064319080813
817.0240563725469
825.6115561212196
820.1685185284501
815.3185069359472
817.1247367805677
820.4286793006947
821.441744879958
831.0215438052874
826.2610904394694
820.5509954661946
833.3145406271477
831.003767961648
823.0361686464685
813.0460436027317
826.0672819454032
