1599.02905526339
1601.083944205144
1601.156649007172
1603.055401430291
1598.267951714007
1598.043868095543
1600.004748312481
1599.036854087083
1602.269367499314
1602.257717653498
1603.248046559602
1601.764671364654
1602.176820652343
1599.110664359154
1599.156970735827
1600.139586675154
1602.559134714671
1600.098495054232
1600.124726444024
1599.57742423792
1597.340010537465
1599.005945614179
1601.289215678723
1599.737068542068
1605.023270369215
1599.122397246676
1598.654411412024
1604.054900315116
1598.491710766752
1598.139807067149
1597.231584216689
1599.442538873387
1597.34338843572
1601.197063155516
1598.581463952199
1597.070057594507
1602.320202379375
1597.462562645272
1601.216266026474
1602.228929890342
1604.077833494836
1600.484981396971
1599.482982397729
1610.289789477202
1615.219000325368
1599.249890821586
1598.32777613285
1604.29619422584
1597.133583320533
1601.402494680445
1600.059273926953
1602.41129110641
1605.060463150351
1613.684300282001
1598.149626904813
1598.02703408289
1599.419535251998
1598.063905232426
1598.393754920414
1597.320222382459
1603.284234174516
1598.292802490621
1603.041180987041
1599.399504429888
1605.115553706827
1597.284052923296
1602.116593201061
1599.160642061627
1602.077770800456
1597.182233144636
1599.079532119202
1599.452533766922
1600.02428906051
1599.586831830036
1598.001350343509
1598.314547541381
1597.813848470445
1603.721179087923
1598.04232146475
1603.158661625445
1599.011351593665
1602.515237542693
1599.336058305224
1601.446976494738
1597.055183318428
1610.03525878203
1602.039666866614
1601.513758477496
1599.230539239436
1600.605803066467
1598.195688384044
1599.107048187735
1599.157058439019
1601.206982751263
1601.704908567835
1599.772198533433
1599.279739671238
1604.051331732221
1603.133140368803
1598.110845195119
1598.005627863009
1601.079373093911
1598.3564797457
1598.118057864194
1599.522563996618
1602.860321319065
1598.285418785238
1603.001349488051
1609.333617184914
1597.181608372565
1600.386794459255
1601.399538933626
1610.041006934074
1600.016275950074
1598.319279213601
1603.117921188069
1603.062490597314
1601.038105238995
1598.170582169139
1599.225521428583
1606.356095298665
1599.483889424004
1600.138338594565
1597.817459824847
1600.244209302907
1603.034628161054
1598.137490080675
1599.778942267564
1599.251470930511
1602.345457747655
1602.800707200351
1597.304610512055
1605.084289690528
1601.069865451676
1597.529977241677
1606.016624163482
1604.037036775805
1599.331579397911
1605.537192015573
1598.065701792985
1600.105258442564
1599.252753968165
1604.138137354695
1599.037950164831
1597.478066156119
1603.075571510462
1603.072875670376
1606.060060206554
1602.751340403186
1601.093658024773
1599.128619323943
1598.003049830816
1597.926896380528
1600.183406965575
1607.471100145691
1603.160090832221
1600.115481495008
1600.477342272391
1600.002881708742
1598.139960242822
1604.122030556061
1598.069401031942
1598.459356680669
1601.30964960682
1598.615108003067
1602.287618204605
1599.106990254322
1599.017444674884
1597.235920147655
1598.711147431023
1598.073135159317
1602.327280855887
1600.415561272885
1598.138667362017
1605.397285782156
1600.022238885106
1604.195268827952
1600.87349411465
1600.001383810706
1604.01845099179
1598.054216103257
1598.074313066967
1598.111240107958
1601.011836522371
1598.319869560844
1601.385245896603
1601.36229203602
1598.438586683289
1597.101545304979
1601.835316773313
1601.068096447719
1603.772712122338
1600.003705050638
1598.102849092427
1603.059079755428
1608.423213544568
1599.587640850828
1600.301633986896
1598.32063831057
1606.22999437495
1599.157995674084
1601.829775932008
1603.208973340432
1601.005682743378
1603.324419365277
1605.211230033591
1598.479754937515
1604.492660661556
1603.521514938397
1597.613932539609
1598.005868529523
1598.112448592037
1601.668484321933
1599.285263299566
1600.705286583723
1599.075476333044
1598.035605005516
1599.194566277194
1611.020557192987
1602.578552921979
1599.03128517545
1598.090152068264
1597.448160818229
1598.690091264861
1597.059195424085
1600.014982960721
1600.762097665782
1600.556847708407
1599.121620122949
1597.210441856629
1605.645455006247
1597.140728346828
1602.366082897395
1600.439784055143
1599.501508201391
1598.466031952898
1599.815471047799
1597.343748615657
1597.495131420978
1598.134696064381
1602.062692966831
1600.024043120362
1605.142527733719
1599.89280001543
1602.21172643319
1601.549298790182
1598.319577641046
1598.190890251107
1600.336385766486
1598.280211649816
1609.078657584653
1602.405269764152
1605.791832114956
1598.551935180134
1597.186082638918
1600.516632642583
1599.331513848145
1598.250256458296
1602.000356100218
1602.12798942015
1598.202609365857
1601.236447750723
1610.102938531716
1600.372233664125
1600.510066319519
1599.82074052121
1598.309615724829
1600.879919038717
1601.14339304691
1599.346851229999
1602.111122727549
1598.373232172721
1602.059111453267
1604.106116587951
1599.086453795868
1597.74421776052
1599.073402577235
1597.196373947547
1597.640387462504
1598.198122138678
1598.187490501981
1603.884798805729
1601.233329717868
1602.088464877834
1602.440712060518
1603.638303631865
1602.158586645214
1598.102682322565
1598.866501164057
1600.353193737671
1600.299323129558
1598.298845995809
1602.546385588875
1598.180628930376
1600.557111272635
1599.832087098434
1597.329561168093
1597.163925567225
1599.444474742361
1601.327459716777
1605.526782828902
1607.896653002403
1602.736881983584
1600.577286490838
1603.192786764711
1603.015847504432
1603.080478631552
1599.212269124633
1597.999608760038
1600.403532664981
1598.636042105018
1598.35728538155
1606.003315159202
1598.382587456069
1599.153015556884
1598.073087122597
1599.435431201362
1600.94730765296
1600.148468280231
1597.178977509714
1607.445751760043
1599.021671444852
1604.063630598733
1600.041378057301
1599.170848355975
1601.078110253543
1604.17786030207
1599.114928526111
1600.543866446425
1598.413239649669
1606.851502506236
1597.409208509154
1598.112424387934
1606.327311205104
1604.008837605186
1599.532710870162
1606.603135185227
1597.154337553752
1600.038902258403
1597.314407483306
1599.206889406537
1599.039112656852
1602.104951088244
1599.046269569865
1610.209870224695
1601.310587982573
1597.092414529738
1597.800797577027
1605.34723455222
1604.413484763273
1601.33171672302
1598.009711712179
1600.360361825485
1604.290533739931
1600.999876187245
1603.408638267143
1597.183099840343
1600.173047377847
1603.483398216879
1600.072894134233
1602.016584551458
1610.100713759608
1600.014380511123
1606.767976856379
1598.21485228467
1600.821327885018
1598.226921967685
1600.146561807499
1601.261455817971
1605.041110966396
1600.53171443717
1603.146118207698
1605.15716122961
1598.134602021696
1605.264557003241
1598.254455553116
1601.591124564034
1597.624072438039
1599.635996559631
1599.051966670909
1602.22292671949
1598.006900078609
1598.02280953724
1598.094410276066
1599.217807789899
1606.312186027578
1601.104378228132
1598.330101127872
1598.618200148988
1599.241212152667
1598.221535998598
1603.039027543452
1597.389357519156
1611.448919524331
1598.167917010455
1608.301192615624
1601.035984070574
1603.955642133191
1600.17591485849
1598.058471573841
1599.347140972053
1599.108523189361
1601.204215891363
1600.717189932233
1600.276260356316
1601.323386835054
1601.155585032643
1599.240423562796
1599.700104190953
1607.530858870698
1599.665674540546
1599.034885138533
1600.430424095211
1602.455406104421
1598.192823076505
1605.335569022472
1602.561136213623
1602.032268079498
1598.062546464039
1598.454923212948
1600.009362260382
1599.98129383321
1599.117391775408
1598.662088044059
1598.09171996687
1604.127789095996
1602.036208604002
1600.070311403073
1600.171298111456
1600.036044885371
1598.205585906642
1604.081271689088
1606.008813622474
1607.072460615052
1600.209137591802
1598.155349210321
1601.800939779767
1607.399561293078
1598.009917620619
1598.673606454227
1601.424984281072
1604.275405678635
1600.275043109433
1598.753086230749
1602.238860470226
1597.134186150856
1603.201771291649
1602.574570032954
1600.16278794535
1599.140765649989
1600.038163622503
1597.862886061451
1611.064626754025
1607.842952625903
1609.717334253998
1597.594954015997
1599.104481335637
1603.314626702599
1598.00440491087
1600.031231291336
1600.093243576634
1601.211577145596
1601.165893694593
1597.145053926859
1600.121469961428
1598.2124080912
1602.06843321892
1603.697909475951
1598.552315537756
1616.121921126388
1597.137987513453
1597.231092646383
1599.040371055195
1604.831569017059
1607.05405601168
1607.184877529692
1603.273823218917
1607.603362490052
1599.535471580005
1600.098859444802
1598.171304277719
1599.071926756015
1602.308629659193
1604.799727408942
1601.270216006755
1598.005608880668
1600.991128154082
1599.260850386574
1599.306651118138
1603.396036428552
1600.121848496291
1600.593701589634
1600.224629964566
1599.161338247664
1599.038190048463
1601.562705698039
1600.0009201532
1600.638562578305
1599.529831589038
1605.463272612933
1601.079892894583
1604.422794296844
1601.693612731911
1611.623639567106
1602.017194878847
1610.058690420575
1606.32633506881
1603.300843662836
1600.086749774078
1605.246915482016
1601.521618311374
1600.560582330742
1597.193619954742
1601.204030183034
1599.373025398275
1599.072228514032
1599.087564744302
1599.366772864487
1597.207262659743
1602.313002002567
1599.142940560697
1606.44345131272
1598.330471229406
1600.217927664537
1601.1155434475
1603.168352091964
1602.003345112899
1599.238666663381
1598.476552650002
1597.450964987276
1599.009395206894
1598.373920826909
1609.280298109744
1599.100436531146
1600.117219838518
1605.003554603862
1599.462277805657
1598.438983620274
1599.198715304145
1600.366683511112
1601.167371218997
1598.106924622476
1599.694450563545
1602.048488937812
1600.233394108613
1598.508733221331
1599.147338142315
1597.147794813966
1599.092974105738
1600.505799321272
1603.276600723163
1604.291996084928
1603.244615284411
1597.666828558977
1598.885437317766
1600.226167959572
1597.150596699016
1598.06945518592
1601.186011855867
1599.021450891787
1599.201034865415
1603.229463445808
1600.068070248907
1597.182303426801
1603.031244545909
1605.030496996471
1598.229064721735
1602.356080497594
1606.175040452572
1598.223131931205
1598.146721606585
1602.104923050072
1598.064209630117
1598.256104182098
1607.78383507175
1600.046629978284
1600.124233900864
1598.011952727989
1597.388659694843
1598.249422669646
1598.563139002439
1598.031434382556
1606.023774419734
1599.675568268712
1598.388338350949
1600.069360789323
1600.332905943385
1598.434917460374
1599.449586836402
1597.792404431556
1597.667811448106
1599.237026375024
1597.392910039211
1597.270789166519
1603.427385099392
1605.089874025895
1599.201481296798
1599.345527636791
1606.908895061556
1597.393344159926
1600.238325748301
1603.063011628095
1599.085632105414
1599.016503986878
1608.30225514235
1598.604911747736
1598.112011881557
1603.167217640025
1597.247440541475
1600.079182563191
1597.492843150549
1600.032648937723
1604.313984654316
1599.692503294873
1604.577464191583
1605.286341626605
1599.154047558269
1599.220504716467
1599.217867813544
1600.185287595467
1598.054923781232
1597.978629902818
1601.301961512749
1598.055520229468
1599.381781444021
1604.465654258778
1599.378274621293
1597.591731894341
1597.714461135874
1600.016089978685
1597.591640830717
1599.080715739795
1598.087541985831
1598.40168330827
1608.095604939096
1602.626256245067
1607.007988193549
1604.133830215139
1603.541740479492
1601.143640197108
1601.305930245527
1606.955568328233
1609.271245177874
1599.11648663051
1606.646523349315
1598.931922111573
1600.767546014551
1609.303110401635
1598.029299926647
1598.734760938352
1605.083586950337
1609.308576999105
1598.195491722567
1602.095416041661
1602.038795084788
1598.429236509215
1603.091417944969
1601.50841275874
1602.034762767739
1600.002969953011
1599.263529284997
1598.015812423376
1607.221497583299
1600.090555200021
1597.254222692994
1599.199563690935
1600.255804657554
1599.178633727034
1599.120301919824
1602.348386096476
1600.065336774593
1599.221337175647
1607.611032225738
1597.233020150691
1598.200972744485
1602.039945264112
1599.004447385929
1601.139931535962
1598.012151724882
1599.207556580911
1600.811954136414
1598.743925165553
1607.424808170686
1604.113193263342
1600.453400734928
1600.555378139829
1599.785840735667
1598.794901119752
1600.01753055939
1603.531294882083
1598.121505085606
1604.147019697148
1600.035817865059
1598.455618475994
1602.008131044356
1604.028592061146
1598.569526589031
1600.28375660866
1598.047233126711
1597.924865980505
1600.028811513423
1598.013360392437
1598.083573353441
1598.051553538553
1603.765020289283
1597.236206317894
1606.324543617297
1601.185457157664
1597.175231092813
1601.791877002666
1598.034344192425
1599.173192703519
1597.523836267281
1597.662121095163
1601.133052955926
1604.702267256369
1598.56468742985
1600.326424654789
1597.43917916634
1598.224114990627
1606.556873863235
1606.384884970687
1599.082148749802
1601.531037307735
1597.236496637196
1600.324654558177
1598.95925717759
1601.015924910361
1597.633904730279
1606.760114250884
1599.560895765002
1604.160064528023
1598.045978725092
1601.058347137572
1599.394112468564
1601.154789546375
1598.169530428027
1599.185685911031
1601.457610349928
1601.512195074202
1602.828136153358
1609.568656039118
1600.050666692848
1602.741589371558
1598.536165483701
1598.197079899979
1602.378872612119
1597.729742776299
1599.746749896706
1605.239901773641
1598.15092848044
1600.821671793389
1601.104915032683
1598.006604596116
1601.519952076324
1599.151415763064
1598.040997776488
1603.725120339112
1605.306188512055
1600.627895568951
1597.527595594693
1598.172406092913
1603.465220450412
1600.21906069875
1597.047371186251
1599.003424678807
1602.059587660118
1601.003032201096
1604.281051779409
1603.127261414283
1601.250700919947
1604.218841627018
1602.237825614192
1598.505469339277
1597.477238624168
1606.569204779966
1597.636568269955
1598.011379104955
1602.046800419885
1598.9485206513
1598.165650427123
1597.658133883634
1597.37583592478
1598.821126122448
1598.022533011595
1599.534151589151
1598.034127244327
1599.299317754474
1600.08834185657
1610.053118463712
1598.002388648075
1601.536860570375
1599.038659088717
1599.015971757907
1598.553585820818
1597.201781180517
1597.460138160384
1601.297328491773
1600.154969521058
1603.332494145127
1600.038628541163
1598.246801038723
1602.304587164041
1597.314320386598
1601.321335278662
1598.113290402712
1600.011546685712
1599.302194555298
1598.324633193757
1599.055464932477
1604.301683193986
1597.2349221704
1600.523429440859
1605.087194084868
1597.866136548884
1600.18892874003
1604.187583337126
1608.007470045973
1602.554143269715
1599.206314491515
1598.476939227822
1600.064751004946
1603.121417091853
1607.410085439661
1603.328387198986
1599.120220860442
1601.346842656576
1603.062846306163
1601.317936432384
1599.283785325063
1597.425990436728
1599.412046283109
1600.199514362281
1600.805622138999
1599.3732530074
1597.788521625733
1599.227345204504
1601.245947355282
1602.283750001441
1598.017257013582
1599.032496909766
1601.183863839487
1608.605502559644
1601.539729299521
1599.054594231143
1605.982993865935
1599.349539303224
1598.07770587162
1605.054012328021
1597.367978920148
1602.121787937967
1605.257537908319
1597.558845517309
1599.024945268615
1600.336604905136
1602.101821394008
1604.044792068933
1601.074372908238
1597.527907467847
1599.591532917234
1601.164432193819
1601.091810217917
1597.28006116133
1598.014289806599
1600.247752947288
1600.461735793702
1600.290830363377
1605.623166179346
1602.409368018484
1600.292287948592
1599.231832032357
1601.232638320743
1599.023535405053
1598.334856211012
1598.518572282926
1597.479021605673
1599.194270377174
1600.017540406729
1599.163033376825
1600.335818649679
1602.449562651604
1601.174709124747
1603.51828221218
1605.534317350395
1597.202335121453
1603.371428069727
1598.042764628751
1608.205920944481
1601.154764970323
1604.610076545194
1613.080494225376
1597.237145969589
1602.132081857969
1598.197748327029
1599.202667211608
1599.133656719786
1600.278870311896
1600.173036493408
1601.011064190315
1602.080323486812
1600.05147136954
1597.087361830841
1602.152934455919
1597.43382081253
1598.304266551123
1602.30582640858
1598.119556238701
1604.296182539201
1600.03888478562
1600.187125509634
1599.321010274029
1602.218179001361
1599.010343673895
1598.035803595438
1599.641295216456
1604.329644254651
1600.112559338676
1598.833021253069
1601.014081983942
1600.059489406483
1597.821669550695
1598.434312712659
1600.228545212279
1600.328497017322
1605.406166300477
1601.266164661822
1605.134626276823
1599.530682816694
1601.265537610457
1598.093941728175
1599.531665892222
1599.37695033691
1599.011998535441
1603.087272533662
1600.117487939071
1600.277099551932
1599.165991980437
1599.25465659393
1598.102597863185
1600.11863980541
1599.367938018501
1606.462657823206
1597.609070016407
1599.130251111528
1602.125325850283
1598.540547271619
1606.226719348319
1600.220439685283
1598.423928439388
1599.186731704041
1598.083937078751
1599.063819205552
1598.119377230053
1597.069865330627
1611.959091790558
1598.406207665687
1600.276055033258
1600.029554476962
1599.306994727657
1599.201384981454
1599.276786527938
1598.252379821368
1597.077510388986
1601.672177783087
1604.011087744667
1601.508508801928
1601.073997313567
1599.400601367366
1599.103015823332
1599.120302297595
1599.50849251077
1600.411929259868
1599.725809275292
1597.266603207828
1597.29475387246
1599.8376526157
1597.432706004282
1605.564857076176
1601.088839886211
1600.001140072816
1597.920507291763
1599.068021352461
1599.209718299824
1606.112625338073
1597.042618076208
1603.242951560757
1603.10721515711
1597.646075141215
1603.118561628751
1598.049984135484
1602.666239928042
1601.054808330571
1600.276449389959
1599.266238666762
1604.165602935459
1600.475838643203
1607.342856094107
1599.508410709282
1603.587927062848
1601.190992402882
1601.072755884653
1598.229641083849
1604.210837254873
1608.357741589849
1599.034089402742
1601.09632290856
1603.319973886549
1599.074428511717
1603.013744860749
1605.16142453964
1600.115037145416
1597.822166516495
1606.011725415551
1600.890695734554
1599.606255584322
1598.01683599427
1601.328556903531
1602.194480437502
1599.05607119272
1611.098273795469
1599.128462057139
1602.779580903487
1603.383887992652
1603.395995615515
1601.022383307338
1597.799857952503
1601.117764977402
1598.209419138322
1607.796131242262
1597.388624303515
1598.420195808512
1602.18818334829
1605.186566217505
1601.260264758826
1598.308203220322
1600.167810784898
1609.31279285841
1602.460563017122
1600.417706450773
1603.030705648429
1598.529451746549
1601.349736159546
1598.172461846398
1607.350280516394
1603.642333007321
1598.131820750755
1604.032359756883
1598.160603462175
1613.162121891065
1609.060431365065
1600.054711839448
1599.083793643929
1599.650064196147
1598.415666143704
1599.368732903988
1603.540161660818
1600.778293121991
1605.307282028121
1598.506776495637
1604.143993167766
1601.359218881052
1599.641202003653
1602.460137657072
1598.499219423237
1597.055645868829
1597.663724999864
1611.315908205054
1604.224745066739
1603.125016601203
1604.159577010177
1598.277831588252
1597.568557755932
1598.176377131299
1597.047714134427
1598.247970591992
1604.388459111779
1599.425915554608
1601.278751575654
1600.595259017068
1610.786402733495
1598.257110647211
1597.244772552768
1599.08017361007
1600.308342995579
1602.339915774535
1602.331494163311
1597.179575951736
1598.174897996455
1598.064501384505
1599.251763816462
1602.52488857511
1599.165520063775
1598.164140760297
1601.449688270457
1598.335178838073
1606.116007801567
1599.831249409096
1598.369369550628
1606.205961184919
1600.24045773278
1603.502753121483
1597.540399982833
1597.167179003764
1598.035304610737
1601.119264502727
1598.113718700034
1598.502987805978
1602.053671456398
1605.056529066117
1598.317640477629
1599.043895463183
1599.53903269914
1601.855571553072
1599.241038630145
1600.004447000004
1597.278851831692
1600.128820047977
1602.392679967646
1605.447588574874
1599.382839346719
1602.362801892373
1602.41855042583
1599.199599386659
1597.162578901172
1599.690618265668
1598.372599225397
1597.456327303448
1598.822527357345
1597.451438489054
1605.311365920037
1599.159790411963
1598.047789428953
1597.693596291494
1598.182720583584
1599.031551811771
1606.515073238667
1601.287178769962
1599.551834435295
1598.963900725768
1598.168355329916
1600.240070684282
1600.011100173029
1598.705063566167
1615.050687789078
1600.211614982075
1600.522836425532
1597.308361344266
1601.331453928866
1599.449188696947
1609.300152086741
1603.166537624032
1602.164694235192
1600.098644593221
1604.409054073252
1599.066041584634
1599.174334644094
1600.278551352679
1600.419101414132
1598.331665058164
1600.399081042198
1602.472294652099
1600.118033309084
1598.02056974838
1604.067914632953
1605.398272108554
1605.992396536743
1600.18176711178
1599.119442681463
1597.221268401323
1602.190917126198
1597.357796391032
1600.008293888808
1599.296753583401
1599.639517250062
1606.963955081283
1598.099475982517
1603.005917791045
1606.803550979317
1610.114679556147
1602.169955600234
1600.029175188545
1601.074317037037
1607.245789102433
1599.418930666113
1599.47940878266
1597.281911258202
1601.085434848
1600.17353483916
1600.765924994316
1598.26335205172
1597.802059850424
1605.461200302244
1599.188367648126
1601.037405191095
1601.536549165576
1598.564006060496
1598.096322312153
1598.858000356744
1608.513056323073
1599.192937312931
1598.031080899029
1602.100570919055
1602.085802576138
1599.133973007053
1607.142216485134
1598.298169215301
1601.317833884088
1600.105403226796
1603.653438290538
1602.123952953901
1598.029078423979
1601.160447258899
1601.57088851874
1598.076227739014
1601.952391403729
1602.171716388034
1601.057616121371
1597.512398868894
1601.17004835272
1600.142771562333
1598.110658677577
1604.672034683006
1599.053777991613
1602.128263368069
1598.208402413147
1599.077593163462
1597.28296941832
1601.205649251178
1601.177440834869
1600.469031725146
1599.085656592277
1605.556273782021
1602.571524258615
1601.091613963257
1603.04992037562
1599.743498497297
1598.116069916179
1610.046304392628
1598.719817106934
1601.001357772341
1599.056601259935
1599.054496126627
1609.234368134958
1598.071583457938
1603.105646014618
1603.170882322298
1608.133222142345
1600.191236578037
1604.290643245201
1602.264349345268
1605.08275244772
1602.375102711256
1603.042484998925
1603.687629478841
1599.362980946474
1600.26984843919
1597.348308544055
1599.115354018832
1601.26927829388
1599.01128886393
1597.480954120398
1598.038090950153
1600.02572423813
1601.101126004327
1599.266327904339
1600.074108027453
1598.364876851108
1597.185234810475
1606.260373703631
1603.079827312347
1599.128171221836
1602.252303874319
1603.261274337145
1601.266961964994
1599.339721987019
1599.169536458008
1598.115352056984
1599.137111960071
1607.231333771678
1600.022793314838
1599.597188385545
1605.336229256892
1598.252621091599
1600.169404293566
1610.514298809919
1601.10355354587
1605.586848831876
1605.041959065608
1603.242696481348
1597.299606750805
1599.069359686901
1598.111048452816
1597.434360632359
1600.048257309059
1600.479127770151
1600.438129240269
1600.205515789661
1601.081495051575
1598.026017815935
1602.708963411883
1598.821170615247
1605.052028035123
1600.519478294567
1598.104363575927
1604.520255617781
1600.1264652148
1608.093100979261
1599.466504560573
1609.300879441947
1601.024473945812
1603.173824071003
1598.316655252543
1599.498332439236
1599.018787792135
1600.461974594103
1598.661217093248
1608.222572404828
1598.128708307811
1598.654011876388
1602.072801882152
1601.206328655376
1599.792972525282
1599.587796298947
1599.747657129844
1597.433774985908
1603.537009265102
1598.019554563265
1599.042845504212
1611.789127366142
1600.365167596199
1597.718709538903
1603.179812451038
1597.969010156306
1603.143974037201
1601.140525744288
1601.068561947646
1599.22522545366
1599.199912669011
1601.086591993352
1597.789354939811
1601.740818382209
1601.171041734176
1598.528705587494
1600.218371150234
1604.765909207566
1599.033925067057
1602.303559056227
1598.152639096045
1599.169149532707
1603.113580369245
1602.103410215663
1599.699293014059
1597.454125132231
1600.090434671228
1605.684326496964
1602.042010082411
1602.236128195867
1599.336768846209
1599.013056079798
1605.078026060874
1601.019525041077
1598.077269674191
1599.111797054112
1599.327763267063
1604.012495045521
1604.13929571699
1599.119318253903
1599.525534230551
1600.338048683652
1601.139359993811
1598.094954380679
1599.002898442275
1602.396928467042
1600.166188712891
1599.03364567735
1599.109009988043
1602.642299951372
1602.310504040271
1599.016151862734
1598.339235602957
1604.139885443628
1600.258772616138
1598.494671595724
1597.537744971985
1602.075219728062
1598.005308450387
1598.825293805928
1598.32614290747
1599.075800970897
1598.058139691315
1605.095770801679
1599.171330548828
1598.344454855346
1600.008619347506
1597.637158650055
1598.653683109172
1608.45981844208
1598.465568413161
1607.105447275113
1601.119473376186
1600.167325912936
1607.009098045252
1599.278068008181
1598.025973507359
1597.918819344734
1598.093487233244
1599.45971746901
1598.860245056037
1597.083378363478
1608.249739737054
1599.285564443309
1598.487649501892
1603.029968561728
1602.038291001112
1599.578465361656
1598.282456473376
1602.561139417604
1598.342910698346
1597.087075658967
1601.208243193684
1603.20765073983
1600.351651535517
1599.817294766489
1601.178185114508
1597.05549644298
1603.658400804502
1598.148056027584
1602.207581139294
1597.08834530181
1602.518314675257
1616.330218068844
1606.660129284218
1599.072961441231
1601.85061576111
1607.339369638438
1603.025626788934
1598.679727144268
1616.178996625962
1606.270143890516
1603.4003620165
1600.56050559932
1599.081492571937
1601.226333430726
1600.507869396368
1598.199877584884
1608.090803265739
1601.944232846364
1602.419489477961
1597.095395813117
1599.674707001373
1598.174242236878
1598.649595445744
1598.570300801992
1605.222338181062
1597.096131824055
1601.03536686959
1598.145304233133
1600.007574699729
1601.004827120128
1600.030817629874
1597.449954667144
1600.030661541289
1600.401973688803
1599.023892197674
1599.19039668871
1600.044068566546
1598.309193890805
1606.150275914887
1601.085721847834
1598.034599329985
1602.120738042074
1600.021791462989
1601.116412114661
1600.038176016953
1598.854830500939
1598.326999687499
1599.081228975323
1598.125950257832
1599.18111205316
1603.178089076872
1603.204321718363
1599.381551098674
1597.311419924832
1607.195311113177
1599.276195451448
1597.442655741496
1604.106709858691
1598.250113834778
1601.144744627855
1601.574518323884
1598.064602725008
1601.284477498335
1601.414947077113
1600.141586257844
1608.139094804963
1598.05928689251
1598.143007581711
1599.267116262231
1599.505049519848
1598.984277168226
1598.136758429395
1599.431740212214
1601.476394209871
1602.213935369979
1599.135428606151
1598.315686743921
1598.368072157022
1601.006043387511
1601.435776728922
1600.297158602335
1599.145267023214
1602.676969884764
1607.238596420947
1600.233523763465
1600.022551127831
1600.446402749201
1600.266005329035
1601.861511801229
1605.470053973945
1601.230524195745
1598.454487194246
1606.036586696042
1603.040895284048
1597.491062395207
1598.0278670304
1601.770910514647
1601.184101991031
1599.055754010078
1604.524193844637
1598.5665360039
1597.788943825299
1597.189858741913
1599.269622783352
1602.492772385858
1600.17105092399
1599.493605074447
1599.015684034194
1597.959542885069
1597.268929456166
1598.22829550899
1600.666249852473
1599.154442563967
1605.233815027116
1601.38602141156
1598.722544298048
1599.180950066117
1613.86656594494
1598.201608690734
1602.003496259002
1599.066666491617
1600.205270477412
1597.475604561077
1606.093147609373
1600.125744171558
1597.386232644252
1608.205531534452
1598.254929167421
1602.582017479301
1601.282326073592
1601.5440989279
1598.070945500643
1600.185062293094
1598.349856068242
1601.562771884345
1604.721633245928
1600.191781207699
1599.249837477186
1597.251191854989
1599.508633900887
1600.110135332018
1601.121538638491
1598.153292744519
1597.556932577989
1598.122251124933
1599.057635328949
1599.102401141024
1598.56953742759
1604.667801580071
1599.3752847674
1602.015878407806
1602.122972334403
1597.213505141867
1599.838663196907
1597.991941682542
1599.323163861615
1601.138682109245
1611.196783774305
1598.099180645382
1604.144194534855
1597.661640466149
1598.262937948006
1599.162657066006
1602.00111759144
1599.078538887393
1603.704322385163
1598.065834187832
1599.331256225735
1601.697267771238
1601.163200613863
1598.608742218214
1601.180590678361
1599.054613115113
1601.377952248944
1600.067446557997
1598.388468463186
1603.076649698241
1602.170283463857
1604.4978916577
1600.10998314098
1602.642506200883
1597.384937490962
1599.010027486603
1597.224968902462
1606.138609733009
1603.329560128481
1598.402658510979
1605.538255680485
1603.357095086341
1604.169353688437
1603.021156254312
1600.203232207127
1600.04789853837
1599.697145307429
1598.071164739943
1598.096440196182
1598.045519225551
1603.167853052788
1605.132441916282
1598.240741885764
1602.656253333201
1599.248486680783
1602.228551758239
1598.443315361579
1598.419449100432
1600.273134124615
1602.224164278412
1598.303881899933
1598.047936559521
1600.048655129923
1600.319668785681
1608.273335824467
1602.046508711431
1606.18492608546
1600.223366780979
1603.160530380543
1597.125640162059
1601.192792039526
1602.448008736923
1602.240840338468
1598.513833093887
1599.533243442437
1597.489646053357
1599.000269028148
1599.27561016431
1600.034955312419
1598.353576328448
1601.097754503307
1601.134553455825
1602.463727894007
1599.053866957272
1603.213413859391
1598.238536590915
1599.373828797799
1601.357164314317
1602.003021524857
1600.538034662824
1606.125788104213
1601.05989081132
1602.028539369549
1603.085628678514
1598.391798764441
1598.788583102633
1600.189815070523
1603.164047317262
1598.490501521804
1600.130678301789
1604.500362013216
1603.98775503432
1604.156123205267
1599.017767212424
1602.393386642523
1598.037049287028
1598.088007201349
1598.249152525744
1600.115713360849
1598.049004050215
1598.292743620766
1603.304187459637
1598.666004356983
1599.421273832224
1599.193868110301
1598.128792558397
1603.353862174887
1598.0279826958
1599.26906846129
1603.341649445426
1607.6031499972
1597.039012777868
1600.455810446753
1601.014059139608
1602.079833771244
1605.319880397537
1601.709278234098
1606.037155790918
1597.238717538097
1599.73809485924
1598.560906831713
1602.141874400448
1598.149346089978
1603.343166005674
1603.279633684531
1599.322515472934
1598.452292731497
1598.126464167729
1598.057749797272
1600.978087490875
1599.337645743431
1604.212656562605
1609.216874142601
1598.450437353198
1599.015609842613
1601.635838662789
1597.613679562167
1611.859000122678
1602.172525692755
1599.005909046312
1599.194668780453
1601.010846509758
1605.61659166444
1597.179769840924
1598.199956188771
1603.287466224162
1602.063385023778
1599.301570565429
1597.440647153044
1605.039326638801
1598.090753489021
1600.230727630493
1600.026792557712
1604.579254993139
1599.314697593237
1597.528697591616
1602.3082355956
1601.0627810227
1597.511858683637
1604.49855568748
1599.192740238073
1598.04371816607
1602.035880614211
1598.240924359089
1600.24570201402
1601.004876502578
1603.233662726492
1607.312040061493
1604.057804043971
1604.434282290272
1600.10508368241
1598.283827654177
1600.009805576359
1597.439028426533
1599.380408239281
1598.374763104679
1610.162391552477
1604.748155356286
1598.071627236275
1598.669028430096
1597.958170621546
1601.180641378654
1599.387809606654
1600.178410501727
1608.122418645074
1597.965285961622
1603.156225455777
1608.197477267446
1598.842728254563
1599.071519703161
1600.114823118476
1602.110401272661
1597.395081128157
1599.131973764433
1600.248774350039
1599.07273531388
1602.166707437365
1597.40063937457
1605.234906432775
1599.387116111471
1599.10265969051
1600.147392667487
1597.44904897819
1603.501518171035
1597.64530160372
1604.332933942955
1600.03646552471
1599.132790258158
1600.350718495145
1598.062131190832
1599.759090634336
1601.173574533405
1606.178309814655
1597.031750442162
1602.488216456676
1598.073563008275
1607.119670227637
1608.194882995694
1602.007094461831
1600.121490420032
1600.789366512662
1604.038202837406
1599.391705459044
1604.369631257458
1602.088158132442
1597.332404270445
1602.152423263517
1600.13383370489
1599.087116578958
1599.238874499198
1601.145591780811
1601.528932426688
1601.276494864747
1599.228401440306
1597.466767543485
1598.127513622243
1597.769309607684
1601.23969040666
1599.118958192722
1600.191747360417
1600.171064673974
1600.322443369117
1598.795667233813
1600.006952570072
1599.7126883678
1598.128850118287
1598.128812248655
1598.2937413287
1605.536218575253
1599.103894846032
1607.066130158926
1597.221987732534
1601.399265114464
1605.096101799752
1604.164656819014
1598.001196006888
1602.351473269375
1600.046393013157
1599.48480603403
1598.256606350846
1603.129664859434
1602.170003742082
1601.031579684973
1605.097822354223
1599.011255628483
1600.030546361223
1600.067531708442
1599.257848729082
1602.233256102916
1599.082574628779
1598.251601240485
1600.472831882121
1601.011557562775
1601.464841214021
1598.338105980673
1600.130396899968
1598.380332041548
1604.877290108745
1598.020840148684
1599.226543246213
1607.27157083484
1603.572176546705
1602.320580627617
1609.712632788149
1601.290010356752
1604.644627294599
1605.698234268582
1604.117157634691
1599.051697340738
1598.106369042262
1597.130849495979
1597.4326972773
1607.185513492563
1599.034983325484
1600.093638780285
1598.308286112497
1602.079742661424
1597.408912013321
1598.080764115853
1603.375494961035
1600.247699572953
1600.436588450189
1602.084120947132
1601.040490156653
1600.152618394661
1598.119433341397
1600.132722063072
1601.448399435408
1601.738389553221
1601.222242184584
1603.14188010645
1600.295930979369
1600.521974160327
1598.067830350068
1605.362533359081
1597.301187997035
1607.1321438293
1600.136394134672
1599.327188162978
1598.512905760387
1598.141282248722
1598.643168498367
1602.793357169058
1600.114745461435
1601.269206449341
1607.91348793199
1598.00557817558
1599.153078510877
1606.342990973378
1600.192087382356
1598.048479325376
1598.032667110992
1606.206856887972
1602.234864586349
1598.193535383545
1597.073942963536
1598.12636430712
1601.481422680386
1598.000117023363
1598.293949213738
1605.795085667962
1598.583333782216
1604.389284442879
1604.06904111778
1603.166886126201
1598.066628009394
1599.030531915918
1600.160748245276
1600.158944447727
1598.120990256583
1598.796257065887
1601.22048141022
1599.050732713852
1608.100689980506
1597.227403056736
1602.193088866853
1603.211249584251
1601.102094810984
1600.587188613387
1602.781092799552
1600.457600064901
1603.580059438611
1603.402193125805
1599.425892764305
1599.681067386673
1597.090541242893
1602.139215931098
1598.650350190827
1598.20800234568
1597.349655239816
1606.692394057643
1598.045175442947
1598.305072171148
1599.183930866332
1602.199154943365
1603.657855585538
1599.556863117242
1598.045423242497
1597.943100668524
1598.015549867119
1601.232358288061
1600.588932419696
1599.779523520552
1607.039005993167
1601.042770334471
1601.267567131503
1598.061758885264
1602.159066024397
1598.224349157938
1598.598075367821
1609.427252139594
1597.521625306779
1603.023064268225
1607.002876780346
1606.140675578704
1599.703575148687
1602.002585869119
1604.11669067941
1604.493464624429
1597.657720629049
1599.478991681467
1600.024222682853
1606.041530644793
1599.644788382843
1598.050246947161
1604.142587844517
1600.010416129768
1598.048430265288
1600.834707880053
1601.422883663987
1600.084180776794
1598.745868551698
1605.201052260422
