621.0056551453262
625.0105320694778
627.2093805665246
630.3465181513774
633.0959992652482
621.0039743533788
631.1414953543443
630.5525589120218
620.0532370947408
636.0451338976753
631.3086940384642
624.3681359696177
627.1939427747188
622.2267815215016
642.1913444022958
623.5840937339992
628.0307719788826
625.1041962578408
628.209635554802
623.0225011632396
631.0218875313839
628.2040877107027
623.2168008619634
628.0908696683928
628.2484375711936
624.0488184752693
628.071199667343
630.0981581144988
631.21718617811
637.3174951250431
630.3091636427077
627.0150611981604
622.4069447005605
638.0592852825908
623.6829439273629
623.1062264255422
621.9775216611054
624.3467801620662
630.3215204021708
626.1438906529405
626.1270737296143
626.0557199825116
627.3269301532637
630.2327389623835
623.1649025441777
625.4676457809787
623.6536851084853
627.4289142408893
633.0032785851896
624.1853541962711
632.2000975090131
625.630765619052
623.337575248128
624.5739400629022
625.0286791898767
630.0269016083492
621.110431728122
632.0735124570288
626.073019916045
632.019524483996
631.7313595662183
628.1516735625673
622.8188514338084
623.1209958977893
622.6499134430031
630.4497075218068
634.2830588899532
632.1272312020299
635.0958547635621
632.3290192801122
626.7714177319177
640.1596790918472
634.0729195952704
629.117515107018
628.128643816988
645.0019806465231
624.2559567909389
625.2319654259843
630.8062847989684
627.418383351567
623.2945521360867
635.7959472718371
621.4142766775408
629.161126910142
629.1142017241699
622.4590202233404
628.0358105267546
632.2074243295929
623.3985068784501
624.0655670572273
625.0859755601513
626.0528308939223
627.1858791100756
629.3959054372369
627.2238370178629
632.2150031766645
625.6823289048593
628.4448191418606
627.1673958389875
632.2778085160834
628.2304784118354
636.0948790727892
628.7416590588743
631.4515882506524
632.1969671763932
622.2093208470209
643.0859262620811
624.0506073093128
632.2231625635402
626.2684162774347
632.0901188303334
631.3223447074528
630.31143041508
629.116403528834
634.1214357395214
628.0727399581973
619.5529818729974
623.1560087290663
630.6505535121784
623.3180332063494
633.233325028496
620.8281635692595
627.3411174929834
621.1884386381718
628.1111369122423
621.0463224871979
638.0532448526077
626.1753804576402
628.3424451803726
624.0429779899952
629.1517076004006
624.40021060145
640.1299102548145
626.1197380254134
626.2717459407511
620.5534106858728
632.2000173386222
622.5200400992825
632.0491335798501
630.1723747715982
626.003694376485
622.0349830907509
622.0880193537555
620.71799733171
622.0745754991129
623.1860340957979
630.4832088060856
622.1524976474979
624.3761497123248
629.3988250451994
625.061256129953
620.7683996197871
629.1513122151883
627.1722450632512
624.960682782079
626.3653614289605
628.1209114711123
632.1693212379407
627.7304919404211
627.5455086700665
623.1017510232497
638.1983093353082
620.0558826259894
624.3264462913005
623.2897610110197
627.1739575245718
632.0532100530178
624.5970405844309
622.2992004167381
629.2320967408758
627.6583183100736
621.0624543722972
624.0236525746984
633.1721323414447
625.1155850733115
629.3574174539546
629.5152175965774
623.0192792279948
627.1864465489501
637.5110352885396
629.217393080663
633.3895266591629
623.0249467983429
627.0896543515543
625.394970917213
626.0495319056713
627.5593925011187
629.2179882665207
630.7977540131085
626.1319894927457
626.1327755233033
623.9613654646831
623.4000674675317
626.0561895704564
623.5415855401188
627.0974872478275
633.0610301711827
630.2847614358627
631.1565893337968
625.6181255051624
626.4607824131027
620.0344105374755
629.9800694037903
624.2851397173695
622.1847240725101
622.0800440015475
628.4017310770654
625.1783309535488
644.1179954414428
624.9827195682238
632.2339411502271
627.1810311104767
627.1109292723057
625.6070657290833
622.0364836398378
634.1744877574921
624.4818885668514
634.1261931061149
625.1362391998978
628.0149576020398
626.0605753172597
621.0320501456512
632.2032310335721
624.1562941113125
621.8424438897632
637.4747864190729
635.1981439203543
622.0112697421315
626.4431514111584
620.5072035200842
621.0298579254676
623.1576224452301
625.5223518662415
630.513812555295
632.1063075785995
628.3426140700758
623.6591932942742
631.8389629149765
627.1630811145558
630.4571879038098
624.7025059659389
627.2049263198226
626.0616571906071
626.2072291841514
629.0045753158525
630.0310187557379
623.0432839667307
621.3121822000688
639.4067888726436
631.069191511227
628.650148869041
621.1591782464021
620.1752502914555
619.8891663499717
632.1793521977754
628.1936986879076
628.0869694365975
629.1733826516542
623.1422661364032
627.144728631102
621.0176028899551
627.9495320751344
627.3288943693175
625.207167055947
630.0304889355806
624.0132444395404
634.220961015593
632.2190335343782
623.1013851518962
631.2729824458543
627.4290368121711
627.661114903619
631.264766265305
629.0932096911591
622.0438708055996
639.2192604616874
626.0162954281361
622.1602856640114
634.1874031919338
634.4702148552024
638.5758587334332
628.4079832899141
626.0220814045289
630.2217967468059
636.1267004074031
631.4743125298655
628.1640644443775
626.0392857430996
630.8670562835612
622.3386322894901
631.0451900179603
620.0599992177983
628.0666307728328
631.3822875279026
644.25027982608
622.1223122229268
627.1536234194284
632.0088152057103
635.3720733514921
635.3832512217572
635.4249821471678
628.116514908978
625.1410109642601
622.5121947906748
631.0902938001575
628.0136211667885
621.2200682846845
631.1856569052866
628.0744265900863
627.5720071978393
636.0633433919588
627.0459444149297
624.34128571841
625.2311019401645
624.9112023659005
621.2049758960447
624.0396324283574
629.0820124247534
631.6379037091
629.137189854146
629.271020771797
629.0084676699113
626.264100809305
624.4415131646363
628.8015393227284
630.1607258456276
621.2363784820444
622.1390864890885
622.269310222868
624.1749772476697
628.0930034561201
629.0777686093412
624.3124149518898
629.0612953552518
635.0120363228623
621.0516715571694
630.1503933503732
623.4136233187469
625.5140350490874
624.2054329955947
626.6844808318341
631.8527953357606
623.5577593392187
626.0046321735479
620.0850890757492
628.2424511253587
630.1200459237905
626.3571963532993
628.6029867558009
621.3931103054683
626.3542752653588
626.4057489717521
629.4596342862482
622.4041703782937
628.0524354554487
626.3859841813018
626.2127262814622
627.2555419983021
643.0446198203024
630.6963477221069
626.0754409881063
628.1585347353906
638.1542031471391
624.22509465138
627.0118558594517
622.2389551449628
629.0461231776726
626.5940370480434
629.2179084004038
625.0540029652899
621.3303805689271
622.585686798134
627.2645391189948
628.4787785628383
627.2007672077004
632.2626971640308
631.1284471850413
627.137082115004
635.8066544804179
634.3388198070317
631.2327979605508
624.620462494297
631.5757082268968
622.0811366087087
625.4158692059646
626.4023857601387
622.1783417268826
624.3722466731682
630.4300252929114
630.0581248460483
621.3659732712348
629.2802997493568
621.3178689585384
624.04360872215
622.8225971626108
623.184575156781
632.0088460624447
630.5040744120328
624.3577472796368
627.232373122571
623.4724729368073
629.272448628175
630.0359692095652
627.6709844668846
629.008123884376
633.0973340627029
627.3321460978968
624.0337284215385
623.1844427952392
645.5893576569879
624.6828533019533
623.0888590609758
631.2853709775932
622.8078065136096
631.3704317662263
627.3498784168708
636.0918946695521
625.0587791933579
631.0093310859656
629.2918129093306
623.221039414466
623.3312048158184
628.1892644914299
624.206293267434
625.1372683086377
622.0399140948028
626.9689987663932
624.2249951575409
623.5733267900558
635.4450336709724
622.2932135624707
622.6451570511374
631.184455804722
624.3317714856368
628.2514496026506
623.1403261280682
634.7690952301898
629.1188599253101
621.1731055075483
639.1430868422427
622.3884454252047
628.3180939583262
627.6772887973879
625.6168345027041
628.2887969876492
627.1959578916316
632.4457384591686
629.0839143844645
628.0673668422737
631.1130475379045
621.2521049139185
633.5822198591104
624.1760120358038
628.1301053064706
624.2329707304735
629.2167430204224
638.7006874105305
631.5194307815292
624.0188370316096
628.3069905274552
628.3381363603032
627.1891501258524
628.2036115666987
631.1055722326485
622.9363387412068
630.4039074128139
629.4848251409079
622.096984552048
626.0836911051155
619.8769047864915
621.0999991723191
624.5973195732386
625.1804068435911
627.0424921372771
628.293971435553
625.1965648564595
635.9854462709512
630.1351329118157
628.0006566560162
630.328123534889
631.2054011172922
625.6858052714656
630.393441474896
623.1496334968427
631.3771022588545
630.587705366141
622.2359958191975
625.1832648312786
647.8764692103792
625.202675938136
630.4774892871071
624.2194567503622
628.1876453988069
629.5154795702542
626.0488174630954
632.0381600959678
623.3047119970632
624.1637871812521
624.2121218469538
631.0438707767595
622.1735791795905
625.0810497465684
631.397451909066
623.8025539314086
628.1902224731745
633.2074473479745
622.2119517393611
622.5083427763553
627.9078655171694
638.3054964940796
626.0595067831806
624.9837413720501
630.2808429154701
625.478561107223
626.0737670743075
631.426860426418
621.5694779096762
624.1979610684352
623.1168593094553
628.024409465947
629.4976505155057
634.0947829974982
628.4503392376967
624.1115706636875
631.0657661306467
631.1049795641414
625.2589288295476
632.5535856477665
633.6049794740743
635.4975570190228
632.0970938043721
621.0820065870121
626.8727587182356
623.9980490718029
630.3877417879836
629.311008501473
625.1655611952717
630.0225834728494
622.2263459366637
628.2517948213272
631.0551511718204
622.1938971262592
629.4541458687362
623.3550211939729
623.3905621033095
622.1431139435831
631.1782340579024
627.2637259948169
629.0270146678901
639.077433943373
626.3610130382905
623.227352809765
629.1181993708407
630.2563738222685
627.1987773237514
638.149417486924
631.4315433724971
629.412294374816
633.0824010154325
629.0528543594559
625.3934207447086
622.1765283565218
630.7929179042434
625.0295793757434
629.1560443317073
630.4438380766229
629.7998779916992
636.1573742924576
627.0230376934508
631.4598289123335
622.0452708335301
630.586428955464
632.5424961525514
629.6752600898369
630.035872167258
627.7147987361111
629.4755364145083
629.1107915673488
624.1708537320384
626.3638014908017
630.1825347905907
628.0363441746535
622.84357843966
626.4939289402492
625.0776956228023
621.0209020261785
629.1070799516339
623.2693656548146
631.0186654000966
631.0014333696307
623.0825866860743
625.1786132419644
626.2206853375822
624.2487200691487
627.5219618989663
622.020504643443
627.0933139429665
625.3745311180021
630.0643751355879
635.1106063506426
624.0356480948019
624.1753939595241
623.5360304387377
622.1354470409025
638.0906527151416
625.1193986634439
626.5653465035361
635.137343837843
621.0728287645946
622.2422584463854
647.0686849949552
623.5480421200552
632.374463861141
633.0150427697411
625.4684263189655
622.0721744323354
632.0539549354095
635.1312723522657
629.9286600472583
627.0745683135825
632.11523674386
620.5810053119764
623.013947425202
626.150759160558
629.1349211771781
630.1954474652993
630.1645615449203
625.0172486945139
625.3518903092317
635.3176197414211
630.1362345061816
630.2623686050634
631.0048786599946
632.7357929507112
628.7683177830423
629.0544763050805
631.6902009311614
621.3443461526045
628.1984088778577
631.5271658689832
631.0944052832076
627.4142608254054
619.9646992323982
622.1203395270765
621.1427352383344
628.0218723338166
621.380408225107
623.6779644989699
626.1903498676605
636.0008675880856
626.3418607069495
628.3484798877193
623.4342823177789
621.0344262213952
632.1999642885143
633.1989133810059
634.323305515534
622.1337964058531
629.1017574047861
622.1591480245962
628.1226505469394
623.0380776074469
626.222572264156
624.1045153283019
631.3494483317554
622.0336136601077
638.1059727291242
633.4288351344504
627.024687496182
629.0078513509229
626.1856675109735
632.1829905493668
630.2203688268199
624.1279959876096
627.1278455847774
630.1503116149602
632.1925472784799
628.2336119255788
622.2733751287658
624.5380456563263
623.1998820797436
621.1962802085438
625.3348833781978
628.9478790631208
634.1560870253282
624.3662213028724
628.4344413237036
621.03101969955
632.1497435598145
620.8513143848178
636.0963487080721
628.2013536384843
621.5598153517601
635.0429686869219
631.4631709147195
624.6597133907024
626.1767860739601
643.32678888514
625.1262686571418
622.2543362547304
626.5075112145449
627.0792583957676
631.3826712848308
621.0470072575387
626.0712113175521
626.2290093314439
627.0767327531578
625.2828486697251
627.9367439052194
628.1649353448257
630.4926622024993
626.9490155844114
626.713066812084
634.3739771741425
629.10749354772
621.0106824488096
621.6196182781674
628.0807218539076
628.5572481408137
622.5527698144435
622.9173228918735
636.200558241582
622.0043644066465
623.1907230793045
620.2528861810426
627.0842925319316
627.2650780595678
622.1750402327323
633.6503384125967
627.3688897385042
633.2937386401823
636.2255772552675
627.0427801283789
630.0539421323504
621.0651669560132
630.0600551167286
634.3460856052253
629.1253106772253
625.0586025429816
622.6123096039831
628.2362623460219
626.1504591171297
640.03620397027
623.5357382020386
632.2348128677804
620.2811577148364
626.3655184910227
623.2269551217382
629.118290599751
622.4352685705283
629.1398579056222
627.2981395294959
628.5410797584578
626.3480681756118
620.2154712359275
623.5984372998214
619.0497889953027
636.290525412001
620.0620554567745
632.0046870364146
630.0082557864042
630.0511183264373
627.0211335742963
621.1352547307936
625.0077249510404
622.3917024254631
631.0676521193304
629.2023265086164
634.3549001424471
629.0439887715852
627.552711350872
622.3730922755122
625.6394038939387
622.0342832599961
623.4428847108965
629.0430539681589
634.2844733701355
626.4646495014025
621.0956591055851
630.0368275742538
632.015516045364
630.0728922847672
630.3311732045908
620.4420943350042
631.5487027227196
632.5601296007618
622.4456614540491
623.2296077759543
630.1114709561933
629.3469349064479
629.5908012394962
638.3846820702845
626.0137468067148
632.4840379717699
638.27380857318
625.0598449968282
626.0332508444271
623.2562676939723
625.1880875846546
620.2496806336351
622.0828881833222
619.4018374704485
626.8507289835344
627.1331375994458
630.0768888936807
628.020995082044
629.5269320978703
624.2062719026563
628.1850175351263
626.6254962049042
630.0304033576431
630.2462812080265
629.5124507167708
629.4781862880574
628.1565310642529
627.5799109141385
628.0242804835904
627.7412184874267
624.0281716660048
623.0411860658799
622.1041769856761
623.2577914744382
631.3242015633298
628.0617130273482
627.8619230481477
624.2671926152196
627.2865460041767
634.5169356006231
630.0962776316123
630.2518790319909
619.1664473064502
625.1204544485673
633.0557993505784
627.0245239161385
627.0648497225912
626.1046026660771
630.51996364864
632.9167437774414
634.2089384183965
632.3396153179071
626.0233795453901
627.08864283288
629.0064637116764
636.359364354741
626.4918903524018
624.1246765804242
631.344879759802
626.7262771075892
628.0924938911696
623.4963462181935
634.0172527297876
631.7824238681172
630.4210682190823
624.0339932662158
633.0518057443493
621.3533662402406
631.6799547775611
622.6125124959922
630.6088330797214
621.387755501734
624.2813509095306
626.6249983236592
630.0984169879015
622.0294132044457
632.377439698504
631.2474544277468
624.013614388094
641.0763954987194
626.4168611938635
633.112804373172
621.2399266390195
633.0260949192585
628.2337085710249
627.1646337650171
629.2398068126392
634.0951259279454
628.0636228566576
636.2214243276005
628.5235921712484
626.0321183838004
623.5010920574504
623.3789269033924
620.8205734947561
622.8774561855219
629.3328698640603
621.2000327185341
628.7602094239832
620.3224176801077
630.8347498488642
630.2417727344974
631.2705039563415
627.0074455871396
627.290138895166
631.4638628908226
642.1162587349655
629.2884135234974
634.0343131670543
624.0193745989836
624.2439079214943
633.3039503044171
627.093754496897
629.155614341668
630.6124950238769
626.7445774645698
628.2941849488751
630.1046911257604
624.4264424307801
627.5358906787758
630.3622433219299
624.952159778002
630.0105384293205
627.2246971829063
625.812188825833
629.96811043312
625.9794693036223
627.0468102102667
632.1137789109816
625.332192491516
622.4318305988139
629.3122033482861
629.035004682154
621.6576484688496
626.1513734896532
626.4284179842425
631.0037066220304
632.7225054804704
625.0116061077428
624.1936797777266
632.2574930752928
628.2006404168923
624.7855026570377
634.0853844426122
627.0178343111802
633.4870266658432
623.206804215964
623.5702238443741
629.5883402892063
625.4571874042296
624.2191381733452
627.1765746399544
630.3846301487389
629.1919237441401
623.1413716922552
629.4111899738962
635.1017636733817
631.8720983096612
628.1329053054737
630.2000484499143
626.168050650632
621.1672007552879
623.2068277670342
621.2392715563669
628.3905954660737
627.3501414599366
626.2125522738833
631.1069418541834
620.436097360093
629.1227579240978
623.0774057675679
626.0701801921344
623.7823521899447
629.162586279701
622.7559492642971
623.0790725100433
625.3660197557601
629.24675925728
622.5392886628551
630.7240717351145
621.079205144655
622.1561922448127
633.2555674189413
627.5871407232422
622.5492320704536
621.0130853813943
625.0532645264697
630.3288053382108
633.4696761399991
622.2015097187998
630.8762069288523
649.0249208827903
631.5937959954637
625.2772943089277
623.4262314263112
627.0241911406529
623.4125538047615
630.009166571648
643.2540233723014
625.1035547308381
627.2555862221634
625.7156782739463
625.1641055916406
627.0207492358034
633.6431348873098
629.2168098728703
628.9100319125913
623.0843594569585
635.1205047761867
630.1692808230246
626.0185509640959
631.8887202412938
626.0901936220563
626.5978854093826
628.2650644184887
629.2128292540946
623.1005515840319
624.374437118465
624.0418114334569
630.0106605896132
628.352342203813
622.0846907947714
621.1054756486795
630.0906776710572
635.6148545707332
633.1458994438851
623.1416311475589
625.6177551452831
625.3195335260309
628.7614286162122
624.0243369840966
623.0043040337961
633.3664486341057
621.4828573567228
632.0361638006381
622.1444996933104
626.3164602925361
625.1414957585632
631.442210541327
624.061665038498
627.1023870908889
631.2046256046831
620.3035261939402
628.1172878597932
626.061635313283
631.0841793265947
633.3679928646476
630.2978228104928
627.3443936924784
624.2563808320259
624.2625558897004
636.1659607460904
625.2722185690541
629.2511277076336
627.2696487241407
620.3368688953341
633.0438788309585
624.3174232460178
630.0069264617857
626.0366142359778
627.9795535477471
634.284505285945
623.2667505126549
644.0858756659861
633.3861328307079
628.0434320568733
624.5478760266152
629.3620451462606
630.0466967006903
628.0862212784505
634.5943028745221
629.5830867244732
628.318543242196
623.1527935276073
631.0407699480689
634.2051028093574
629.2802541566239
621.0772318743641
620.0189199126891
621.3927510846921
633.5778062329906
625.1652262152346
632.149283628824
623.2942061746777
625.1274476325844
628.2357044174474
622.0077369447546
626.0638100775227
623.5392477440511
624.4164394039148
628.0750579612294
625.141138153063
628.0440830718303
625.2088527380166
626.5508132064263
629.3739471259471
628.4774706205029
631.98110869187
627.19186871124
631.4407629587496
624.8940712456913
629.3696726655775
628.0651884184133
635.5326863971499
634.3356336727513
623.6232382955042
627.0656867674619
634.4996704568044
628.3338081427978
623.078093598281
624.0188343095591
631.8712311374996
630.4367374898885
624.5816379688288
624.1384184559637
630.4799862576348
622.0018162914909
629.0044579074895
629.0634473281876
634.4122815747364
637.1615600707397
632.2538863878093
631.0611467613475
623.2754595063493
624.4892684501602
628.231761528624
629.432086926891
624.0321834181696
624.0250419507271
629.5466229304337
627.6224851660082
634.6132184971732
627.2741897073965
626.728763965577
634.0813487864276
619.1771799033921
629.7215503412386
629.2910860699071
632.1074173029059
624.4996112872243
634.0804705436473
633.7099530535169
627.5769961251444
631.6046383216069
632.1215354634795
633.0784621094025
632.8038387649265
629.1948744859252
621.0338562753689
627.0967629987108
623.210876013099
633.0111407390513
630.1181161518617
636.288450908615
648.0009604012464
623.0526771359729
620.936910614025
638.7860547162898
636.749791265614
624.0585718802871
625.163455564178
630.9941368567125
623.1567081271425
632.3807332983696
627.3176741705432
627.3034972916197
623.4122659487467
625.0119662359422
627.3439312647799
628.4552890808644
620.0614893385532
623.303403664448
626.4638735664194
628.9021287175393
624.3738671815239
633.5131716674762
626.0206097761506
634.5127722583469
637.5131461548475
629.3026848722135
623.8011815242226
625.351168891751
633.1776362160882
622.1324517347427
631.1849678115249
622.1969159888283
626.2456746524117
626.7813906177955
628.3245038690305
632.1046465072999
627.2746618305088
632.1675543781985
622.2477014588166
631.8184049631918
629.2847890412996
626.188960380463
630.2085585043466
629.782778945951
631.0375289447256
626.0731877875485
633.009526302663
628.2557960898141
623.000106600469
632.0916500783617
624.1644735606362
624.0563058310283
620.0272957171497
620.1238544121578
627.1083519956122
621.3257495493315
624.3553457974951
630.2421890683553
625.1694551892267
629.0111365630197
623.3493030004605
627.198713780915
633.263703249655
629.5469668991539
631.1860417656917
628.1184766628659
634.0405685709536
623.231059363677
630.2684493457069
628.0861957245315
625.1988957351889
625.0416538954383
628.7515278619801
635.1946445003152
622.3665155660249
620.1678232430853
620.0383687775809
629.2926923341997
621.3714209182391
635.5142951167139
629.8408273753485
628.0401895569588
633.3065797740146
623.0526390426024
624.3938799549576
632.0287474302576
632.1029040447008
627.094296488023
634.0049199555094
636.0619830647702
620.0683981002603
634.2948326219779
625.0370118073201
631.5296800082261
628.1577169388505
629.0908944315456
624.4392273139773
628.4732112384881
631.495977214595
633.2548799028132
629.1554415285123
622.1299193182657
630.2854169405376
626.5529449299446
627.3409776831361
622.1705648822153
627.2646092727099
626.0760763028387
623.4421518376962
644.0375089826308
621.1972217831933
634.3368908882297
626.2108667915335
620.1886755997009
630.784263614215
631.1247452053335
622.7444404180216
632.113238024961
621.1155322242389
622.4828676300037
627.0192778758397
628.0259915036329
628.6080896150487
625.779954517142
627.099906420591
632.8588389163541
625.4693198187333
626.0598741634401
630.254723935669
634.6445383877567
627.5427482622398
627.7999106400703
626.0252697041891
628.7822313940743
635.3266810047193
641.4811825047377
628.5830513008457
620.1288724482566
627.0287459988967
630.9133182792764
622.1759634459668
626.4088514109793
627.0206730931626
634.4297315461564
623.1115076282905
630.6056375168441
631.899467016773
628.2922053573013
623.0499544578388
629.2158359666064
626.7058782345405
628.9640322861616
629.9198266655764
629.2195389953071
622.1011871551964
629.0592093349903
631.0096828429361
631.1950670933298
633.0519602531828
633.0751977350105
623.3425732490798
627.1491958391118
619.6203283971963
630.560421418065
625.7761143858679
628.0282232975472
630.0423342045043
632.0460555794723
624.2960049135877
622.071493734883
625.1450618806417
628.3385433369026
623.8230527572716
628.006456372069
632.0243656721731
630.125103094444
623.0972850797069
632.7056108803205
626.0902779321043
629.4983992444143
623.4066038311114
627.5307726232344
629.1953546678758
633.3086487629513
627.2577185257678
623.6927979138984
628.1936571617003
621.1168648284613
631.6658246585491
633.0386380653555
630.7322935815241
624.2390917246119
629.4506901774309
623.0108113327072
621.0407096908018
628.5905656883538
632.0851935469832
622.3988271288858
621.1999978121122
629.1012810553227
630.5590720349355
636.374941041304
624.4335778744713
629.2482429361603
630.9551181300735
622.2072924562519
623.7655342417918
633.4436649020255
640.2282272299108
620.4495008111785
637.002131493447
623.2492118992636
630.3057962573896
628.1645204698455
624.1194093580649
626.6767415833843
634.0073431049136
626.0368799437363
628.9005057744756
627.1861016907885
626.2503215129703
633.6795450448521
625.2874747428535
636.1243571758483
630.0110804340787
630.1674600277573
621.311839002512
633.5570468249773
631.0994751648526
632.0919868677489
632.2115572185404
637.495478395136
627.0346684364872
625.0749723300157
624.9482947086877
626.3555841350015
627.0074740998376
623.0258312888027
625.2940053675325
619.2433950920808
627.0323545103339
633.0169264893411
631.2370868869735
627.2640187705352
635.0069620151935
630.500824664401
628.2890796131987
631.2824790405303
626.4378275400477
628.0173703428228
625.2418698389567
623.5351245796464
633.6116595635482
628.0959270032218
629.0728555105717
625.2556387484229
635.5007496450987
624.0178367009552
622.8632605654788
625.6197157126487
626.5355673140143
624.0250479483091
638.0877679438807
628.3453023844039
630.1579821976014
622.1229524116372
624.1622358343271
634.660190687034
624.150035561926
628.445407898325
625.1279862297409
632.6730765286287
627.1067561589368
625.2113706796227
627.2084538404948
627.0291194039443
626.385736103708
623.0272211107316
628.640264101721
632.1716450737086
627.1626245768675
622.557202008767
621.4172211037335
620.5601139203893
627.0950922744805
627.552392399206
622.0917100068041
627.1582544309238
625.0645621519092
623.0343212011614
624.0373854138059
630.5107908124958
629.020296612824
630.0311540477306
619.7389514299027
627.0012567010955
620.1783989963219
625.7265939275995
627.117096395192
626.4766693482186
636.0924334981706
630.0890854009839
634.5514417647773
628.1670076282052
621.2873947761614
626.1158824533435
622.2348024886395
622.1918887548161
632.0125507148912
629.9709381712025
631.8011364170103
630.2751705615856
629.690390542369
626.0805169357798
627.0451611049214
621.160334000153
631.1587791781732
627.4532353268991
631.0286073430393
627.2308228308447
630.3085142385613
627.0330867896992
643.4920535561581
630.7759366030665
627.7162767472716
626.3320271132643
627.0170397239538
626.1128227719315
621.5060046919768
629.263067830786
625.5967261684006
623.3514710501381
630.2968590213025
626.6623223105267
626.2142252255752
624.0992161034536
622.0286396081244
635.5862610540545
627.4246860155761
625.5956549786739
629.076123500555
628.3346719190616
630.0818998317219
622.0993379708852
634.7540473828606
625.871859734582
620.4597147226805
624.9384584126551
629.0635615017343
635.1200253848646
622.3694011991796
623.2966067633672
624.1937329065597
623.0484297725018
626.1388388975854
622.1787527805756
629.2598449028959
634.3174201676442
619.5376120610592
632.0220741368627
622.2422423555985
632.3356507395918
633.345201565359
630.23288304155
628.5922315436234
622.0729313958441
628.1807281694234
623.1729396724141
632.1209550528092
629.6580399432793
637.3176177384443
622.2459698993187
621.1139428073419
625.053282511136
621.2061828072563
628.6221054423196
631.0232129941298
629.0938867198137
621.4217889284441
626.068871443876
626.0630546653155
620.0382272651486
636.2902107498286
630.1189856698506
629.2766780868128
627.1084216788399
625.065622614002
624.3613113495016
628.268211959586
634.6310231641493
630.0051937145965
627.0740570804975
624.3295846474003
638.5299747132827
642.65797494092
626.0529027498842
622.7040532668033
630.2225126456361
626.383519218734
621.7618346357071
622.4326126693358
624.0171373915197
627.4194476105014
624.2556759905011
626.3859793228243
634.8373940079503
632.4157737205143
625.2946127308085
626.6213798434868
631.5517704752161
627.2728647991811
624.33145879265
621.0670135272456
625.3045136690467
620.3118800464907
622.867198721604
621.3479476120185
630.4648067013962
625.216883333025
631.1931451234188
630.2372433569708
623.0237082759695
626.0066882141036
625.0035363907731
625.2878799848176
625.2204473597574
624.287198733267
632.3217532967642
629.2338103001823
625.7830063370361
624.1630551694597
622.5347307900536
622.1883544648578
625.0169464561548
624.2870503913884
634.6722052263538
631.2118771625635
627.5154907477616
632.7859721106527
621.2378355160598
631.1758974471746
621.9360454547877
621.7160009624877
628.0064253620453
625.2518970606293
632.0191001072877
633.7737890133816
624.3675899599643
635.0515225470571
623.2862145371694
623.6329535430172
638.979274917801
624.1643631397787
628.0136813702743
631.1188783770069
631.3216315501954
627.707237098966
628.0214792047642
634.8259263623955
628.1018334106367
629.0150924471181
623.3102810133321
626.9815441865636
627.274343675839
624.1299719799238
623.7786213079248
620.3430682028624
623.5221429056646
630.8386642011108
630.0338193541157
623.3788302983071
619.1833008794363
628.0314889992607
626.0518808986893
634.4799912598736
632.2417575878194
625.7522649783077
629.1238942854483
631.2329583992382
633.231326302858
631.6494602077382
622.2500123241845
632.0967890331668
633.6293136137374
623.3700427399475
625.0576936779173
634.0624034856672
620.0855398903284
620.3798128350531
630.2609127461368
620.5438359630663
624.4471924014748
627.0607583916238
627.3183516131062
633.5286795996514
636.2081044480548
630.5859527177514
626.3311282534631
642.4535561230842
633.3340412470732
625.3464493122123
635.1340321976296
625.3875888899349
633.5312080714782
629.4358521655054
629.040832516903
630.3046911652887
627.2851414687758
621.8602010826997
631.0485163169831
624.3370928110344
624.0018454690927
633.0492761392779
636.0875428086398
621.2433340355736
632.0277134915082
624.1780974314044
629.0859382021421
629.0421987158921
631.164491591922
635.4641191217514
625.0430450149623
627.223673406547
624.2923200372454
635.432831124682
643.1316158150835
628.2087091202814
627.188652538572
626.1026837753221
628.1171917251731
626.0136671282975
625.1771188843654
622.1009079008688
636.2111727911077
631.2047472989834
629.1096926549304
629.0916413831227
628.213583891219
627.831423147858
627.1809920037144
632.7301656668302
621.466494146528
633.3004401056432
633.0473993161066
636.6738313183108
619.4709377139205
628.2568004181509
634.7441051113796
629.4367674465987
634.0839010247595
620.5689599071945
626.2191750451344
625.6983764163431
623.1449996752049
623.1449652845499
623.6570953438227
622.9116142633683
621.3614157188632
634.2913246472784
632.2647516340292
622.0287764535825
626.0569855610335
622.6104886078527
635.2190510598723
628.1895151402288
621.3944331337058
629.4009927177323
628.1013700026382
630.5737008525495
622.0581949137014
625.3726273257404
624.1393393758835
630.0167511219531
629.2262935629236
630.1536681271656
635.102502525796
631.0253833913488
625.0119451715707
627.0107846750125
631.105766310003
629.1915898232944
622.2376930567349
635.162275081308
631.1139046676357
630.0232594314105
635.5429910607446
628.0521786597767
627.0348474866022
624.1954779349129
632.1541029573682
623.3448113398177
625.0636412313218
628.8990014675485
628.7583144846744
623.7329372005796
622.0305826806333
625.0425263928536
623.7384563205607
621.1684141689437
620.0711633065612
631.3806275052132
632.5839253898063
630.0483223663965
627.2552262573978
630.0383489910693
628.0990715734281
629.0041656777515
622.1013607412725
625.1252420664622
631.3504468227467
632.0788463392932
631.1206197009676
624.1413295366984
621.4447548940253
627.1442870249402
627.5324908209653
637.3295748731427
623.2204811017062
626.0255852742313
634.1888970463076
632.2212613820592
623.2752628155213
636.2799450433225
635.0271533996905
622.4249822818695
631.0886488610465
625.4562967981392
635.2129168240228
630.2195926067225
622.4876103962121
621.1280996360954
621.9182705398356
633.0079578302593
630.8872625319159
633.5495900709759
631.0473254790311
630.0181285077242
626.1455305449963
638.1549318956305
622.4512009208574
627.0005042906245
629.0282907979534
629.3564391297
625.1698396431923
627.0441253558503
631.1167684331131
625.2351281738304
632.3347502692069
641.1390430028915
629.3400176477616
626.1849382804281
632.6769792523299
626.1717883330093
623.0282943468794
633.162036628517
621.1905279153204
623.286766480492
630.0139037442431
633.1734802375145
628.3264188089063
634.0689288008824
631.5307119360064
622.9322476185811
630.0993553171904
631.7355061874026
625.082414049652
626.0591676139406
633.1599300028612
635.3189863673609
625.1202001861079
628.0774871484958
630.2761211901785
629.3744257358096
622.1033302871318
621.0073722627735
624.7185424174716
628.120918809116
622.2435918965485
639.1630211611965
621.1117360607262
629.7026928074378
626.0840309932249
628.4878750346332
627.0139317859387
624.5120428549625
620.6071230525988
624.7506203590543
631.5702715272078
621.8229199605563
627.1124431228798
627.0407049934198
622.164910851914
631.1555980744336
621.3228474668845
622.1566028739786
622.5000072496816
625.1304582150908
626.63526145539
635.031473766918
627.0122089419367
636.0300221057726
631.0417597612542
628.1534508070923
634.7712982995457
629.6245465534039
623.012647757065
630.2587738298051
624.4122295583157
629.1271449143779
623.3885895480117
631.0143818166807
622.0945642975074
623.9229292205862
635.9435854109167
625.3503969292577
627.854720678331
634.9127168132578
630.3107816708766
632.1895306508401
627.1621043311876
634.0616172676864
626.1627058308454
632.266946486741
630.1679287148794
627.2286006137329
637.6076444907952
631.2025830012719
623.3244775715924
625.3391376974068
630.7143655286447
624.3738381522793
624.2115831915274
629.1448215984827
637.0694471935678
624.3286961167263
624.0920191480462
619.7549366346732
632.0203190163038
631.1690003635011
627.2891302469575
622.2354637663923
629.1624609509134
623.4583026253657
623.452989618315
631.1940977104548
630.1096041910048
622.2693163841794
632.3631373443549
625.4918210039771
627.0006014120819
634.1954151399651
632.4941919960572
629.5359284300458
634.2007752781983
629.0861756025292
640.0221928024016
627.0934167551732
628.1047529516075
630.948750776236
627.4199800684196
629.3698275537839
628.1475590079175
627.4143986709759
623.065947683859
628.3948095615696
634.1473269772017
626.1397993859081
626.0747561205324
634.0666189913035
632.5719255859773
625.3240501740762
629.0268811133034
622.3785955295637
631.814498824617
624.0161374220451
622.0659761785545
632.2032746479989
619.5070966977618
621.0578773029795
624.2614709940104
631.2450629707357
626.6802412908744
624.0680558357386
626.0260891250117
623.6135023898215
629.3934491081411
623.40515476228
631.4776645952334
633.0369550665126
627.4543921083344
627.7509809457168
623.0806887327269
629.7619989607476
629.0816359275506
629.0580555902044
623.4209481484104
629.0818952113652
621.4076113866137
628.3370317289007
624.3454301080111
635.9270309946845
624.0490107193658
624.5845684397084
632.4233366626158
632.0750205881417
628.064724055101
633.1399541790959
625.3082754973344
629.6448124989809
630.2431217278968
624.1397301973233
630.1765644028417
636.2373639157148
625.0982347622864
638.4295590913254
628.0127420327602
630.4471355542867
638.1099106969117
622.1400902881048
632.1038993669173
628.1544511669475
630.1486882598437
626.1089907653143
640.0909384466257
631.0586799678558
630.4359823674868
634.3436321341787
624.028008398965
620.396889683984
625.5870004131692
631.0959673166099
628.0514732815649
623.1272071161894
623.2106040432328
624.1130925521769
628.0689664959806
633.4084785372205
621.8279557407091
625.0307053558653
637.7571542555821
628.7518127137133
624.3552322536888
630.2681785411711
621.3176007662726
629.1470588767522
634.2785490798041
632.0319302046416
621.2707984766561
628.0658421409582
636.5962877900239
624.0483218741732
621.1893293361148
633.0588396943268
624.3004612015117
621.3372366720332
624.1061772638201
623.0190462860816
