439.0981967569714
439.3658529249823
439.2834816394671
439.0056546040499
439.1238078637849
439.4167941480414
439.5093419145691
439.3139263744384
439.4024722670404
439.5082251849654
439.1445199776999
439.6684597893862
439.0449173951802
439.8331781434672
440.2644801779958
440.5007363408484
439.0933126860675
439.1185963630433
439.0121491750519
439.7773422855441
439.4317911157624
439.0940854174856
439.6108860543777
439.6789066949148
439.3216574714738
439.2975513942521
439.2524292310209
439.2361744191432
439.3875762221644
439.5987500461265
439.7575289586675
439.2355398928117
439.1717264586958
439.1348141103181
439.0831137694905
439.2105934547997
439.1362293018545
439.1018341648406
439.3664459937305
439.7612856125548
439.576614531015
439.8315295361219
439.0279215040502
439.3611908194253
439.040467457093
439.5990260079262
439.0204353441608
439.2072341723443
439.1478731555293
439.3514738353228
439.4577132338918
439.162861210988
439.2515412772569
439.6320377987233
440.0806324288295
439.1594122872658
439.0691104322567
439.0200695073556
439.0672515259275
439.0874403201375
439.8420911971211
439.651804422359
439.243156936445
439.1805707428675
439.1831018946763
439.0675184304541
439.2691780524248
439.0309761364051
440.04486206461
439.1285757596761
439.1783826278207
439.213305127851
439.1805013252381
439.1762870199545
439.0467995644941
439.0889105065575
439.3881645622612
439.1126535056655
439.1825797857882
439.6708606560902
439.868585602867
439.2459896713621
439.0032918285283
439.1597060009753
439.4024980896652
439.0357866913895
439.1671949786752
439.3455857376154
439.3850807289007
439.0529279163898
439.5160412000178
439.0198805232453
439.0380617628231
439.2957737576145
439.1372319395182
439.5200198842155
439.1344249301313
439.2030550053867
439.1291051250889
439.4339882143168
439.2499394634135
439.0076191100098
439.0383767008532
439.2236921498771
439.4431513910561
439.0982240255977
439.2548004445852
439.7579431329829
439.1295583945583
439.2426883645757
439.0624673926495
439.4597577898056
439.4068510924193
439.331497837256
439.4934669529862
439.2067573652812
439.4591827413083
439.197776753629
439.1049153195552
439.7902559882727
439.1626388679824
439.460175517976
439.372861800427
440.3926085614974
440.2204428186097
439.2205590453938
439.6652741950469
439.7733992983495
439.0255102746138
440.1136819857234
439.4530180054472
439.0469134871905
440.0978939873594
439.5450027767965
439.6113575644555
439.3854258577475
439.3522482106695
439.0352729908564
439.1844202882513
439.5009975387665
439.6632343038094
439.7764864538215
439.1413411205366
439.4343427835097
439.5920042353928
439.0770953882183
439.2822890830624
439.7839925177611
439.8218399795107
439.2063012846381
439.0211610438973
439.0030447763855
439.328780380015
439.2427622635927
439.0855027852398
439.2692233652995
439.1805872424898
439.6763222867509
439.0249337981743
439.5262654973867
439.4449058594935
439.0580165371241
439.6543051243568
439.4680177032002
439.156171489895
439.2402504264356
440.1506551569042
439.1223312797229
439.131687370788
439.6844045006944
439.1499404023554
439.4305464997747
439.0914443543059
439.4278838007075
439.2411994326141
439.1970076212424
440.8345142137146
439.1446137404051
439.1786314343363
439.1335581488376
439.2379656085361
439.4533444212407
439.2646153651324
439.4665137942549
439.3928437485648
440.076568603856
439.6414957590479
439.5355256001755
439.2483053780994
439.0299660904927
439.7057376632244
439.040762682524
439.2971187170208
439.0660132727441
439.1406880376273
439.1671552951854
439.0785802258866
440.2124713588838
439.436151895689
439.0357357854151
439.2120768641614
439.1746119406033
439.3598997100755
439.0308993397224
439.44789082374
439.1950278774297
439.4640746516822
439.2023965589482
439.3375591618585
439.1976234803885
439.3855244522452
439.5441740320124
439.045024827825
439.0056972080526
439.3015835926199
439.1520067701975
439.1404837439348
439.1240284556891
439.3122329144606
439.0503804010766
439.1009933138898
439.394456566562
439.1270810210274
439.3876551769059
439.1583140733368
439.1970007347371
439.5120414597712
439.1949446654657
439.197861605616
440.2745873476949
439.4085794563046
439.0112963880035
439.1462551907405
439.4618670499785
439.1166132692501
439.1641882239112
439.0566678346663
439.7181505365762
439.0185977831113
439.0971559740699
439.4366240100925
439.0572999760778
439.3262870908492
439.175860274154
439.0931915199196
439.5763649252569
439.3589923747166
439.4632482284895
439.2180139317924
439.7774436746559
439.2800219163183
439.2666841387199
439.0915317812068
439.8036073467646
439.0728237900267
439.2162269938755
439.5319971606732
439.3091742913193
439.5212739241114
439.0476568326628
439.1998928721657
439.0724424191218
439.0218987990074
439.0129884876449
439.8967813541605
439.2810053286657
439.0567092520217
439.0304289156082
439.0385648754176
439.3351463948429
439.0836324907745
439.094430151098
439.2529865019773
439.5924989895711
439.3781813454559
439.1179062410569
439.0295497877385
439.1834961546452
439.1033645281767
439.0945583252343
439.1449231594663
439.0373858090657
439.4660366612248
439.1530688119456
439.2416530432332
439.9238234049464
439.4344665762792
439.828244079526
439.0060678262699
439.0218853799466
439.1691320295494
439.1390785880008
439.0212774600496
439.4225496605757
439.121552682491
439.8002595759323
439.1131837634024
439.0316753051599
439.1152832697874
440.4480490109065
440.0420420929389
439.5659634143884
440.8198392724368
439.1162212732722
440.4673250650263
439.1061612089685
439.224101882174
439.8824922146342
439.2217635859877
440.1065080130863
439.0797629893707
439.2393070983479
439.4356034728843
439.1126503732143
439.8026515611701
439.0033030234125
439.0063402513808
439.2101555031807
439.0396651235199
439.1842141138096
439.4581510505694
439.286832168863
439.088365627673
439.4898113895024
439.1329952005329
439.045898080295
439.0803518446089
439.2820067182475
439.5485589379834
439.2768105527208
439.6378676144892
440.0909377747157
439.4613719413534
439.3639220868371
439.1876869599789
439.1318602797818
439.833361900561
439.0549895831481
439.8321194783338
439.6478542194644
439.5280572399166
439.409514974604
439.5750486729721
439.0385566051271
439.9573468559557
439.0352137916195
439.6307673132113
439.4134004223161
439.1605484106997
439.7405318096529
439.2851315332067
439.0582373506682
439.3838204766752
439.0965131013186
439.8188656611065
439.0042495574497
439.4154170555198
439.0464482227273
439.0308962163245
439.2107380639289
439.2590624803292
439.434440675472
439.0921577859796
439.4134850369358
439.0756212346155
439.4414994768141
439.0155411316995
439.3722952367792
440.0350617919649
439.406760782822
439.2365852658389
439.4977082277501
439.5902524017607
439.0420234661472
439.4077032950985
439.6098242662684
439.0372114172037
439.3445900172265
439.3784136955642
439.1333007467402
439.4647155635545
439.0068944351553
439.0239299775353
439.2304894244346
439.628596250523
439.208004737362
439.2099485390897
439.0128750318249
439.672809295287
439.1768042140535
439.4929278960022
439.0913175409626
439.2204963101248
439.5437742061048
439.4276597550322
439.1316695329055
439.03635851607
439.3436266142068
439.0115497602451
439.4749652917777
439.4707380477298
439.2990850714198
439.0691318452111
439.8438441378087
439.4768326631022
439.9544378301754
439.367283118206
439.2612971569485
439.0322221547033
439.1278763432093
439.0838993900131
439.4350655546241
439.2801858888733
439.0776522402148
439.2750518667004
439.2442909895487
439.1098898345599
439.1783980998904
439.0650658267417
439.1270855234196
439.0719964203597
439.2469073576095
439.1848757816252
439.4574037358801
439.1195505016032
439.2794299653235
439.143046582705
439.5229266816849
439.5203266333484
439.3255966715189
439.5436543482738
439.6058528391037
439.1823527769639
439.2601525178486
439.1006544082589
439.0802037281331
439.5573278162543
439.2297203333603
440.877144189164
439.5767610975919
439.2688557055131
439.5881203892459
439.7541594798892
440.0001835388961
439.3521564792794
439.1213967037537
439.1278801986344
440.6035567045394
439.1894008332555
439.0959813760572
439.1113754357467
439.3319696261789
439.9528630573492
439.1026285552429
439.4442010978451
439.1774703263677
439.3813005629782
439.0477635198996
439.0768752658926
439.4453731716508
439.1298841981614
439.1052086548967
439.2225061244026
439.5611196954172
439.0238091841509
439.5880648147611
439.0915107326851
439.3315556258385
439.2650688740284
439.1045253341649
439.203344065579
439.0263369964833
439.7065010664988
439.0321648775633
439.3688433379652
439.0125445466959
439.5486387310106
439.0278032093751
439.6510423440363
439.0332502251688
439.1547370703165
439.1981335765738
439.3291283404882
439.5520583321401
439.2542661851707
439.3787000173016
439.0209997584336
439.1894440567491
439.079099764993
439.1186625078468
439.3257727614437
439.2590010044713
439.8761522049963
439.5016414016251
439.3068618567115
439.4347606920818
439.0991015901286
439.0578546209706
439.1735317584802
439.6001800135613
440.028937893768
439.0120222196301
439.5234637441999
439.5815979267875
439.0862485705536
439.4640847333195
439.2776598769136
439.2869176988323
439.143509363156
439.258443890964
439.6658173508847
439.8969561857796
439.444325527266
439.5300132561862
439.0093182241915
439.2493336038372
439.1053197463746
439.0969995478658
439.1611456213969
439.4223733465917
439.252849889922
439.385893712343
439.4162433028624
439.0365087038027
439.0141469066753
439.8583655758988
439.3636101268283
439.22231373562
439.1408242131122
439.0460607404096
439.4856013036355
439.0397204353262
439.1750051748654
439.1722892886312
439.0054177310693
439.7586061073135
439.3123947753674
439.5757265726536
439.0154294415522
439.3354513416366
439.8070865473084
439.0691418273844
439.2399391145634
439.0468259425568
439.619497275711
439.1463412228718
439.3971988772836
439.3146754317318
439.2910569165265
439.8732677999228
439.0752265716848
439.7551051867462
439.0825591232409
439.2311192630539
439.4456275881579
440.5702771538172
439.0827987481214
439.0473065593467
439.0908384879132
439.4211158455959
439.0942276486121
439.5571241410963
439.1075707493267
439.2121250842134
439.4883915087516
440.4552587816859
439.0458333068773
439.050421101308
439.2071960454184
439.2593127797891
439.806943514531
440.3258006766397
439.7757696066156
442.9120442975579
439.2276034346571
439.0571747831847
439.6346740279427
439.636492558858
439.0603862447467
439.3498018198909
439.1242303547053
439.5740647056119
439.0467024115312
439.0845443876108
440.6847662224791
439.0577735391239
439.1908586930985
439.0493843376884
439.0669286092885
439.1925478585358
439.1605904742243
439.3804156788346
439.4342043857454
439.3835891550512
439.8853265557416
439.2625156665141
439.1926334741224
439.1719950552618
439.000803455812
439.285017755559
439.2183084518579
439.227666838194
439.2423991335395
439.5322853662183
439.44565182424
439.3204466429846
439.1807908172179
439.0746743943934
440.1079438610785
439.0683496431649
439.2310154022584
439.4344466172745
439.0970808185253
439.1963896056607
439.3577253119008
439.1464462339016
439.5309935582884
439.0489478962368
439.0445095800632
439.1341249860174
439.1480048973977
439.1112548438707
439.308855483849
439.0564877484102
439.138686670383
439.4094605882246
439.1386838355512
439.0986765480536
439.030103719673
439.2520306589588
439.3906156104588
439.0283579629039
439.8440299115757
439.0745758524319
439.4451716536709
439.2148707847665
439.0955220917303
439.3608007192555
439.0725460427039
439.2535184275598
439.3977467828331
439.4712927528317
439.2716070021817
439.0610960903937
439.2457376504075
439.3415668583981
439.3122291376357
439.1249862596854
439.066282691642
439.6284638066086
439.4209163942461
439.1923569334874
439.5764465340316
439.1709417852116
439.3963359349241
439.2267273386693
439.5148268073439
439.4445301229371
439.0265804655243
439.1507108450741
439.6418598717175
439.695107141884
439.3264773718885
439.268854412901
440.1499055355117
439.2624874844009
439.2456107756032
440.1790692289498
439.3456697851143
439.0619605006578
439.4243355598628
439.500128621022
439.2956655584412
439.1227819641746
439.0284670681377
439.1231589284417
439.252229218473
439.1982250213463
439.4876284201416
439.19110086783
440.0272888668533
439.056758559513
439.3528494566899
439.4305395407641
439.3305089586634
439.0916858193992
439.5581398647539
439.2057877850562
439.1170280160745
439.0701817665332
439.3405385424747
439.0891291487962
439.4892917887303
439.3658727100424
439.0843500458133
439.2078319004297
439.1306910465407
439.0064908602367
439.5433539980557
439.1310983773356
439.0286880500232
439.0447116281439
440.0406401788067
439.1308246368909
439.1527121936812
439.2819281318924
439.0632769177604
439.0841340724514
439.353731394431
439.5974581177773
439.0744750185576
439.12072427057
439.2624219587751
439.0323946151771
439.5899031099011
439.4681288934482
439.3095975441113
439.1823650627952
439.1961028559815
439.0672795688183
439.3602368773393
439.3721089797145
439.1674083132354
439.8514137439309
439.1425778033669
439.2860432749795
439.9536558424644
439.4130701106565
439.3686657380798
439.3183091361842
439.2416015633196
439.4164182189948
439.2577934627677
439.0752892894987
439.0180858164496
439.3863756216559
439.1624259305323
439.0649445082219
439.4002517542362
439.154998974645
439.0299246093889
439.8108465929319
439.4477671437804
439.2315781601393
439.3976130968085
439.3350203670339
439.0725505914754
439.4873623364984
439.1686391654773
439.21933499436
439.3918807934654
439.0426762667103
439.0421179267138
439.2109977362557
439.1042020918005
439.2158049308755
439.5541943461376
439.3123927771363
439.1456599240271
439.1455544319039
439.2274179370339
439.1145000613227
439.0979605207215
439.1094612430754
439.0844095339498
439.1898648485956
439.3646697527184
439.2120911293286
439.2104340848431
440.6408934350726
439.0507957534958
439.2680248472553
439.3996422830847
439.1196773353942
439.1553049080314
439.5150904114431
439.8083816994456
439.0890398937554
439.5972260065197
439.5894328799561
439.2769661615749
439.0178027449972
439.2455887587457
439.6242097973851
439.2306116198663
439.0383829943586
439.2427473045612
439.5376195964022
439.316049695138
439.3378330163926
439.0653886086936
439.4843997618088
439.2442139508756
439.038463874207
439.2355185072497
439.4653604644414
439.0249265538133
439.4415526812848
439.3894201730313
439.3135258254262
439.0549692866841
439.1084849158545
440.038558848505
439.0196622656868
439.0429198600518
439.0185388458406
439.067776223515
439.2282760021008
439.8724206989684
439.6358729276778
439.150876155988
439.0186655638282
439.4830249859452
440.3229125440227
439.1669115853922
439.3229410404382
439.4687529921455
439.1500608615852
439.4071873526427
440.064037141868
439.1953179393656
439.264551277253
439.2810032415087
439.0070063569759
439.403747408826
439.2306290484051
439.7285840108233
439.1058566430063
439.3110294101533
439.3678661655907
439.2974395174816
439.1011127940448
439.0575257028769
439.330117343889
439.6542602880295
439.1028786188662
439.1748420652477
439.0023264300262
439.9010388546901
439.6115969606798
439.0405788181379
439.6665540467335
439.1245476666603
439.3612789741217
439.1441557267299
439.3249182768385
439.0105190191421
439.0859600828234
439.0694185419638
439.0487870728109
439.114193843895
439.0948037031749
439.6784568685357
439.0597611870596
439.0396210440882
439.4141374999147
440.1029170807956
439.4133450370895
439.3042384700356
439.2476514556684
439.020079805351
439.2813683011468
439.1557661989758
439.7176723109271
439.0134432274839
439.169651514367
439.6754403506453
439.6554113845955
439.2807040997266
439.0908652039531
439.1960015439888
439.0250659662297
440.6099613385708
439.1293744177225
439.1373735061199
439.9167935069933
439.0978305827742
439.0285903136633
439.0701541084932
439.889370725407
439.0815923541413
439.002961464868
440.4815739988099
439.9494452909491
439.4331862434895
439.0091494380777
439.6315838076616
439.0609721665878
439.0306171798615
439.0332486095813
439.1266253254785
439.1904654801846
440.1851590570487
439.8548124871985
439.5199382040869
439.2481954200487
439.1924284610856
439.3442675982159
439.1559915462184
439.3226493930132
439.6406879272318
439.012377775465
439.1897340207025
439.459128947075
439.1867369237864
439.1185422147785
439.1773739828785
439.0218096996036
439.0227407643393
439.111066037324
439.0511065839673
439.2200682110408
439.1384735121123
439.4709170831334
439.1012130103381
439.1655823738038
439.4827797714371
439.3671475891746
439.0000855813969
439.2970418201681
439.722831665692
439.389909518348
439.1586943752237
439.6889481281765
439.0540995945095
439.1509464063911
439.2669658352197
439.0083539375131
439.8046770512381
439.4624656778946
439.0226182758077
439.005366473639
439.0340950540149
439.5571727054381
439.6367186596323
439.0872446482039
439.0212519756846
439.3518117586103
439.2076971286193
439.1652313207401
439.3673328048922
439.0531200870482
439.2253065900733
440.3375424062888
439.2332066785719
439.2705083806268
439.3630229049828
439.0734303770977
439.1030461329277
439.2228990628923
439.0306683020718
439.091121618269
439.7919788005868
439.4098554192938
439.0635852717749
439.1154449937221
439.0420732880915
439.2026131864133
439.0615675402861
439.3984884396187
439.220485496855
439.7264261357911
439.8725143007637
439.829941063274
439.0088796951968
439.1053495945171
439.2589439804688
439.7553451063199
439.2767753712951
439.1958753266007
439.0799544035376
439.4505120340373
439.0103008604922
439.1048348503159
439.5488858839328
439.2236920482836
439.3973826593988
439.2555857042997
439.0238742253406
439.1946390100584
439.1416363548514
439.2330002926569
439.0598613184782
439.8903463770499
439.2096874741729
439.7326772528187
439.0197919779327
439.4935399280525
439.0054667075192
439.3402659230489
439.1898381249991
439.3914430733449
439.1203853705735
439.0643600176376
439.5836370926173
439.3240287263039
440.3891384122948
439.0251780219998
439.1642466977898
439.1457358836111
440.5201517842204
439.1031892255064
439.4641957310415
439.3770453567569
439.1037988785328
439.4529369885185
439.16754164336
439.9477405779397
439.2269504068018
439.4193241563103
439.0509531610523
439.0441766379798
439.3794142719337
439.1221593371541
440.2259753637886
439.1946083397603
439.0584445980498
439.3405765458688
439.001754702898
439.0537551815959
439.0152280434308
439.4493479408596
439.2796789942337
439.7859252617425
439.1129813491249
440.0708246997768
439.5570185544148
439.0361670436363
439.3361717013656
439.0629218101315
439.687181194572
439.4016335225604
439.1717970216653
439.2450460442106
439.2149170058965
439.2271132019419
439.7201399904004
439.0765564634139
439.3748478331948
439.1969843468752
439.486723758282
439.1818917933865
439.1644448744436
439.3538001761922
439.7317816315185
439.1312121157127
439.5823738469408
439.4550019302085
439.1424830655448
439.1060702420135
439.1820971710872
439.6952082272786
439.2296122958153
439.159135502393
439.1842089965361
440.060970958134
439.2731973847261
439.239642409639
439.0286958237584
439.3181934169303
439.1839774840603
439.0441403723107
439.2036843017913
440.5637374915742
439.3443715891077
439.3754804354397
439.1221492339783
439.1240541961275
441.0560325896436
439.3718673877757
440.4663745762475
439.6593690817177
439.3076310063818
439.4908404562433
440.8417306882113
439.4706719773157
439.0595705155906
439.198983872104
439.3520060978857
439.0488531776788
439.0270467428863
439.1927594448769
439.8230098129146
439.2730138575626
439.0141640073647
439.256835304582
439.4176029956157
439.1042983479023
439.4860783102719
439.7039169715783
439.1453012403329
439.5987267961573
440.4347883228429
439.362430545667
439.1163393187716
439.1347791590033
439.1043253839699
439.515101099705
439.074372015398
439.4505815512306
439.3636682543761
439.0947459927723
439.6429087317982
439.0519774986494
439.3209457027685
439.4156966503151
439.0076859563696
439.2565945533369
439.2658153837809
439.0495731983426
439.4917061679884
439.8133012045795
439.3432257242512
440.2497747664095
439.2273678450887
439.1021139692303
439.1640296203078
439.2126017913031
439.0217165640885
439.2265619071784
440.3846804729081
439.0085809938143
439.5010092138862
439.2790908571047
439.0842192156712
439.2077892722992
439.2910460966388
439.6074465549112
439.3343157374536
439.1569417809797
439.1867425301289
439.1192480767756
440.7985680541702
439.0976371277048
439.3683579580551
439.0932327000517
439.2002978505732
439.1354992192519
439.2218599954013
439.4865326025325
439.0576947691977
439.0396725968645
439.0644825423019
439.1319084305433
439.7141739400884
439.0828652142581
439.0690186660539
439.5855856489435
439.4759643325065
439.5386574922536
439.0362977967108
439.3519444014913
439.0866746455517
439.1328390491863
439.059317667824
439.2980393505002
439.4640827366264
439.1934467992656
439.0087747166795
439.4800100707013
439.1811392505011
439.4212396934889
439.925065669363
439.1227216002695
439.2147297117348
439.5526693223452
440.5460198666977
439.8688038492968
439.0143998628935
439.2660246185069
439.8386324180042
439.3729605678911
439.1697594256729
439.0647805763108
439.458125135349
439.1179302180907
439.0780461125946
440.7722704573128
439.9095659528919
439.2423206782253
439.7924424252982
439.0315781442381
439.1095950234935
439.0716872841975
439.1903857563577
439.3698715696892
439.0571977812843
439.1599085533455
439.3801264561895
439.1023707742651
439.1352927168502
439.1859177583265
439.9671727905236
439.0379880801152
439.346043351997
440.0509200509122
439.2169812652647
439.0320281836113
439.6302182698748
439.2764603586182
439.2703832991978
439.7125800624554
439.4724216487664
439.1411618375686
439.2242152697612
439.0218461322975
439.1266045244658
439.7011791115976
439.6338617623133
439.2611567236623
439.1283630937659
439.245489032273
439.1745129851683
439.3982486702138
439.0762782084302
439.2534257186446
439.556733335139
439.2330445300423
439.4022738660361
439.132968955556
439.0757719454701
439.2478869815227
439.3823462873447
439.1970423535736
439.4482255836513
440.336675414079
439.0295857883313
439.0164298317829
439.7645428477668
439.3895836576129
439.0175781124049
439.5155619469699
439.0988383543389
439.0700131141499
439.1389134739651
439.2133796488479
439.109601777042
439.2173927525296
439.3711347252651
439.0431504709553
439.1366913118337
439.6150830173275
439.2432093196168
439.409849277307
439.724648127253
439.0535658151246
439.6350393712244
439.0520613979486
439.2079340770346
439.2584515977192
439.083671853347
439.6006945010336
439.4670329648267
439.5002272615445
439.6619451344013
439.4246882589705
439.4499871150582
439.3467308407229
439.5103582803198
439.8177730522436
439.6077352857023
439.0420065616135
439.2131938462717
439.8190943071048
439.3583072709817
439.09738874013
439.0533779368061
439.3476663633416
439.6974176332823
439.0322734996325
439.4214023871364
439.0574460053038
439.0634241725481
439.0343608251981
439.3871492097681
439.2237369305631
439.9201170693365
439.0301894518544
439.0560007978652
439.4321047897113
439.2353690703926
439.3368510849398
439.3845325932603
439.6068658233573
439.0373049110542
439.3205702042482
439.1596367430112
439.0230535104018
439.1574221097783
439.9337396674547
439.584793801234
439.2127953833621
439.0403358618239
439.0066574726827
439.0620167727872
439.172544377853
439.3945668423411
439.2103197854813
439.5815027835798
439.2248418128272
439.042459366977
439.8800943712813
439.3083601517473
439.5534662464473
439.091607405797
439.0090553644816
439.1318546893251
439.301959317023
439.2947478071054
439.1636507078163
439.057321644923
439.6698238589849
439.2208918102596
439.0272435697968
439.4294794042605
439.280982661943
439.7675524555751
439.3399511219845
439.1338984609951
439.416965331545
439.6167223677793
439.0058208052724
439.7251273410956
439.2990856869879
439.9974931428766
439.064741901549
439.05230999594
439.6943116579556
439.1875544000616
439.0230419947195
439.1493623063156
439.0476271386718
439.1817526927932
439.1756508464342
439.4955797340788
439.4545023875183
439.1379395741525
439.1850042876598
439.05448002716
439.0011128414793
439.1453739418167
439.7913185460623
439.0415955926731
439.029057943207
439.2199570649173
439.0514017542347
440.0134513213875
439.3476114505433
439.1115670168876
439.0487341181698
439.2991788481102
439.2032291002959
439.1175725198151
439.1902078084302
439.1141804982502
439.3122689528653
439.0811232356003
439.443404497228
439.0992800254559
439.1190090358759
439.2019435883643
439.007672353469
439.4858459279906
439.1016409124064
439.2002508768102
440.4009243366267
439.3412533931331
439.0635440391432
439.326783972502
439.1667201776302
439.1375963770316
439.2924639919792
439.0351423129273
439.2790097957744
439.1748343860253
439.0028839415119
439.1119697726677
439.1960840250765
439.2289902939268
439.0331813490203
439.5351869292866
439.026419635705
439.0341119021356
439.6146908825259
439.4483923062774
439.0552216876147
439.3845714922244
439.0588976918287
439.1913794467
439.261279638807
439.1887686130734
439.5160635772435
439.032658778022
439.2413651274706
439.2040448779206
439.3102272985574
440.2067847220449
439.5179416874066
439.3009524357305
439.0980604893773
439.1448149451722
439.2675806324596
439.0795052644764
439.1923149231372
439.5482857761244
439.7018323229652
439.1649449589679
439.2438635206294
439.0200535805
439.0392732307808
439.129212161421
439.0172006878591
439.2233357410776
439.1640675460183
439.0195437060522
439.0409220157649
439.6598030720195
440.9435353111724
439.0171970731561
439.259083137789
439.0311724252884
439.4021224486067
439.1728604710525
439.1963995972559
439.191756119455
439.0208119928516
439.3691984359201
439.2907394281216
439.1068692969472
439.083297208357
439.4809000940178
439.0602563077901
439.0722680480717
439.1719830810118
439.2253246132178
439.0337676589814
439.2902361929749
439.6671360183576
439.083534410223
439.0373966291475
439.5579370119946
440.227876561676
439.7343166519192
439.0033387596339
439.337979289601
439.1366554572499
439.4063441246723
439.1001153787392
439.0560105496456
439.0053161758296
439.0963241280023
439.0088113667762
439.0859237036086
440.2393746821134
439.7755997376665
439.1372962888261
439.213294963365
439.1542349268801
439.9598016877875
439.1177004777358
439.2835127309559
439.0690805620466
439.0766945322143
439.0728141023049
439.3339224732592
439.1970345381166
439.3447629708856
439.0073341586711
439.0546625142911
439.7788136577773
439.1968468506957
439.6412885714732
439.8846857157239
440.1798899864734
439.0383418289759
439.278966531284
439.2829537127568
439.0110039326814
439.5845605159324
439.3872975240617
439.3019823931319
439.0900911229435
440.1723358330185
439.3749412714548
439.0025553989297
439.1989866837073
439.1585099842289
439.2001995361911
439.1752139454048
439.0079753291403
439.0564536268917
439.1524101406027
439.4473460270362
439.3844995881692
439.2834819896723
439.0384011381958
439.0289348066668
439.0478092081139
439.0083098779855
439.0420515691008
439.6151754434265
439.3635577344276
439.0219709990365
439.361346062746
439.6898902408001
439.2340295307858
439.053420271943
439.0417113070401
439.1454227719929
439.4744552848381
439.2909635300903
439.409916005045
439.4212415568508
439.1285891698008
439.3225914491887
439.2836882959481
439.6052844467179
439.1375010524997
439.813953249148
439.2903297823516
439.1066982755484
439.0928722069208
439.2855421568902
439.294173602605
439.0580085416151
439.5880361127944
439.5287741405082
439.2238277367175
439.2953519484249
439.1915355541883
439.5560414832885
439.0370904233408
439.5453923565549
439.2045728838257
439.0705008105037
439.1681232630801
439.1314058335049
439.3131568052252
439.1161707351633
439.1027416273184
439.3717406314284
439.0030136843113
439.0306877859273
439.6081403144432
439.0926936195929
439.070544464403
439.1376766036216
439.1209349493873
439.3999820604209
439.0166652298132
439.3393770282696
439.0609340657222
439.0053794471256
439.1439169713285
439.1961182300917
439.1171494049851
439.5550511178599
439.0994078488019
439.791076129357
439.3607807430403
439.3873327508263
439.3255055115007
439.1225354379939
439.3766775827626
439.0212457558984
439.0296573619993
439.3120303489725
439.1668211571198
439.4546172198919
439.7778704806659
439.2251778421133
439.1521214462393
439.3075712991846
439.270604511879
439.5242778028326
439.4593760771558
439.1627066797938
439.8835547067187
439.1485256754314
439.3639078854097
439.3096262931087
439.9053278895348
439.4268657882344
439.0587087645553
439.8695067426902
439.0041666052222
439.3317276923522
439.1688358863858
439.0498044792107
439.4973742045155
439.3286398341259
439.2903074715381
439.1447219711821
439.3550788098188
439.0331320356299
439.2397566995218
439.3247798521209
439.7819826574972
439.1107299621862
439.7703381640893
439.3160488042075
439.0827539470596
439.459286044977
439.6476299195548
439.2639033276352
439.4969454068261
439.0598190013722
439.3063225303956
439.3925856451384
439.3007248197277
439.1285740212438
439.755819368865
439.0825205396833
439.2320448236779
439.1538601864606
439.1023850396749
439.2340990510999
440.374031235288
439.3089109924651
439.0448632879574
439.3960668999388
440.2738189031076
439.7557547902105
439.5439941167169
439.059224318155
439.1391402978633
439.4991173000736
439.692753792972
439.4169006261187
439.0821646941089
439.1244538321234
439.4827447882375
439.1455148423012
439.1293772821466
439.0246107723452
439.4607354109869
439.3568235350292
439.0410801770338
439.2881540415129
439.0761121652914
439.2310009033573
439.7248906391577
439.1336287845764
439.1549058022362
439.0768771190831
439.0593137966056
439.1500838762
439.8171102475993
439.7101882470286
439.569088295456
439.2279695599333
439.550897142145
439.0596706055322
439.1076777979229
439.0544356840389
439.3074915739522
439.2453919911338
439.6087733724355
439.2274126177399
439.6143812149387
439.0375583538107
439.3150362936458
439.1668061610778
439.3602316640847
439.1534843319186
439.3069986366127
439.4458703228895
439.6287108034388
439.0961454450308
439.1717241498173
439.1602352617114
439.3325190554023
439.915175668731
439.2889292702877
439.6846013654771
439.0917527634623
439.2643048070263
439.6011893536092
439.4267671775938
439.0166057906594
439.3398120857349
439.3491329586716
439.0373320123716
439.3196427107182
439.6110259646512
440.0752845628086
439.2123648937159
439.0010922390216
439.2121649143855
439.09664910753
439.1868449730419
439.0068477409855
439.5062760498968
439.3392471084878
439.3307942921612
439.3367811501823
439.4317759974891
439.4645693611471
439.2050602047533
439.4958741738364
439.6748618994624
439.1309205637502
439.1328999949719
439.5034120957053
439.2209481658275
439.5503792207566
439.4755691509508
439.3270567992457
439.1480834178237
439.0965747699167
439.0797042662441
439.034412246308
439.2576441361807
439.290479859393
440.3591238763167
439.1698462857227
439.1788359227103
439.5019774482319
439.4589536891572
439.2351423591455
439.5871247199385
439.0952756711995
439.5929289217085
439.2358936243226
440.1976323511337
439.5311615946629
439.0460066526856
439.3130742405025
439.467350237068
439.0267631798884
439.033454374323
439.0218043944085
440.9529338478714
439.1951865323006
439.4541944687214
439.9137371062964
439.1892284149027
439.5810133625046
439.4225612443129
439.2980896110469
439.2707860780861
439.123928700377
439.3008018155875
439.2128575055428
439.229101779019
439.3769336671841
439.287590060081
439.1612073172655
439.0630565459254
439.4879465815733
439.1044708705771
439.4148179824024
439.5328458564642
439.1873563814834
439.2624994858141
439.1396451408037
439.1469917511818
439.0646097423754
439.1869358765244
439.2095561686061
439.0182895665363
439.3232398707095
439.3030095190618
439.3217054131733
439.3023691630172
439.1347425929324
439.1272566722155
439.1956467608368
439.4580478236471
439.3973835667696
439.4112151540858
439.3929593886276
439.0983346108004
439.1638713659874
439.138715139391
439.3702413576059
439.2734447226818
439.4206363490638
439.4149543345878
439.6783257908733
439.0072478813151
439.353626722342
439.2114483414412
439.3205552056505
439.7211562855296
439.9975453825737
439.2198915586853
439.1111907152067
439.5110730411758
439.1877054134889
439.0035886754309
439.1999807616742
439.0944034404598
439.1217984736277
439.1307167705873
439.2999243449849
439.136089824613
439.0442431720326
439.2286421275604
439.5261867698997
439.2611897293944
439.2630365122548
439.2194167406888
439.9647470839648
439.2928567748222
439.1545340101965
439.0377881303918
439.1644186851049
439.3738369612422
439.1000510184625
439.1293541086115
439.6642103423458
439.197947858939
439.3040169154855
440.1169982222797
439.1340428286497
439.1112120824975
439.0308864035974
439.3161881363361
439.0993317663913
439.2465439321273
439.2399951099848
439.3942574788415
439.0846852357516
439.0145937878505
439.0088495426284
439.4640119423718
439.7655674256931
439.1207859977087
439.6405284511377
439.005287384602
439.9817248265027
439.0421690433472
439.2117647916266
439.3526133948018
439.0902815669389
439.0582282135646
439.0664996950686
439.0096056679791
439.2256592912809
439.0540676065751
439.0032938534883
439.4504472203373
440.5995348431195
439.4368499668929
439.2143418641488
439.0106367131781
439.0904695297203
440.1406024211025
440.3170515574361
439.1589819984883
439.0452349065313
439.7535049171167
439.2177086894636
440.0647298323219
439.1100111239928
439.2949809405384
439.0137256742651
439.3790241885908
440.2528336014974
439.0882028913462
439.0494530960355
439.2754853778482
440.0180374781337
439.3656245014009
439.5573959008407
439.2478362738014
439.448568343216
439.0812825771802
439.0125725112484
439.2188075077538
439.0835703830129
439.7264939832264
439.3490588118326
439.5554273472946
439.3594952911187
439.1588160300516
439.6892329838147
439.5341606855998
439.4497426378459
439.2350041203786
439.1637770903171
439.0506716520738
439.4406288960497
439.3293973274016
440.7990609739489
439.0940557083838
439.0689148950408
439.0243607487897
439.5127130272878
439.0901544878995
439.5192550645412
439.126815939085
440.3681143460457
439.5099131455934
439.4609105643902
439.8479618921446
439.0656983098123
439.8393197011975
439.6627229471747
439.1978136118691
439.1879211193281
439.2707513556151
439.2102288581488
439.0717948320546
439.06392075478
439.1819878409633
439.0847808909624
439.2601901562137
439.0396518949604
439.1042684529218
439.2643623571384
439.0470723727186
439.0672652073372
439.1091181714879
439.0131382707907
439.1309741504307
439.3712965394993
439.3172615061785
439.1708161388549
439.0967390529401
439.1123073669411
439.1466105515224
439.0862606083435
439.0129879083778
439.2466417678428
439.3182746293804
439.7165529078891
439.5666529397679
439.2908261062735
439.1045705272
439.1477125264581
439.6027552081915
439.2970949449992
440.6087028135313
439.0686051611424
439.2519746653613
439.2130778736675
439.3573847539793
439.2168085697876
439.0328377329843
439.1340679155959
439.4848489202013
439.3333143981616
439.2983487660014
439.2601381567713
439.5986495818927
439.1754899714846
439.1008821242187
440.018651007136
439.2630939276681
439.0662890113255
439.0818562141404
439.3581660988299
439.1399392124877
439.1295518502192
439.0105606209654
440.0231717465784
440.3375354784623
439.1870990155357
439.4798983441706
439.0406466037979
439.2572154684241
439.7443640147841
439.0212118016771
439.1089609967104
439.3936534463227
439.008841715025
439.7217215013881
439.1551968617323
439.052575183913
439.4458153067464
439.1782897338113
439.0493879772201
439.4667684158584
439.5121799089169
439.5434959707866
439.0769303419325
439.4291216931888
439.180822161419
439.3420280541787
439.4328297590544
439.6580907131546
439.0731953794742
439.5779903184679
439.5164559575639
439.7253620232545
439.094844391757
439.1559049177264
439.2132462269713
439.1842817636179
439.2418060636435
439.6335716536873
439.0168343606173
439.0183040696591
439.6182958588442
439.1645667922319
439.3586972293828
439.3798011890466
