839.3696439825576
839.1347589406902
839.1349240815325
839.1134070201196
839.0112756171815
839.5804896203736
839.0274865442217
839.007448693378
839.4126106233635
839.1864153937261
839.108839219661
839.2750746100052
839.1210640283412
839.034086232423
839.0510385159671
839.0134001553429
839.1134361514173
839.2990981574669
839.5879943245714
839.7352535296794
839.1223081003037
839.0138328258649
839.0978012353588
839.1938589451619
839.1234911816309
839.067175858132
839.0277817827618
839.1351997964778
839.0257934000946
839.7376505952449
839.4365269919583
839.2571605760445
839.1193781998885
839.1672960769167
839.0283064314133
839.2471614188682
839.0912357079665
839.2397270696539
839.3341317735724
839.050171141997
839.3953172398964
839.9604808420872
839.788638477618
839.8982572295765
839.7505959318286
839.2761189932434
839.2038501698955
839.2432793088227
839.2642782079322
839.3183491714602
839.7547265695616
839.2870045553433
839.0444504040961
839.6576608283046
839.3795739308459
839.1576167586521
839.3220055913421
839.2079937933358
839.0509501789812
839.967473158428
839.464379615439
839.7727303006291
839.3023157823064
839.0132350009642
839.5609735203047
839.0837890219179
839.9573340674636
839.0003030998887
839.28459756636
839.1996241185678
840.0313960979148
839.0846687020603
839.3266098251254
839.4233995144525
839.2812615654622
839.1729157866226
839.4209793497874
840.4076390926332
839.0357221402676
839.7595709519342
839.1803029424648
839.5091424386233
840.0580502296721
839.0743386136719
839.1597634256515
839.0227147889335
840.0274895896684
839.3094884861808
839.290057585869
841.1206456112125
839.1941082077068
839.0543959360147
839.2528365335738
839.1782620439835
839.3044826987942
839.2179769206074
839.3733168054405
839.2567050137842
839.1448183965691
839.0448705897045
839.1118949621094
839.518093669166
839.2764123268922
839.5901037187263
839.3891795323734
839.0311962424937
839.6678747454123
839.1825390689098
839.1577613433948
839.1048692117444
839.1173095719001
839.1718240453094
839.3702938294592
839.1239566093046
839.3429263613183
839.0455332313961
839.3462439088225
839.0042681195989
839.2307041182281
839.5212495205684
839.9916386781358
839.1768910107376
839.2315311305782
839.2126719134493
839.0693969637877
839.327242999765
839.0252950048151
839.4308832149145
839.0054101464718
839.2283395860999
839.0493419736666
840.3303238792254
839.0154196136202
839.0991504109816
839.6133275566475
839.1974607050399
839.1761234578905
839.1673030253417
839.534431033569
839.0711701791097
839.1432018117057
839.0112331927421
839.2191563600425
839.2977915902193
839.3922555587817
839.0916771845534
839.1851719985139
840.4741997279783
839.1197862833344
839.0606281873295
839.0948967776463
839.0477721446076
839.338849988697
839.6553615832869
840.6192965145674
839.2986201584251
839.6150501133101
839.2324698593268
839.8530876177086
839.2166647695556
839.0837212242308
839.2682575750557
839.3165108785292
839.1096857915857
839.5034869592662
839.2751834273681
839.8042505571042
839.0098898805518
839.8008778128776
839.8468281171887
839.4866924256366
839.7578152313754
839.1693227977518
839.2014391185807
839.1493159779145
839.2597255563974
839.27046007084
839.928653672917
839.007650076566
839.0952431165146
839.3655931611011
840.0544760407699
839.4405841542732
839.1542683820023
839.4413707955352
839.0815132058462
839.0431991314991
839.1062930569209
840.4322055583932
839.0131129462524
839.416053220276
839.2632664259314
839.3572771422413
840.1001361079143
840.0845373650199
839.0979049704964
839.0604289529495
839.305331782693
839.078577815162
839.7372395305451
839.1130641609775
839.0145836351326
839.4588053952948
839.1860981524121
839.1837083605875
839.0171726125232
839.0511142222707
839.4844802394334
839.1621319464614
839.7320219464619
839.3369394513682
839.1677655623685
839.0074094553764
839.784776703914
839.1242124277329
839.3700066192231
839.2753731526655
839.4531262959326
839.2466185448145
840.8566775548811
840.2280785200576
839.3682085514689
839.7668251089168
839.240071349631
839.0401850488196
839.1930456774584
839.224591215653
839.4606837623472
839.0701348262048
839.4834241368318
839.4024423388595
839.1834863302626
839.002400223339
839.3379703535893
839.5303482455112
839.0439725040289
839.4901638383877
839.1715211791203
839.1280630469929
839.0434237140237
839.8416997072217
839.1656489267853
839.6334964232698
839.4599225632111
839.8624087807717
839.1400065781793
839.1883860442418
839.0407046478396
839.6576122702088
839.3631005378337
840.1451864067782
839.5079597533986
839.420579255801
839.0913918255544
839.2479846400529
839.0318037508789
839.0414611483184
839.0569261457
839.7762702434857
839.3909251036448
840.1604863338982
839.3248367000351
839.1163702628082
839.2130720557254
839.2430163434275
839.4903284308102
839.0581226583193
839.3832827386623
839.1885408303605
839.383046039544
839.4058367458315
839.5190439305187
839.0412206092822
839.1420243616737
839.0145505947788
839.151200798011
839.0843371358136
839.1543534344785
839.1909821817253
839.0237977779597
839.3150760775203
839.1235152254237
839.5110911420874
839.1311428284241
839.548196550855
839.0476334588196
839.066444564264
839.3315481586257
839.4569331972879
839.8895054261691
839.0653257482912
839.5123542697154
839.0077642635136
839.2338073522081
839.4172277909958
839.7559078136028
839.4809482420636
839.2321246396898
839.0457028109792
839.6741783703114
839.0290643085156
839.3403801122782
839.2403567073628
839.2837963388365
839.4790341906906
839.0495422412323
839.5073780584698
839.0158481581716
839.1231685865155
839.4060973059695
840.0269650597648
839.2689840991179
839.2800711571842
839.0261595767173
839.3711232489674
839.0685173964828
839.1129545822168
839.7408077884533
839.1966751567387
839.059841040043
839.6734990007172
839.4728072827888
839.7522750115086
839.5914688151548
839.9579394811416
839.0427174309754
839.4462582044725
839.3056077619374
839.6472027841365
839.2413802347447
839.1008960364396
839.1313199720641
839.1001320389604
839.0716703469695
839.2057940537959
839.1312140357138
839.0449448278429
839.13579427549
839.0474884404772
839.0748945775816
839.0469243784358
839.0782794829374
839.1523184640168
839.0978088868005
839.8824851744331
839.1876960150622
839.069740082301
839.0329117971639
839.1859893942614
839.3689493990684
839.5910170888234
839.440063085223
839.0866952818466
841.0489679428042
839.0067296464687
839.911259404229
839.501879516961
839.4195476006564
839.1745429382547
839.0505560757583
839.5462314632163
839.9808827521764
839.0017716737353
840.2633869736394
839.0363709297186
839.0107626078325
839.7812823756751
839.0170480822911
839.1398160291451
839.153594094736
839.0719695190053
839.0656303851356
839.0226214881023
839.3117813643249
839.1927171949192
839.4091547766548
839.2945462486559
839.6289607691731
839.621474002093
839.4320104371426
839.4868496200916
839.0367736501089
839.6900616030409
839.0249079515783
839.1600196328344
839.7345769409817
839.3898630104899
839.2002105971039
839.1906500284382
839.2729610995337
839.3123881741811
839.0058476783105
839.0069113494565
839.0861978240725
839.1095547992334
839.3516024998332
839.5618578765358
839.328810374312
839.675633850713
839.2566447065417
839.119052731502
839.0900312632987
839.4157093205873
839.1393109109549
839.0637389854543
839.3100823007109
839.1080990878756
839.089136761657
839.1121381669361
839.0133098126992
839.0455639270472
839.5778183918828
839.2215751981071
839.3834761821282
840.191821699257
839.3777772262218
839.0219239187395
839.1268405314657
839.1536599000588
839.0606850216158
839.6994066347936
839.3432447374781
839.8012826806581
839.0297073281886
839.1008954951371
839.0258985302618
839.3284638413655
839.506156913791
839.1119060681176
839.2804929455858
839.5465844907485
839.5408401162736
839.4255879410684
839.1818231177248
839.722217263848
839.1739793293219
839.1296394047295
839.2385007605335
839.0189983518675
839.0826275322602
839.0237859320346
839.1253636796371
839.2354604312953
839.2736092895819
839.4262585189101
839.0379543016106
839.0512481235977
839.4145083694257
839.3118442492378
839.8136088919882
839.101757929985
839.2180746363284
839.1062998223598
839.5157424012029
840.0052875644209
839.1886985934491
839.0473818387067
839.5004787248087
839.1846532874337
839.386166429832
839.5211071704881
839.1515380015778
839.0921165353196
839.0266530809375
839.0066239528802
839.015358994267
839.3287142493094
839.0282959462413
839.2319525772384
840.0340208779696
839.1745656739594
839.4012252188171
839.5144950276589
839.4476515673762
839.2872106783975
839.4943430404488
839.5146996880201
839.099479737652
839.021501776864
839.2525718603241
839.5259712388748
839.013020315061
839.1541396670484
839.1732427685871
839.2600955235029
839.0264202314917
839.0549670979487
839.1119760050976
839.0411185160839
839.1069295022037
839.0397614503327
839.1293470079253
839.1219324922012
839.1641646317445
839.1161398583722
839.5204590350244
839.3084039272
839.0067140911406
839.2992035671488
839.2527628689138
839.9386926644273
840.3840239980735
839.3932072444788
839.2647488509525
839.0196802099111
839.1047527366633
839.0457304935095
839.0340468013056
840.6302016813747
839.3584580585476
839.1438253692281
839.4698028332093
839.3869381502883
839.0134534068444
839.2405227241532
839.1225428936435
839.3394239824305
839.8328109712468
839.3975101972551
839.1077263684789
839.2224183674315
839.1641895840073
839.1965147867909
839.0401125948239
839.0753149291479
839.0461935237175
839.1752985343016
839.0983429230891
839.3181939692453
839.5085363096214
839.0049722882242
839.0360031516376
839.2387539357068
839.6197378552063
839.4963101261109
839.0992686360237
839.3397342605633
839.6252070234402
839.2393807492799
839.0735175217708
839.0409545441354
840.0285572617676
839.1701824434916
839.0069096418425
839.2527991338757
839.2752049404183
839.3862248475833
839.1902728328316
839.9656989017167
839.782335874556
839.6958852743649
839.2498822038702
839.1048191442651
839.3223191394251
839.0123088650962
839.0302668129907
839.0686161435378
839.0678854471162
839.2234069529237
839.9209025490875
839.3521495151992
839.0069335628652
839.1428107444664
839.1119619613442
839.5696850813066
840.2573164201572
839.0558947320483
839.6886923248585
839.0614420819718
839.2834145442741
839.5039526514873
839.2739988571323
839.06092880965
839.1187323142051
839.4609238738309
839.1797793344726
839.3653174634585
839.312618136535
839.0293978391085
839.2484032160511
839.1576300127081
839.0438225042092
839.3900525826712
839.6872091907501
839.2018707362721
839.5239623981536
839.4108588327117
839.0156210083452
839.03099459966
839.4070626847189
839.3002100820863
839.3224128021822
839.6006221688596
839.0482772730169
839.220880604786
839.5351351432229
839.1864423334584
839.0440229121873
839.3314327573587
839.1875780615702
839.1979900094789
839.1897744937327
839.9942763181912
839.189062579702
839.1928220955454
839.3759312491778
839.317674980039
839.2152628118923
839.1319923995925
839.5754707729237
839.1649900189336
839.2177911313275
839.664577721746
839.9200077291421
839.0985370324235
839.3621027576709
839.0016602831219
839.0504738689283
839.0257562474395
839.2790477077187
839.8257196385002
839.1556410265716
839.0492384974814
839.4220058737897
839.0019222230816
839.1468718674861
839.1249625511359
839.2523077036005
839.4631279944546
839.0971982138199
839.1750672989336
839.1015125764006
839.0016988830001
839.4768652181966
839.0267153142005
839.9971522095556
839.1930909318079
839.2189284281492
839.5377413413133
839.0887139188471
839.1549626929824
839.1301923897539
839.295715607548
839.1702332726807
839.7057115752569
839.748371965931
839.3190407250659
839.2576782465101
839.0379536365498
839.4052147777179
839.2274240821354
839.2704569540051
839.1006883355004
839.1641735986216
839.3938733270007
839.5282733597646
839.1886280247321
839.0763940812755
840.2803458654134
839.0091208390397
839.1371852722203
839.233639947706
839.4973809179786
839.5720710376137
839.2092365860949
839.1201252896504
839.0837343035112
839.0726918687916
839.6973466476619
839.2692228698231
839.9098780964122
839.3980982932125
839.3984747012397
839.1008249000676
839.0036816409998
839.20890765716
839.2580916831993
839.091396441815
839.2214093853889
839.001434447191
839.0897974356354
839.0454946358734
839.5363392099022
839.146954776892
839.3882227501335
839.1716023475915
839.0450064744011
839.2240471503461
839.0114118984807
839.0563175866813
839.2860870928839
839.1338129536394
839.0391207986539
839.1708438930884
839.2363740796561
839.0465087093946
839.23711947682
839.0402509329814
839.1604812133886
839.9045434908892
839.604806282707
839.1978865692222
839.0406479698219
839.0605898974809
839.2557009997494
839.4407938699447
839.1369393537116
839.1041190547817
839.4245352599752
839.1084153227303
839.1272253152174
839.6734342599187
839.0694949624087
840.1358110681491
840.1390192829888
840.175573160318
839.1700720633193
839.5447125680714
840.8822039309168
839.3859575279829
839.503600539806
839.7032959610283
839.3306696991895
839.7276162103219
839.7384695111501
839.230966229968
839.5869455891345
839.4751502768138
839.1984145554703
839.2184049897768
839.1454706940176
839.0239670196062
839.177006139203
839.255678998034
839.287119693338
839.014121908772
839.1484688438455
839.1717320044081
839.0897527596331
839.2700474985571
839.6142607934574
839.3684565217386
839.1911886755604
839.0144525843417
839.0869608249104
839.9930139037486
839.1953179791346
840.2434262051353
840.8001999391389
839.4064324948421
839.0395300198035
839.1425760755005
839.8064720326116
839.0831952279032
839.5435284686081
839.8008420226474
839.648582300241
839.292017008073
840.2806202780039
839.3367581142459
839.3827844575582
839.1450515890433
839.1661795561811
839.7333530529188
839.0190506062864
839.0679492149955
839.0317949948012
839.7076919417258
839.9127929627226
839.1087675786682
839.193934006422
839.113782004354
839.4373670497685
839.0318051462813
839.5838682443593
839.1094008761415
839.0292329894504
839.0224218514501
839.1067228982304
839.0897780601664
839.1063188906444
839.229062938655
839.3885197722119
839.2416042198081
839.3145069309599
839.2091876949237
839.1093939153133
839.7912871347487
840.0687330698458
839.0802360749274
839.1864166179835
839.4607598247798
839.1694173647246
839.3700906195644
839.1678947642923
839.0810157164075
839.6532550003182
839.2315091003599
839.2894253743325
839.177177996925
839.502573299725
839.1264280262361
839.0137979570362
839.089143963383
839.2374857857889
839.4330394927356
839.2487275723814
839.1645233398923
839.9360389366185
839.031856473442
839.0684302168114
839.0331891881104
839.169038230364
839.7683439553729
839.172643287746
839.2344777854394
839.5813013460701
839.9167010119015
839.163038987586
839.110007058271
839.2807686858935
839.4983132406182
839.0300623523007
839.385491011256
839.1166545914281
839.085583390128
839.7029439669216
839.074595114142
839.6325430354632
839.2680973673738
839.0842967616117
839.1984679970562
839.0126409734665
839.0231524317761
839.1993264234388
839.1178382163164
839.0815830299583
839.0565919771221
839.3677149474402
839.0591355051544
839.729727987156
839.5571851121525
839.0363462234548
839.3028246785085
839.2341782588157
839.8506478804258
839.4234073967779
839.5652160171132
839.0177390720037
839.4573054428085
839.003084538167
839.2257997497486
839.3828573255807
839.1103255646273
839.016936444481
839.4517012017968
839.0402680008982
839.1411343509928
839.1866255498855
839.214143783439
839.5155228431003
839.066172917891
839.103836914172
839.1736721004577
840.2204551777172
839.0266017834857
839.0826014253967
839.3633710244117
839.0046533944795
839.3025219022672
839.8801005358687
839.0090937653212
839.1112102010696
839.5076587692116
839.1726299145035
839.0382006869353
839.2676066393261
839.0117225727593
839.2769531547207
839.120582557549
839.1037397934371
839.3950723610217
840.2189280634517
839.0646615717906
839.1738589307085
839.2848245735898
839.1962988804611
839.1480356756383
839.8012874128035
839.3738435406809
839.0053663966528
839.216337196852
839.0800773234461
839.080041758623
839.2855634231306
839.0049165806415
839.1537089806245
839.1614046818181
839.0802848703661
839.1582180499388
839.1543699255928
839.3994632807277
839.2429099074118
839.0061196686273
839.3953210016887
839.3166638750448
839.3500877636726
839.2660465219664
839.0946420785683
839.4631310578249
839.1087883640881
839.0562393104299
839.1633080383398
839.3103890896757
839.3523559785215
839.004432137254
839.4597073192555
839.0763009165372
839.0388331225156
839.0625246593329
839.4783027717654
839.4028519265873
839.4385431906754
839.014685909084
839.6868253340604
839.104143820372
839.1184627884796
839.3148592108928
839.3424296558732
839.1301305091534
839.3114885649923
839.1102117116427
839.7138530982728
839.3029291999923
839.0042135978458
839.1933566985787
839.0914601053865
839.4015690877169
839.367866796594
839.640466477809
839.046942281588
839.0187125975249
839.0515001515852
839.5672249248546
839.9433539864793
839.650313387488
839.4079989689476
839.0356741561976
839.0208804303635
839.1848747008185
840.1254877915701
839.1067985791309
839.0645014146435
839.1562392143968
839.6631242182017
840.178844863438
839.3119140397031
839.7015591047733
839.1337851062035
839.3886660905455
840.2394406699556
839.1518233505551
839.4452709918395
839.0812574710963
839.1335184925533
839.7441433246598
839.2213930072968
839.9848522884319
839.19600057743
839.5468160214881
839.762706244095
839.4211982924845
839.02323745948
839.2501405805643
839.0772714712269
839.3993086090707
839.3610016784564
839.042395942368
839.3761191329588
839.0622058796415
839.4755318329776
839.3494514377818
839.432719414
839.1956635991302
839.7355892189905
839.6388728941776
839.0635787089584
839.1201396463457
839.0126902153617
839.2001737931901
839.3391821831478
839.1102531376413
839.3246292711328
839.0700136880664
839.8414513768837
839.1467118368622
839.7399519974662
839.4754241241146
839.321393123499
839.2656054944312
839.0850153198244
839.6303248145684
839.5527032386592
839.8841431752095
839.5694821305291
839.2066906999531
839.0543810233399
839.3313432377598
839.6291811285497
839.0080730328768
839.4517751449571
839.3324745228967
839.4557897276387
839.4411239803242
840.6177567289386
839.1996192077693
839.2080510544195
839.3026893991337
839.03773133042
839.0447902203047
839.2984111385401
839.4969164650038
839.1167431410101
839.2791474402235
839.3402729250597
839.0430791257825
839.5593034102408
839.4152393535563
839.6362766655243
840.066323253657
839.0542049335453
839.1264630834203
839.0461308640305
839.6834301937929
839.3988253281786
839.5574531251236
839.0717630688541
839.0339007120239
839.399515998196
840.020437927044
839.5456485720663
839.0615205490744
839.202898976673
839.9273481686595
839.0322253168974
839.7659036213363
839.1298045893767
839.0737753920205
839.1242838539214
839.0382816392028
839.4804886543873
839.3349452098688
839.3816478431804
839.1285295506375
839.0740308130199
839.7010566816565
839.2388900924971
839.1813241799476
839.0509615062325
839.0307377194333
839.7049983631948
839.4236890815062
839.2102847978681
840.0227786757495
839.2116840094326
839.0402683271153
839.1812660410386
839.2125927050781
839.1795002343406
839.4888243636645
839.5410115207836
840.0902649043089
839.0795212746947
839.2152363191722
839.1472300707571
839.0267268872991
839.8545987252372
839.1050342829366
839.050067973802
839.0991459577162
839.3495368449871
840.8911473874535
839.0162069124365
840.0847591983089
839.1958664009263
839.4125318927249
840.0501832368517
840.1171973636397
839.9245091677625
839.2451196936604
839.543179935095
839.7696770042296
839.1683966675646
839.1175432790778
839.1186338817527
839.159047894362
839.1914011917174
839.2959804060554
839.0612714278687
839.0159527560338
839.567045948904
839.660972280146
839.174121420864
839.378316776383
839.142858799886
839.0889214168766
839.4219524729529
839.0542601978002
839.2685074883144
839.004935043517
840.1036376775494
839.1095582336524
839.0558743776456
839.1535536165329
839.9944689177745
839.4008867256807
839.3520814242421
839.2120009360331
839.7173644334586
839.3507724132413
839.0165593293862
839.1615394795106
839.0171799126555
839.9315895343824
839.0044569260092
839.2479925012776
839.2149185010516
839.2579125032476
839.0566632785013
839.0145947178603
839.3278781322308
839.0302738383622
839.5975796295726
839.2882617850277
839.013049387457
839.0278288759762
839.4550514842285
839.2701863765645
839.0934027750712
839.581033762237
839.3260115064058
839.2747123057609
839.3492739994225
839.266390011624
839.1742927195643
839.1089034090157
839.7202613794509
839.1160852199089
839.1006064963558
839.0194160031183
839.4388496215595
839.0985140640623
839.2747726725087
839.3745124983226
839.623593564931
839.2437312570396
839.1083955301847
839.5862408234605
839.0676954844649
839.1084179162307
839.2497132837835
839.5784267529799
839.2908082129535
839.2282900209595
839.1949658803675
839.0636223245729
839.0163111208387
839.2077068171158
839.3374091657546
839.0746368402711
839.1525720244788
840.0271311897325
839.0225868765123
839.4824483251929
839.204877298581
839.2267939308055
840.3212918609132
839.0177283088051
839.162844586997
839.2752887507478
839.0990437962473
839.1609132441548
839.0677649307911
839.0537233839531
839.2767757919287
839.0987167784979
839.1146710987302
839.1667613821088
839.4727788448344
839.7931252895246
839.4477200636693
839.646074554916
839.0026790359794
839.0793223642296
839.4847852725358
839.203888354015
839.3519712723545
839.0259740819646
839.2179448475611
839.2824388594015
839.5518827950947
839.6519608632459
839.385423544181
839.5580104897987
839.0150158711482
839.3942449256128
839.6742802748907
839.2531259103603
839.4180806295362
839.4918581875586
839.5183107410178
839.054392128412
839.0822607558455
839.31311432264
839.322685815309
839.1020777875109
839.0618452811758
839.2802571006368
839.7379977453788
839.0706879164178
839.4066080372679
839.6176855601809
839.0123159724259
840.1824563714973
839.313284882797
839.3116150629214
839.103224996869
839.3611135193364
839.2869939961487
839.1695667060864
839.2323545256141
839.2202444377759
839.4755536639373
839.2506225587317
839.1244993739093
839.0605325551695
839.129546005302
839.5991606081443
839.0794278993458
839.2962130218241
839.1277420938419
839.0147207018962
839.0066585872275
839.0449073833117
839.5911022334985
840.9868059487296
840.4474753062163
839.9814579411288
839.9099830713084
839.1548881184904
839.5015129862699
839.1290006667901
839.0119620210771
839.1114519053091
839.103184394526
839.0093879362125
839.2383669485774
839.0528810358794
839.1158171850423
839.0647905416618
839.0957469071745
839.3957085969446
839.0561133444819
839.3638202479731
839.4013239252772
839.1768787312326
839.26592585674
839.2719284206161
839.3029768302523
839.015411264589
839.0451174344128
839.852554414289
839.2648336866456
839.4005442343133
839.151697345097
839.768948790722
840.2111593732956
839.3122703302728
839.0393380450989
839.0272115993442
839.0983580560771
839.3371214508583
839.3016697226691
839.3623310534194
840.0903197419296
839.136744731408
839.0924275542424
839.1608959405489
839.0183985042448
839.1526022905413
839.1582909260286
839.2137535610673
839.2348036166819
839.0081180772537
839.1704590840587
839.0968248327548
839.1440812372845
839.0427422813431
839.0950004821481
839.0599140652388
839.6918227431728
839.0710731785131
839.0648635399074
839.0880869776041
839.0310448391909
839.6083483626519
839.6426902810415
839.174446274129
839.6335546411817
839.4051062903612
839.3726766195236
839.0705275173623
839.5011640789547
839.9987376885925
839.578428519115
839.2039204464853
839.7317968958212
839.1391538315627
839.7068441335831
839.534525684363
839.6587465571121
839.1062325483282
839.3329352702062
839.4397111045931
839.0130482525813
839.1063342067417
839.891260282598
839.1484515908259
839.0281190827831
839.0024043670954
839.3307724420423
839.2172531764925
839.1114706485677
839.3260170488921
839.0366479784349
839.2625882474424
839.1558413079154
839.3190458999197
839.0901651430382
841.1075200975926
839.2319445394572
839.079623699224
839.0312044096759
839.2538614152629
839.015051764629
839.6729310958041
839.1712113555934
839.658299446459
839.1505856091204
839.7149642223695
839.127124714364
839.2566838588709
840.1169484778127
839.1611045303946
839.1571909903508
839.7060637915661
839.0350124487811
839.5952601652909
839.3189274899597
839.0782199616891
839.1306083314922
839.4878093048344
839.0290653122847
839.0507498048577
839.3383788866936
839.0262895154153
839.2169252562308
839.6433928269471
839.7723635034703
839.4171387572663
839.0870128808921
839.3521120077609
839.0796764152044
839.4697142511155
839.4109840272968
840.151710327262
839.0589201982235
839.0548053729443
839.1186762596008
839.3698075169667
840.4923051551442
839.2927372847519
839.0501946311323
839.1917336908036
839.239930712467
839.5824059310961
839.0676691158366
839.9299692346764
839.6158523089904
840.6355098482982
839.0020965829438
840.0923872378311
839.2241992595991
839.0024508133029
839.2993737092847
839.5060546957769
839.0194357093757
839.2873047628126
839.1278334531585
839.9040633975939
839.8323425425469
839.5935944728312
839.0941166744943
839.5196366822224
839.073157195757
839.2014364399392
839.4664179794916
839.3086992599345
839.1568227713669
839.0752743170044
840.2249595702876
839.211492329283
839.0937059088324
839.4283859139136
839.37138305161
839.0621816197635
840.6675737239027
839.1843779549504
839.1995047218902
839.5717830724279
839.0961103635317
839.0062443856641
839.1290502155525
839.4786024086724
839.1305485610604
839.0300620497288
839.1234309411379
839.1133484431721
839.2872281891221
839.19452110476
839.4977542289765
839.2197822737782
839.0305838617691
839.3563798660024
839.0828198113372
839.3602265764936
839.0425091863606
839.0781166078968
839.1311931629203
839.0385222574604
839.7911752656121
839.2627002769104
839.1856009228677
839.0785700571721
839.2115230645327
839.1011746255904
839.3863524237114
839.7197842325556
839.117861691456
839.0577937673461
839.1523244272047
839.0075274432874
839.2781446551361
839.5780943041871
839.0251040341914
839.1967438865018
839.068391950489
839.7032942139964
839.0348203448667
839.0688461586026
839.3727562528787
839.8800726425566
839.1951117139691
839.1078239970471
839.0714699292541
839.2174270848781
840.3010222016062
839.4488381458685
839.0030196463692
839.4939162818106
839.1116775857045
839.3600655847291
839.1570241255274
839.2241382407881
839.2176448313301
839.8158685088249
839.8664284406742
839.2446439058486
839.9001485868623
839.2817370287501
839.2519844578459
839.7810287975586
839.1650437501905
839.0159825807309
839.1610887880961
839.0091151984811
839.112122032958
839.0178213653837
839.3043944316455
839.0027266577016
839.4423416614262
839.2405486990991
839.1061631855425
839.3140471146405
839.113850853807
839.0371693676448
839.7060522516352
839.3325104124208
839.8283117911194
840.7615048686482
839.130410712514
839.3277968787914
839.7327388618342
839.1529026826781
839.4283080923465
839.0563199885432
839.3509325103778
839.0778357257384
839.8973747841484
839.0828133079514
839.9774126805036
839.2066454602028
840.0047030735324
839.0956486249969
839.1570633872668
839.010776977318
839.033490400189
839.3603646222217
839.0171915847682
839.0855256200451
839.9598141121928
839.4195523192709
839.2658878327949
840.153015944424
839.8728865592722
839.1659460735107
839.052289515791
840.0874508707138
839.1798348655492
839.2289696366096
839.4301517252668
839.0511565936454
839.683530099254
839.5753841620472
839.0608666388318
839.7704260428462
839.037047600324
839.1575341106865
839.134787000463
839.8731734068228
839.6041205744917
839.028375189034
839.3007656244318
839.385826005804
840.1844326174055
839.5006222745889
839.1110485070549
840.279454354183
839.0157162900515
839.4948445817436
839.1256716806727
839.6536042518629
839.1280307286222
839.2823840714659
839.0799086708513
839.2411943089056
840.572717785684
839.1027229148324
839.3613208608632
839.00478208703
839.2803720915691
839.12934628547
839.0434060544311
839.1415920512663
839.1437124364701
839.0336210612697
839.4026081025198
839.0351307032003
839.1683483944221
840.3094961440926
839.4360779958146
839.6103642679551
839.0047474707058
839.3120409541665
839.2145612559583
839.0312039006566
840.5209398347905
839.0722119673718
839.204197564565
839.4485946747145
839.3413662334815
839.1227051331269
839.2018861033865
839.4026851246049
840.3367147606908
839.1586461280093
839.1125345246186
839.4738985715942
840.030717503575
839.0220146601415
839.0244117329747
839.0553463527428
839.4955179199598
839.1428670906673
839.9626935195429
839.0106137200183
839.0896616253616
839.0945890728603
839.6650218905381
839.0405679955877
839.1949824256415
840.1701699696158
839.0154030443887
839.3637714931149
839.2817154099896
839.1539973537296
839.1104006746451
839.9400681700099
839.2196008707879
839.1388505366771
839.6507755896265
839.2477521967272
839.0370677334759
839.0471136844551
839.0312208327326
839.2843516810581
839.3827673011524
839.6004816294623
839.553302641429
839.1446559985784
839.0440135755686
839.1628004590668
839.0093353263511
839.3096856607647
839.2449129051034
839.0894459097691
839.1007726732736
839.2124384096752
839.6164223006855
839.1957358049358
839.211712864964
839.3254877967478
839.0855568779666
839.2187553267579
840.2350444221861
839.4061478132303
839.0072637077227
839.5758347945538
839.0359535436907
839.7960046849583
840.30562142883
839.5981884318165
839.0151217387146
839.0837105563215
839.1589347517822
839.3157371984739
839.2503839258227
839.5393319838356
839.0583053510677
839.3313318682284
839.7460124896335
839.3152376674606
839.3376037348143
839.0544013870538
839.1254480505606
839.2925856543181
839.1640632615145
839.0657418882935
839.0249942966647
839.1875828265127
839.2071350246221
839.1742252680673
839.0641137062951
839.1282350102792
839.15606921418
839.1118332805996
839.2626489082824
839.5106128320805
839.3376115600792
839.0008024209579
839.2150641264903
839.206438196904
839.1358687414969
839.0600324432919
839.5552961791807
839.1052067240555
839.2013519736045
839.6657406065935
839.2392753940161
839.1614354536416
839.175713275308
839.0407527535397
839.3348918340545
839.1110545073021
839.1858654688705
839.6809777961256
839.0439340316141
839.2914938946809
839.2156699838529
839.3560265239867
839.054818765724
839.012417706964
839.1258402525418
839.547207215029
839.1792770887638
839.2503011395042
839.4532403200442
839.4314070644988
839.3090318730146
839.0350749573431
839.4135517715823
840.0684641892303
839.6938533896441
839.5624274885373
839.0625401092165
839.0214707259357
839.1281585337571
839.4658011351394
839.4543511267905
839.122982226902
839.155400875865
839.2299676122034
839.026595017591
839.4780043607083
839.0163872921112
839.7961267091284
839.0509510897699
839.1430695140909
839.4748347005002
839.1026060022842
839.326755488733
840.2227072211103
839.3504365262693
839.1988600617559
840.04436658573
839.3656944116029
839.2879036282857
839.0065804153851
839.002615890368
839.0928151675282
839.293703702818
839.3986673035209
839.0129871379414
839.1264006850687
839.7176958867105
839.3026120732962
839.1796546899841
839.1367672209791
839.2606667558573
839.1356154985114
839.3632532382996
839.5847344939071
839.9045418140458
839.0634022198608
839.1546152947883
839.1538453038424
839.294187861509
839.3450603141139
839.1680015853676
840.0896991056429
839.1473427372899
839.1358125134169
839.0424643963225
839.5154626211878
839.0605720987884
839.1733144177975
839.2713978907384
839.3343487625374
839.1056222090364
839.1592245816535
839.2525111195775
839.1613751388202
839.1586074253534
839.0471938073982
839.6576710281216
839.1861126023148
840.5249241824159
839.3523732470768
839.1223112856609
839.1240486719266
839.8716553999296
839.4716811436704
839.3878705959357
839.1379901382878
839.3121054119255
840.4023648127796
839.0321943364222
839.1136330583083
839.0776326045419
839.0705599500257
839.1312946280724
839.3414773453284
839.3364447082727
839.531337195996
839.100513693092
839.9274100426014
839.1836328572559
839.0105093815021
839.3323024686779
839.6438271779845
839.5167268492594
839.6695770415593
839.0079550923637
839.6426540345625
839.0560581786731
839.0039163201996
839.4848101239326
839.3698152325182
839.0139952971296
839.0382846353423
839.0527642256117
839.1430169149653
839.1000736652393
839.3617391579274
839.2087539542969
839.1504017823697
839.1377781053766
839.0165867462161
839.1078553629487
839.3855097662105
839.4983133287806
839.2485280185905
839.3054411733433
839.0022176574463
839.0851770362043
839.1777977270132
839.0499972494227
839.5834207749385
839.6851001749304
839.1237011984309
839.0115629436254
839.0075514611248
839.6587042237524
839.1831671394931
839.3773373227367
839.222626633159
839.0007796994128
839.1379327470719
839.1997571287628
840.1687316071689
839.271720611495
839.1793730573197
839.0085745830646
839.0827886326764
839.0792353963964
839.0329904605444
839.2374924313239
839.487804475922
839.4309658988803
839.2777075231222
839.0066517185477
839.0321740253551
840.0755980231178
839.0973973671936
839.582121280716
839.3730962678201
839.1898372768112
839.1425411523174
839.2175084820324
839.1498798930928
839.4632453533193
839.0469569541349
839.3934005475583
839.3177826375119
839.2245924462987
839.0462535495678
839.9024828720683
839.8756537407054
839.008119716483
839.2759164398894
839.205459606956
839.3566412592762
839.1186997676483
839.7168398126689
839.9018899706842
839.0258935113311
839.7900377171721
839.2416594036165
839.3099755597185
839.0062140327657
839.0731982497585
839.54826042404
839.0288922002159
839.1871817020915
839.9358212781436
839.3720778852434
839.0062098267016
839.182468856068
839.4139142875032
839.2341594871258
839.0597581976516
839.1585089434808
839.1723339258731
839.4609635151791
839.1885680601785
839.6827889707425
839.2185075993448
839.0219218802704
839.6227719552307
839.0179729245868
839.5806809648683
839.2647720540238
839.3163330689048
839.2326602518312
839.8953799848638
839.0510245486255
839.110895706002
839.0067221666415
839.1652506670516
839.013111609752
839.0790173532856
839.1216123813934
839.0087747189406
839.1318232681821
839.4702760706274
839.7017044809622
839.182880062862
839.4772329471581
839.6408827044518
839.7478994101967
839.1505015906521
839.0896733640934
839.3523301038887
839.3703917749102
839.3228339946604
839.42614465992
839.4961724578
839.0183418829553
839.2181334341816
839.1182288146961
839.4882922081617
839.11212797616
839.6661838604612
839.0743021110356
839.8603379162453
839.3387994500258
839.0017648694169
839.6108349213988
839.1049796044465
840.461676155898
839.0546227395629
839.2835919024432
839.2049851614214
839.3812652826757
839.210958888251
839.0673037480722
839.2908586665918
839.7222661460028
839.0508434612857
839.0366276376062
839.0831422798684
839.2784959790114
839.8073897437256
840.100894150282
839.5871928120067
839.527509503372
839.0649742575625
839.0230055842777
839.0479493338112
839.0295833117434
839.5389490381554
839.6184531555657
839.6232695599891
839.3646342838906
839.5388023322151
839.2535802146275
839.0691223206708
839.6074080725793
839.0121883906721
839.0182965980117
839.0651497586321
839.1665638960615
839.0000307441907
839.6900422959843
839.4949255494383
839.0496388648503
839.9559903151911
839.6029688155775
839.6067442743857
839.2226026017751
839.9148531568345
839.0997738909961
839.3926905118141
839.5952596709233
839.0255511222107
839.4881949133594
839.2723241575949
839.3131812628687
840.2333751759513
839.2314727018876
839.5822004667018
839.3376177234244
839.9535694691306
839.0391308952424
839.8482416002022
839.2002530897523
839.8347282663415
839.1338554726548
839.1923871274727
839.0429108921845
839.0980759321351
839.0487285442621
839.0253432130218
839.0041479151141
839.4268668251359
839.4069662501606
839.1199091479988
839.5311751579983
839.2946510752203
