309.4362715018234
314.0409948394453
313.0022216107998
312.2472744677865
316.0447755959252
314.0165068400722
315.092407563343
317.1155317740617
311.2445015959972
312.1542560429971
311.0633928810863
312.0926588407932
310.1351415815698
313.881085057079
316.0738297687924
314.09266213196
314.0026313838644
314.5231266130202
314.0900703655268
315.2368483725267
314.5704176125396
313.3268740437763
315.9239784115107
317.4106542153447
315.263512632836
315.0466991928519
315.0106677685938
316.5829855894674
315.2010718365025
311.2106040335261
313.2333694321503
309.198396071996
313.0103416439222
317.2519379119083
317.4974935638456
316.2535770908326
310.104842857274
311.042857348525
312.0841568640314
315.3002710979981
311.3809944415759
316.5800672899691
315.6288600248567
314.0711225485647
317.4889714222065
315.7242291880364
314.2011042258868
310.1984209058009
313.498463310244
315.4303773134093
316.0122896136495
315.0418391490707
316.4424226612159
316.280722449252
315.6957192412031
315.2705788226616
317.1339171430754
312.6328314413084
317.3513326530739
311.2220422196059
313.1126183383587
312.3841616934557
314.263542636577
313.322356220807
313.1415575885674
317.292760443683
313.0325096956312
315.3937002976396
317.1258174779479
312.1805222586777
310.0327774881026
317.3177519095532
312.0485358223129
317.0608377262566
316.0844131246538
315.5795304281011
308.0780595716449
314.4229093317442
314.5969722821901
313.1673053132427
309.4321316467762
312.3410940126842
310.3525779578523
312.0432012442374
315.0751617439514
313.9118703397534
313.0989894527029
316.0478482641091
310.1382142975118
316.2719687751206
315.1891855499059
311.3191685289477
315.4557774879152
317.7654406349406
311.1034309793001
315.2147804379514
310.3820720555685
316.0334323994717
312.3575560803382
310.0534177199186
316.4136782469748
305.5341338652318
313.374048187832
314.1678698636259
316.2811560688914
311.112692115207
312.247071762374
314.8068590853764
315.0132738036506
311.2013897127292
311.7847499792027
314.2799492867675
314.1749557313926
317.3953551789823
311.2708752015408
313.2893021436369
315.7904960631069
311.3723801188689
314.8697517654614
317.4298447897044
316.0028013049017
311.0532520213938
309.4293852249459
313.2409190161483
314.8632132719421
313.2666188390353
315.732862572933
313.003763244685
317.1867757267962
314.3182247054929
314.0452206814672
317.0106172838211
313.0057578550167
316.2653747014356
312.0724831769797
316.1724939326143
312.3552268404706
313.0618207210409
315.4748816242851
309.0358093376429
317.0264912177001
312.1594783220706
316.2815945032968
315.2916623741582
314.2922251418453
309.1107610033429
316.4759421406974
315.0967881544272
316.063473939709
317.0510107149852
314.5682697005601
316.0246006236426
315.5704691062227
307.8359754794823
315.1051970453472
314.0121802757421
317.0724896352036
314.2722780309907
314.3896628248493
316.4197950292193
315.011530690035
314.5350781167053
313.5514331233229
317.5265369217036
317.2085602584589
313.1025047938734
314.5476566476474
314.3503866763057
312.2646859567891
314.1733951219422
313.0341933980409
309.0930537896629
316.4672120377178
315.2316690153638
313.3652695053559
309.116590418073
315.0713711430599
313.1065659576618
316.2288889179005
313.2730667829991
312.006378117239
317.6842883010532
315.2663132788715
312.6573481801861
317.272035235386
316.2585076302572
317.1140910060241
313.611719112825
315.4210991901651
312.3063355019748
313.3080103938281
313.2015952959957
314.0927943525509
314.2615223046992
316.1023161724416
313.0858445954566
313.1923161957719
317.0395442963002
316.8013392019755
311.5360981628919
315.6605984346851
313.3304224746016
314.1465231239187
314.0198186930924
315.2354369645559
315.4572904867143
314.3538732923408
313.0260653191828
311.1713583034976
316.0849983497693
317.0395090957024
316.356995768154
316.1575146028287
314.190436284994
315.2465660601052
314.2444170258993
315.488228445307
317.0109975829033
315.0643601900438
312.0217688503748
317.2210950956527
311.2533570655531
317.4019669232987
315.0972324719814
316.0114068737212
315.0232621256545
317.3400912384421
317.3188735664652
309.1996403839066
316.5671227596443
317.1784632051434
316.1060890910544
314.5664740659266
311.5135590588811
316.0056004988259
314.192934329587
311.2220984797287
317.1031536983867
310.4951908016442
316.3633906679121
316.8177967754783
316.2746239393704
316.6856194838929
315.7176300824522
315.1424822814197
315.2346895813874
311.3987853730851
315.0533569439511
311.0408697525199
311.5490198625204
316.0640541403146
313.5027875382066
316.070704503369
316.2375700418358
316.8567743075814
312.1427986046219
317.0493385241374
313.7053332289396
316.0014316403339
312.6022572374292
315.4102359347032
317.001174721218
314.0142268108091
311.0312270752893
315.2263372501561
317.1268212737276
316.1096402845797
317.1222078520423
313.2419562788263
313.5658048423703
313.2088564679461
307.272282457762
315.1750325571365
316.2601721678279
317.0468308129029
313.0750257812456
314.1365027675463
312.6873307223187
315.1475839513797
314.3063620348555
312.5751662340728
315.0214610060024
315.2431600052292
316.1722104778937
313.3031699340087
313.0427801689741
313.339287548979
313.454100305755
306.2807801311574
313.3252308272369
314.054537273595
314.145582907477
317.5206983657192
316.0625220773703
316.156088773545
311.006898002689
317.3850287767461
315.4676771066962
316.0655078422805
312.0165528011709
311.4323935473229
310.1495795849993
314.4246481711177
314.0134764887395
317.8920290788201
315.107364409822
313.0519545772668
313.5090914524442
317.3459801664507
316.0221855180534
315.0684455478818
314.0058035291903
310.4534701844867
315.0281307288524
309.021954356342
313.0116532977411
316.0597629358415
313.3136385855544
316.0914739325643
314.2192747006748
314.3837415379413
313.4025287971734
316.5573303024177
317.865840671149
316.024379773626
313.4780683503197
314.2380040164101
317.7315239775234
315.1384303464008
315.5066879041184
315.0514004892239
314.351289546187
315.3918292698896
313.4704553639163
314.1827887749536
312.5145954241373
317.1526423102419
316.3845556946843
314.0329937311293
315.0094194213002
314.1641069107912
317.0647702343041
308.3038581698703
317.0054666159204
313.3978834868585
314.36534023916
316.8600617439297
309.0190728006041
315.5916907359544
317.1870644640027
313.5194665647988
316.282396152306
313.3050325741007
316.2232938957932
311.0333748714919
316.5181515341653
315.2632415885243
314.2201782939605
314.0928136993377
316.0080572520733
315.2240334761779
313.1264338142412
311.4165777761074
315.6638203789852
316.221033578643
316.3065166966968
313.4126660351912
314.1123726759309
313.867032395523
311.8064047740303
316.3285021704807
314.4947476310525
311.1792731919574
314.1629859785975
316.1455766015349
313.1163765355795
317.1587722961
312.0196825595442
313.7827601049244
312.3640656031297
315.6783530839411
308.0567087845356
308.5558825653033
314.2163657661083
312.0020930816291
313.2782644009239
310.1498602478397
312.7185558343086
315.0031981479314
315.193173302975
316.3945107839644
316.0909096101185
315.2823470925102
316.0295223031693
310.170452470675
317.5723241063701
316.5217448296722
317.1783418703756
316.2313137601734
314.010785840103
314.0171242974391
313.2844305922911
317.1201091424876
314.7793743059128
316.4294384777838
315.1635300197817
313.0924942010098
317.0386266667415
317.0295121053442
316.5155595396473
317.4767858598178
311.0069785985138
315.5176227156852
315.1569019075248
316.134752830606
317.2560973086528
314.0252218053939
316.111097730691
315.1517882247153
317.163401057911
312.223299875654
314.2152868254508
316.2261851407124
311.1395244456891
315.297320528144
310.0687591560117
316.1782512349769
315.5060204965099
309.7185724376688
314.1790678084966
311.493846153646
315.1367117522726
315.8825835734694
313.2218048912102
316.3036949772485
311.0770910806256
317.8869902673785
313.0521264947086
312.7119273338116
315.1438302538405
316.077379662146
312.264000030841
316.3622069751691
316.2762128980561
312.2592654042025
315.1224838564012
313.2491239320372
317.5039966862326
313.1506989704826
310.5774771974138
311.5733480735418
315.0294157204458
312.2148316936778
315.0818141743424
316.021766725844
317.0050766959721
313.3409151086065
313.2377375427635
317.0237546382879
313.1329363070321
315.4320705298739
314.0408432931763
312.0352004393997
314.2906466323328
313.407648695178
316.0193023717899
315.1310306242293
317.1180405216418
314.8129843358956
315.2040131982787
317.6737951750312
312.1042953751323
312.3346991280995
308.7771478390838
314.0686970955402
311.109310673912
316.3610355533114
308.4071437239722
315.5545597294298
312.0515352112216
315.0725207881306
315.4370624595449
315.0189081741455
316.2741072151893
315.2336274254204
315.3338340311876
313.5992001139577
314.0142890602262
315.1989687078069
316.489111768461
314.063054144026
315.7269042585889
317.0677196403112
308.0098298761852
314.2779932814441
317.6571245248852
316.0024325432325
317.0953481682583
310.1445709395218
316.1659687472585
316.3698983633264
311.103798041149
315.1516328495629
316.8465699679949
313.146588725142
314.0495446704252
314.0849468108459
313.2783385459099
314.0996608174653
313.0155459810381
315.1904967486381
317.0760834317171
317.7317390906564
314.2795301641656
316.0066626252495
314.0776515028721
315.2619586235378
317.4671256674915
314.4657614174297
311.280842914678
312.361490080805
315.87534306191
315.1789175324255
313.6514926992644
313.4038231965279
315.3090714218887
312.2145660257132
312.0160944185843
312.664145146834
313.3260882173057
310.7311792415936
315.0408918296761
315.0772624217917
317.0067125360259
315.0820790514765
317.1002458909542
314.9826577698221
310.7618199872712
313.0553052435208
317.3282790913098
315.4850370918413
316.4481721127622
314.0374342577214
311.066767254453
314.1594566184669
315.6420881051634
313.1181934466973
316.3381467948158
316.0015352793071
317.0251808166233
316.2110179990781
312.091957111323
317.1978253455291
314.6329047445455
314.4129710329872
314.5856344391197
317.2079513012145
313.1554296211617
317.2854595784461
317.1445331664561
315.0624972487116
314.0552280576368
313.0520340099596
313.0470467977983
317.0479212939188
312.0586202756976
314.2462521793172
315.3299659350102
316.3824324384272
315.6907286020341
314.0411776716966
315.4140006382431
316.0040342624284
308.1435944280959
316.3165689463834
311.2907583237127
311.2060332924902
315.1582849818604
313.0479527197404
317.1021898246543
315.0636845782377
316.151338276599
313.1273344646491
315.1571499660125
315.1890644822699
315.0208620183113
315.3086194570906
317.3000507432103
316.4853704300662
317.1340059488576
314.1272889124521
313.0718386831114
317.0967325859958
315.1679930545188
315.367244163057
316.1739225945802
314.0078483414302
315.12395837897
312.0251253601059
309.2428178349176
317.0965492873323
314.0156889918709
317.0675669378435
316.2483911263996
317.2519777970354
312.0358746022448
310.3447879081466
309.0269157016938
309.2133557806114
313.0449822342962
311.6923340333021
311.8082730849229
314.160449901173
313.1452168940913
317.8409484477983
313.2022267418492
315.0344722702959
312.0737088563167
315.2335865778524
310.3947148617713
309.0206396273536
313.0630904929822
311.1595028151905
308.3975197212404
309.3755586880708
309.3844684481044
316.2837864837051
316.9502378374881
314.3008546045769
313.8634395884379
312.134938436777
313.4943371814252
317.0443696209961
317.0125507962502
316.0148894751662
315.237599165713
311.5542211144169
317.3105146616278
316.5741560981278
309.1270037131848
317.436894406901
316.4292324411527
312.0113822384351
307.7480644593961
311.3360267105589
316.1424972266253
316.7119211010177
314.1749097799151
312.1668403198282
313.0499102778409
311.0109983054561
315.0626726826035
314.3832108355438
316.0587639006501
317.4997798360615
315.0508600009122
312.1810774193133
316.0870658724406
316.1913818268677
309.2259044425065
313.3827244602288
316.325657484915
315.0157285280767
311.2038476262181
316.3674458355596
316.1199568598153
313.023017974874
317.0389130592137
315.1173708816629
312.2964932526221
313.1538654040101
310.0117646617559
309.1379426154344
314.12882834583
312.1985360832538
315.6292145147753
317.3002894689111
313.1782089719184
317.1417998304895
312.1154503471151
313.0165674606992
312.1098076884936
313.2896232008717
310.3530216331112
312.1184513127058
317.2822346031453
316.0012647004046
311.1173772612312
310.0398740003343
316.7918660027935
313.4987578674937
312.0723677654837
317.0093458864611
317.6248776102387
315.265218003007
315.1153638875767
316.0418355146487
316.1205232924401
316.0276755011811
317.3439929345619
313.0934808937136
311.6318280591158
314.2477155986302
314.8889598445238
315.3191262316126
316.2970773399172
314.6922918310256
311.4771618511837
316.2305361362105
312.7471146323194
311.5260626642993
314.3659451656129
313.3011393772293
316.9693313586598
312.5320362458649
317.2186250245512
317.6524785796045
317.4073545571908
313.5427643951292
316.9247372519395
314.7116816147772
316.2221111134801
316.4705284055003
313.1681565131379
316.0036993708444
316.4536304327565
317.0764205480846
314.1008683911461
314.3896114588923
317.6377832598241
307.4448912863197
313.0676128951851
315.2479202098783
314.1413556629412
316.9425559140977
316.0148946050626
315.1011494076027
317.1579600829693
317.1359193912961
314.3977607776175
315.0727867488827
314.0051062135271
312.1718151997495
308.3043963812845
316.1559896905008
313.4376709757454
311.3016862286494
312.4372693368639
317.390802472018
317.0849672204981
317.1275394300478
316.5532319501133
313.3453468441886
315.0405750209076
317.0595548941395
317.3740640013392
314.0144845320359
310.1958686414361
312.0387391525862
315.1685691135185
317.0134232262085
315.3404559244859
317.181198849945
314.1405615048618
316.4381965176043
317.1759368145399
315.0254249041295
314.1682728867644
315.0183502530512
315.0258797809863
316.0413594374333
314.0902987532146
317.6311944636667
310.1559135295045
316.2410444291701
316.5392052641942
314.1635183553725
313.0190094758975
316.2425883389527
315.3349096603602
315.3676621720297
313.9614322289422
314.0054759850888
316.0205556527671
305.2427976893979
310.2190921466444
310.296162601181
309.0394803182989
308.3962517094087
313.2848278375646
316.1740214556668
314.2868951057799
317.001692204227
309.2451722211787
316.5079135855779
311.4757988047947
317.2545168267293
312.0041760623376
317.167098957971
315.1470802004221
311.2852942725576
313.2621512705358
315.2808434830363
315.2220669936009
316.5473645609938
313.3558794171203
312.3735014802559
315.0315864300057
316.091427211089
315.8912442188916
309.532052043923
316.0339722293667
315.1241241879518
308.3209835895321
316.0196927622891
314.0464138681202
316.0792411242814
314.4998743912529
314.0358740360405
310.1599679975311
311.0465706387564
312.1149072292932
315.3167411699121
317.0023982770707
310.2505239775865
312.1146618988741
309.78252639774
315.4071281174018
314.415468799362
317.3409487398185
312.0587712560856
314.8580685311291
316.4299425606383
316.6116279505032
314.4209804899479
317.4982345472149
315.0102804861224
310.0531852699278
313.2562057191259
313.308923562025
315.3767122206457
312.4317596884599
316.0749307677293
316.0449724404166
309.0918157636759
317.586301119932
314.3820867598707
309.0269594108499
317.1927733533607
315.6211165222352
317.0887787359295
315.438411270658
312.046587874958
314.1894889028184
313.5167219593862
315.7185494733444
313.1957901843486
317.0263347438635
317.6341190398239
317.3943148146184
310.0408278824576
312.1984672205645
312.1023244871272
315.1321274733313
315.7798829916871
310.0070598709592
317.5903648380996
312.6662829045245
316.6978038468492
308.2234690411802
315.6431011035469
315.4110987453231
315.311112770528
311.0996667660079
315.0764865939262
316.0964546833725
314.0033895645937
314.0246678912098
316.2288528674063
310.7574182750191
313.2068491096132
313.1179966331461
308.1516073987972
317.1672115198405
314.0458228844562
316.2072843936656
317.9700921331993
310.2485572178952
311.016827131231
310.6662764619559
313.0260977978132
314.0641648816006
315.2240397688784
316.6134815953762
312.5862300899124
315.139440346843
317.3752995384296
315.0834905199678
313.2453207457406
317.1247244157825
317.1472993002743
317.3848733162854
313.1824973198758
316.0184528559378
315.113197988046
312.8037612505554
316.0860200666749
313.0047670180697
316.6678517463772
312.3515365975999
309.0912248406356
315.559912608727
308.5645562455877
313.0489037697942
310.4916774056458
311.410010268327
317.0036457999531
314.1166298508194
310.6575473739521
314.2820288754073
317.3046541629607
311.3950723046498
315.0168120589009
314.1407570470275
310.2036751343609
316.2893971073745
313.886530030153
316.3593472868058
317.1136418294758
308.4516450080156
316.4301111203491
314.0267098495648
313.2552684137827
316.282055512799
314.0478561030443
317.0004021349267
317.5544836763412
312.2959174932913
316.6513710258557
310.2534716721871
313.2638466438827
315.190768942888
314.2777154790447
315.1973748049076
310.0678792993079
311.0053377214437
313.0670882261434
314.3631406812843
316.4855949711396
316.4539672068862
317.3521605347141
315.2214642966932
317.411602410389
312.2415198683253
312.0244987881555
312.0017578033785
316.8153640159616
312.2162709584878
316.4028863437244
317.11313117221
312.2441919068179
315.4742737832978
315.3178532659575
317.1387368312501
313.1663291562164
317.4840526568474
314.0507566979733
316.1465846931014
312.1600536831442
312.7838263418934
315.3596886095396
315.1564239437113
314.1105995319698
310.0063939832365
312.3398773344816
313.5803805743882
311.8762718011737
316.6958794780027
313.4036497348532
311.5332478153306
311.553991381999
317.0954089724093
315.0551706700684
317.0055243694014
314.468966039179
308.3659809013982
316.668722417756
315.0695634443415
316.230847746236
312.0322387312679
315.1055584279692
316.6540847294679
312.0565641952746
316.3512326440442
311.3024872701221
317.2888045259194
312.1710011698736
315.4917010992425
313.0099534503469
312.2195527806069
316.2236355941056
312.0318461632446
314.2916846762585
314.4218889204257
313.17675916134
313.1149701102263
313.1359432403499
312.0640131833149
314.3050182268476
317.4594517608775
316.5167775026908
313.004260251579
308.3321791869151
317.0673175530047
316.0617520215533
313.1287623936556
317.4719813509122
315.1538806650748
316.003797823568
316.3316734136496
314.6394961445424
317.3725604478275
315.3129183627693
316.2259457268202
315.2044149365983
310.9428664305344
315.0352304021116
317.0132130313827
312.1359584299549
312.5737331894032
307.0237565863269
314.2890064733811
316.0850310583837
317.1933339922023
315.2155216272141
313.05993395101
314.4922392539252
315.103188898035
314.2060427162236
314.1702742022074
317.0142839879776
312.1043580017093
316.1169404588379
314.034860933948
316.0907694835786
315.206923938244
312.1100422840324
316.886583356443
316.3028078156912
314.4277282358445
314.5747917094513
314.300144744677
313.060894143073
314.0150096564354
314.1285865767872
312.5811506472313
316.1429055158993
314.0042657954507
313.4571550442316
316.1360835710148
314.8753094525749
314.0132180003665
315.5566110760082
310.0933387539283
317.2767177687636
315.0448528313875
317.3450412058422
314.1489188706954
312.012148996724
314.1826141516957
316.2882333084573
309.1757854847386
311.7702423184721
315.089291647381
317.1030696168699
313.5933416014653
313.2712379731822
309.4812135529084
315.5071337091597
310.0326801301541
312.0259773167281
314.3201579419409
314.1750626068107
312.4764487378212
316.4579819571686
315.0944508871765
317.2962041604311
316.1017879334642
312.227701780069
315.2013935373174
316.3658609013167
313.1443706917511
316.8868094395428
315.0922167326491
317.0842012753201
313.2022128763401
314.5292634545072
316.1118039987438
314.4126720758186
315.054804420204
313.1539426863716
317.5172182352754
316.1449855329793
314.6209369458709
316.0246795066487
307.0618769520351
315.0759476053275
313.0699488272587
313.136006898951
311.6447516968454
309.3531269087781
317.1328480289629
311.0284853839838
310.0121979210002
317.1395126544804
313.0888873292449
315.4013288104554
313.0586128064126
316.1403854354191
316.0786853229936
313.0680544243545
315.2328321297004
314.0918317529385
317.369496931158
317.1340265381677
316.2496887601994
317.1316762180141
316.0654747151479
312.4529901917098
316.7965289714089
313.1627085024626
310.424622062193
311.301826391642
317.4247356916726
313.0822114832052
310.1349696620728
310.4110109153297
313.4521808483714
316.1090727028048
316.4308214735665
315.1679934352757
315.0332440950915
308.1117447274348
316.1725230585575
315.1043468620402
314.0014267566394
306.0702888391444
314.0454044222112
309.4472722373995
316.1215869108174
315.0071070256132
313.2991260793423
316.2874456933218
317.0831724121612
310.0535164153322
314.1740913297502
314.1364931840337
316.2020999731557
316.2670278702666
316.6042805800236
317.2195832314299
315.0100045494135
314.5950400112014
314.2402336682866
310.5008445829085
310.0053674975622
313.0205732309898
317.4744950073611
312.4367849272843
312.0742014132127
315.4777209379722
315.260395243332
314.5367437251849
313.0649437344385
317.4131204344255
315.1025442452744
316.090367550967
312.0610279738526
307.0242426340523
315.7178007852775
309.2289186642878
311.0697756392068
313.0561896514193
314.3700888588639
317.3091463925722
314.0341728202719
316.508441884316
313.1760226777106
312.2726888346928
317.7203623333539
312.0057621565214
316.3175039175343
315.0627969118061
316.5896629290809
312.1683924750274
315.8020601557657
315.2429470632011
315.0660589770553
