853.1207788943785
855.7215986327687
857.0539124105667
853.1295227337624
853.6657549241282
852.1690350384503
853.0794778198199
857.4780000225159
854.6303322609019
852.324601962368
853.5838289167397
852.1586843182455
853.6589837425058
857.1285914127487
853.0363828634249
855.268715866869
853.0273282382037
855.0704570560351
853.1790020405318
854.2315544258254
853.3968799524255
854.2243887740761
855.0843698815132
852.5627652676791
853.664510083146
855.0653512766676
855.1430341532309
855.7742910412461
854.1479154018161
858.1856782953978
852.9089019454848
852.3151971277126
853.2204944651852
853.2031758273922
853.1415142862023
852.6324912969326
853.1810118725623
853.1655599334862
852.743869454034
853.3645225395674
853.0669575663021
854.1577337401844
854.135255836299
854.3295677230817
855.0012404280608
855.6119327640871
854.422682291195
853.3950419733025
852.1608495468809
854.4870541889544
853.1778233552815
852.5605160495779
855.1377863144099
853.0577271794527
853.2022765526931
853.2715093159343
854.2074681526748
852.8430419533843
857.7803231556613
852.1410606189775
852.7046192813499
857.4842237721663
853.0741143701456
856.1042098980138
854.4318464045723
853.215901282483
854.104211308431
855.473534852594
855.4184421420966
854.0997708795328
854.0856077995448
853.1650478790816
859.099786460654
852.4918858191104
853.4541437001076
855.2367849870451
855.1026257907392
854.2916679682345
853.0110032233603
852.2710127797048
854.3866812516243
853.1658702558206
854.1681727492812
854.4255792371586
853.0677127603003
853.381823457479
855.0169235746988
854.1049965660757
857.8758632255862
855.0058386676513
852.2343170585955
853.2120349323554
855.1060383902621
853.3962707806069
852.7388002660464
852.4923996920339
854.7781027876666
854.5537671111749
855.2027343590817
855.4307187304444
854.1209717882691
854.3507748680846
853.1678618796167
852.6810143963289
853.2628494444087
853.7251936626645
857.552337937222
859.5094364357896
854.2143867145343
860.4646980261687
855.1106723231795
852.2504980210151
854.5036535074299
853.7193261222936
853.127038569904
856.0053515723797
854.3454273522077
855.4474709940473
852.9973533238416
859.0780891789527
860.1432379552347
855.1565755684023
854.084525378688
853.3833074762919
856.1648580271839
852.3136368419315
861.4607979902912
853.1538556717197
852.8154199608897
852.8667239743099
856.3040904761878
854.2100179259053
853.2431482485425
853.0064860747017
853.2024774528777
855.0558564623952
853.026066136427
853.2064602794991
855.0937188742625
853.4633235486118
854.9542506138282
852.8361486470891
855.306430086888
854.2606856264747
853.8262957725937
854.6519492550522
853.4532903757021
852.7962768393968
852.7487958258766
853.0437486306953
853.1624103503601
854.0689281046989
858.125357250743
853.0469200153149
857.060134200889
856.226687893515
853.0075637709792
853.1270181798801
853.458593349669
854.8136993337499
853.2111254995699
853.0160415430443
853.0600080540581
854.2748489673162
853.0090711679989
854.0696057854433
853.3439977848645
855.6215734338823
853.2223581119017
854.098451186808
852.6332975728753
854.2153472319045
854.2268134489316
852.3658489463744
856.1514352826457
854.0567132699908
856.0966930038264
854.0610549879752
855.0014110609465
852.8513399763704
852.2728904130605
854.3562974463889
853.1086511802185
855.7251188659358
852.4216817054286
856.2002979706974
857.0150642545777
853.0084809994071
853.3068803868408
852.4363301415739
854.2521811427806
853.342547710667
852.4281362094317
852.204943307992
855.0228868336156
853.4112689204951
853.1272870291509
852.4653103241841
853.1865366734487
854.0594748082539
853.4143955119912
855.8124023574244
852.3106033913364
853.1531827275062
854.185428898778
853.4491606977374
853.0787122657106
853.1532797059665
852.3687785528116
855.4566588549862
852.3223856799844
856.1432269761882
854.2562151810022
852.5317044072023
858.2916030915225
853.3154920917672
855.0585216232282
853.0616607307402
855.3749971459451
857.1936185394324
853.0933018128554
854.0229368537744
854.4613513925082
855.0427348452267
853.1906200022798
855.8123439242837
853.1410623878103
852.7590458829874
855.7367480574434
855.4275872992076
855.0509307698873
856.0816581375618
852.1442002587662
853.1889222448526
854.1040880903339
854.4242290748405
854.0006732015684
853.1165282610187
853.1921327620136
854.2119314753793
853.0609592443376
853.12053005119
860.0056235435795
854.7340087684718
854.1055054072194
852.4192027651906
854.1430249532643
853.8061180983709
853.100377035204
853.5024502357569
852.7060678921691
855.2077943212813
853.0303901085492
853.1460668286192
853.4875375532924
854.2190853247017
853.6732331368114
856.2715067573084
854.2076289229354
853.0609781405896
854.0918841389697
856.6661250011059
854.0206610482303
852.2215247844769
856.3647046272791
853.0248433785112
852.3046754679214
855.0542736817653
852.735412186819
852.2287770859203
853.1345196080334
855.000241816793
855.1179723752804
854.273889804677
853.2751363433983
853.538119963897
854.1551803921415
854.1208329615204
854.4123532477379
854.0071202590083
854.0902273066366
854.3069471782817
854.2733624586087
856.4268465038647
852.4573382848511
852.1845717537104
854.0105843233035
854.0891493594223
853.0604819874328
855.4273112943246
854.226644659482
854.0392771239665
853.0561780661678
852.210085273064
852.4825508030777
852.2519833770125
852.1048909712496
853.3472599969157
855.3735957382152
852.4015659889268
857.0872394357399
853.1782692592434
854.2182425822466
854.1041527679212
854.150720736068
855.1517520278875
854.1967851013044
852.3761201212039
853.1580610860907
852.4224981860992
853.0013839658271
855.058399730779
853.0661902244365
854.7355180756431
854.0340119601144
855.3167669314636
857.9766834219198
854.6315357085705
854.0221284917774
853.4214587273731
857.2279648136822
854.0344539254443
854.3111615285578
853.1159966428664
854.3429693722692
855.1450484514609
852.0643387150733
853.1424861200763
854.0079807294705
854.0241176019197
852.4741364879467
854.393232601095
853.6440674518036
857.145761045642
853.0540725038609
854.2014925147629
852.943498938224
852.2495183008052
854.39615847476
853.2027863761407
854.0991317165714
854.9203051708778
854.1471572153137
853.6048365477702
854.0384674962602
853.0124707205017
852.3981920996949
852.102181544142
855.4193620798369
857.4588868116441
855.0901336060159
856.4827386097273
855.0444002055535
853.6216240724797
854.2420626332893
853.0227093012306
853.182833480532
854.2022253961724
854.3072900281685
853.2301858416954
854.3111942286382
854.2099440356362
853.3461598050433
853.8963875371816
852.365909142011
853.956317799187
854.366651641588
854.1303999557512
855.2884871132956
853.4489935033764
853.2195131825509
853.3977727722792
853.0799375167667
852.786584680476
852.4473610782493
854.3231970798248
853.1331981407179
855.12306791251
854.7460294897744
854.0896935261748
852.3908957029761
853.0790823240967
853.2145258132638
854.019871584243
854.2744897007985
852.4588193100443
853.50123087347
853.9111038043746
860.5740995435114
856.2282459933153
853.4352669050426
853.4327022003629
853.1803482954145
853.5019864317524
852.7247452337222
852.5878046427525
854.2168692443903
854.5342019471333
855.7429268491381
855.1120086742803
853.5519373021757
858.1288476939864
853.351336336108
852.4018768210285
857.3366548688134
854.3628350711625
852.9360025489499
853.2553356840348
855.1217564495553
854.7209596909856
854.0004253488875
852.6997795763829
853.499434142555
854.0594893300291
854.8446926375586
853.1876296096437
854.1601975311654
853.1131252555331
858.2259131323117
854.4212200093239
853.2271169854281
853.6252114680516
852.3834698629016
855.3093406696914
854.2774681034758
854.6086826043322
858.1330031502189
853.0355564772964
853.0167719450494
854.5798580754222
853.0923755942175
855.0791981851935
856.2592383390933
856.2865977309491
855.0229486547197
856.2700153913152
856.198972427627
855.1370050952244
853.08729709393
853.8532053153143
854.0522357576021
856.0959905296668
858.0806028549308
852.1802063417668
853.1229368053282
854.0960390167972
853.3311828583204
855.1455947055472
852.392177494175
855.4734035649294
853.1007039009211
853.0123011006241
853.1794526149121
859.2974678332508
854.0483569720839
854.5752014426076
853.124791859553
856.8860928760109
852.8340060622126
854.6490728746738
853.1553874767706
852.3372596505477
854.8680406935063
854.1899890019909
854.1363717832445
854.099393311647
854.4009605304275
855.2286346452378
854.4527549373928
853.1388232235705
854.0101013733646
853.1237509182164
855.2506087316658
858.3430868747986
854.0393271017664
854.2234063919973
855.0296722371659
854.0875613818587
854.0014190117173
853.2355450863556
861.0061996449248
854.4330193079776
856.2564102439395
854.0885381739528
854.1035327088214
855.4287024456206
854.1865858119725
854.1823944593073
852.0278078391916
853.4129274227229
853.1332361372025
854.7087787747155
855.4795207846722
853.1307700176591
853.1338792409059
853.4033267679678
853.1883387181159
854.7548788400228
853.0185703934276
858.9892692623814
852.472034933863
852.4593161009427
853.027733234495
853.8231637491784
855.2050133842425
852.5034202013368
853.0657331810714
853.0726229026554
852.2396110125093
854.1491589765049
853.0162855762763
853.0767390751512
858.0774586786146
855.0000073065451
853.5618352470707
853.0896633070525
853.0508353837195
855.1524313996764
854.178322852479
857.1124412847961
853.0652198306925
852.1287037266633
853.2791829603685
852.0590186508906
852.3589318988518
858.0053924469961
858.0844507133219
853.3455746275379
855.1459082393366
854.245790023853
854.6597463306447
853.1356735719427
853.1761313165985
853.8784687779419
856.0641522671489
853.0992843176354
854.3356423253196
853.0714996343576
853.0205190655676
852.954482852191
853.0612484377812
852.4177821943377
853.2046086741037
854.0176646616823
854.1763086164003
854.6352810504277
860.1758546095455
853.1006505337839
859.0123267548854
853.0726250520177
854.0100474731676
854.0012443335913
853.3023170567586
856.45948215633
852.4663548025815
854.0946025664514
853.5519477822305
854.3594961727053
854.2216669779451
852.8893196717667
853.2180616373554
853.1709788016146
854.0906405456069
855.9061970570654
853.3492247753358
854.1852508751239
852.2345644419759
854.5185650908072
852.0667867685337
856.7967040105785
854.0968127784887
852.4057993867524
853.0660087999772
853.2083894884904
853.0229358330524
855.2342043769976
854.0054643959733
856.0808045478384
853.0746284922773
853.112432683302
854.4732750892251
853.2516804922884
855.3589275537448
855.42771677841
854.0671956611855
854.4891077567895
853.0498866650815
854.3668962101739
852.920509780981
853.4909086686691
854.0300786966707
853.0557761706818
853.7507707552778
852.6875825663026
853.9177480604535
853.0589287274169
856.0097353612571
855.289455384013
852.589911983911
854.611568991118
853.6374749993537
855.101091150835
854.2942221779359
852.4946779681669
853.9074060969388
853.3389095516413
854.7133888115164
853.0741066788506
852.5881982817519
853.0770785071719
855.039165711019
853.015933020371
852.518069396335
855.1509925923068
852.7700324855788
854.3292701104505
853.6799300865554
853.2601231819726
853.1767556877011
854.3155465822914
853.0746906908506
854.0608793402937
854.053441110658
854.9614244382562
854.7698743696354
854.2939994080011
854.3526197314237
853.2359725013781
854.0992609281525
852.7755203906544
854.592156594878
852.712806380817
855.0742335436289
852.4083973336958
855.0418711715632
854.3229452614579
855.0888998908898
853.2205376365694
852.1238157229785
852.9763723119272
853.5986776746406
853.5854246438419
853.7437468388582
854.4831319548781
853.4846593194699
854.515162870883
853.9331998044049
853.0319570144652
853.7598135479644
852.8814884910566
854.1519893444329
857.1718747557944
853.0167173218671
853.2211797093591
852.6700951373322
853.3230699230735
855.5696902449574
854.1607950428961
853.1367104684248
853.0234476993877
855.3054681596411
852.2486035177444
854.3599515291423
852.9536770675064
854.2928777094153
854.1296711691442
854.2580465247634
854.64063509301
853.0333769039921
852.1444963186779
854.0832061369106
855.2570466525358
853.1800403747723
852.6689663440025
852.0522025353753
853.210078365519
854.2092386263188
859.1118115008586
854.4177338308402
852.3960427823454
855.231162803911
852.9376364232771
855.0775092332708
852.3445142531714
853.2058037597831
853.1380578526635
853.0313625707763
853.0899543594111
855.4834351432434
855.1897337062846
854.0106053296597
852.7641522876436
852.5822963941159
853.1161993932026
857.1101320447297
853.0867657071203
853.1064914496551
853.3236371863816
856.3324204961673
853.1565875882455
856.4852428375868
852.5663895013186
852.640707507956
854.1133726832547
855.1831673607927
853.238076702531
852.324599634753
853.9967046665349
854.0513727991411
853.0173067367446
854.1788983340972
853.0663919118815
853.1593221819904
853.73070633362
855.3811549378783
856.1550905453228
853.4462846184853
854.0320815733845
852.5412550663478
852.3134648086207
854.8615166499623
854.498626452418
854.0608319489168
852.2443469589604
856.0043890738726
854.0909784992999
855.3490797968495
852.089904219153
853.0537797646779
854.2669372616525
853.2223406458852
852.1206141236643
853.4118930615188
853.2042536707912
853.5363641544113
855.4232192611767
853.8013179958665
854.2751292753359
854.3240320250868
852.2010607651757
852.3509620198844
852.3281011335673
852.4359058840504
853.1073572285012
852.8420467815417
853.0462864373379
853.6177526801348
853.1934010611764
853.0509569057695
853.3224380008053
853.0759182814339
854.1095202103575
855.1856605246998
855.09791759289
854.1079762153033
852.948018756426
856.3280544848736
853.3880825618654
853.3919788734033
853.0256870556185
853.2029933550385
852.6475660149127
854.144714274663
852.855194416252
854.1984182665976
852.4892854382688
854.1134199022963
853.0175641285979
852.3230785378839
855.0282745400635
852.2210430720177
855.3477336738778
854.0860322588936
854.3946528272581
855.4005472289086
855.656896829645
853.2399459759097
852.4362048622135
855.0118232018549
853.0331971040882
852.2401833320456
855.2743776646579
853.1775068313647
854.0864296991834
858.1089027263275
854.4916560774393
854.0622950448072
855.0862309818001
854.0345008233202
853.2001069461389
852.9458003857234
852.658806781998
855.0536428745544
852.5734018623954
855.0551250150321
854.2587829158412
852.3185047410508
852.8051761676861
853.3598692401151
853.0912562789106
854.3604990073628
853.2466206852947
854.3709996989002
855.3124324971802
853.023489178923
853.08301111096
853.115944781396
854.2566278751485
854.8858767719296
853.0891297578158
856.2855314814987
853.8092885219144
853.3216580741378
853.2356595054312
855.6091252328954
852.7572667323742
854.2054906042466
853.534219505908
853.1936415279023
853.1175099329278
856.264793677242
856.0211871398982
855.8997107093857
853.079205825404
852.4963893616194
852.4243964820429
852.1390699800672
853.4661176537193
852.3302578167583
852.4921876301476
853.2339086920878
858.0328399061677
852.0422086014925
854.2274134445099
855.0518126667571
854.2147306524134
853.4749480544464
861.1415854022297
853.1496783191083
853.1586275664209
852.5786263368354
853.1620392183202
859.4882118447775
854.0856338799032
852.4977626565974
855.4294397105477
853.0230913357634
854.8980786756917
853.0367643393814
854.271030472215
853.0729045947371
853.8192210257046
855.1438353716242
853.2285004532434
854.1099230457029
853.5508971965511
855.9631883364762
852.0860295106746
857.7710709687257
853.2571499073028
852.2147772930331
855.0105232775309
855.0711029019878
852.4929669674314
853.1012170390578
856.1026987210196
853.1315335911684
852.3117956127136
852.3493169414141
854.0611402586017
853.2174898759508
853.2575803039185
855.4918324142707
853.1356535715428
855.0611831830865
852.1159183695956
853.0568611571792
852.5326488426044
857.0650100435121
853.0377800296745
852.7709985065007
853.0630114964222
856.1124922824235
856.3175386741118
853.1934749886816
854.045823496267
855.0490689246634
853.020618700298
855.0504328844202
853.5723901348723
858.064412326873
856.2446411615884
856.5082336486946
853.0301838276698
853.8182340072107
856.2805949049396
859.8360313718208
854.3940086651478
852.4042754529
853.0763965502531
857.2352237295529
853.233092739513
854.0734600063689
853.5394999548473
854.28563666679
852.8165194545312
853.5303353595848
853.0693952014624
853.0832273195318
854.425965202628
855.1791976463124
853.02940836102
853.2899157256631
852.02693419888
853.4732809830643
857.1567555301627
853.18912406392
852.2381838335031
853.523485438095
853.0287725447942
853.0725145500728
856.2935293133447
854.1882487073264
854.0747842525928
853.2997578532066
858.1240086317654
853.0508200352763
853.0861270040552
857.3567013448693
856.5573770017673
853.0439749714163
854.193231942404
853.4361344503096
853.0793550649662
853.1480717300827
854.8331600926225
854.4989676991983
855.4281779132814
852.1648624128137
855.197366794997
856.859810311043
853.1214106875883
855.3623931104142
852.6510956215494
852.4135019573955
859.6493819454387
853.406930915929
853.0059252590262
856.3675592096772
855.1582453151053
857.1099835542724
854.5677497845321
854.0228945289696
854.6077918707534
852.2191100680711
853.5160678285646
854.7562231869896
853.7117657817661
854.152946157139
858.1362575963226
854.1719727693162
859.220733901146
853.001822824924
854.4545180177759
857.2208201446107
853.4576518401378
853.3558347423395
854.0245898284729
852.395252427565
853.0624031843954
855.0603707892251
854.1044649160328
852.8000142473377
852.2857517667638
853.042897169328
855.30794474198
852.2757014059639
855.2109594513025
854.2353299908142
852.7045313328796
853.3160203857689
854.522550334416
856.6432393964113
853.3450647758162
855.073913046312
852.6820008436221
854.1306190362069
854.380036897197
853.0034213768265
853.0165164335883
853.2438567391057
853.8874067606586
855.3955761482853
857.5108021727158
854.1403971598498
858.0771403195124
852.1333700261124
855.5654004542866
854.5336713477432
853.0368365236018
854.0069563348205
854.3907269580725
853.2178109973398
853.2607300702944
853.0179759909705
857.0155212185127
853.5055232352273
854.1369368232184
854.6866524125874
854.4682276434464
853.3294482083478
854.7048218293072
853.4763940916331
857.0709388391813
852.1071785700915
854.2376955343653
853.0112051902682
855.4423203637035
852.6206637673654
852.1628551076955
853.1105194441848
853.8849595562527
853.7823602756062
854.0269700679399
854.9741392162603
853.3593520397585
853.3205389126817
852.0493195004559
854.071783427271
852.3324583538692
855.0625928891728
854.7436912377921
854.1747461790609
852.3112685940113
853.1221704886538
853.0405922071055
854.070860831875
855.3169018142431
853.0987347677478
853.1311268658023
852.325438422391
855.2444887519703
853.3923854544587
858.264730364763
854.1500616537382
858.3435047348447
852.2822587651056
854.0177803412955
857.1979826081164
855.133974489308
853.4412576226764
853.2668409911829
858.0760257991675
858.1031923490335
854.4960145514405
853.0643611772517
853.0470352892135
861.8127274075614
853.1580158871458
855.134994695038
853.113196274239
855.3661551952686
854.0854111589219
856.0421912977789
853.66039677301
853.2170710575186
853.1889663994632
852.2175068411086
853.1249545825822
853.0592205747145
853.7786079846328
853.0192968042303
857.1075620138222
852.7737594686643
854.7359812889038
852.605651877918
853.3226584882427
860.2169578036019
853.1665043450867
852.5098087255819
852.6149305386958
853.3382145414022
852.062207336832
852.2795383671017
852.4685775848137
853.0665590658724
852.444357414957
858.072450362184
854.8605079805869
854.0738441220018
852.1123703758816
852.0640653206351
854.0892845271117
853.048640638051
853.1085370252671
853.1966050930909
853.1058578826251
855.0166043926708
853.7144474604856
855.0776899104793
853.1390902275868
854.3902888016172
853.0371377874809
853.5538606281814
854.1734786215741
853.1568323927404
855.324491591661
855.9741253895197
854.0012695129278
853.236629355486
852.2465417938487
853.5442170562775
858.3180663711912
853.2032357567024
852.4931805065168
860.7916787651327
855.1231745815119
855.3252514567922
854.1932579469052
853.0816137410139
853.1331807702013
855.227918812142
854.2587336748481
853.2039294729794
856.103552607509
852.1257801476968
853.0579742847373
855.0194970347
856.8618301579593
854.8384337110314
857.0380765604507
852.5278980132888
852.3764962382439
852.5704756921454
853.1045554757198
854.0339433990532
854.5799792976175
852.1331988072402
852.6223951840221
854.5884861982204
853.1247354349739
854.6860673463816
852.3999667112691
853.0730315506036
856.0062023179819
855.5549301798721
853.0756304382397
852.2533297269968
854.5414726257824
854.2783971274796
852.1466516484061
854.0866641136555
853.0979123641263
852.5344429833955
853.2060937403058
854.9043904520238
855.1278999078555
854.2011940926635
852.1302872236819
855.5388284529233
853.1951758165363
855.0244994048519
852.1776212157647
854.1305116868139
854.0487552933018
852.6420376497679
852.3679480541618
854.0939742901826
854.1286336762714
853.1039787862272
853.1286931830796
854.214937129823
853.1149646798305
855.0845025717953
856.2616298280743
854.144730533552
852.1926149666513
854.0891925478426
852.4563100090134
853.0260833365153
854.2019061202903
852.3249788506487
853.7895332019148
857.0257862094871
852.8814535390223
853.2883348182659
853.0052414177275
853.5952747281561
853.7257483906807
854.2502730760999
857.4047088938996
852.214302009235
854.0231856734404
854.1341262003372
852.3432896418244
852.2630312718222
854.1917108246505
853.0401981293793
854.1634868852535
852.4154639861558
855.3192765685841
854.3665811889981
853.0730831561368
853.0308898025626
853.2033256986574
853.0091522512932
853.0165968211784
854.113687271113
853.0515065713167
854.0508234268337
856.1119938550507
855.0032823557013
853.4855523058714
853.1189525527406
855.0174994333981
853.0113489142816
853.0291357919781
853.4168453702297
853.2420405041094
852.2009661024407
854.1632975279049
852.3586831294709
856.1542504134497
852.5243495064433
855.4220223522925
852.4560921699835
854.1157157414666
855.0635303815989
853.5081295692065
855.5175713124092
855.3770504736549
855.1967579143698
852.9255468280404
854.1535036692095
854.1465717023632
853.2222848007357
855.011237342767
854.0752102567466
855.230220188583
854.6576299808756
853.1152152685505
853.2735793688944
852.7086018815792
855.4798704214408
853.2333856804971
853.196131826851
853.1982057024902
853.2144270858886
853.4736903066078
853.0670887734532
853.1149310203102
854.0374050356684
853.0519321456677
854.1923084626177
853.0646028547877
852.4208124325644
855.6638955715293
852.623544854984
856.056489253325
856.213169579654
854.1429933747636
853.2944691872854
852.5801325664049
853.213381291113
854.5045291548453
857.1089966891302
854.2425343594055
852.2423787574181
855.1542331458769
852.579530767814
856.0079281266981
852.2992765528502
855.9505503856382
852.1652557193763
853.4524623115503
852.1008687075256
853.4371396765711
856.3230767502312
855.6572000427942
855.7339551789215
853.2825508011631
853.2920051665159
853.5042699316624
853.2047857984361
853.1368640668414
855.0192005239222
854.1368645725555
854.6080302878432
852.5224771372411
858.192496440037
852.353275391413
856.1982365459569
853.5340469703896
854.3475861614829
854.3526990909397
854.4665672782828
855.3360768623771
853.1780612801264
854.6855616546553
852.3725787293458
857.6024727840601
853.0245203872502
852.3490813120721
855.0418804547662
853.0287446550351
853.3146490741881
852.5979834794782
855.6055752598276
853.3968737031892
854.0458743182965
853.2387064389703
852.9759184815243
854.0514029499094
852.4494590679112
853.1955234492898
856.403876568065
857.2604208451415
853.0713327300703
853.100255628027
855.6359454681339
860.0227830668307
854.0595594497294
852.322761133519
854.5896239480372
855.0426557918552
856.102642452854
856.494014219898
853.366880547899
854.1302675550514
856.0225765434603
853.3620121790962
855.6808882641554
854.1542496235705
853.6565123360338
853.0085945032265
852.1799486208611
854.016317467963
853.0414423295055
854.1903272496273
853.3283896587249
853.2888093122566
853.3721759370185
853.146237215273
856.3483137706223
853.5962739427871
854.5047458262051
853.1388961515953
855.0166423374021
854.6617284163463
853.2296187370182
853.1712630426332
853.1272907986046
855.5446607404999
854.3869102404543
854.6524473422243
853.0777243840503
853.0328244659577
855.2473495611122
854.0808589481156
854.3902864896837
854.1557399028574
854.2823495621611
858.6612457187358
853.6565321459433
856.3911235488035
853.2429997438637
852.921780175922
853.9268345979954
853.5559068345781
856.039570225764
854.300278098318
853.4797305509779
854.0984794210332
854.1688454142135
853.0927920301457
854.3346477997906
853.8272433974101
855.7941896125465
853.4516865587185
855.6335836454784
853.3810622816872
854.1046211043274
853.5597219542204
853.1635169709995
852.4882942021424
855.0021121319726
853.249144234121
852.754181559689
854.4387359687181
854.1395294635375
852.5438485410781
854.8987009928554
853.128524637527
853.3520442450788
853.227405885118
853.5459286656682
854.3616903194612
854.0967613842206
854.3555069365702
854.0780741075044
852.1883505416719
853.3280131656878
853.1413685687019
853.7168190902423
853.308420816999
854.5623538084019
852.73686255947
853.8182623085894
854.3878224623378
852.5728567260744
854.150658728436
855.2329734117179
858.4335225165938
854.4317763335342
857.1986149825935
853.076958134384
854.4326207150191
853.5497105402475
855.8028787636987
854.0142830041613
856.0118032217023
856.4624175358953
853.118926265873
853.1132508282353
853.0373761488602
854.1932241613273
854.098111412152
852.1928223589736
854.0660455651253
853.1105518017214
853.5635893420938
852.3322636108769
854.2285008948853
853.1406558362613
853.402113829205
857.3467459738955
853.8249488909563
853.1533519435768
852.5956120402968
853.151980911961
852.271417601024
857.4287511428511
854.2007940718123
853.2562064202062
853.3925285697986
854.450070056583
855.1086317569957
853.65935043921
854.2870120954951
853.4687237586845
854.0956888365193
854.2441257786531
853.4029116379235
852.8254691208545
852.2921978271507
855.4906123559615
852.4656019277709
853.0019313628594
853.0366359789484
852.0895091601444
854.2163803003571
855.1617783235913
853.7909374917733
852.2669603469596
855.3292199440893
853.6360059576185
853.7255450533805
853.1682446413853
853.1839278745308
852.9751128818589
854.43641212106
854.2835383668518
853.591860732399
854.1015920110375
852.5044378343063
854.0644740095972
853.2213373871142
854.1067489385124
854.868174820033
854.3642925683002
853.20397747049
854.0983855072606
853.2699689625354
852.0989777219371
853.2968244890852
853.1352322627663
853.0802381749099
854.0941320757228
854.9671989759876
854.8264927708343
852.7354693988976
854.8220373262218
857.1671443369479
855.1177079490822
853.4957966831182
853.4870504488326
852.3487689250583
855.3102599620681
853.0175565115311
861.0547157128356
853.547934429917
853.1784896658503
859.1253787356028
853.2874692431323
854.3013034106585
854.3522479767148
853.0075489317372
855.3583094969671
853.4344125551781
855.1213104813368
854.2022131790692
855.1941741187948
854.3158057932504
852.8828628642706
855.9798012550201
853.0392994500984
853.2599782689535
853.2399033939275
853.0583518998219
853.0242828260064
854.780721229869
853.6452062837793
853.570995942421
854.0824253294144
852.6829979644037
854.1342739209949
852.5420599502708
854.2698558238473
853.3056993433764
853.0504903104043
854.1796040382284
854.4373945568412
852.1148953142402
854.5890842661408
852.312030723684
854.0999676756493
854.2942387505636
859.5893161058085
854.3963491182628
853.0537827685306
855.214333465047
853.0306897933564
852.3639248589265
854.0867078139861
853.1470475681383
854.0168395288061
854.4632660260697
852.4157291488168
855.2028283146001
853.1175850684846
852.3777450290648
852.80161966274
854.2650995595444
852.4440342318773
853.8278122353339
852.4709350065708
853.07442661959
855.5967791606275
856.2914505020302
854.5977016409907
854.1632351099441
853.1589632832513
856.4287582846545
858.3324909046876
854.2420773324194
854.0427683380823
855.2139387538506
855.3722812831285
854.1164994983692
852.1317132349334
852.3228371152555
854.9393371583928
854.0493851475042
852.2197181165133
853.2221443610978
853.4835850540277
853.0633935895796
853.2581473876444
853.5381218117639
855.0731926939361
853.2144883273813
852.7305886901255
854.0549381730253
853.1152710539114
855.4367020381769
852.5982670078653
853.2649313664233
853.787444603832
853.27206336134
854.1333083007665
855.3550707833183
853.0843375089541
853.2292653375393
857.407643088415
853.04983198253
855.4215773946819
856.1236493113165
852.7244962201047
856.3185615255396
853.1824480649907
854.5640060350345
853.1607899863334
853.0871620753423
853.1983744682104
857.368598595918
852.1353287039857
854.1746043708226
854.2464965766767
853.0961168718283
852.2920922672505
853.0097428765771
854.0014216643381
856.1321264321323
852.1132936048601
854.3147470773686
852.2353709482041
858.2089424718412
853.0092653515876
854.0128385238229
854.5550902620887
852.4181126939283
857.3200683084827
853.8584158411411
853.4565917400587
854.1031071819663
853.0565037529173
853.0351233126223
854.1813579659956
855.0498717929557
853.6185394809418
852.2181544381305
855.1954601095005
853.0647085764654
853.2810378479533
852.1978591294538
855.0230276478671
855.4838865717309
855.2545793864247
853.0121779545468
853.0237123885584
856.2402002256382
854.3997582094473
853.0813253007159
854.6577880386881
855.9873176374596
853.5458659797016
852.6484871542647
856.3123140852144
852.7220830967366
853.1232822337936
853.0882846764207
854.0967651883984
852.1547956055857
853.0734624580825
853.2350010564573
852.4874408817471
853.5349542040577
853.2466142093616
854.5305233410886
852.4368275260827
852.3303103893606
853.5214800038563
854.0151283398726
853.0569162053891
853.2204326315149
853.135968360962
853.1457965176265
853.20517146904
854.3283687548021
853.0389717787252
853.4217292049917
854.0221807530122
852.4327321323025
854.1140281396808
853.3829646720609
852.1262698609927
853.4093586732964
854.2728676560604
854.0146907055914
853.0645295239043
856.6533157613391
854.2381077437336
852.2895934876357
853.0582477637116
856.1409051877428
852.6760214942202
859.0036107008738
856.5021789326573
854.046902300231
852.2203226876663
857.3723736349476
855.1827636558455
854.046189276829
853.1044759724604
854.5580886423936
854.1378332354689
853.7142571735851
853.1118807565651
853.1659929050892
853.5987092139894
852.6885992316422
855.3952247243149
853.2535257487771
859.0147560690804
853.0620999567207
853.6975469087281
854.2988957405121
857.0731659656346
853.0982004874965
854.254586241323
859.1823231019941
853.1028087397209
855.383647916713
853.796137433397
854.4133112296288
854.0203851466649
853.7687982389876
853.3130992800376
853.6073969618966
856.0541733824859
853.1326884493008
854.1375490186094
852.3967300325481
854.6576705950922
852.1569373071178
852.3814195881098
857.0032316746633
854.5069252696991
853.0801156387813
858.1524506873084
852.171399934505
854.5393773026677
852.0996531962278
853.2326048799994
855.0678583201995
853.5709399455066
852.0641259658163
852.0848900086247
852.0477062874771
855.1634919657606
854.4655685870644
853.2214791583787
852.3747569922868
853.5400129205761
854.1126869440996
853.1680101331021
854.1778057805004
855.0166147409485
852.0611188950087
854.5401133051092
854.7912820735396
854.2109644727217
852.0938602023414
853.6598126648751
854.1976327114879
853.3920864169098
853.1466315261592
853.1062389961652
853.1512061250696
855.2206194427101
855.2541449731257
852.7662483566713
854.2155503457008
858.06446990037
852.3470511260622
854.0234429594433
853.3892575885667
853.1434077118597
853.1854565026413
853.3095694292515
853.1454739904412
855.0384843978495
852.4594739041993
854.1981502363952
854.1151288722141
854.1353934445606
853.1725647262147
858.1617948402976
855.1255734893565
852.6464686181822
853.044036185945
854.0578999676488
853.005793576573
854.1608481652605
853.62350342714
854.091342683486
854.040068079531
855.1899544061165
853.1983902261151
853.1029300176504
853.1330816568798
855.712215564091
857.3557785387087
853.1880698413
853.0597570831059
853.0607583525307
854.2187160712185
857.9134642379819
854.3995278134319
853.221753219976
852.3939169927232
854.8054414095869
852.6625269162834
853.2093769699507
853.3209616539709
853.1728582520176
856.378406534729
855.337533543527
853.210724912649
854.1685289412179
852.201189545981
853.0442422689439
853.4004654123977
853.0620702556212
854.1072413418842
853.6116147929805
854.2200392422466
852.2556725518679
852.1145448667638
853.0241556811328
854.1793661474015
854.1299881545326
854.2838768366954
853.0384530197009
854.1611716019438
855.2136284704522
852.1474219782286
853.1944155364739
852.219442238624
853.1784470498693
854.1253381318837
853.1694193221324
854.4898440478133
853.0124727197062
853.1671593590769
855.0457303285598
853.5082777443106
857.0292631527482
853.0690619169777
853.0570458383149
855.0253346052792
853.1152724101795
852.1321762058144
852.9518427669884
853.0512650672179
854.0496465563817
855.5873438005611
852.5985558443945
853.112644658798
852.1152601262493
852.251893702293
854.1116918807217
855.4031207200651
854.0987241968927
857.6628000814281
855.4337503727273
852.2265976328907
852.0646437584701
853.0792536408452
853.0817773394174
852.3256598086392
853.1195496054906
856.1444416800351
852.2317436588738
854.4344845848448
852.2698813634619
853.1793125240272
853.0394994046536
854.4158663550897
854.1480936413762
854.1664752759538
855.0336592760888
855.5329587067481
854.4521785599035
854.3581037577952
855.2898616767784
854.0177923311635
853.3516664817095
855.2445241479214
852.2634211598421
854.0479959654218
852.0609808352816
854.0069747297212
855.3719765885648
852.0756057068661
860.2689714658576
854.0408129576643
853.1078978915201
852.1958683909717
853.1504636532661
855.4325631637494
855.2028570267241
859.5208200391157
854.0632282853358
853.2366962544967
853.2478710027689
854.2124951978246
853.2255358146316
855.7135937363855
854.6665514307118
852.1299016847471
857.0274422731535
862.8383587458878
854.0521804649679
854.0266009291645
852.7045545509167
853.2293338449286
853.8821121409043
853.0802448507991
854.1814092632167
856.409787271957
854.3150353542709
852.118224059046
854.1571701880015
854.2552599785963
853.0643858149892
852.344838200297
854.1050847268593
854.0214422118561
852.0445502630831
853.3042968721614
852.3412063005413
852.5249016751337
853.0270198821679
856.1100131801539
855.2206737546841
853.8237123468599
853.3207516906193
853.2696879292157
856.4880549123328
855.0838762540884
858.0002187782098
855.022664816034
852.1246712803982
853.053203719667
854.2201423928566
854.0371378912182
852.3542960341337
853.0557605396798
854.0631250639241
858.4339504099429
854.0298775774893
853.0720964652859
853.1852813164401
852.793799258536
854.2983235289444
852.5021264505735
858.7175264675643
853.1217083460219
853.3073577370016
852.5036112411138
852.6004666713187
853.5533341820113
855.0125991356693
857.4018874504701
853.1370191032482
852.8641300368233
855.1550270974626
853.1345146739999
853.3094742860801
852.597555954907
853.5583313130968
852.2471031730125
853.1318946416018
853.351041050275
853.4834531039616
854.0712045655739
854.053992528778
853.0206259260043
853.1275926021596
853.094433744629
853.0275473319434
853.7724321617316
853.0791113150781
853.2484384836871
852.3680058439045
855.0043010869992
853.2418725909271
853.4996294794174
853.013410682105
854.2970061300816
855.111399620903
855.0250378157083
855.0137437532028
853.2143383538505
855.3081248691938
856.1584046647962
853.1632587862949
853.0631113028197
857.0301215714214
855.2637573339036
852.1935410376649
855.3573027467052
853.6638683507622
852.1649595921981
855.4274531728176
854.114489077397
856.0542356725072
854.1621427399896
