786.041318303027
791.1068136904432
782.2447742321812
781.0363136779523
794.0264417964951
783.3491798199965
785.1554800736106
788.5938712828348
784.102744685831
791.5268054583952
787.1586291182645
783.1445998022701
783.4149317760844
785.9285574831611
784.1195532623175
782.009847062594
796.215498200242
782.1669405829138
788.0336408852298
786.1208997858471
803.0301010781238
780.8796821433561
789.0059896837784
798.7592966704538
791.8612131550042
782.5929072020111
782.260578922605
794.1007676022452
786.0645726096625
782.9679820952202
785.6887858475772
783.4134175725393
785.335929159752
784.0098809559119
783.2580261156414
785.096040751491
786.0811468616172
786.4960053404127
784.279796144052
786.2333003135343
789.1647640111534
781.1860718103301
783.225983948088
788.5481220450832
791.5159832186326
783.8373975939282
784.298885276743
785.0300982833832
786.2054848489041
785.5857995290747
789.52141137531
785.175835340222
785.0235593660645
786.2861587817088
782.1073059648759
780.599363843973
782.1417968959883
787.4814178585054
794.1200412690076
791.5939227287112
782.5771283327773
783.0283814030092
782.3058119362094
784.1796135988259
785.215357376151
789.2051719065313
800.4318096761149
790.2182195166996
785.0876308737145
792.2044114292885
782.4160052539105
785.1623575927238
787.2187398152364
796.113303403393
787.1322464384912
784.1669560785195
784.1924199244858
791.0879922124465
787.2039812077815
784.8785915473484
789.2243621075003
782.4546415307842
793.0312859968672
784.1266652001906
795.0499630438475
786.1906332708511
785.018125225728
786.0522791348249
784.1796255964908
785.8546465536431
789.206835150759
781.0910742029354
784.3847665814266
785.1001087934842
783.3454080926248
781.0454951143804
784.3422176271171
792.520139734135
788.2034544829958
796.2532502248491
785.2857389031809
792.8706650016844
792.0843514794936
788.1794057618541
795.4389063077713
788.1298366970412
786.2697121521477
787.8950033217338
779.7606412591733
793.0882949199192
791.107682827131
793.285979431747
792.5509772034188
794.0661896134097
783.1645372491173
779.1939281241238
784.2866372570841
785.4645102013345
783.6743124270129
784.2633410632343
784.3953015493103
782.4202717530109
783.059855406541
789.8814451656464
792.6327685196096
790.4299156195399
784.3813562471908
787.6533748905839
784.2156690845223
783.0738493786832
786.0122262391562
781.338921430709
787.2085286606805
788.3603327210652
785.2878746900418
788.2534681191879
787.0277154436719
788.205949756104
783.6233765893807
784.1874436460829
786.5573591914057
782.1909172211534
782.1131132896744
785.2079939461358
782.3046800363431
789.0188241793077
794.7693720675093
790.1930132517106
786.2032654333631
795.1164662231877
792.3836233022395
789.3251431293248
781.3026857461463
781.2859201617671
790.3407656411146
783.0620093170871
785.012939081853
792.2548400839071
788.4000485291489
784.2412411826881
784.1106856007075
789.8761100934659
787.1881885820114
789.4343320063423
785.1776345481079
792.42010105334
788.2647508186282
786.0640901197787
786.8552708626796
786.6813797409662
793.6854193993544
782.0842179811555
786.3124296136474
785.8114452994703
786.5230850102387
785.32535718175
792.1856563896177
785.1755935696136
783.1081086851532
789.2073715370956
792.2297624758754
790.1558947838405
783.1960993034468
785.272064447218
786.0039697221223
782.0203377210385
781.3066719447265
784.1211093220206
782.096809729415
785.174187347432
786.2103255265692
783.8579119684845
791.0025204594492
787.0649924979031
785.4378675946207
783.0940563249424
794.4810162607693
785.8464381336108
788.0166486675138
787.1045336459665
791.6135977540441
782.0544433028756
783.023142232729
783.1536606580892
786.4683983128957
784.5732961898668
784.1746716382261
786.9486306286881
792.0900392914853
781.3057271601837
793.6861416551899
788.3696063926374
783.1347980954646
784.2616826089994
785.4628493122576
784.5700478236631
783.4718360865343
790.3063866341232
784.2015148323097
787.1099139082226
786.2923383566774
783.0950332818301
784.1630987112529
787.3851407701943
783.0400164420569
787.4785192578809
783.1055407066029
790.4125230077523
781.6997254813093
792.0898380568042
784.6797365595922
787.1428887014495
788.0517848100865
786.1300426002595
789.0487514452642
783.2846766735081
784.2068389555113
790.1037633592953
782.3770191025127
783.1302443182611
786.130080598075
781.3435997630822
782.3363333162221
788.314176126182
783.1744815801587
785.6874938098036
790.1883800348668
782.7130198271052
783.2386556869551
782.4587159317676
789.4383798846274
786.1247766722677
783.258933675286
785.0243508062521
787.0312208796988
786.1657615522572
786.195842623349
792.140591322744
785.3290355340954
803.1602694588835
783.3289072332861
781.1134997440478
786.0546097709939
783.1085919546988
790.0904237690938
786.0037531927827
788.2099914873066
795.5441891474389
794.0718842228564
785.6292702485264
794.8826645938174
784.7370657352689
783.4583558137564
784.721880897974
786.3120795844229
792.0121399310677
787.0807633864056
794.1825733460212
785.7797203161983
783.9377417791438
794.1070800929787
784.3695999844335
783.4408172046558
788.644335328539
788.2474187333072
780.2015888443284
790.0727542376122
785.4136666119431
785.0142416180438
789.8390124812141
784.782202017829
788.2099028460988
781.0370651376909
786.2216327688529
785.321309142369
786.431644090719
782.7739949109831
789.2279227534024
783.0550686471423
780.0590600858955
784.5193164135702
786.1547797413513
789.186949155077
789.0290714338425
789.4896396686205
782.1594001678594
789.3097863769746
786.7676127455777
786.0974720229278
784.2744803596648
786.3516423636336
791.1023278614241
787.1657419688154
785.1171156069549
784.0631162191011
785.5869848054851
782.2430059494993
783.0669224007515
784.1105867864153
783.1068426536311
782.0334298184266
783.0056831154601
787.2466597441696
792.7070999949752
789.6787392674872
789.2946385751266
781.8642712200535
785.3061424625463
785.2885260623444
781.3725208791343
782.2424436081417
785.0027744875836
794.5390004325948
786.0576778842626
781.3247210614186
787.2797232659406
789.0572509011596
785.3436646245804
788.7738510323436
791.0254721108759
787.2263967869753
786.4634678761021
794.1690264597216
787.0273242813432
789.3636209965852
788.2584104994701
780.115670073543
784.5632842205592
788.2837129699947
783.1580726443666
785.5583491778391
786.2711341609879
784.4949964707847
787.3305507883864
793.1293026459597
781.3788941755934
787.0419756374355
785.71003165085
790.7699024082278
792.2637488111986
797.6539668392606
781.2245798170507
786.242006328633
782.3253523390973
785.4871205642166
785.031438055885
787.0085807562018
785.0781980426501
790.0341013600957
784.5198536019014
785.6562019557973
782.6064652605519
793.1862955892509
784.1394357821392
785.1980421073825
786.294759612094
786.3535443768703
779.8039445586396
785.1416289477964
783.4243668795369
786.0979370008677
783.1998960853558
786.2453382843785
780.08667573476
784.2406787921421
792.8194588571802
788.2138780074164
782.4336112468554
788.0064731902504
787.0576160637834
790.3601470776541
785.4076009399203
787.5326589606251
790.5341927969731
793.136503001787
796.4454293287367
781.1144237462187
787.273479935774
791.2061830671265
781.6559744009234
789.0855401775718
788.8911022955285
791.1091568690942
783.8067741544373
786.0283288364217
782.1369276722271
783.1509926477012
783.0981375015688
791.1048527854085
788.4187870834626
789.350637099374
786.4304667851288
783.2594705299217
781.2083858394354
787.1874265748286
787.3838195848436
783.6857462455579
787.5857835797706
784.8240371340373
787.3118445858101
784.1692918241674
781.099804673247
783.1985514792414
788.9033501933752
784.0607665297439
789.3007474675236
784.394708810899
783.0355797617116
796.1706546877841
784.1157094929946
783.0345218349753
788.2748079040828
788.0524818396583
790.4674462474733
786.0011080957846
782.6472755874928
788.1996682798034
782.4869215948213
781.227802674042
792.2384801911782
792.1838093867655
783.0241219195809
785.3836623764496
785.4659805701152
782.0059082152869
782.6252528668645
785.558134590526
781.4276116298894
780.316738391946
786.9080488243595
782.2586805248559
792.041045883932
785.6595789117587
780.0990060862603
781.3428141644017
781.9524327995028
783.7516296134262
781.0842529318023
787.0255811706962
789.0301263866627
783.1055979995378
790.0692841481554
784.419651315102
798.7167531954334
787.0848165771573
782.3164497108768
784.5651643520735
781.067615809247
784.2705379787309
784.1237704509489
786.0838343148455
786.1773980164314
791.2107892421
789.008289916315
786.4399713537857
797.0931018920058
784.1747309570596
785.421767496813
786.264314317755
794.0062475877456
788.368161471165
788.4042789670831
788.8271850942882
782.1131750615328
787.1852949001384
790.5527252330348
786.0188654814317
793.197660522196
790.0895667195565
787.0120401563707
785.79097731911
785.4655160920678
798.3638225671915
785.7036968554938
780.0470861580146
784.7583236389548
788.1587315185436
780.6017133276512
790.1001135540502
793.0681955510826
784.213910396568
784.0186432688758
785.4014236409142
789.5777557309473
791.1502844869113
792.2529184006731
794.2060682544915
794.3317676355263
783.212958022475
781.2443463019971
789.0400641760433
784.7593445932799
787.0688085775395
783.5449262505554
785.4307730839396
788.0367089016544
786.3987163831865
784.171728735294
781.7210473990965
791.2233336889257
790.3209511017097
790.3519986742026
786.112230722829
785.0466317809547
785.2908285640324
782.262180750476
780.4232484145889
793.3340448894046
782.0717034572688
781.2254931264116
787.5214357936392
787.6133525642668
783.3612992244804
779.5376032986211
789.7593347322064
788.1193508827888
789.4757645764346
786.2895470995278
804.7698977672472
782.6718826957929
796.2465387482753
784.3141548483818
783.0915987750587
786.7953559194488
788.7591490585476
790.5483604003762
786.6193166559626
796.429827745674
786.1349947178447
787.3730978800935
789.1562851210286
783.1242491333758
781.2761681399337
783.4885009170155
782.2631125860632
786.3558584986081
783.206687025849
789.0713223529168
786.2568442359312
788.5938407789162
780.1549375464774
783.1440089515976
785.0945259012027
782.3448261869099
793.1329219151613
788.3627085907549
784.0721739189554
782.0990433607572
780.2290743485122
783.1272916997558
789.2020172749565
788.5176095122393
781.1372110039632
784.1460076218069
782.2586197711112
784.1805330095868
792.0547431952434
789.72464643421
784.9145785688612
783.2036296390262
791.608073332934
787.8552913676637
785.2583210642065
782.6520260431851
786.0065015600068
784.3578326610764
781.0165278838663
784.0916441002216
784.2004768389885
781.0613590447707
782.0897080601762
782.0754107461219
781.079395206568
791.0928369289963
786.1056881137373
784.5412663047476
781.2762863872632
785.6054019855158
786.2976467925338
779.4909601973002
782.0821343833119
787.3325322815149
791.6481937950786
783.8191363234286
798.5290039285637
789.12650627094
784.4574517132165
787.183509713249
790.0842691676979
789.3530763232638
787.1562945590687
793.2314911534138
787.4491782613486
794.3590843199726
786.1475232664383
789.1380315135086
783.2018095660881
785.032788745642
784.2588233912926
785.8062164316185
782.6325005738896
781.3196268455345
786.0595369722813
784.39344875964
789.070887182472
800.0720781819944
791.0342060337696
784.1656644026178
790.0767513774653
786.40476435428
787.2656554224469
789.1754894455985
791.4381007886249
785.7644019004821
784.2687284982464
787.164181536654
781.3193962821066
793.2485768461595
787.5481568847309
782.4270041911159
782.6548307986224
796.3082725423282
790.2016681476144
784.068575279189
788.2362122239957
790.1950605045032
784.1623213206193
782.0641306096854
789.0978528775553
785.1854048658076
783.2309542983995
783.2727112285424
791.1532368809618
788.4090460108712
790.0721433440123
790.350801022363
788.4580709209763
781.0716719400767
786.0269949726996
788.0484672275118
790.429869864367
786.0890854346646
786.3588519393076
793.6114878530292
783.049152705962
785.2050510939446
796.4814018256492
785.5238779092531
782.2967340870739
782.2474549538778
784.6385436186155
792.1779955841331
784.0152131300869
783.3965636025417
788.6146269804254
791.0244619122473
791.0043240145637
781.0508272876469
784.0430850742714
784.1589126945722
785.5743183949384
785.5453316603705
780.8215956404177
782.6332709827307
792.2445170521002
784.453862477201
781.3365014080834
787.0345474631966
785.7810042559578
785.4192337569256
786.0484094247479
793.0767520476554
782.1417587417927
787.0271745417052
782.0142424604797
783.8300979305407
783.0501834491117
789.0704750465678
786.048325837694
785.7508962252178
788.4283629669653
784.328203657152
786.003398462906
783.1991121410678
782.9614334510675
793.2542567231487
787.0875146842848
789.0939740778621
781.0554673280552
788.1957766998613
790.388091687085
790.6477253865511
790.9031792991616
792.6261058069479
783.0623561817654
786.2240925408411
781.03444058844
786.2652302206753
788.4767607961596
784.3140868962031
789.2059664561189
787.0369431656839
782.1159891647436
786.0733380355437
786.1162409896301
783.015576586051
790.2816727768443
781.3975667855707
780.0609941003341
782.4765206461489
782.546943601266
783.3552876902675
780.3058548809192
788.285133650057
784.2679933762034
785.5085470547375
787.1963168288679
782.1101650871205
781.1339872842307
788.4243847793841
796.4469746718702
791.405696843711
787.0094436290069
784.2637614656746
786.3806165361581
782.2210276926933
787.6261849865219
780.2847198709051
787.1389678722696
785.0593909365946
784.2131658348959
789.5284092155258
786.1719268239677
784.1839846512297
789.009578560358
787.149663825934
796.8647324352918
790.0028428646293
784.3078310518175
787.1408463782286
785.1894458086545
782.2014137883912
780.0078491636704
790.1187228099003
788.9842969875461
786.1910118502622
785.5065385609569
780.1798968994001
792.3483341343522
782.2095325706017
780.0737930592342
786.1119354838352
781.0580348635043
786.4032836201847
786.8670070163809
790.2404250434955
785.1628763836853
785.1223947249415
784.1492886209157
780.3702770022611
784.54405485459
781.1337284336304
785.1718699757347
785.085036960785
785.3386205109017
783.5690409117515
781.0850525839852
786.4822948588385
789.1558470796806
782.2063736355457
786.5484442204684
783.0422346658011
781.6436678149964
782.0336172548728
785.6740393037513
785.3796786193012
784.2467277270229
787.2805247386093
798.053222744084
792.0929765630698
782.4361351484317
783.7295625616821
785.375255230818
786.0014627530587
785.0114405896788
782.1298627842099
792.1978994058397
786.728787668766
786.1916795662268
786.615290101162
786.3797458381367
784.2088408873358
782.646170968406
785.3886121493226
782.0782790943076
782.266534759522
788.6584648662755
786.0338730056658
791.7966495622256
791.1586937729145
783.5795539805306
783.0978678223336
790.5999200313881
786.6080927854971
787.2157922874726
790.6233424848455
788.5438200752766
783.1841409912444
783.2919974147354
789.3316306454672
783.0694830131829
785.3373530308013
786.0516782029991
784.7528443449536
790.6025816028201
789.1730101770427
781.2656720873025
781.1797077532175
786.3006389279409
789.7011242373852
785.012096001039
782.1897447729309
793.800650451975
785.8916698659676
788.0023379601683
786.905098823402
799.4021123461931
792.1461722591238
790.5449267334194
780.870706184196
783.5444005330223
789.6885543617117
783.5513197748561
785.2140229015899
781.0470453700323
782.1973018068594
781.4564851192489
782.3524556294514
787.0535260596964
788.1838630718225
782.0030900421145
787.0203439595871
787.0387161673518
786.0249956163586
782.3383015245099
790.5273956693877
782.2330337030703
790.2664150758937
787.066760692274
782.3963780244709
792.0037881126502
782.7407723425563
785.037686072292
787.1644002723931
785.2071913067722
781.6292627077112
791.5340354598432
790.0077646957131
792.0899166436317
781.4330248161248
786.1280184561034
792.569379216607
792.5580980219563
783.084805485807
783.0896199573964
784.6438281843895
801.0527445875271
783.0120075119023
785.1630257708811
782.0180171851753
786.1174328593231
782.001509524664
789.7359926718959
786.2282557191959
782.5078917091377
782.2345813801915
791.0421569755744
783.3379047474963
783.06139062374
786.3231224273678
780.4643005335573
788.3742629378853
791.3610979776856
786.234583410443
786.7618570915563
787.5189853782665
784.0287378918431
790.7232428361732
785.975655454949
790.0656791053617
790.5680873045593
790.6204702371376
785.1421946524081
784.8260484371622
795.0597977002875
785.4808698076616
789.569979682307
781.0797263584521
794.7793372577418
785.3256509815972
789.1519497199635
789.7618965943254
792.0101063647783
785.6593050227914
781.6531068246201
788.8771709762319
791.2195534189647
781.1037879486405
787.0190030715912
784.0616849041418
784.06036011388
792.1737836960866
789.0313235173456
783.644898211456
781.0481644278918
782.2160017684839
790.9815989335419
782.1949194117136
783.0289317385552
782.3781143117214
785.2948029959939
792.7513637597772
784.2653344077175
782.0390155183469
788.1444702449926
787.0459212700805
788.8091856648136
789.6728166068592
785.3537346646825
784.2616267849668
789.0235024341897
784.030395603921
784.0108439293111
781.2588109151037
789.2396610992826
785.6394485349576
784.4185800369529
794.1417842763972
784.0791178314149
781.2006547106395
789.0309446991237
790.1250211221578
785.1277175108662
786.1095438521135
785.0905351696256
785.2903460864676
780.359494844489
783.3179637710097
788.1715688382112
782.1075332282861
782.5004422913831
791.1112910350006
784.0867068926518
784.2027053791292
787.124084466414
786.0117795322809
785.2714839738578
785.5769089228329
785.682122872191
782.7244314824733
789.8977062593103
782.1838820240523
783.1338288633417
786.2398876686655
787.0183806523387
791.6123266165027
786.2794797302113
782.6644825116564
780.3707931929027
791.2107183432482
784.2006971750648
782.2226173006358
781.1013367064115
792.1553044728332
786.354988215276
787.0958475801646
780.0481868226144
790.3316817644567
782.1699362094457
788.3679532888618
789.0885928382942
784.5510506814036
782.312364820222
788.4612166445881
783.2415937668036
786.3467065306811
789.035990028685
780.744293272239
789.0554812954681
792.1326587415713
787.4324852092675
784.3282466336681
786.2158047555477
788.2356122580709
797.2342922059797
784.8824286309988
784.8803675699032
790.452759203931
790.1617250184563
783.0786416544147
782.857786145108
783.3335878976416
789.2099711434145
782.3521710420962
782.8222563908488
786.4656496974139
784.3661513871727
787.2249734878795
790.4444992134559
790.0317686444578
782.2019231608763
784.5254600834485
785.3790813884655
781.1864927715956
783.2799351757121
783.1880489458945
784.4907321868907
782.0600629814
784.0175384768726
783.4039191351426
782.9791261863593
788.5910302716018
782.063920788965
783.2098218462394
783.3532182494827
785.0986103698849
787.2180826465179
785.1230242224424
787.0223904887688
791.4766276966467
784.6682344759095
783.6815916223677
781.3975960217639
784.1683273407009
783.1601882945828
781.5058915989404
786.0330930458633
793.0465426121694
790.0387018294967
781.1343146529332
787.6513621928267
780.2695414990789
784.0960462399672
799.6686084087528
789.065161816951
787.0221059136273
785.3711286481653
785.0278482321436
781.3274503385841
784.0519037480009
784.1157833604702
787.0726506271644
791.1191974619329
783.1448632903632
789.1177996427286
788.6248109159993
785.1602692824688
785.2815375594668
784.0796584770684
779.3985756518299
789.3408828057729
782.219836660469
794.6795446184398
788.0090494336258
782.1239755834513
785.7445856997167
786.7806453035425
787.019255475534
784.6485008719015
782.2274439603316
792.3364905696442
783.2659369715248
784.6739704327825
782.5178603945964
781.3818222514212
785.2544690109129
783.1454840315373
792.0520780494707
783.0731215261154
786.2901305597109
783.2552423466066
782.3082689344752
784.0233863058687
787.3047824132657
786.0919431849103
781.4383770606936
791.2122087213492
789.0945964612974
786.036962935073
781.0417370251291
782.458695691495
786.458138461666
780.1078163969927
783.0133537678811
792.2407185863451
787.5636668627955
782.6668377046415
790.2090507333049
786.9261291150528
787.671425067901
786.8472317574349
791.7758396494139
784.1599106277397
798.057692661517
785.959358550467
783.342894146793
801.1893027548682
785.1731176923203
782.2227042134424
794.138715480434
788.1874864171729
790.0486235854141
786.0135235302798
786.789352495485
783.024217612285
783.0489394649055
784.9148201231717
789.0747931218825
789.1285554213731
785.6376781761446
788.5923852323547
787.0855711243701
782.1922040223818
783.5663789854062
786.2173417068009
793.5616155022216
787.0152925177238
793.598186028293
784.0630857032083
788.4356480504752
787.7889212755706
786.8732549560591
781.0267919974314
793.0436198643531
793.0011747445483
786.2147001490118
785.4727035483908
786.7793395746168
784.0849962958699
788.0144461402491
787.1296345960026
787.0574767294905
785.051853139983
789.1033496306788
789.2204199600147
782.0005574363701
784.5290694842583
793.1057170805213
783.9804435318938
787.4539418260464
793.0522450227863
793.2779726879767
791.5525849976301
780.538871061712
788.1185663329534
786.0026064026204
781.1174365034127
783.0665771465443
782.2639652801986
785.5915485708041
790.6082669471756
784.0243231051535
783.0838970643068
784.1387234438827
783.3729565840132
782.3757897618829
784.0269994922307
786.1884554597029
780.1017286799816
781.8146064442594
782.1186605430878
788.1903356956657
784.1010811134754
788.1410593539788
790.4053039160588
783.033286644416
784.7171451349968
784.4438507183424
788.0951563394775
785.3882998781944
783.8952371571379
790.7879253358923
784.1369046568553
784.4203753264433
784.3662513483703
791.1740730093208
781.0609489224001
788.1077281946569
779.5848769950783
787.0502340930395
789.2488189525865
785.4071634197843
787.1363442546672
784.591653943888
788.5148903197404
792.1694433746222
781.0118412872724
785.0213091285278
782.4105528263042
793.0918284895812
789.3936342086918
784.024449392241
784.2694343926323
786.1072980778075
788.4452258596477
786.0290168667689
784.2728271585056
781.2066197894152
788.1687550278798
787.157098204431
786.0514880086807
783.3015017609315
787.096522435001
780.3417371562633
788.6596751948819
793.1122810858571
785.6821608841137
787.5254556626302
787.6990090302786
786.0016033049379
790.1359313843876
789.0664721390875
786.0178927516415
795.7607646433394
786.7479952479199
788.3095000700256
786.18988630443
788.7993745591435
785.2399499033527
781.587893003766
786.3730031217649
783.0194006429597
787.049357408254
784.2865038325889
788.4902292368171
784.0927816443143
790.1666769304276
789.5462027918999
790.2832600432172
787.5980275465087
784.290173102792
785.7292610673198
788.9488462878892
786.1173795194301
787.326307867032
793.0690107363101
795.7272244127205
785.9492122096119
790.3144376148133
785.678861384813
784.1975583844427
785.0657055424989
789.6364172829217
785.4780776959344
789.3008504207888
784.0905476830445
792.1147661073917
784.0004770733455
782.6816073283323
783.164798559928
780.894936448393
792.050849138269
786.1589784614174
786.0536717131156
783.247626877153
786.7419943585754
782.5815353350195
783.0650876051437
787.6266164874862
785.0015039056165
784.0112889200745
780.1207191579763
790.7881212089693
784.0647369133127
786.6163638426536
783.2422148185193
782.2186277660436
784.223660296895
785.1139601159457
787.0726268122964
786.2030958519177
781.0159627276857
785.1177719692663
780.0330689900385
787.1191026413192
784.520269535042
790.0736056960766
783.1083308053783
784.3954983484465
788.5724247063927
786.1892858827898
787.9853457037996
781.0473260822272
782.3472044205282
788.0559058051646
783.3627658356407
783.6497893211462
782.4064153129334
780.3398235580577
781.1212890390995
783.092616299893
797.3184454351677
785.5113043150369
785.4141081510389
782.4375836608855
789.0216718922761
786.0659365632573
787.6447511497013
783.2369677725442
787.8174051225546
782.2015403934363
784.671719426464
787.0303571027026
781.349586024829
782.2791276747989
783.1986987433298
782.9864448419725
790.0316258680143
783.2321056108036
782.4161403678415
784.1394161775511
784.4106107572932
783.4103571770391
788.2922944692175
781.8964101376379
785.0826943647867
795.111883138195
785.2272360687657
796.5036607492775
782.0912561039192
784.784070389443
780.0577479397637
788.3928129526003
787.0001949329231
784.0023240385912
785.1447341803399
786.3974252387527
790.37098722648
784.01217265283
790.3158894327386
784.2821525211608
791.2219728816214
789.0258846824241
782.2613391767694
783.0414786878321
780.2765339609557
784.5555287300822
784.2147027684392
782.1706023370684
795.530925390486
783.5519903457815
782.2100818370986
783.0382274404102
781.1021621340759
794.2003378110677
783.4349813399294
785.0920433070555
793.0480258138542
790.3549253106974
787.9184332639032
792.1281493310577
787.4434310662765
783.1592998991243
780.0345324028145
786.1056554928907
782.0264672475474
784.5446652318225
786.1803907047962
787.5168299606731
790.2352013579344
784.2339225438179
795.3288784987684
794.4541355834247
785.6821875661202
786.3229388141402
786.3782270440943
781.0483660240502
787.0048356088503
795.4179157243597
783.0441825128976
787.1313354796188
783.1783842642731
782.775410801484
785.4322760029286
790.0057453295676
790.4860058677018
786.0017257887295
782.0657200249974
793.0805221918858
791.0931698920375
788.1051596136912
789.0322832410604
788.2635020163997
792.1230911863518
779.3586165546918
783.3147342874669
781.3247171642597
785.160197567996
785.0391967660955
786.1134720512249
790.4944069880215
782.0105808888098
792.0236127094702
787.0117500057161
789.2409455547145
791.0977833449874
788.4750745336678
789.2331343434669
788.5008030200888
784.0550952876794
785.1562887168122
793.7224507664807
787.1188855630994
789.0077269164049
791.4829036470032
781.3600636264817
782.015080084365
788.4098562282398
784.6042959858346
784.4473895521721
783.3036450316299
786.0284933234714
790.1529863939254
784.0411769056045
790.3827861420119
786.2285423686903
786.3136430721972
794.322384810431
785.0272629035495
787.5240809127173
783.1390285914749
785.2180824417921
791.5864878453496
785.1733722074715
782.4122026753447
784.1639914773235
787.0369622809852
785.3873387763547
787.0699869989404
781.0855473203981
783.6736330704446
785.126230002564
782.5962673658097
790.0762207722695
789.2083219255999
786.035172207739
783.5466592248816
781.0990433213653
789.123097162398
780.2659117471405
787.4152742657539
787.1361397972063
786.0520453592716
791.2341418260207
786.2012739148013
785.557592699554
788.5883870677399
790.3516199485039
788.9500661634811
786.1074387346024
784.5525909170574
784.3599482186007
791.7899876057346
781.7751940187773
781.0997962243209
787.1963027963133
785.5129742047087
790.0673388154953
792.4364782633709
784.2669484885288
781.2624789773772
782.1502970798313
785.1960965405872
784.0843446070428
793.2305640119217
786.1476442619478
789.1047191280803
785.4049894306721
789.0850133704528
785.6519947634372
784.7280137439944
793.1593681479935
783.3302265694922
785.3909612333376
784.7073565568286
787.6093343417269
789.1294239156001
795.4634191036157
785.2157013750104
785.5924073365629
785.0960356077762
787.0761618045052
791.0778396988983
783.1181960148136
782.651142464051
783.0877555282765
793.1578172092597
780.1126652066255
783.281594496889
785.4073575434853
789.2760922376624
785.6435994992296
789.4197828240412
780.0378665915662
789.3780146622374
781.2372050874482
787.6021729693215
785.2145567748397
785.1060029983394
785.0140472246894
797.3111730390366
790.3713646873068
783.393188625777
793.466922691398
792.0577532367494
785.4217602770519
784.0673382696509
785.1945935194005
788.3657327298304
791.1424432067339
783.3413443956708
787.3845700587137
784.5803248362861
786.1738358904968
781.0995058115973
787.0818871906401
794.041710295673
786.0510743906817
787.0871916047939
785.3627345765663
782.2025419553247
788.4349406196972
791.0215293572245
787.1180875771004
786.4871002956771
781.2193889456171
785.0021099177347
781.1901374479639
794.2328918820338
787.1632768770198
789.2114129034346
784.2074906481774
782.793540940194
787.0468884256866
789.3483638163854
789.1482045384932
786.1580606915575
783.4120761515051
785.3485111450725
787.2494008014029
782.2807362041231
787.0099919284506
785.5236762533822
788.2954615389385
783.1085167658392
788.7569092879187
782.1325337766367
782.0255465872762
785.0171590481584
790.2950373039995
793.1779299154562
787.4512992527052
791.1602397067777
781.6250302904767
785.7477478445908
782.3848496420524
784.4512711705655
787.2143900165516
786.0311824534577
791.0087138587854
782.6618440887423
786.7112620807296
787.0605066737949
789.0923841351462
792.5037645616623
781.2446525977531
786.1238965077722
783.1781219304839
785.0441103803272
784.19364973773
796.4910610739728
788.6943764409426
782.6145032672479
782.2209987034901
786.5128784205809
782.1731059055737
783.3024001472245
791.0833378718809
792.3911549114628
784.9453687958553
789.0838305192386
796.2156530653857
787.0174851056062
789.2569849554193
784.1389392035343
784.220854533014
784.0515813030354
786.0920398809326
783.5235727737141
788.0220140608544
787.0930900242041
782.064822002217
782.2219534431326
793.0150023615066
791.038059179589
780.4833799193908
788.7594523240178
786.1196660906712
782.4465598891446
787.0882055342888
782.2856306625877
791.1521961692116
786.1275983024498
783.6157747351309
782.6238644584572
790.1503600071181
781.4011133552541
790.2861270775443
782.0682969650661
786.2994375342276
787.0219105397596
788.1378448120965
783.2940515998525
785.5829802974241
785.606663760112
785.112535872946
787.2831395926069
788.0664594474052
784.3873549539951
786.2883661534566
785.2602317792969
786.1357891286115
784.1136704848802
785.1443814951622
780.2360698336292
783.1826624512125
780.0736650965671
790.3754025096688
780.6381144969771
779.2636433649334
782.0283439059597
786.3307552481509
789.7306696956944
795.0129231070213
808.3995780876385
794.4177829053033
787.4970519505065
786.3450765591042
791.0058812485736
785.2662266554112
789.6977280093815
786.2971091037571
783.0690482426311
784.1251816750392
786.4014452992598
783.5477204729358
786.0031284884002
781.6358152776801
786.3131624771945
788.2702172288446
792.4186886610853
783.1842649513918
785.3204391522606
787.1065731573751
785.1359886023105
786.2258469335038
780.0416736490049
789.3487861332788
789.1976271257608
788.3747079325447
789.3915837194174
787.0100976295566
786.0912679116459
783.0362157590386
784.2450939079181
787.1006500084536
789.6057385981551
790.0602878993012
786.3669875250346
786.0535621889221
783.5903623422769
794.118373203624
791.1543361434798
783.242956216785
786.0073275732452
791.2510884877177
786.2505285373952
783.4452980240677
790.0670122921706
788.3687704372064
786.9036425102917
785.5874731603783
793.1305311646089
788.143627104174
788.3245890146982
783.0924382866647
785.8679613449353
780.1758949883802
785.0167046934031
791.5930412214093
782.0524209334326
780.2034770757209
785.5172341425941
787.1035013901031
783.3297152778554
790.5024063493058
783.9320349775566
784.5294209666356
782.3688301067862
787.4231116668856
786.7462736645352
782.1731014026757
788.2506955957001
786.0587391685392
783.5983970106581
782.1936774969425
786.025008305575
787.7063701558526
783.6366904069641
788.3780462754866
783.5313320836526
781.4711931741624
782.1331481805665
787.0379614652209
788.0401218385084
780.1793292115801
785.249904369391
788.0265028106692
786.093595369991
791.9927368578053
791.286542569282
781.2926445135082
789.2925562209851
797.2828295508411
786.411000353014
793.3803153989714
788.3534673563024
785.2937958936304
783.6759277047065
784.2805713412986
788.8922813637087
784.2427628375173
780.8308253371528
782.4849760646806
785.1521242220751
786.0368761904662
783.3869719998819
782.0511983652395
779.5355587284137
791.2372971412123
791.3106428011652
791.1850451613561
783.3788099081452
782.0597622930943
790.3619616663971
783.58934424732
787.4946136448085
790.6999888018871
788.0500129112561
784.4003213426342
787.100134704556
795.2308502964349
786.1517229968308
785.013478304892
786.7481132111473
782.6697371015482
788.5444971810889
783.5395625925806
794.138816873745
785.0311210381589
781.9977485156033
797.126137059081
787.0282920589316
787.2762587809299
782.5815090509244
785.0039390888295
782.0492159211884
784.0480256334312
782.9741504042132
787.442988384309
786.9951313612524
789.9293457410695
782.4507633545653
779.7087995354683
790.0544768282515
786.7359070348017
783.2586484767069
783.5766634380027
785.1881914642883
787.2605690405711
789.0223770714524
781.1277181435375
788.2186102204795
785.1442438752664
790.8879019535505
782.5760371469412
783.1306547996286
783.5964537961639
785.3989408738797
784.2438623085451
785.0943781424556
792.1338327517456
783.0243564860017
789.0376462198394
789.0308929694856
782.0310598562378
788.0794653157989
790.0482928571394
780.2619304480039
790.3296079807054
791.0942471942467
785.5715377835819
791.3571884106102
789.4643880816969
780.1258382732486
790.2562119462101
781.5061805938027
785.0765646649771
784.342450739201
780.2616692535098
783.301383571642
788.1255636869341
787.0816313466793
787.6574379792786
781.4245962190537
784.0105685608497
792.679283122809
782.0884992154071
785.023009042238
785.1843208057686
787.0410003443584
795.0242680917263
783.08062697917
783.330499021012
783.2166357697575
792.6943417561889
784.1288930687447
792.0259417840698
788.172724204052
791.2635189016089
788.7632106500658
787.2673646931333
781.6303646070594
785.252880882352
785.3646613620488
790.6227082235338
789.0497242334629
782.0961211694304
784.2498615387756
784.5284680866685
784.9978967065366
783.2253802615609
785.1024468083385
788.0753046160862
796.0572728713211
781.0981737613399
786.0044350227458
785.9067394353497
785.9368355061617
785.6578551315323
782.583343537439
789.1761579030315
782.1882724438464
785.5238876587588
785.5040630511153
802.0842083757011
784.7208571630551
793.1855617889812
783.0302059062216
786.5986024254554
788.3253572399345
794.2032847143582
783.0202958939583
786.1050314700591
784.4868850435435
782.2431534777251
783.0465046622535
790.1089914554021
781.2927333855004
785.3366075627514
781.1343023800312
786.0149690636471
783.2832063591582
783.2183779754545
782.4003467032611
786.2102570828008
786.1622090594997
782.2964767273578
784.3640368974122
783.6008458816756
790.0484071546664
792.1962579264267
786.7789738592422
788.196572552274
784.2673559565592
781.475224240854
796.4530683541461
786.6694939146319
783.3068318172873
784.1442160818058
784.5435349371717
789.1038777683447
788.4872888034365
791.3878429421719
792.4801084221278
787.0579902013947
786.7485616068191
784.2653350210186
787.1708514732368
781.0676024828489
787.1502651968096
783.3827778250511
796.3919775641838
794.20638565907
787.0581807389711
784.0912518143051
793.2136851451562
783.0198809686952
784.0695780591317
789.1784552429832
784.0408158223007
783.0865631181456
783.4276801228613
783.4565916519107
784.419108676965
783.0415294509442
783.2749730206565
784.2679660418613
788.2613988649185
792.0703545214178
784.0123265939443
787.2843783375118
788.0829366791127
786.5182982860565
790.0609513482434
785.9342068601628
782.1955194013315
783.7944592420987
781.0759342768182
785.4323444532802
782.0054015349411
794.3797447992343
782.3603852296037
789.0430044055208
784.1900798849031
787.7871391445899
781.3757907497546
782.287874311313
785.0290694960822
781.4289678366074
784.2416208196479
784.0732280677395
792.1673650492573
782.3391138387958
783.1620077869349
784.8813509399348
789.653742440933
791.541378412685
785.1337392930966
789.1579867777045
780.1395520467017
787.6481284984424
786.1723921328138
782.1860174323343
788.0048177467878
788.092025556483
786.1322597553855
793.7935995211596
790.1219579824045
780.3186645388382
784.6240914551217
790.0167839611091
793.062486190944
786.4166095282948
791.2741003748437
785.8363300096597
790.4474729669472
786.0144937116675
784.0905601829782
