1216
1202
1231
1214
1211
1220
1214
1212
1214
1220
1189
1212
1211
1207
1219
1207
1207
1216
1229
1215
1214
1219
1205
1210
1209
1202
1197
1212
1223
1207
1207
1189
1217
1207
1203
1219
1207
1208
1215
1229
1220
1220
1212
1211
1229
1214
1209
1205
1218
1168
1215
1188
1236
1211
1212
1198
1216
1209
1214
1225
1225
1205
1199
1215
1225
1205
1228
1222
1218
1194
1222
1217
1216
1219
1206
1222
1228
1207
1211
1210
1220
1214
1210
1220
1199
1205
1213
1205
1224
1188
1224
1221
1219
1218
1196
1224
1219
1236
1209
1210
1204
