2065
2061
2063
2063
2060
2060
2064
2059
2059
2061
2061
2060
2061
2061
2060
2063
2063
2060
2060
2062
2060
2062
2065
2060
2060
2062
2060
2060
2060
2063
2060
2063
2061
2059
2064
2061
2062
2063
2059
2059
2062
2063
2060
2061
2061
2064
2061
2061
2061
2061
2060
2063
2063
2059
2061
2063
2061
2060
2063
2061
2063
2060
2062
2062
2061
2061
2060
2061
2062
2063
2060
2061
2060
2059
2062
2059
2063
2064
2064
2060
2061
2062
2063
2066
2060
2064
2060
2059
2059
2060
2061
2062
2060
2063
2061
2061
2060
2060
2062
2062
2059
