1507
1511
1497
1501
1505
1489
1485
1521
1513
1513
1483
1487
1488
1500
1500
1494
1516
1507
1516
1492
1510
1510
1497
1485
1507
1505
1513
1501
1494
1499
1520
1481
1515
1512
1494
1510
1505
1507
1510
1517
1516
1495
1496
1508
1502
1482
1498
1515
1513
1511
1509
1515
1512
1514
1512
1506
1517
1514
1491
1505
1513
1491
1491
1510
1488
1513
1505
1508
1484
1514
1509
1485
1514
1505
1490
1488
1520
1488
1488
1502
1507
1506
1504
1512
1496
1512
1518
1506
1516
1519
1505
1515
1514
1513
1503
1490
1501
1515
1510
1519
1513
