3088
3087
3098
3098
3088
3086
3086
3087
3086
3086
3086
3089
3086
3087
3097
3085
3099
3091
3087
3086
3089
3100
3088
3091
3096
3086
3088
3100
3101
3085
3090
3094
3093
3086
3089
3090
3087
3086
3086
3086
3090
3091
3094
3089
3093
3099
3088
3093
3091
3085
3087
3101
3088
3092
3089
3085
3088
3090
3087
3089
3086
3087
3090
3092
3087
3095
3088
3085
3092
3088
3085
3086
3101
3092
3099
3086
3088
3085
3092
3088
3100
3085
3086
3086
3105
3093
3091
3087
3087
3086
3088
3088
3088
3097
3096
3087
3090
3087
3087
3102
3087
