1382
1381
1379
1380
1380
1382
1379
1386
1377
1382
1397
1379
1379
1381
1381
1392
1381
1379
1383
1379
1387
1380
1381
1380
1379
1380
1380
1379
1382
1384
1388
1382
1378
1381
1405
1384
1379
1378
1381
1379
1379
1384
1383
1382
1387
1383
1386
1380
1384
1382
1376
1396
1384
1381
1379
1380
1380
1378
1382
1384
1384
1380
1377
1381
1381
1380
1384
1384
1403
1379
1379
1378
1380
1377
1378
1379
1380
1381
1381
1379
1384
1378
1377
1379
1379
1377
1381
1383
1382
1377
1387
1379
1387
1382
1381
1376
1383
1379
1390
1397
1379
