1041
1041
1047
1039
1051
1045
1042
1043
1041
1045
1043
1046
1055
1041
1039
1050
1040
1041
1037
1045
1050
1051
1039
1040
1039
1039
1042
1045
1047
1041
1039
1039
1042
1044
1043
1047
1050
1044
1049
1047
1047
1041
1050
1056
1042
1043
1038
1044
1044
1053
1043
1042
1045
1040
1050
1047
1038
1039
1046
1045
1043
1043
1041
1047
1042
1052
1044
1042
1045
1042
1038
1043
1046
1039
1045
1040
1038
1046
1040
1055
1038
1043
1042
1041
1041
1051
1039
1039
1047
1036
1058
1050
1041
1037
1035
1040
1047
1046
1045
1045
1050
