1027
1036
1028
1025
1030
1030
1029
1030
1031
1030
1025
1026
1029
1026
1026
1029
1025
1026
1027
1024
1027
1047
1030
1035
1035
1032
1030
1039
1037
1026
1035
1031
1032
1028
1034
1045
1024
1028
1029
1029
1029
1033
1026
1042
1028
1028
1028
1025
1026
1033
1027
1027
1032
1027
1035
1026
1025
1029
1033
1029
1027
1027
1036
1033
1031
1047
1036
1026
1030
1025
1034
1026
1033
1035
1030
1029
1030
1033
1030
1029
1028
1029
1025
1030
1026
1032
1029
1030
1028
1029
1034
1025
1024
1026
1030
1038
1033
1026
1025
1026
1027
