1264
1278
1259
1252
1259
1270
1275
1271
1267
1269
1254
1271
1261
1278
1270
1266
1270
1251
1264
1264
1263
1271
1268
1279
1261
1273
1279
1271
1273
1276
1264
1273
1244
1271
1259
1254
1272
1254
1266
1251
1254
1263
1272
1274
1264
1259
1281
1273
1280
1276
1255
1271
1261
1261
1280
1265
1266
1273
1252
1285
1263
1269
1252
1268
1265
1258
1259
1246
1256
1254
1264
1254
1253
1253
1268
1271
1262
1243
1249
1269
1248
1259
1263
1272
1264
1253
1262
1257
1273
1274
1279
1261
1254
1266
1259
1260
1267
1268
1263
1261
