3092
3115
3138
3115
3087
3139
3072
3141
3078
3131
3118
3110
3095
3139
3110
3113
3121
3097
3126
3100
3115
3118
3105
3094
3068
3095
3085
3121
3115
3088
3117
3098
3110
3098
3140
3089
3131
3099
3105
3115
3104
3104
3102
3116
3097
3137
3102
3118
3112
3113
3115
3123
3112
3152
3140
3113
3125
3080
3133
3141
3098
3119
3092
3080
3108
3098
3135
3117
3111
3105
3119
3095
3116
3111
3111
3114
3114
3132
3109
3113
3095
3106
3107
3113
3121
3104
3086
3157
3126
3122
3089
3121
3128
3099
3151
3109
3091
3097
3109
3086
