1055
1070
1073
1063
1051
1058
1079
1067
1062
1073
1077
1067
1080
1069
1071
1050
1064
1060
1079
1118
1083
1053
1068
1104
1073
1083
1062
1047
1085
1059
1066
1089
1075
1087
1042
1047
1070
1073
1080
1053
1070
1050
1053
1072
1072
1070
1088
1044
1061
1059
1061
1066
1043
1066
1064
1074
1076
1051
1061
1068
1053
1078
1069
1091
1066
1057
1084
1097
1073
1053
1076
1071
1073
1071
1068
1061
1075
1046
1084
1092
1066
1057
1087
1058
1090
1067
1069
1054
1075
1060
1078
1075
1066
1077
1067
1071
1081
1064
1069
1090
