2130
2133
2130
2130
2143
2130
2130
2134
2130
2137
2131
2133
2132
2130
2133
2130
2130
2130
2130
2134
2130
2130
2130
2130
2155
2130
2139
2131
2146
2130
2130
2134
2131
2130
2133
2130
2131
2130
2140
2130
2130
2144
2138
2130
2130
2142
2130
2130
2130
2130
2130
2137
2130
2134
2130
2130
2130
2130
2130
2130
2130
2130
2130
2130
2130
2139
2134
2130
2130
2130
2130
2134
2137
2130
2131
2130
2137
2131
2134
2130
2130
2131
2130
2137
2130
2130
2138
2130
2130
2138
2130
2130
2131
2134
2133
2134
2131
2130
2130
2130
