2474
2483
2474
2477
2474
2474
2481
2474
2474
2481
2474
2474
2474
2475
2474
2474
2474
2483
2474
2474
2474
2474
2493
2474
2474
2483
2474
2483
2474
2474
2474
2476
2478
2474
2479
2478
2474
2474
2483
2502
2474
2486
2481
2474
2479
2474
2478
2474
2474
2474
2474
2474
2474
2483
2474
2490
2474
2508
2474
2474
2482
2474
2474
2474
2478
2489
2474
2474
2474
2474
2474
2474
2474
2474
2484
2474
2474
2478
2474
2474
2474
2474
2479
2474
2481
2474
2474
2474
2477
2481
2474
2474
2474
2474
2478
2478
2475
2481
2474
2474
