1436
1437
1442
1435
1435
1447
1435
1435
1438
1446
1437
1447
1435
1442
1435
1437
1448
1436
1437
1443
1440
1444
1466
1443
1435
1461
1444
1448
1435
1451
1436
1444
1435
1435
1449
1437
1435
1462
1443
1435
1435
1435
1440
1442
1435
1436
1435
1454
1437
1435
1435
1435
1439
1435
1440
1442
1435
1438
1435
1437
1435
1439
1436
1435
1435
1441
1437
1452
1435
1435
1435
1459
1443
1435
1437
1435
1438
1445
1436
1435
1436
1438
1435
1437
1438
1435
1456
1435
1440
1444
1437
1443
1442
1446
1456
1435
1435
1452
1438
1435
