1471
1471
1472
1462
1463
1465
1482
1478
1470
1467
1460
1487
1465
1454
1471
1460
1475
1451
1478
1463
1452
1469
1468
1477
1476
1496
1469
1466
1460
1473
1472
1460
1459
1471
1470
1450
1473
1480
1475
1468
1459
1462
1458
1466
1460
1482
1472
1466
1466
1468
1454
1458
1483
1491
1470
1473
1451
1454
1472
1456
1459
1473
1459
1468
1461
1476
1473
1469
1452
1461
1470
1472
1461
1466
1454
1467
1458
1467
1468
1480
1472
1475
1474
1469
1461
1464
1484
1466
1468
1464
1462
1471
1478
1460
1457
1482
1493
1452
1473
1454
