3960
3959
3962
3962
3959
3960
3969
3968
3963
3967
3962
3960
3959
3960
3966
3962
3960
3966
3972
3964
3961
3962
3968
3961
3960
3965
3964
3962
3962
3967
3962
3967
3959
3961
3969
3964
3960
3961
3959
3962
3960
3960
3961
3964
3963
3962
3960
3961
3963
3963
3970
3965
3964
3971
3969
3969
3962
3961
3962
3960
3964
3962
3969
3960
3963
3965
3974
3961
3967
3961
3963
3964
3963
3960
3961
3962
3963
3964
3969
3961
3959
3959
3968
3969
3960
3962
3967
3967
3959
3961
3963
3971
3963
3961
3964
3961
3966
3970
3961
3960
