1989
1994
1991
1978
1975
1970
1983
2011
1975
1991
1986
1984
1979
1985
1990
1978
2013
1986
1984
1984
2001
1974
1990
1986
1982
1980
1988
1986
1976
1979
1982
1979
1982
1986
1979
1987
1991
1983
1980
1979
1983
1976
1985
2006
1997
1976
1981
1978
1983
1993
1983
1979
1986
1975
1987
1976
1991
1982
1979
1983
1980
1975
1976
1980
1972
1986
1989
1984
1981
1981
1979
1976
1985
1977
1985
1978
1993
1979
1983
1991
1988
1983
1986
1990
1984
1980
1989
1978
1977
1974
1975
1987
1987
1975
1977
1988
1997
1983
1983
1976
