2209
2215
2172
2223
2190
2209
2237
2197
2213
2200
2223
2210
2199
2196
2202
2192
2212
2220
2202
2206
2210
2219
2197
2203
2213
2203
2199
2226
2208
2190
2194
2196
2230
2177
2196
2212
2205
2203
2195
2190
2202
2211
2203
2206
2185
2212
2216
2222
2185
2229
2220
2217
2207
2225
2224
2188
2212
2211
2213
2197
2196
2199
2186
2162
2203
2185
2214
2192
2207
2209
2211
2199
2195
2214
2197
2192
2186
2198
2208
2214
2216
2215
2201
2208
2219
2204
2208
2212
2189
2192
2201
2216
2199
2218
2212
2179
2223
2213
2199
2201
