1972
1960
1973
1967
1962
1965
1964
1964
1958
1967
1972
1961
1985
1959
1965
1979
1964
1976
1959
1986
1977
1963
1963
1972
1966
1971
1966
1966
1959
1961
1975
1970
1970
1967
1977
1962
1963
1995
1967
1975
1970
1956
1971
1965
1991
1985
1967
1971
1972
1968
1983
1971
1968
1966
1973
1979
1954
1962
1965
1967
1959
1981
1974
1968
1974
1956
1975
1961
1956
1967
1964
1974
1965
1975
1963
1965
1987
1982
1966
1964
1974
1977
1979
1977
1970
1967
1969
1973
1965
1985
1975
1957
1966
1971
1973
1966
1960
1970
1985
1989
