4016
4011
4013
4023
4013
4017
4014
4011
4012
4018
4023
4014
4013
4011
4016
4020
4014
4012
4012
4016
4012
4014
4023
4018
4022
4013
4012
4014
4014
4011
4012
4013
4025
4015
4014
4022
4014
4021
4012
4015
4021
4013
4026
4011
4016
4011
4014
4013
4012
4013
4014
4018
4013
4014
4016
4015
4012
4013
4017
4016
4014
4014
4012
4013
4016
4014
4011
4013
4015
4031
4013
4015
4015
4015
4014
4012
4023
4016
4017
4016
4015
4014
4015
4017
4015
4015
4012
4017
4018
4017
4012
4011
4014
4012
4023
4017
4022
4015
4018
4015
