1379
1397
1404
1403
1388
1409
1376
1408
1392
1437
1422
1397
1405
1410
1389
1432
1392
1394
1410
1385
1434
1385
1391
1420
1386
1395
1420
1428
1437
1419
1371
1424
1390
1431
1402
1407
1398
1379
1421
1384
1416
1370
1396
1405
1410
1382
1418
1421
1437
1417
1395
1380
1402
1368
1397
1389
1403
1413
1404
1414
1397
1401
1394
1419
1425
1425
1423
1390
1415
1446
1381
1398
1421
1392
1425
1393
1424
1424
1413
1431
1443
1422
1440
1417
1411
1400
1410
1404
1402
1400
1413
1404
1410
1447
1408
1415
1421
1408
1410
1466
