1085
1085
1073
1076
1082
1088
1073
1101
1087
1069
1089
1081
1066
1074
1072
1060
1066
1074
1068
1063
1087
1072
1079
1088
1072
1062
1087
1069
1066
1088
1078
1070
1078
1080
1082
1072
1073
1085
1077
1078
1083
1072
1081
1085
1080
1085
1080
1070
1088
1093
1057
1090
1084
1075
1093
1092
1080
1074
1081
1081
1067
1063
1096
1082
1085
1072
1101
1071
1089
1061
1062
1089
1085
1073
1073
1079
1077
1078
1074
1090
1078
1085
1068
1071
1080
1064
1072
1097
1075
1082
1078
1069
1083
1080
1079
1069
1109
1084
1066
1070
