1327
1336
1326
1290
1347
1323
1315
1300
1299
1326
1298
1309
1291
1311
1307
1319
1324
1306
1309
1310
1301
1306
1301
1313
1303
1325
1312
1302
1307
1303
1358
1312
1312
1323
1297
1332
1347
1314
1316
1281
1297
1294
1303
1300
1305
1307
1298
1329
1290
1300
1300
1318
1304
1321
1322
1321
1298
1303
1301
1322
1316
1302
1302
1310
1329
1323
1290
1340
1310
1319
1304
1318
1288
1324
1308
1293
1307
1304
1324
1293
1331
1302
1317
1311
1301
1315
1327
1319
1295
1308
1295
1307
1305
1306
1301
1317
1296
1297
1311
1289
