2555
2560
2559
2563
2555
2569
2556
2572
2572
2558
2560
2590
2554
2570
2557
2574
2569
2579
2556
2570
2559
2569
2556
2572
2576
2561
2566
2563
2573
2555
2559
2568
2567
2579
2551
2555
2567
2573
2556
2564
2571
2558
2555
2561
2565
2562
2573
2574
2555
2558
2560
2557
2572
2575
2551
2555
2559
2572
2587
2567
2564
2560
2559
2561
2549
2554
2565
2557
2555
2559
2558
2566
2568
2589
2562
2565
2563
2574
2571
2573
2558
2549
2570
2565
2576
2552
2574
2581
2582
2552
2563
2573
2566
2566
2592
2559
2557
2578
2556
2565
