2887
2920
2919
2938
2901
2908
2892
2905
2911
2914
2906
2894
2886
2900
2906
2922
2897
2912
2894
2889
2913
2919
2920
2914
2909
2917
2898
2906
2899
2903
2906
2917
2906
2899
2895
2913
2896
2923
2943
2900
2922
2897
2918
2893
2902
2941
2898
2920
2924
2898
2906
2898
2985
2934
2927
2915
2908
2931
2921
2907
2909
2907
2921
2903
2905
2909
2904
2921
2872
2916
2945
2900
2929
2907
2906
2910
2889
2906
2911
2927
2905
2892
2904
2890
2926
2896
2911
2928
2911
2904
2909
2911
2928
2909
2899
2908
2923
2912
2903
2906
