1428
1433
1426
1431
1432
1428
1427
1429
1428
1435
1426
1429
1424
1428
1434
1427
1429
1425
1428
1427
1427
1428
1429
1426
1426
1430
1432
1427
1430
1429
1429
1427
1430
1431
1426
1428
1427
1429
1424
1425
1433
1428
1427
1437
1428
1428
1426
1429
1425
1424
1425
1428
1431
1425
1425
1432
1430
1430
1427
1430
1426
1434
1426
1429
1427
1432
1428
1432
1425
1438
1429
1429
1432
1426
1434
1427
1426
1428
1425
1425
1431
1431
1434
1426
1429
1428
1431
1429
1425
1430
1425
1429
1428
1429
1425
1430
1426
1426
1432
1432
