5270
5279
5272
5272
5275
5276
5276
5271
5278
5272
5275
5275
5274
5271
5276
5273
5283
5274
5272
5272
5275
5279
5278
5277
5272
5274
5274
5270
5274
5270
5275
5272
5279
5276
5272
5273
5273
5275
5276
5270
5276
5271
5272
5274
5273
5277
5276
5270
5274
5273
5280
5274
5276
5274
5270
5276
5276
5273
5270
5271
5271
5273
5271
5271
5270
5275
5273
5271
5276
5272
5273
5273
5275
5277
5273
5273
5281
5274
5272
5270
5271
5270
5274
5270
5278
5274
5287
5276
5274
5281
5276
5271
5275
5271
5271
5277
5270
5270
5279
5271
