1032
1028
1028
1022
1019
1024
1028
1024
1029
1022
1035
1020
1020
1027
1018
1030
1027
1023
1026
1019
1031
1017
1024
1024
1025
1023
1024
1022
1024
1025
1025
1023
1017
1029
1020
1019
1023
1025
1031
1027
1029
1019
1023
1033
1021
1030
1018
1024
1025
1020
1023
1022
1021
1021
1020
1021
1029
1037
1025
1030
1018
1024
1029
1023
1039
1028
1026
1021
1024
1039
1020
1023
1018
1030
1027
1033
1021
1025
1019
1025
1021
1022
1025
1019
1019
1037
1025
1023
1023
1024
1027
1026
1019
1019
1023
1023
1022
1019
1042
1023
