4023
4025
4024
4023
4023
4042
4040
4037
4010
4017
4013
4021
4020
4032
4012
4028
4014
4022
4026
4020
4009
4023
4026
4013
4038
4030
4034
4024
4019
4023
4022
4027
4044
4016
4014
4017
4018
4036
4019
4038
4015
4030
4046
4015
4025
4028
4021
4016
4019
4039
4011
4019
4025
4018
4038
4017
4022
4019
4015
4019
4032
4037
4036
4032
4029
4010
4012
4023
4035
4015
4013
4040
4016
4027
4035
4031
4022
4041
4025
4014
4021
4024
4024
4049
4033
4022
4015
4025
4019
4020
4019
4011
4036
4049
4035
4023
4020
4016
4010
4025
