2011
2010
2015
2008
2020
2017
2012
2012
2018
2013
2024
2014
2011
2014
2011
2014
2017
2013
2005
2015
2005
2014
2019
2010
2016
2012
2013
2005
2021
2011
2012
2022
2012
2010
2010
2008
2008
2018
2018
2011
2016
2007
2009
2016
2011
2022
2029
2015
2009
2007
2010
2009
2014
2007
2009
2008
2017
2018
2020
2021
2015
2018
2021
2017
2027
2011
2006
2006
2008
2017
2017
2009
2006
2017
2010
2013
2010
2011
2009
2016
2018
2018
2009
2009
2008
2013
2014
2013
2010
2018
2010
2012
2017
2013
2014
2012
2014
2018
2019
2011
