1386
1386
1386
1386
1386
1386
1386
1386
1386
1386
1386
1386
1386
1386
1386
1386
1387
1386
1386
1387
1387
1386
1386
1386
1386
1386
1386
1386
1386
1386
1386
1386
1386
1386
1387
1386
1386
1386
1386
1386
1386
1386
1386
1386
1386
1386
1386
1386
1386
1386
1386
1386
1387
1386
1386
1386
1386
1386
1386
1386
1386
1386
1386
1386
1386
1386
1387
1386
1386
1386
1386
1386
1386
1386
1386
1386
1386
1386
1386
1386
1386
1386
1386
1386
1386
1386
1386
1387
1386
1386
1386
1387
1387
1386
1387
1386
1386
1386
1386
1386
