5447
5434
5437
5430
5435
5434
5438
5440
5441
5442
5434
5434
5437
5434
5444
5438
5444
5433
5437
5438
5433
5435
5437
5432
5431
5443
5452
5431
5438
5439
5437
5435
5435
5450
5435
5443
5449
5439
5431
5436
5432
5435
5456
5445
5438
5432
5432
5438
5439
5435
5432
5447
5447
5437
5455
5448
5447
5436
5437
5433
5430
5443
5435
5436
5434
5448
5444
5430
5430
5436
5441
5434
5433
5429
5438
5436
5447
5433
5428
5430
5455
5445
5440
5429
5439
5435
5437
5440
5429
5431
5431
5428
5452
5430
5431
5438
5435
5439
5437
5434
