1033
1034
1032
1039
1033
1033
1039
1033
1039
1032
1033
1033
1032
1033
1033
1033
1041
1032
1041
1039
1032
1038
1039
1032
1033
1037
1032
1037
1032
1039
1032
1033
1039
1032
1040
1032
1038
1032
1033
1039
1038
1032
1033
1032
1032
1032
1037
1032
1039
1033
1032
1032
1032
1033
1039
1032
1032
1032
1032
1033
1033
1032
1032
1032
1041
1032
1032
1032
1034
1032
1039
1033
1040
1032
1033
1038
1038
1039
1032
1034
1032
1038
1032
1032
1039
1032
1032
1033
1034
1033
1032
1032
1039
1034
1040
1039
1041
1039
1032
1032
