5272
5284
5281
5275
5273
5275
5283
5282
5277
5279
5276
5279
5275
5273
5272
5279
5275
5274
5275
5275
5280
5275
5272
5295
5279
5273
5278
5283
5280
5278
5275
5273
5291
5277
5273
5276
5279
5280
5281
5280
5306
5290
5281
5272
5273
5274
5284
5275
5272
5276
5276
5274
5272
5275
5274
5274
5275
5275
5275
5273
5281
5273
5286
5273
5272
5290
5273
5275
5274
5272
5276
5279
5274
5280
5281
5275
5273
5273
5275
5289
5273
5275
5275
5275
5272
5277
5272
5273
5274
5276
5275
5274
5276
5276
5274
5276
5273
5275
5273
5275
