2324
2325
2328
2331
2324
2324
2333
2326
2324
2328
2324
2333
2324
2324
2336
2328
2326
2330
2326
2324
2324
2324
2324
2332
2325
2329
2337
2324
2324
2326
2324
2339
2324
2326
2329
2338
2329
2324
2325
2324
2327
2324
2326
2328
2324
2332
2325
2330
2328
2325
2331
2327
2329
2332
2324
2331
2324
2332
2327
2337
2344
2335
2326
2324
2324
2325
2335
2324
2324
2324
2326
2341
2331
2325
2329
2327
2324
2324
2333
2331
2324
2324
2330
2324
2326
2341
2325
2324
2331
2328
2330
2324
2329
2324
2324
2333
2339
2331
2326
2324
