2331
2357
2364
2325
2344
2346
2347
2392
2341
2342
2362
2353
2364
2353
2362
2310
2365
2340
2338
2372
2349
2355
2346
2336
2382
2351
2342
2335
2345
2346
2358
2341
2344
2341
2356
2380
2384
2326
2353
2352
2329
2348
2349
2341
2342
2335
2355
2356
2351
2335
2331
2366
2340
2374
2355
2339
2340
2333
2334
2345
2318
2353
2343
2333
2355
2369
2344
2356
2368
2364
2340
2352
2339
2336
2327
2356
2337
2349
2347
2348
2366
2361
2326
2330
2342
2356
2346
2341
2376
2334
2357
2359
2363
2331
2348
2363
2344
2321
2338
2341
