1394
1396
1389
1390
1396
1398
1397
1392
1405
1404
1391
1378
1410
1397
1396
1402
1408
1422
1377
1402
1393
1402
1398
1389
1390
1411
1386
1404
1394
1383
1391
1392
1393
1387
1410
1407
1410
1395
1398
1404
1406
1394
1398
1394
1390
1387
1395
1398
1393
1405
1395
1400
1395
1398
1390
1400
1401
1392
1387
1392
1412
1389
1390
1388
1397
1374
1393
1400
1396
1416
1399
1399
1394
1393
1390
1400
1388
1404
1393
1383
1397
1387
1387
1389
1418
1384
1389
1394
1392
1391
1393
1385
1392
1388
1401
1392
1381
1397
1391
1395
