4190
4155
4170
4168
4119
4125
4143
4151
4131
4165
4150
4149
4153
4150
4167
4135
4154
4150
4156
4152
4143
4147
4145
4147
4165
4167
4128
4136
4150
4133
4145
4132
4144
4154
4145
4152
4152
4151
4119
4145
4156
4133
4131
4153
4147
4147
4152
4144
4128
4149
4138
4141
4148
4161
4166
4137
4191
4155
4166
4138
4156
4124
4157
4181
4134
4127
4145
4131
4152
4160
4138
4152
4153
4146
4179
4130
4155
4147
4147
4131
4126
4154
4131
4134
4155
4146
4190
4130
4148
4124
4143
4153
4142
4132
4139
4150
4169
4134
4154
4163
