5473
5571
5524
5545
5555
5498
5498
5521
5579
5520
5555
5531
5530
5557
5534
5553
5545
5567
5559
5566
5571
5489
5530
5540
5524
5545
5536
5510
5548
5546
5461
5558
5513
5522
5607
5511
5553
5563
5505
5556
5538
5586
5532
5537
5552
5544
5522
5511
5590
5587
5512
5495
5488
5509
5555
5525
5536
5595
5544
5517
5495
5559
5602
5568
5542
5531
5511
5559
5554
5546
5492
5460
5585
5578
5511
5548
5550
5542
5532
5540
5550
5589
5537
5555
5548
5538
5548
5613
5517
5552
5496
5598
5506
5506
5530
5547
5527
5520
5538
5525
