2062
2064
2056
2045
2062
2102
2063
2094
2074
2052
2088
2082
2094
2091
2048
2059
2084
2063
2080
2039
2082
2057
2097
2124
2071
2110
2083
2103
2084
2058
2039
2052
2044
2078
2081
2064
2055
2044
2072
2051
2047
2055
2073
2093
2110
2070
2072
2052
2069
2050
2073
2051
2066
2149
2046
2032
2050
2061
2092
2064
2097
2096
2051
2065
2092
2075
2070
2098
2062
2035
2072
2081
2101
2053
2061
2070
2054
2083
2069
2054
2083
2067
2075
2064
2071
2072
2061
2056
2088
2055
2074
2070
2052
2078
2095
2082
2082
2050
2115
2071
