2635
2630
2640
2636
2627
2633
2631
2624
2627
2624
2623
2644
2630
2640
2637
2621
2626
2665
2627
2637
2622
2625
2644
2656
2648
2646
2618
2643
2618
2641
2646
2635
2628
2634
2625
2622
2625
2622
2642
2627
2631
2641
2632
2631
2636
2627
2624
2663
2626
2630
2648
2635
2620
2642
2627
2642
2625
2630
2619
2623
2643
2632
2642
2638
2642
2628
2632
2626
2636
2627
2633
2623
2628
2635
2626
2633
2643
2662
2628
2638
2628
2631
2633
2625
2619
2637
2622
2634
2633
2632
2627
2654
2627
2632
2628
2644
2633
2628
2637
2652
