2100
2120
2105
2113
2098
2108
2084
2098
2106
2116
2130
2097
2118
2094
2136
2098
2147
2091
2128
2112
2111
2105
2153
2120
2085
2113
2098
2093
2104
2113
2087
2110
2102
2125
2106
2105
2104
2082
2119
2123
2111
2100
2076
2115
2087
2102
2093
2112
2099
2099
2125
2095
2104
2087
2085
2088
2112
2104
2094
2092
2101
2078
2085
2100
2099
2099
2107
2077
2130
2113
2098
2121
2125
2106
2088
2121
2078
2126
2149
2115
2113
2129
2116
2136
2114
2115
2173
2119
2096
2103
2115
2099
2110
2112
2122
2096
2127
2087
2134
2104
