1443
1470
1481
1476
1450
1475
1449
1459
1451
1452
1461
1443
1468
1465
1448
1467
1484
1452
1451
1452
1455
1469
1443
1456
1455
1469
1453
1446
1443
1443
1454
1454
1461
1449
1453
1443
1492
1448
1448
1444
1447
1453
1443
1452
1468
1465
1449
1465
1453
1445
1453
1443
1446
1443
1451
1479
1443
1454
1464
1472
1449
1462
1463
1464
1458
1446
1486
1464
1452
1466
1490
1455
1464
1474
1457
1449
1458
1459
1462
1452
1445
1467
1462
1473
1453
1445
1448
1452
1483
1443
1475
1465
1456
1454
1468
1474
1444
1443
1459
1453
