5220
5226
5236
5231
5230
5220
5239
5222
5248
5222
5221
5242
5229
5236
5238
5243
5223
5235
5228
5220
5228
5233
5223
5220
5225
5231
5220
5241
5223
5238
5223
5225
5235
5221
5236
5238
5222
5223
5224
5221
5231
5221
5226
5237
5234
5221
5227
5220
5223
5242
5224
5224
5240
5238
5225
5224
5223
5235
5220
5225
5223
5230
5231
5238
5222
5227
5225
5222
5232
5230
5224
5229
5220
5231
5220
5224
5233
5223
5221
5221
5223
5221
5222
5232
5230
5224
5231
5243
5237
5225
5229
5221
5230
5232
5236
5222
5226
5228
5230
5234
