2130
2152
2114
2139
2132
2132
2156
2132
2131
2136
2146
2137
2127
2135
2153
2125
2119
2126
2135
2131
2134
2101
2121
2130
2153
2094
2123
2134
2132
2154
2148
2115
2126
2117
2094
2143
2119
2094
2122
2132
2097
2125
2141
2127
2153
2114
2139
2120
2141
2149
2125
2117
2108
2150
2087
2144
2147
2125
2159
2121
2124
2120
2112
2124
2110
2128
2175
2145
2131
2117
2159
2139
2118
2127
2121
2142
2108
2120
2106
2158
2112
2137
2132
2125
2113
2111
2132
2134
2101
2122
2109
2127
2123
2126
2125
2123
2153
2138
2135
2116
