1097
1086
1047
1047
1077
1078
1100
1045
1051
1059
1055
1066
1080
1065
1054
1101
1092
1076
1073
1145
1076
1059
1075
1114
1043
1070
1055
1099
1084
1094
1085
1152
1059
1061
1075
1053
1049
1050
1054
1099
1070
1072
1052
1120
1052
1066
1073
1109
1108
1065
1059
1058
1063
1109
1084
1080
1151
1059
1045
1088
1052
1089
1079
1049
1047
1054
1080
1076
1075
1061
1058
1067
1047
1096
1063
1074
1051
1121
1062
1065
1096
1068
1047
1101
1116
1044
1060
1055
1056
1066
1073
1097
1069
1081
1062
1069
1062
1052
1088
1066
