2105
2103
2130
2111
2103
2103
2105
2113
2110
2111
2103
2107
2103
2121
2110
2109
2103
2103
2103
2103
2108
2108
2107
2127
2105
2113
2108
2125
2107
2119
2103
2111
2120
2104
2107
2127
2118
2117
2113
2114
2124
2115
2115
2103
2112
2104
2103
2103
2108
2111
2118
2105
2103
2113
2105
2112
2103
2108
2107
2108
2108
2126
2111
2104
2114
2111
2108
2104
2103
2119
2104
2103
2109
2117
2104
2106
2103
2104
2103
2109
2103
2104
2104
2103
2104
2126
2103
2110
2118
2103
2114
2109
2107
2132
2124
2151
2128
2103
2117
2106
