4167
4170
4174
4169
4174
4170
4170
4169
4174
4172
4168
4174
4169
4170
4168
4171
4175
4171
4172
4171
4167
4170
4173
4169
4173
4169
4171
4175
4168
4178
4167
4178
4174
4170
4169
4169
4174
4174
4169
4170
4168
4172
4179
4169
4170
4171
4178
4168
4173
4170
4167
4172
4172
4171
4169
4172
4175
4172
4169
4177
4167
4169
4168
4171
4168
4169
4171
4172
4168
4173
4172
4174
4171
4171
4170
4176
4168
4181
4172
4167
4171
4167
4177
4178
4167
4175
4173
4167
4178
4170
4172
4171
4170
4168
4169
4172
4174
4170
4173
4176
