2791
2788
2788
2795
2798
2803
2784
2782
2794
2786
2793
2786
2788
2786
2790
2791
2786
2772
2778
2771
2802
2795
2795
2809
2782
2798
2780
2784
2783
2785
2782
2780
2786
2776
2799
2803
2795
2797
2783
2795
2789
2799
2799
2794
2776
2793
2784
2785
2790
2783
2802
2786
2781
2790
2788
2775
2788
2783
2804
2774
2785
2789
2790
2793
2783
2797
2785
2779
2772
2794
2773
2793
2792
2783
2794
2785
2783
2791
2784
2786
2786
2789
2786
2776
2783
2791
2805
2798
2788
2799
2778
2794
2775
2784
2792
2782
2793
2779
2819
2801
