1919
1910
1932
1923
1920
1911
1949
1939
1928
1914
1947
1919
1915
1939
1915
1910
1911
1917
1932
1912
1924
1910
1910
1946
1940
1972
1917
1911
1912
1911
1932
1910
1912
1919
1933
1918
1916
1910
1913
1919
1910
1910
1913
1921
1910
1930
1910
1911
1913
1926
1911
1936
1928
1920
1910
1924
1915
1910
1935
1910
1912
1931
1912
1911
1910
1912
1926
1911
1910
1915
1910
1913
1921
1918
1913
1910
1939
1936
1915
1916
1917
1966
1931
1915
1942
1910
1915
1916
1923
1917
1948
1915
1913
1913
1917
1911
1910
1911
1911
1910
