2007
1997
1998
2000
1995
1994
2003
1994
2001
2002
2001
2009
1993
1996
2003
1992
2005
1996
1994
2004
1998
2004
2008
1996
1992
1994
2005
2010
2003
2005
1993
1998
1998
2012
2007
1992
2005
2004
1999
2004
1995
1999
2010
2003
1996
2003
2000
2002
1995
1995
2008
1997
1998
1993
2002
1997
2003
1998
2002
1996
2021
2001
2004
2002
1998
1999
2001
1994
2001
2003
2011
1998
2001
1993
1995
2002
1993
2004
1995
2011
1996
1999
2002
2005
2000
1999
2013
2009
1998
1998
2014
1996
2005
2002
2002
1994
2001
2002
2009
2007
