2017
2020
2035
2037
2019
2019
2008
2019
2023
2028
2026
2010
2017
2016
2022
2014
2020
2024
2025
2013
2033
2016
2032
2021
2037
2030
2026
2023
2045
2030
2040
2022
2020
2026
2014
2056
2038
2044
2027
2031
2034
2007
2026
2005
2018
2016
2016
2012
2018
2019
2043
2029
2034
2025
2039
2026
2037
2010
2034
2020
2023
2019
2037
2004
2023
2033
2009
2033
2036
2010
2035
2021
2029
2030
2037
2041
2019
2020
2023
2037
2011
2009
2016
2006
2028
2036
2026
2032
2027
2036
2019
2040
2022
2009
2018
2034
2031
2012
2011
2025
