1343
1324
1331
1329
1337
1327
1327
1334
1330
1335
1332
1327
1325
1328
1332
1329
1324
1333
1334
1334
1326
1330
1324
1323
1329
1335
1327
1331
1323
1343
1325
1324
1334
1328
1324
1328
1334
1327
1325
1326
1342
1323
1332
1325
1324
1325
1334
1322
1333
1330
1334
1329
1324
1343
1329
1324
1327
1326
1334
1329
1326
1325
1333
1325
1336
1325
1347
1335
1327
1328
1333
1336
1330
1330
1333
1331
1328
1326
1326
1325
1336
1331
1328
1324
1326
1342
1325
1334
1326
1330
1326
1333
1337
1346
1324
1326
1339
1335
1327
1328
