1098
1126
1126
1112
1131
1124
1121
1115
1106
1132
1117
1125
1122
1112
1132
1122
1127
1136
1138
1111
1124
1113
1139
1122
1134
1120
1108
1106
1110
1142
1134
1128
1139
1150
1131
1137
1129
1126
1134
1107
1136
1121
1109
1123
1121
1109
1120
1103
1130
1137
1135
1139
1135
1135
1129
1129
1125
1127
1118
1143
1120
1128
1128
1107
1128
1120
1138
1108
1120
1107
1132
1135
1123
1104
1126
1116
1123
1122
1116
1127
1131
1135
1112
1137
1136
1137
1119
1102
1145
1147
1134
1113
1143
1124
1112
1126
1106
1127
1123
1105
