1965
1964
1968
1964
1962
1971
1971
1963
1968
1973
1970
1964
1967
1969
1964
1962
1969
1964
1966
1973
1969
1964
1963
1966
1965
1963
1965
1963
1966
1969
1981
1967
1967
1966
1970
1969
1970
1970
1967
1971
1968
1972
1972
1974
1969
1967
1980
1974
1970
1964
1969
1978
1970
1967
1971
1972
1972
1965
1966
1982
1966
1963
1964
1965
1970
1964
1970
1971
1966
1984
1967
1964
1973
1963
1975
1972
1963
1974
1966
1965
1967
1962
1965
1972
1970
1963
1966
1965
1963
1963
1972
1962
1965
1977
1966
1972
1977
1968
1970
1964
