2628
2630
2626
2626
2626
2623
2623
2626
2629
2625
2622
2627
2625
2626
2626
2625
2625
2629
2628
2627
2623
2629
2629
2632
2626
2636
2625
2623
2622
2627
2624
2623
2628
2628
2624
2630
2625
2627
2629
2629
2627
2633
2623
2628
2627
2624
2631
2623
2624
2625
2629
2624
2626
2626
2633
2625
2624
2624
2627
2627
2626
2624
2622
2625
2632
2623
2629
2623
2624
2622
2626
2626
2628
2628
2624
2633
2629
2629
2622
2624
2625
2623
2625
2630
2625
2624
2623
2629
2626
2627
2624
2622
2622
2626
2630
2625
2622
2628
2623
2625
