2068
2057
2057
2066
2065
2059
2073
2071
2071
2076
2071
2069
2076
2070
2057
2057
2067
2060
2066
2057
2064
2063
2063
2063
2058
2081
2057
2079
2057
2058
2063
2061
2060
2060
2061
2057
2060
2057
2073
2064
2071
2065
2061
2061
2058
2068
2066
2057
2058
2065
2074
2063
2062
2068
2059
2067
2065
2057
2061
2060
2066
2065
2064
2060
2068
2066
2072
2057
2060
2076
2058
2059
2062
2071
2060
2078
2072
2062
2059
2059
2072
2073
2059
2064
2058
2058
2062
2078
2059
2064
2074
2067
2063
2066
2064
2061
2066
2076
2063
2064
