2061
2057
2056
2058
2056
2055
2057
2055
2052
2060
2061
2053
2057
2065
2056
2064
2058
2055
2061
2055
2056
2062
2053
2051
2058
2058
2062
2057
2058
2057
2056
2057
2058
2054
2053
2061
2056
2057
2057
2054
2062
2057
2052
2053
2055
2058
2055
2060
2058
2062
2055
2057
2069
2053
2054
2051
2057
2055
2051
2059
2056
2057
2059
2057
2059
2053
2055
2053
2063
2052
2056
2058
2063
2059
2059
2062
2063
2053
2057
2052
2059
2051
2055
2053
2056
2052
2063
2054
2065
2060
2058
2065
2052
2052
2064
2056
2052
2064
2052
2058
