1379
1381
1376
1381
1380
1377
1379
1380
1376
1383
1377
1382
1377
1379
1379
1382
1377
1380
1379
1378
1380
1377
1380
1379
1383
1381
1388
1390
1384
1381
1383
1376
1378
1379
1386
1385
1376
1378
1378
1380
1377
1382
1378
1377
1378
1385
1376
1388
1377
1381
1377
1381
1380
1380
1378
1380
1377
1379
1377
1382
1377
1380
1379
1379
1382
1382
1379
1382
1384
1380
1382
1379
1377
1383
1378
1382
1382
1381
1383
1377
1376
1377
1383
1378
1378
1377
1380
1382
1383
1381
1378
1376
1377
1379
1384
1382
1379
1376
1377
1380
