1313
1317
1316
1326
1325
1331
1326
1326
1319
1308
1316
1315
1337
1322
1305
1324
1320
1293
1309
1320
1306
1322
1332
1316
1328
1316
1323
1331
1321
1330
1324
1335
1308
1311
1304
1321
1322
1315
1293
1303
1304
1315
1323
1327
1325
1318
1308
1317
1317
1324
1312
1321
1316
1291
1298
1305
1307
1304
1318
1332
1321
1327
1319
1302
1322
1326
1309
1310
1327
1309
1320
1312
1317
1312
1299
1310
1319
1326
1330
1316
1308
1325
1327
1336
1320
1294
1311
1318
1297
1290
1309
1331
1327
1323
1319
1305
1322
1319
1305
1311
