2682
2684
2693
2677
2689
2686
2700
2696
2678
2694
2678
2699
2683
2701
2688
2681
2682
2683
2680
2685
2683
2683
2681
2694
2690
2694
2687
2679
2689
2683
2682
2687
2691
2677
2689
2705
2682
2679
2684
2691
2677
2687
2683
2689
2684
2687
2677
2682
2684
2681
2689
2698
2690
2687
2682
2680
2679
2683
2677
2685
2707
2678
2686
2683
2694
2679
2694
2689
2698
2693
2704
2678
2687
2696
2691
2678
2686
2679
2692
2693
2696
2697
2679
2678
2684
2683
2684
2694
2681
2683
2677
2681
2690
2677
2689
2682
2686
2689
2683
2678
