1020
1024
1018
1018
1019
1018
1020
1018
1018
1020
1018
1018
1018
1018
1019
1018
1018
1018
1018
1018
1018
1023
1018
1018
1018
1018
1023
1018
1018
1018
1018
1018
1018
1018
1018
1018
1018
1019
1019
1018
1024
1019
1018
1018
1018
1018
1018
1019
1018
1018
1018
1022
1018
1018
1018
1018
1018
1018
1018
1018
1018
1020
1019
1018
1018
1018
1019
1020
1018
1025
1018
1018
1018
1018
1018
1018
1025
1018
1018
1021
1018
1018
1018
1018
1018
1019
1026
1018
1018
1018
1018
1018
1024
1018
1018
1021
1018
1021
1018
1019
