1343
1328
1332
1337
1342
1327
1334
1345
1340
1332
1346
1336
1329
1328
1342
1327
1332
1328
1326
1339
1333
1339
1336
1335
1328
1357
1333
1328
1323
1331
1329
1342
1336
1329
1340
1326
1335
1328
1327
1337
1333
1333
1325
1337
1328
1333
1340
1329
1323
1326
1343
1340
1333
1329
1330
1329
1322
1329
1340
1337
1329
1338
1335
1323
1335
1333
1332
1330
1325
1333
1334
1341
1337
1334
1323
1358
1335
1346
1331
1352
1343
1344
1322
1333
1326
1351
1338
1327
1331
1324
1354
1330
1336
1331
1328
1334
1324
1328
1336
1337
