1973
1964
1965
1963
1962
1961
1964
1969
1969
1967
1962
1962
1961
1961
1962
1963
1964
1972
1963
1963
1963
1967
1966
1967
1966
1961
1965
1969
1961
1968
1961
1962
1970
1963
1963
1968
1961
1965
1965
1967
1965
1964
1962
1966
1968
1962
1968
1965
1968
1961
1968
1962
1970
1962
1966
1963
1963
1976
1968
1962
1962
1963
1962
1961
1966
1968
1968
1968
1965
1963
1962
1961
1968
1961
1964
1961
1962
1970
1966
1963
1967
1965
1964
1965
1963
1964
1962
1970
1971
1962
1962
1963
1965
1973
1963
1964
1963
1964
1966
1965
