1393
1392
1392
1393
1392
1393
1395
1392
1393
1393
1392
1393
1395
1393
1393
1393
1394
1398
1392
1394
1394
1393
1392
1392
1394
1394
1393
1394
1394
1393
1392
1392
1394
1394
1392
1395
1392
1392
1392
1394
1392
1394
1392
1392
1392
1393
1393
1398
1393
1393
1392
1392
1394
1394
1392
1395
1393
1394
1393
1392
1393
1392
1394
1392
1393
1392
1392
1393
1395
1395
1392
1393
1392
1394
1393
1392
1395
1393
1393
1396
1392
1392
1392
1392
1393
1392
1394
1392
1392
1393
1393
1392
1394
1394
1394
1392
1392
1394
1392
1394
