1405
1407
1406
1408
1408
1407
1406
1405
1404
1404
1410
1408
1405
1404
1406
1408
1408
1411
1407
1407
1404
1404
1405
1405
1405
1404
1407
1404
1404
1406
1404
1405
1405
1408
1410
1407
1408
1404
1406
1404
1404
1409
1404
1410
1406
1407
1408
1406
1406
1404
1405
1407
1407
1407
1407
1410
1407
1405
1407
1406
1404
1405
1404
1409
1405
1405
1408
1408
1407
1404
1411
1408
1404
1405
1404
1405
1404
1404
1408
1404
1409
1408
1405
1404
1408
1404
1406
1406
1406
1404
1404
1407
1407
1405
1408
1405
1410
1404
1404
1406
