1309
1317
1324
1312
1328
1312
1313
1317
1318
1311
1302
1315
1324
1320
1332
1316
1301
1313
1316
1309
1303
1307
1313
1320
1309
1313
1313
1320
1312
1320
1307
1317
1332
1332
1322
1310
1316
1318
1313
1304
1313
1303
1310
1308
1328
1315
1318
1305
1322
1311
1317
1313
1313
1331
1310
1318
1308
1312
1321
1315
1326
1309
1307
1313
1308
1309
1312
1316
1305
1318
1312
1313
1320
1311
1316
1321
1325
1319
1312
1316
1313
1322
1307
1310
1308
1312
1320
1319
1307
1307
1311
1307
1303
1306
1324
1310
1315
1308
1323
1316
