168.3378652824892
168.2115179107351
168.3053917255256
169.3598533847054
168.0682814607695
168.3088310133176
168.463585869329
168.5665267209947
168.5591357080092
168.2802218285562
168.0976974759192
168.2744054783149
168.0799376472382
168.001986610826
168.0113336835134
168.1254648793791
168.1860123841737
168.6926969066475
168.2334201391894
168.6428116046609
168.2917664322422
168.9184222226012
168.1046134612209
168.0269734377541
168.1948309138268
168.2305632897125
168.048244381699
168.0262730035698
168.0250003857782
168.4289924499818
168.0213944667387
168.7302025320041
168.2755642213513
168.2988629014197
168.2474876326075
168.8503039608092
168.0575964647136
168.0569932349275
168.1526942292742
168.7672080005735
168.1147043118869
168.052236794342
168.004528142641
168.673772444837
168.2806202835885
168.0543773292498
168.3300695589179
168.1124880183454
168.1548599861349
168.335288263057
168.5860274599645
168.1738572630148
168.0940058334212
168.3549955432889
168.7377037771321
168.9862170813279
168.1337488504778
169.1464207400455
168.2969555904632
168.167505776705
168.2682174247929
168.3302662460853
169.3151308488088
168.0044290949569
168.080748971411
168.9161995115335
168.3101866120148
170.1078120192425
168.181198026855
168.0887668380234
168.74162707624
168.0259070880756
168.0573837033644
169.2036068848963
168.2117279104369
168.0301741111641
168.0261787273798
168.1483928907555
168.0899202775994
168.5080792854961
168.0012971713602
168.1248300026538
168.0054832527508
168.0334721134756
168.4546668317358
168.9926092881379
168.0528378097
168.5209681836225
168.3982249655852
168.0123912698041
168.7064928707497
168.1083166142706
168.3636069606922
168.2519884178452
168.2013818057322
168.3377846942741
168.0300631077219
168.1788209136846
168.0474484392028
168.232615466374
168.2632646970276
168.506872634973
168.4528677561499
169.1555733916093
168.0171887961558
168.2925035813297
168.1534703880465
168.0262698173988
168.1448363751621
168.1516777971844
168.1838591391603
168.0663628411027
168.2265749102646
168.1197692991717
168.1428547314592
168.227676911535
168.2006756704901
168.9597940282651
168.4329598480284
168.2940474318324
168.2243741241262
168.0139866379268
168.2069173157103
168.2104685978972
168.003960456473
169.3811396976438
168.0255586313924
168.0008768779565
168.1129087790835
168.0156346357163
168.4745663893783
168.0861363146851
168.1833343101355
168.053804763673
168.3750708954703
168.3705830152889
168.0237198300065
168.3378498275903
168.035653022128
168.0708859052768
168.0372234954284
168.6154277366714
168.121692674211
168.2270401407915
168.4427337467715
168.1765577859732
168.3649758363927
168.017068920978
168.4556427854376
168.3870162021674
169.0997461741178
168.1088543927859
168.3123572976535
168.1488937645748
168.3680864749554
168.1770391721764
168.940414844119
168.2251731994379
168.5208752718862
168.1961395488427
168.2183639556052
168.1733923111204
168.0642000383264
168.0038697604989
168.0907395143774
168.0110290613532
168.0695591153457
168.6779909082001
168.2921293936966
168.2762652054837
168.4066362522071
168.497903933438
168.2323305365648
168.0784029252698
168.0207219191822
168.5224200549913
168.0680669145059
168.2228680846737
168.1023479721829
168.0165135773204
168.2828022700832
168.0398397046256
168.1055042092247
168.1979221247758
168.0129539846924
168.0859870603691
168.7350943558856
168.0562426471608
168.3407021873773
168.1875362155518
168.1264433181617
168.0107667867854
168.5931953012286
168.3759175306329
168.3343956305357
168.1356308608899
168.2163344107658
168.0078272272312
168.0507610129242
168.7367064783731
168.1144489059554
168.7431852031016
168.3103083429359
168.0911441301455
168.1463824929758
168.2086524044013
168.6497846526798
168.0509613799703
168.0393865942962
168.5123575095016
168.7736780939715
168.1787699717677
168.4503737490812
169.3702239876304
168.044336249179
168.333813660069
168.7933925208866
168.0549832684482
168.858305019933
168.1019772284751
168.7129237376927
168.2958901784073
168.0267232162497
168.1136543411316
168.1988139653848
168.0699363456511
168.1481455321141
168.1399206065441
168.2825887276606
168.1283190922929
168.3010952581438
168.0914954316204
168.0198552723754
168.9978651281123
168.1064806457047
168.0975253989872
168.0349402412962
168.1389926060646
168.2289803136369
168.2884601207495
168.159504473599
168.177730269461
168.4077854461947
168.4070200118954
168.2264202297086
168.1417995627394
168.322856539827
168.2911346984811
168.212353820859
168.0524099363684
168.0331853653526
168.0248121844238
168.5514436334785
168.0112967249185
168.1926809967598
168.1702949624812
168.3026410740302
168.1572112909612
168.3977742789914
168.8945585141388
168.1761947196649
168.2330224521675
168.0733196054064
168.3550635996321
168.5932728322136
168.3861526281136
168.2495076745997
168.0827445479967
168.5104578162225
168.0608418930997
168.1539647513504
168.0333889560822
168.1446095261247
168.1720043139412
168.1366898030236
168.2811474427818
168.1593383628213
168.3860892193842
168.5492417919764
168.1402571676583
168.1912689822149
168.243514369807
168.2433962063928
168.5472644450888
168.1513098720269
168.2760567902312
168.1257081933605
168.0145775882297
169.2484913064104
168.1333594100057
168.1637106244702
169.1834550146433
168.0465322885902
168.5696561516507
168.6300431693049
168.3181172790555
168.2290650009634
168.0832820367972
168.5764454801956
168.1737028607026
168.3136620478095
168.1799079898067
168.2354462109501
168.8532511210825
168.5542935183919
168.813485377197
169.1767897363216
168.3954432408239
168.1143922363843
168.1500411411201
168.2202724623629
168.7624947995927
168.3587492434521
168.4851677152884
168.2957378434387
168.1672834087244
168.085991539126
168.1615108735573
168.0719465431883
168.2243864708483
168.5109897520589
168.2984653124938
168.6037635536338
168.9878356704725
168.4867979743567
168.5131554199961
168.2424047601247
168.7320327199724
168.0280389887085
168.0835403883349
168.0103491859762
169.1143594673304
168.0084674248393
168.4743228749844
168.0128395412209
168.1495235368544
168.1879734401949
168.0574770642428
168.9056205637418
168.4676316072636
168.2793918047928
168.0949007182632
168.2049653374333
168.7590944899541
168.0291209647183
168.4326775767202
168.0918640899081
168.1655038975059
168.1871468069832
168.2642908089929
168.1881262796376
168.3263629631673
168.8724952016314
168.3567619604187
168.3674740862042
168.2516165974695
168.3728189902174
168.2290830436416
168.0046654040729
168.035593520537
168.0825849329711
168.133650760664
168.4049101802136
168.1227862809142
168.0092159655358
168.0015911799155
168.4420977698636
168.1225123440294
168.6365638069101
168.6442544778952
168.0815558302465
168.7215015188876
168.298876261084
168.5701392950131
168.8977973655005
168.016319700382
168.5094280246265
168.0857924747987
168.0136997446506
168.20572561667
168.1317922033758
168.3703045199344
168.8661996024662
168.6539542773456
168.0101143570584
168.0604337801974
168.1098394591372
168.4894081245008
168.372952231537
168.1745069512236
168.2228447567133
168.7382947214665
168.1514010070564
168.5406466920269
168.1388709422086
168.1226445108713
168.1770135974778
168.7305771742341
168.4360607625952
168.2863237454166
168.0879913644001
168.479745429848
168.0980376075683
168.6771321858155
168.2251628535445
168.1704088700192
168.0153039900943
168.3281834971214
168.1067206541557
168.1867087867326
168.1031738488451
168.0077911924108
168.1740049376056
168.0391710197817
168.2286758620263
168.0370866715119
168.3739512103151
168.6921479067985
168.1184218046444
168.5502258936298
168.2698739586617
168.2020040971282
168.0082976476486
168.7320396378879
168.2730099584758
168.6174858640386
168.0177037151783
168.468276642231
168.5225441938038
168.1904229749506
168.3691841092169
168.2283500381635
168.1983739538311
168.5926015172165
168.7385173276002
168.5724801869923
168.4468220094105
168.7640615717096
168.3947245168135
168.3643235337768
168.0727603707141
168.7013146699605
168.0675160928669
168.7286386235782
168.2081886080097
168.0542716482764
168.4739415353215
168.303348547677
168.0225703286963
168.6653052108321
168.4492129406397
169.3691831938827
168.5103949137514
169.1604550034577
168.0622846677002
168.1710174657914
168.0133269449261
168.1268669776809
168.3837385874186
170.6168382387013
168.0662622158713
168.4716918530653
168.1322896270718
168.422407764584
168.1603188555419
168.4991468069921
168.0325766756177
168.0629769211077
168.4141914861047
168.0093545519395
168.0128717881996
168.1851124780819
168.0521962464279
168.8940105805241
168.0209187535207
168.5104725349412
168.0530846214531
168.0391699589435
168.176426015641
168.5374541306582
168.4431114297201
168.3340686572243
168.0723199714209
168.1456087918627
168.7173419144702
168.9410353717682
168.0044398856951
168.7292863713391
168.3313929267766
168.0827779859889
168.0870321797829
168.4793906152631
168.0254237494857
168.4094975423915
168.6010820874397
168.3526872624003
168.3724127163244
168.2387814875084
168.7129136074118
168.4326294622459
168.7873588383592
168.0443888459979
169.1497125050053
168.1031207567607
168.2596081344774
168.5061423134163
168.052496550064
168.0234446852385
168.0968386109207
169.5674147588691
168.1197549711467
168.4182440007101
168.538436210543
168.1961486207153
168.0614579794241
168.5552450347724
168.312412382166
168.3731451332503
168.3728483311531
168.0795522585696
168.0118428206878
168.072436279181
168.3913436873173
168.3187783633704
168.0189435225968
168.0080178875836
168.0844798064973
168.4026126692975
168.2440688821572
168.1329977824675
168.0293353816772
168.5169669265317
168.0675014237418
168.9131948925024
168.1195864814796
168.0546726033172
168.2271634629829
168.5734375226284
169.1920363225331
168.3062217064061
168.0176978949862
168.1133043382586
168.3106063093427
168.2991090071503
168.2009309771069
168.2590803306493
168.5932567535887
168.2127678007118
168.1803458412396
168.0986241257334
168.7107297270161
168.5959473018146
168.3021274601031
168.5905595315241
168.0234706844302
168.9765885270646
168.4459451926868
168.2052985299291
168.0856807887355
168.2382250867585
168.0076675532569
168.0017064484194
168.8982310664215
168.171975675143
168.629481839188
168.0683896308848
168.6869543978298
168.1405661903994
168.5333461753938
169.0305546230885
168.0322546763421
168.0389621903709
168.2136440743969
168.5271701409271
168.0498841129516
168.6153946514925
168.039975895349
168.1425337695493
168.1642853671521
168.2425819745378
168.0942543955639
168.4761441650842
168.0473352778955
168.1090069905949
168.0581937061709
168.0261611721574
168.4380075250117
168.3710415517222
168.4790198645107
168.1393708706623
168.5504267088882
168.2168403780799
168.1918697697996
168.0457332604686
168.3432292203738
168.2499898171991
168.1849919919003
168.1157607144122
168.1386897217699
168.0738016248506
168.0542066343772
168.0333336510297
168.1682952227395
168.3919832102619
168.3833960271645
168.0443008437072
168.1044192976105
168.2346374984001
168.5905162014567
168.2196266775539
168.1779484191668
168.5272403681621
168.0992944947208
168.1066207425336
168.3261487573914
168.1068328188965
168.0845700627929
168.8589187039553
168.3012673128995
169.221628728635
168.1427827999483
168.6530545073106
168.876434526848
168.7938381847119
168.5096345230771
168.0362152653576
168.3916464733664
168.2416810849066
168.2734643595489
168.7252204439642
168.4038721080687
168.9504921472484
168.4234404303206
168.5778757627869
168.264606690186
168.2371333530855
168.3533664705065
168.1297032055809
168.333186881987
168.4893418464273
168.1127318456091
168.0598401628861
168.2254564275038
168.7354210865727
168.704023418383
168.3775313796173
168.234298210176
168.316065652775
168.7986510605598
168.0408468594482
168.6609762733313
168.0375122452359
168.1555953414339
168.23284546908
168.1287611495075
168.0011333092956
168.3384875124009
168.2839149879209
168.5769581054003
168.0382700188103
168.1578895372305
168.4620417221172
168.0219772775239
168.0411912448639
168.2706908242195
168.0230232190617
168.1266850268588
168.0366223693515
168.4733808693631
168.2896103347369
168.0626290762782
168.1700516483051
168.04404002719
168.079444869254
169.0286307034535
168.1579147397003
169.61104540689
168.0397705655062
168.1782721671701
168.1595156465141
168.3748577633133
168.0216402363258
168.2578230132149
168.0410846666776
168.2037236533901
168.0191280484831
168.3490437864858
168.8116574071902
168.3585390779596
168.5039378387804
168.1560501654274
168.5576963829377
168.0599684932696
168.0508997955139
168.2636888708947
168.6143370102853
168.1110241726122
168.2472403036116
168.0670798332938
168.027399255492
168.6001326840658
168.4994768234113
168.1981176830907
168.1321581288782
168.7534490491626
168.2692887921322
168.1264121735518
168.6390387557891
168.2693932656346
168.4121193176244
168.3671398715593
168.265896251858
169.4070044107523
168.1379459009176
168.0667882202397
168.1257759436935
169.2763453838431
168.1200755217352
168.032201424912
168.1094470389185
168.0299835381514
168.3915141166613
168.4022754063136
168.0270979690852
168.1390217517241
168.5189868757987
168.196313543475
168.9723612032917
168.2726939185234
168.0248199243381
168.1530096652228
168.4062633621261
168.5317420215111
168.072704685793
168.06265701304
168.2553728197176
168.2513691401051
168.1917021231164
168.924412090069
168.160805190269
168.0117321828791
168.0393269146691
168.0909113438539
168.4995707895863
168.5677424769758
168.0387106613016
168.1332850563442
168.2887863990092
168.1659535038808
168.5805464092223
168.0582814081168
168.6471775414985
168.1133941360579
168.7380194387635
168.3587768090879
168.4379964113235
168.0895220921668
168.5887506574191
168.5852313940952
168.6896580368333
168.279584219718
168.4505722655976
169.7504513607154
168.1777384999844
168.6037239320968
168.2251270140704
168.0840165467291
168.140516980718
168.0646465996952
168.0103166574672
168.2255417953587
168.3163958500958
168.007579978701
168.4110261855473
168.6137353695332
168.1031052035317
169.8040666898935
168.5761699302019
168.2068456473462
168.0504951805945
168.1299850307136
168.1946153502389
168.4596372943822
168.1103719391701
168.3288462463611
168.0321285984494
168.0003733682776
168.3009741215643
169.2634792354598
168.0890761202315
168.3479900491849
168.0615634635899
168.0395966622411
168.0267720988769
168.0092358725816
168.0223708474724
168.3227547244113
168.4916498894453
168.1004662522211
168.0763200307939
168.0302858212669
168.083252123661
168.1784300754243
168.1745710971023
168.1356508872785
168.2640742189085
168.339336828139
168.0451924317727
168.5568551869217
168.0275952827668
168.4354042539902
168.0854486569066
168.0114227856095
168.739491285411
168.1102995745608
168.0851850614232
169.1861711745491
168.2977165441519
168.3209639597705
168.7844228024379
168.0848093380435
168.1510010680935
168.3093049662782
168.7022108171509
168.1190193755339
168.4925761625765
168.0730297153701
168.0534971461141
168.7319460165825
168.4710083134036
168.3169522744478
168.006137987891
168.7222619616723
168.0022937689192
168.0004360735801
168.1764346790094
168.18903252057
168.8322709390933
168.2102833627257
168.0882276584745
168.0113031596011
168.2365890188323
168.7908396292658
168.0832411045101
168.8411209497056
168.8102699619221
168.0006417997542
168.0702078739453
168.553224028327
168.5023689151348
168.0116445177448
168.2162542864341
168.479592014829
168.5916045131848
168.4099467901241
169.3660452389544
168.1237375186736
168.1166987712632
168.2121668438717
168.1064602913497
168.3996643666574
168.0793078599595
168.6113256977118
168.9113645730471
168.5247262961695
168.089144597159
168.0104001017156
168.6188030572358
168.2896230651326
168.1556899460121
168.1010152860858
168.4994351172465
168.364583363762
168.0269923322838
168.0394340816659
168.2686528494855
168.2971622378698
169.0257017360681
168.0449388441724
168.0416197121286
168.0378120304693
168.3206062224484
168.3488371144325
168.2984039511427
168.5701973482005
168.2068280246815
169.7062502782225
168.1455757994758
168.9060382702136
168.2501917043957
168.2673422112832
168.1949023109791
168.1053639105458
168.4696651542403
168.4791137725148
168.3788559279303
168.0603806303206
168.5788678055005
168.3332873686662
168.0106767782807
168.0351636844005
168.5375127872169
168.1953646627606
168.2334558676249
168.2296462755522
168.0676400394093
168.0158262839861
168.0983855737118
168.0426208957029
168.4631197058045
168.5618353152357
168.9927071628014
168.5913718977675
168.6223226142852
168.0443405046368
168.3758925243491
168.6592704506797
168.2882324047625
168.3391459757517
168.1199811336634
168.1998798955088
168.4208392310086
168.0173222930591
168.1026114311998
168.0134110469785
168.6886856358631
168.211847109864
168.3919302877203
168.3750343273674
168.0444760992009
168.0686638859238
168.3882743258459
168.3082493780118
168.4509309008971
168.2209787629077
168.0550336061087
168.1793799065802
168.5074452781378
168.2024262711691
168.1972741496656
168.1620535514802
168.0471846961753
168.4992613936782
168.0794734132315
168.2608610903194
168.1146936605593
168.1438873920347
168.1775403686118
168.0364382459122
168.4139287433741
168.0178857046861
168.258900520291
168.0239652847117
168.1032072192
168.1296223840338
168.110429486202
168.0320675731209
168.1237628186543
168.1426103941359
168.1975539520214
168.0449364412414
168.2756304715299
168.0216613178206
168.1042025945696
168.0200574399177
168.1466728526587
168.0371533071193
168.2382460089688
168.1214537727296
168.035275106194
168.926743992764
168.0730392281887
168.0215782634855
168.3661649210524
168.5978371872916
168.5313463150167
168.0231742783863
168.2902796569354
168.0882695610014
168.267539099797
168.0204560609835
168.4423109485357
168.9452721279542
168.1542551635005
168.1849336292856
168.0324720763376
168.0112416010112
168.0218068085856
168.4982351705184
168.0482847352817
168.4541547414618
168.9408963207782
168.414032672995
168.3785867447504
168.4621596497015
168.0450594581991
169.0109331156361
168.1294759643488
168.0248687275738
168.7549015127147
168.1867791018985
168.8751607260742
169.0439358684156
168.3495233512311
168.2919849215032
169.2574289172865
168.6564753741361
168.3153878270305
168.7492396993226
169.0454320337948
168.3630806685622
168.4294451107145
168.2385061771379
168.4898538278954
168.2885391646207
168.3300671505829
168.5150726220252
168.0550190087236
168.4500531284033
168.1668290423632
168.4435014479706
169.0972714699191
168.1359919278135
168.267695276836
168.1766862580838
168.1537794229286
168.1626211394793
168.4854109456525
168.2932206476154
168.5044526681033
168.1325842541938
168.1965005693025
168.0321201138544
168.0637108992429
168.9125735277235
168.4782020982217
168.3060766968868
168.384714422822
168.0763628943649
168.1791394845941
168.3055021078641
168.2529046088152
168.8202264183289
168.7419125558652
168.0020115692343
169.1891632201389
169.2622292139318
168.3221351613862
168.130321831129
168.1007642787635
168.2796112307958
168.1404563246178
168.2338012815237
168.1091143175359
168.2760322396059
168.0463437184522
168.3307359759215
168.1185839733691
168.4929225604484
168.3807976224133
168.3676912121634
168.2228716199487
168.2027565149319
168.0297352930023
168.153583663355
168.1060466532191
168.1063267048894
168.034369334663
168.1930326556608
168.2589114554261
168.0235531275755
168.1564342763026
168.0764615826611
168.2256037080723
168.5084855580374
168.1324900997049
168.1494951357811
168.3701362382181
168.084097528531
168.2916239455457
168.499865818182
169.1163271008111
168.0377522766807
168.3519620588297
170.2212581247601
168.949549330607
168.3754261389881
168.3237535332069
168.072244531327
168.2112348520276
168.0289768394454
168.0681187986023
168.2876560701386
168.118350057591
168.0271078880209
168.042521010523
168.2751695828925
168.0861261900376
168.2154791258669
168.2179621039935
168.0812405215298
168.6862116690837
168.0503398897495
168.0268340650391
168.3902809885272
168.6732091318631
168.4835699408831
168.2048369888954
168.8720453166313
168.3507643508641
168.6508762847875
168.3705214357902
168.2694506252776
168.2020649508483
168.4342203532871
168.2803771846479
168.296408194552
168.0575922816322
168.1357414911932
168.0265949617386
168.0681344968598
168.2036680477526
168.2912949585643
168.6457237444439
169.1874365017381
168.0648736755385
168.0140415079759
168.039100825493
168.1420642988633
168.6026956475318
168.0259053614847
168.1338386857354
168.3611512899357
168.1080954653017
168.3575289372899
168.3851292885286
168.3875390118031
168.2204291935927
168.2051193201345
168.1617638615925
168.150071048446
168.3286909397356
168.2788541126475
168.0716304036432
168.5281463386627
168.1794839782066
168.1429172669027
168.0339005027433
168.4386356339066
168.0283240258365
168.0464018192351
168.3146842973257
168.0676288418043
168.4486829967067
169.0972673819652
168.1763120366161
168.6939392348946
168.5008418392324
168.2549975829975
168.1145477978027
168.0054408134064
168.3903629991227
168.311918642507
168.5264085521111
168.6844316675643
168.0465866861857
168.0323325589069
168.0117642279366
168.0351095920894
168.3167947885967
168.2759554815641
168.4682472895206
168.0780986669378
168.0764644879101
169.2261827584666
168.3797239866087
168.1768175932016
168.4897991250959
168.1186909022184
168.1076061767365
168.8381905522531
168.002019296463
168.1742612108475
169.204196732225
168.8540110296716
168.0236396587079
168.0929595159386
168.5636557071281
168.3718115526012
168.1142461816738
169.513225259137
169.016541896527
168.9276015560167
168.8489896572254
168.1108305937727
168.0295770381751
168.4983104430362
168.4188326156051
168.0285988054443
168.0319290979386
168.1495270384418
168.2462128793513
168.2584794772092
168.8684405598093
168.1552004306539
168.0691214989965
168.2786278100158
168.7047926330965
168.019077339858
168.1983741171661
168.6470775791012
168.0535787687059
168.3255915898287
168.1984166330266
168.0116684136864
168.4027592626683
168.3965804031644
168.4333749666631
168.3545365548311
168.3350954401874
168.5553365532582
168.8564285630068
168.2651432041511
168.0985625738626
168.0349909628987
168.3648988809187
168.0241150739738
168.0326992969058
168.2449339411939
168.2373400328249
168.0419314716953
168.3784566909288
168.7488803001256
168.2192501353993
168.7213537642037
168.2017625040728
168.0035856151655
168.8444443273215
168.3591971649496
168.1352180285796
168.2208994569614
168.3468969675425
168.2578779046035
168.4820045868803
168.0241100510298
168.0296115817263
168.7664792696901
168.2599451789018
168.7707529869529
168.1170897127582
168.5003592793779
169.09990564867
168.3969883644065
168.0069290088148
168.0530974310226
168.101468772132
169.7487503945659
168.1207574969164
170.1079451898783
168.0485505249336
168.0721369606607
168.3209381528706
168.0695835848194
168.0363650725032
169.3097675351464
168.3315566639974
168.1585554792352
168.2116056186387
168.2237179899669
168.449709009079
168.0899696786264
168.5174834583747
168.9895679359395
168.44552092956
168.2975167191069
168.0392199162514
168.1077714623514
168.0120902607978
168.4077701002888
168.1242131537034
168.5490936481125
168.7590728608514
169.9682427409824
168.4640831596786
168.4701871117771
168.3050759994978
168.0858913786545
169.4963813446368
168.2962685326667
168.5314160501392
168.0878058918913
168.3382607651456
168.1156553663469
168.1704608018598
168.0398451845939
168.2766031766983
168.1645224153059
168.8572711449291
168.2801857520018
168.1442030575391
168.759863916273
168.2621788331681
168.2878438250046
168.0267626378631
168.1058366973539
168.1759841176084
168.0522250976949
168.2745740124952
168.6778367644815
168.9096906528323
168.4365272133499
168.0580978745216
168.1796668782547
168.1324198936367
168.6871769082026
168.3260118505686
168.1055487703142
168.1724617280732
168.4553260552486
168.5572724723835
168.3232399148515
168.5671663681168
168.1610718899094
168.3815916777041
169.7500240934777
168.0416818195131
168.2463986517106
168.5326890889024
168.0216458180043
168.8150867850635
168.1451688368063
168.319049736213
168.3437733937998
168.6704775404506
168.2706348030911
168.0025154320275
168.1404550843685
168.0602492851834
168.2766286265156
168.4056783274722
168.8480968528105
168.1327139952676
168.1167011502868
168.1161204291708
168.0331817401361
168.1416972259059
168.1627828718132
168.3923076677155
168.1858845403649
168.1823822036785
168.1598463924041
168.0080944691585
168.2967254433094
168.1000443549632
169.003654723793
168.5387540631721
168.4103055058737
168.119925006544
168.1172922920524
168.2853180634312
168.1497377024432
168.3448798952257
168.1152947696137
168.041831484269
168.282324679626
168.0432857567725
168.1513103345947
168.307329022575
170.0011364470965
168.1622293633471
168.1315320074567
168.0027232050838
168.0502087053609
168.1063786912821
168.6498810618172
168.0044106397767
168.3107935978427
168.0450557847475
168.111416006644
168.3853755779463
169.1632608440708
168.3972262752789
168.7658677524005
168.0491785951889
168.104551131212
168.2760190427867
168.0968749219873
168.2904390387121
168.0140511628617
168.0581996216681
168.4209883358837
168.3414171951736
168.1222583656373
168.2434982427482
168.0104801768719
168.2093812923162
169.7957899897351
168.0485579792033
168.2152600962118
168.0629629059672
168.1595704340625
168.0061945815466
169.0535274256559
168.200639588513
168.1946442084815
168.1433040204957
168.0173836848713
168.3872917584727
168.1509627769506
168.6286011705115
168.1103494215101
168.1658916667166
168.0234793686961
168.3321874977573
169.3372093392313
168.2405936927236
168.1962881094813
168.3860405914632
168.1728100765095
168.0055378389869
168.1421746927491
168.1715736386094
168.4984228064007
168.1233439073835
169.5683235993382
168.4763128962701
168.0788340707732
168.0479337643444
168.0811242800262
168.9818297415686
168.4029021975655
168.1355320425692
168.078879105495
168.0870819394375
168.3435780011465
168.3231228792795
168.5436234893848
168.536605895214
168.2465365589828
168.1846424483631
168.1445301485115
168.2269962161882
168.0978597246597
168.0222998973559
168.5110738345647
168.3658458962994
168.0811600733591
168.3639435888869
168.9465744617679
168.3591223010021
168.1486784591926
168.0137476998502
168.6882302652478
168.0208203532747
168.1787477881655
168.2330967953807
168.099732514579
168.1305265485315
168.653890092253
168.4514765884182
168.081511482044
168.0783429698285
169.4038297352141
168.3491288743601
168.0039681465938
168.023732866069
168.0052482126904
168.1821063054368
168.2003382117686
168.8841978837582
168.1308565211
168.2646749294983
168.0091584651746
168.0595963452649
168.0359498666221
168.5518723683993
168.9196525479418
168.2649224572346
168.1369719878485
168.2096714685925
168.1631330836078
168.0737073373637
168.3355257811296
168.2862175501384
169.53480535257
168.1496291999341
168.6694102865883
168.5337132711271
168.1260713711731
168.1869192345416
168.3989243004401
168.0538498280386
168.3233713640847
168.4621887017828
168.5476454223812
169.1857645198131
168.6014582888042
168.0496709814977
168.2347310310221
168.2959145965159
168.1415344678515
168.0571527850397
168.8645665360906
168.1143469193126
168.4576538158288
168.0536938488061
168.5138535668445
168.1383625675781
168.2020629998947
168.0593506634361
168.6286566518981
168.3993870478257
168.6280579737688
168.0118315961812
168.0728863922861
168.1824518514429
168.1597675455836
168.2442986836763
168.2238871320905
169.128560063282
168.1004372186172
168.2653800137913
168.0163122644035
168.1635978473005
168.1250134131283
169.1821296479825
168.4187604168983
168.4458084200905
168.5619143854085
169.0724426770718
168.0511790760795
169.3569351771854
168.0714917010052
168.5926436740198
168.8527774523898
168.0539954293183
168.0281391865878
168.5946896616982
168.4013105543998
168.2047429224938
168.0355932205428
168.0041264456492
168.2297863524406
168.4857797427988
168.1922434596547
168.2312912998362
168.1349455975485
168.0138891467024
168.2825286714766
168.5535443839636
168.1918834118792
168.593746889665
168.0533584912027
168.04358592227
168.5804132855107
168.1496337170017
168.0316683326396
168.0193587261773
168.0306227399062
168.0808093308295
168.1406712656467
168.163611902568
168.023055036615
168.0809270898886
168.1700650272532
168.3879268852704
168.4992247976116
168.0768525092364
168.2034348553552
168.2400553114828
168.1234562778843
168.7031235232355
169.2313438813923
168.2948716428994
168.3777118101838
168.1641025868974
168.4850149846063
168.0483484106034
168.0903945539361
169.8989792594578
168.4482322679903
168.2282179902709
168.078678827551
168.1834214829979
168.908620662553
168.1219562150964
168.0294494954431
168.1509285494975
169.235347213026
168.0977131264968
168.1064025456488
168.6950430375134
168.1520848076989
168.0759401266012
168.4277554838951
168.1069166165999
168.4864990353989
168.1234623981122
168.3147996728235
168.4065707048667
168.5211613914627
168.0948075022249
168.1482340502543
168.1126707904968
168.1460656712255
168.0692381430375
168.5318043355694
168.122621407896
168.0602150560009
168.0087996710247
168.3854646153791
168.093228531058
168.1340263790445
168.8298296385823
168.5753435416713
168.0331165810378
168.0376792781953
168.5358743156354
168.2649676456099
168.1217531997826
168.2317620165811
168.3545866930124
168.3381153444752
168.0959029889802
168.0470494938839
168.180367156188
168.0320279563555
168.2702069846015
168.0748253602287
168.4018467445229
168.2461073968473
168.04350955497
168.1954078607638
168.7492039294
168.336790879841
168.9752246613102
168.4422471091121
168.0388025076413
168.4452131475242
168.0289340844812
168.3680273067384
168.3683863989394
168.2071615483011
168.1857439180342
168.4890360860874
168.2810412870042
168.5778358423675
168.5168686861801
168.1277613302831
168.158744537295
168.6368374915889
168.0783737873966
168.0663426351155
168.2459808844343
168.025351337048
168.3285255233621
168.1646394553064
168.8455413730299
168.057257233061
168.8527315202762
168.1469656154355
168.2718465234812
168.0139274329054
168.1617697924554
168.4528283083089
169.2347602806831
168.307674823248
168.1904667465104
168.0977777090524
168.0747203303245
168.0256983888337
168.3010737604746
168.3309667569858
168.2168457590356
168.5142473704364
168.0055004689819
168.0305162791928
168.2361368807548
168.2735571207106
168.394942707499
168.2992517726126
168.2397605056211
168.0017397011238
168.2619550243314
168.094052944542
168.5360266549836
168.1278217007676
168.1063524635258
168.1964944354589
168.0521385250582
168.2416192695917
168.3376381787816
168.0593610146963
168.1436839654546
168.3943873182345
168.1149953795662
168.0381554026887
168.5423272529576
168.0222973075286
168.2896503055835
168.0966270368457
168.1390345327426
168.253393288526
169.0051345192762
168.0000698524832
168.2547124999806
168.6100281645683
168.0514236065242
168.8357481600591
168.7191416672195
168.3562890168782
168.0336206728139
168.1093946030527
169.0378846347894
168.8757239874257
168.5817655142368
168.4959683531426
168.8931813508037
168.2060007109649
168.1621882313899
168.1178175175805
168.017369515686
168.0316818290424
168.394902861017
168.0383746077905
168.3319858061876
168.0720496091295
168.0577198693952
168.5796213648387
168.0300561616939
168.1805930032419
168.5344374097373
168.0826299664198
168.001947790354
168.0158994202705
168.141496013791
168.0243982408048
168.1152566821859
168.0176237587997
168.6839806532419
168.3831370443259
168.3817918266421
168.4705170306682
168.1850569145518
168.1867369175596
168.230950648844
168.2894157415904
169.0166164495565
168.0489914624112
168.0776018363284
168.1343637307198
168.6433875730144
168.0821712235451
168.8890403205821
168.4575815672606
168.7764754754023
168.6902749183249
168.0730016483723
168.6682519391001
168.0983196477384
168.0932456053154
168.002974459074
168.3499269629857
168.7148407230602
168.0111413210045
168.3811603913208
168.1435011713884
168.3020352983818
168.6510240887972
168.0783588393492
168.447478063106
168.048307224348
168.3139018834082
169.1377852899588
168.222111259723
168.1303788806373
168.3823763763282
168.2239146407823
168.2638350016863
168.1634798336415
168.7859197853635
168.1364412046223
168.1892048279671
168.0354406532478
168.3942179819843
168.1932667205148
168.0685536646216
168.0329880409126
168.0920804878945
168.509077111047
168.1238541963532
168.2764068760713
168.1162425484037
168.0681730459935
168.2100955086268
168.3858377670913
168.1275961659586
168.3108088684315
168.4301060167983
168.0356456397069
168.1265374927427
168.0342758178731
168.2106046451184
168.045348345809
168.3382874032231
168.0934148571664
168.1486195740842
168.056938360288
168.3986628052646
168.9454677637252
168.9844110839885
168.5303931329201
168.292142999115
168.4277023738709
168.187527474024
168.2096237313255
169.7492801958265
168.3628350445586
168.1836103000663
168.2409145451902
168.2642485654343
168.623945173494
168.3488116195153
168.2539543009711
168.5018227593927
168.8490520471292
168.1131423663223
168.1129523750508
168.0128673591056
168.9173447859131
168.1753022788709
168.5218582300245
168.0071939440516
168.3901254199903
168.2235965950722
168.7365825691281
168.4055348724117
168.2745126512451
168.2147667589557
168.3074757384227
168.5550075544728
168.2942074790878
168.1231469750193
168.4366319084742
169.0211446260481
168.025102603497
168.1275180976733
168.2596837418841
168.147750262715
168.3222705458134
168.0448422011246
168.1010140342323
168.0922282016396
168.1449181111543
168.0506551673063
168.4420853234282
168.531070578833
168.0824945434434
168.832787846663
168.1039616789677
168.1446319229196
168.0422961048093
168.9578603791889
168.0043074203515
169.5416971935422
168.3852897994668
168.1590764332361
168.0212139434172
168.062892270246
168.125498653185
168.401877097358
168.7981578907476
168.1386089002195
168.0975977345013
168.145186495515
168.6659010723691
168.2005482813495
168.6851206256623
168.2458951146867
168.7062106398413
168.3752317659702
168.4944184358317
168.0323408801407
168.440698683854
168.0257670302887
168.089203376856
169.3016061773511
168.141576020292
168.9010235907929
168.0915237035873
168.0938530573045
168.364192870859
168.1011982446371
168.3764933877627
168.6637845413779
168.6317969062945
168.8308136802879
168.0093875712019
168.1750545113664
168.339521194699
168.3250084291173
168.0758783680714
168.2191576941147
168.2674623193442
168.1055485049655
168.2030795470248
168.8009947939399
168.256296179741
168.3931601149413
168.4168189488639
168.2105501424755
168.3935639735751
168.0114227979852
168.1593284736966
168.0045476628443
168.0931231807798
168.3312989338508
168.0129302671189
168.3061697571821
168.0340391887616
168.8760074903044
168.3629094205017
169.0264672914594
168.1661693904104
168.2380120149676
168.3587701772369
168.5776767507591
168.7886799437539
168.0311137605491
168.050034928485
168.1537585157479
168.2733562276389
168.8638641976946
168.1977324498254
168.4112648927551
168.4827079302573
168.1795224642778
168.4658514766673
168.3978193392066
168.4289682489976
168.5905501769771
168.5510512838497
169.7353254519036
168.0559269524263
169.2925704888616
168.3231964194472
168.2382432800068
168.4214177207304
168.3061719221368
168.0397502484395
168.2666782120463
168.4256374726754
168.0027952450547
168.065087120446
168.1495633089633
168.0220909616376
168.2035013064058
168.0666169674633
169.189886153719
168.0632820701769
168.0462954892948
168.3486618604631
168.4926976088606
168.1214179169718
170.0935036059253
168.162579481904
168.1242803764272
168.3376661781536
168.0181433782967
168.3172935636954
168.2007190242134
168.0065656694011
168.6532816388473
168.189582422065
168.2539618293451
168.0068434249376
168.1689503264444
168.0763318005167
168.1085452967567
168.0487815030915
169.1598653891914
168.1240635211048
168.2235958400581
168.8245378886274
168.2086481713066
168.2532543012423
168.1643817993253
168.1285899291173
168.3364580213059
168.3982177877337
168.4919240557036
168.9620061499701
168.120692377988
168.0421840583111
168.2795347547263
168.1163569481793
168.030105847202
168.2736366414481
168.0604467905786
