413.9828805698035
412.2384500640216
412.0475645240442
414.2736014604777
414.3725490231397
415.8237408814252
413.2554443726556
413.6733350516006
412.0228323353125
412.3634395393929
412.5984497302948
414.0364404029236
413.0860898080329
413.0074825710317
412.1250163164113
412.3818063219385
412.0407273210947
412.2039642889484
415.9212205212831
415.7892366067921
413.3504876676274
414.346034498575
414.2720125598633
413.0586474390921
413.6752366732513
414.4102979531869
413.9767519899577
412.2082480132809
414.0841671808352
414.4577173769669
412.0232746424608
412.3871279910863
416.0052340052097
412.0571268693482
413.3149348833193
413.011590441851
412.1851077460332
413.1566005007392
414.1664314724217
412.0466490688032
414.6380475372178
412.4986503808435
412.0908916145217
413.7527907007978
412.2442407753121
412.2397960573705
412.5087815602818
412.9928999507882
414.2654521885915
412.4218901777234
414.9678781789681
413.1127180389205
412.3921050285041
412.6395531771765
415.2502756593852
414.012681687664
413.4323734032545
413.0342544787502
412.5272918476683
412.7039238141955
413.3103974460694
412.0412325823321
414.1611051754622
413.0874235742434
414.0676664138795
413.7197044633097
413.0635129352897
413.3670576239408
412.0757226468068
417.2839979983121
413.2694942455997
413.784552941224
412.8226813086966
412.0003375121867
412.068476282181
414.0699772017763
415.0928929143234
413.2507338922404
412.356088268931
413.645132375387
419.3022692651854
412.4537168506187
413.7703635156894
413.0356903373946
413.4781491210543
414.1289246707496
414.0246765948569
414.777460402986
413.0229930061404
414.2034753937239
412.1956060657888
412.1204452529424
412.0943918920621
414.0288403643066
417.0641098737988
412.6898916697783
413.1225722112806
414.3940156191264
415.2192355456563
413.8866729608921
413.0514941449824
414.4023621584472
413.162771236506
413.0903335992433
413.0527788503272
414.2621301191746
412.0872718174256
413.0256615644109
412.0011397574394
412.4044584360191
415.530521372839
414.1464242525452
413.387319035968
413.3358593250042
412.1100219725078
413.9781399780741
412.3054374957786
412.7794080758406
412.0884941551952
412.1747999012933
412.4462887977984
415.3569429092183
414.8198103056379
416.4617406920868
412.4150397893941
412.0601001434895
414.5689109649833
412.5370572829117
415.2177439669878
412.100975363359
412.2881709524939
412.5337290835851
412.1290372440349
416.0159891783501
412.4430362454572
412.5464656420382
414.185001175133
417.3021330472484
414.890208843697
413.8643467698099
414.076849370218
414.5388116983924
414.0567506134847
413.1072663800621
412.0420398035301
413.219172377871
412.1419359799184
413.0202205549235
413.5236849944504
412.3472953056491
412.4315828510857
414.7554239422889
413.3705308499704
412.301791832279
412.0203884763375
412.1883297694414
412.2563366204471
412.2217885837448
414.1461637027734
414.8117021703079
412.1257703066096
412.224273250669
413.3390133986163
412.7387260596717
416.3784172016105
412.4291058420321
412.2337137822344
414.3197718643132
413.5738037051411
412.0078855568497
415.0665071285363
412.1520153018157
414.121393167769
412.4869417605242
413.1350012148686
412.3046414743067
412.3630476103124
414.3910825476361
412.6179811865646
413.2405858105555
412.7530134260091
412.0885946728464
412.2316598941005
413.420617039176
412.6527298743401
413.153071726738
412.3383174222431
412.0485176884351
414.2341975805653
412.3328059940251
413.1395998481228
412.4959524942068
412.3994264781593
414.3952912825251
413.6429191740167
412.5136027620547
413.0904620129256
413.5411695405091
413.1207293782737
413.2390525131729
412.1001992415457
412.0714226689972
413.0022514750943
414.6973698624296
414.1575407097598
414.0469899436972
412.270630052567
412.3609821597429
412.2945353694349
414.2859928519726
414.6993227389621
416.1794202047705
412.4675630965706
413.1479851927446
412.0128321568333
413.1564113535655
412.0252772795592
412.1308769557684
414.1967015373718
412.1237658445437
413.3263568602907
414.132254703822
413.4346234653501
412.078327259729
413.0200790671352
413.0929476423834
412.4467578937228
413.1457799954981
413.1852729093402
413.2886239761109
412.4368978241168
412.0035273782202
412.7166083250241
414.2833032792494
413.2779320960598
414.2867483484551
413.463038608452
412.2264905874794
413.0140343521638
412.3690018288826
413.111703877056
413.0510925872633
413.0298408526696
413.1120095749559
414.1300058714502
413.0927645750658
413.3638162284324
413.1457771828498
413.034302669992
413.4238606947511
412.4851918936801
413.0243264424918
412.1627796648374
412.3969278552617
412.5098981258829
412.0410967340442
413.0187796345514
412.2668455939832
416.0862932441894
412.1371620034351
412.440755328409
414.1946453820075
419.3858193146824
412.655300775855
413.000338024573
413.031071097333
412.733178727962
412.0222846450374
413.3848842317997
412.1174824261686
413.768479478206
412.0355997011189
412.6822624620419
412.3689579677686
412.4160717530594
414.0914049284762
412.108004434121
412.9249738465805
412.0220788738766
412.0485781349133
412.1587011028149
414.3890697911537
412.3734738445057
413.1131366623
412.1414610535016
412.5151116699674
412.176751502772
412.0611298567652
412.1612563028489
412.2118995786706
412.3520017204327
413.198695764292
412.5794412131607
412.2293473623146
413.5775026434767
413.3321704703343
414.2233755577732
414.0418865398623
416.2721193168682
412.0039156721668
412.0264839407424
414.778956420404
413.5747695134087
412.4108297731257
414.0856236554551
419.4440689486486
414.3326301690984
412.0970260740727
412.0340709696531
412.0412790137709
413.0498116273275
412.6725185195953
414.1733998119076
414.1517362676595
413.1765997772233
412.1134317662032
415.3666719304969
412.3742049104304
416.620354646427
413.0412912202617
412.1160367559514
413.6810041779034
412.2252229442223
412.0845889064296
413.4859321660588
413.7348317889777
412.0125665801071
413.3650333395379
412.6711644649365
414.4562871450269
415.0470470579197
414.7242397713079
412.4639803486741
413.1906257370029
413.0613271337434
412.6166940949499
413.1984072226547
412.4050694154443
414.0061756235363
412.107842730106
413.2930900116584
412.4932596652558
412.0961335993096
412.1445934712968
413.4653151536456
414.3108094627151
412.5666275915868
412.1522531669432
414.5095509359652
413.1081593941198
412.3579916004967
414.7862936825684
413.2987400913601
418.1353239751474
414.163592539678
415.0818921622753
414.1070037572774
413.9233955415843
415.0147094819095
412.0668050192432
414.2248184893928
412.4097803370306
414.3379218016905
412.1285900511203
412.2245977504799
412.2416661687735
413.1269841486657
413.2837194720962
413.1827862326664
412.8124499452439
413.1699863249684
416.3237093670896
412.3865677828426
412.0502693009709
412.8758671238314
416.0308675087668
413.5828140939993
412.0499812890508
412.2872017444489
413.2226746376229
414.613722431993
412.2732493411381
412.054318758268
412.2531980419398
412.4762387428648
413.0250958173159
414.2176782454306
415.0057910297034
412.2659629837786
412.5767146549714
414.0076889483531
412.2725720569762
414.1003663388876
414.0316832518462
413.2998126625689
414.101151609855
413.1834787586729
413.4868112963838
415.0160625095995
414.834075102122
416.081322331124
412.5029004671189
414.7246734398408
412.1075096982021
413.6049616446163
416.1386966849421
413.2481381830268
413.0756824145152
412.3661402286976
412.0286914052312
412.1732078706399
412.3871441269309
413.4422286700898
412.2402672364521
412.0924043700953
414.58959269665
414.0560446996258
412.2081902050076
413.0622510514131
414.3520798137216
413.3973470662756
415.1342245069864
413.2732130113183
413.163290211324
412.5124157005905
412.1844833204212
413.5192417224017
413.6222425261465
412.2710372495579
413.3344945319092
412.0338866069393
412.0392702787176
412.1593277896836
414.1302077078651
413.6904602106039
414.0436295337901
413.3213186265041
413.4911764926541
418.3418404098697
413.2311347768047
412.168035325121
412.2741825314121
412.1563190863708
413.4181525284173
414.7619587743206
415.1441977800267
415.0320245954101
412.3265183676569
413.0071260113489
412.282470883294
414.220368376911
413.3306034312098
412.3775802930268
413.5874178663149
412.4413955903953
412.1127952746787
413.1123406094065
413.0425183254534
413.7671919437478
414.8167123534189
414.0169830593343
413.4932034342667
412.0917036255839
412.2649292889197
412.5525940028205
412.5885938060759
413.0325623059731
412.6846800250467
415.0347220678036
412.2913912827876
414.0506320255224
413.5183886523121
417.3567169791343
413.0475600273784
413.5193341942682
413.1154344314651
416.0709382901849
413.5778088440496
413.0666472562503
414.3038957711062
412.0268926743151
412.1284179583387
412.0434689428313
413.6270746498796
412.01570047089
412.3497153585258
414.2566289484519
412.3129047114138
413.3640346313627
412.1330647645233
414.3224495561491
414.3130784416691
413.280999005417
413.0498371402821
413.0515556310549
413.0405392801862
413.6145865991202
415.1608087514194
412.4691939729661
412.2028909220784
412.1198217045143
419.1483777317313
413.2860564954991
414.0887742340402
414.1954714673238
414.2549930937301
417.2583523321176
413.5039895365142
412.1599304421546
414.0695350790903
414.3053571122488
413.5888229589517
416.0699540720365
413.1162272340957
413.2525752022798
413.5462162608061
412.0125167988
413.082462727823
413.0785094733598
412.1436722448728
413.2044350280658
412.4762821784066
412.1169513822403
412.2402685063116
414.1563257459973
412.452201982734
416.1141150393828
416.1368857407716
413.3532410205389
412.5245574866944
413.0394427150631
413.2535946775249
413.0551263077921
414.0815093136321
414.0672995408216
412.0042568514808
415.061874499612
413.0160736030687
413.962599014468
413.0279680094337
413.201394198014
412.9201432905411
412.5329169737184
413.3374561375874
413.0430336645157
412.4590760634816
412.2195759206185
412.1663654253763
412.2663357432971
414.1986870267395
414.2879053849688
413.1304770245804
412.1116028119232
417.5961753040266
413.2507591251576
412.7585845401129
415.1400114765893
412.2534457898079
412.3928731938649
414.8016880418401
414.721796897728
413.1103681481732
413.5605809460945
414.161239875058
412.8723666121855
415.0172581184969
412.3718643301171
413.3572252295065
414.0034372693059
412.1643759512846
412.431458018332
412.2802412804778
415.2665479810498
412.9369509187122
415.6862757879143
414.2592874468209
412.5965537759696
413.8895760476314
413.0553897403527
414.0730551571917
413.685066835115
413.6429868147461
412.0479838908825
413.1253039530276
412.035184131056
412.3292986303459
413.0642743985001
412.837959201941
415.6573100347931
413.282444781053
413.0528069382165
412.7901687553824
412.4377410721162
417.3563560958061
413.6804663772323
413.3212587938366
414.1655104548663
413.0980649448124
416.6499414027303
412.3175072759117
412.2084441179882
412.127250248545
413.0012726981059
413.2919071854953
412.0928290517069
412.0636497125816
414.633623453607
412.3284837150774
414.0431259401765
413.322511590901
413.535424819045
413.6891571000358
412.0677490204322
413.195073466614
412.1425847827674
415.0818250491589
412.1133566060189
416.1563831851022
417.2725546853379
413.1294095623343
414.5853319174376
414.1115581033265
412.7222569452566
413.5593269285886
413.1662771272005
412.2337922198711
414.3143699425145
412.1216896811589
412.4811216579118
413.1208481164333
414.0501933335201
412.1762708362752
413.1774872049907
413.5523942729296
413.2652617126979
413.0378532846823
412.085568444519
412.0252422780989
412.4290384505169
414.4450565742752
412.0274402978302
413.0964209398941
413.1639719245987
414.192982966078
413.1075323987145
414.2335202652459
413.0663646123245
412.3727940338138
413.2788616690739
413.3564981828846
413.1435744923874
417.4057356033663
413.1284184037723
412.4477419853037
412.0659752147324
419.1552615211318
414.1657532057649
413.0070803464695
413.2145204736337
412.155288225951
412.097837831806
412.1435254169151
414.1601143288529
414.0375045826048
412.3932173938623
413.2231275951702
412.8166967176811
413.0991475440131
414.2026731333812
413.5121831922906
413.2479831427573
417.3168270221026
412.2614379863572
413.4368828474827
412.6281241258051
414.2496235141434
412.0712233830754
413.1393927932712
412.0671675666609
412.1955678693647
414.5935095348082
412.2611238746597
415.0462992313121
413.3210582188375
413.2909875787888
414.2645527550646
414.0023320862495
412.0342694260863
414.0017717151403
412.029029327093
412.0101739378809
419.2017211492086
414.0149865146659
412.3629141839024
414.0750940230674
412.510595074863
412.92017437512
414.0368391462968
414.3745480570317
412.6694868559671
412.8761302548032
413.3347253541085
412.0080477447759
413.1631264720073
414.1589026901593
413.3619284152352
413.0832311798333
416.0009007648325
412.2310588706501
413.0731537660625
413.0131114577051
412.0373734336296
413.4708296996401
413.2476688342335
413.0193773806677
412.6427461907568
412.503316821989
413.1309097761296
412.2820106831942
414.5714540375577
413.2066576886149
413.0616760335976
415.3734258925369
413.3334671829971
412.3378391277372
413.133099118717
414.4547197745767
412.2706231662377
412.2694355599581
413.0319927776725
412.0241436342372
413.3512616771454
413.269608658855
412.0856738708603
414.4594450504354
413.0209150376293
412.0932752245269
420.9479219168988
412.4349785694466
413.5261955883215
416.3111160686474
412.6181054342586
412.0114611407194
415.3217992051423
412.5379742915167
413.2287472663739
412.3435659050585
414.5290096052615
414.0128492963132
414.3834475792726
414.3683064452919
413.1429906484792
413.0850461884732
413.2401691217082
413.1020864070991
414.4372668932319
412.0912576232716
414.3549439416071
413.0954509462097
412.7470490317464
412.0378534135089
413.4972481125432
413.9540753815342
413.0581849418725
413.3572411986656
414.0574996113369
412.3032388772999
412.0196538664735
415.1296280974488
412.2576747590958
413.4126858927177
412.106691020224
413.2682671823891
412.0145250339893
415.1270242475472
412.0394624833764
412.0454659132801
412.3828864001096
414.086464422323
414.1675946222541
414.8035319423616
414.0845893603866
412.1071150421333
413.4114756439874
412.412788364699
413.8165001663587
412.5569023958726
413.2757973690591
412.1574005056836
413.0197246721243
412.5237170299833
413.3328808595968
414.7821002419522
412.1037586318961
412.1152663753524
416.2289289079123
413.3344561249659
412.325795967649
413.7380671865913
413.012978508252
412.3708451693722
414.2943139649468
412.1103666112938
413.0662395943727
413.3474909025656
412.4290626817141
413.070910979817
413.4376097594878
412.1779869247588
412.3144858159657
412.0124899073835
413.1043623225605
413.1839372040232
412.2064767193021
412.1274620376744
413.1309396606442
413.5055589107134
414.5166693739596
412.5632973545657
413.3019902417228
412.2688104700404
412.6848429924337
413.1792238413563
414.7620325172887
418.0899267872783
414.3715368423549
412.2063141800675
412.0845326278175
412.3809494815757
413.2963898994383
413.0812191653887
412.0225403501922
413.1485187957976
414.3127178220196
413.5053430011315
413.0190180406229
413.3758618805689
414.1629217736373
414.1151736012229
412.5817684919862
415.0264988182279
412.6094166583867
412.3394772166349
413.3529761066844
413.3672411606884
413.185803580335
413.0774904319555
419.1432822600186
412.3594293703035
414.5157688794227
412.016456740022
412.3703653622703
412.6674548985663
412.0824415191164
416.2397283746905
414.2732503412311
412.155522120821
412.2644844353821
414.1255267276591
414.5951364983721
413.5876172325767
413.1940387144075
415.0069382151182
412.1258969050927
413.1916708822075
413.0363817565826
414.1419772008405
414.2068905686297
412.8051255605625
413.2357492341671
412.0472691180803
413.4191740318627
413.2587121298716
416.4142739437801
413.2097414794254
414.5665573531189
413.2538883351396
413.8410384004324
414.018697460254
413.3845568551336
413.2265127732924
414.650747736905
413.0871569841709
413.1935514673194
414.1261067150231
412.5547347426336
414.5900089167547
412.2207855731626
412.2591173811566
413.1215233674768
416.2145138693273
414.5600680110506
412.411062648727
415.8995005273708
413.223231595782
414.4293064622498
412.2756343083028
414.4339993017751
412.2053642479944
413.4772832496237
412.252393027001
414.7592066495174
414.0137664077443
413.0674838947018
413.0210770014936
413.1118068203463
413.6960762603925
412.356080577914
413.2088369122146
417.1379514444503
413.2344836979183
412.2200535280138
413.2436289033183
413.2942549992671
412.2665934976749
413.2680659140689
412.0590519140885
413.8521540013935
412.0070944738931
413.0686590510023
412.3274421043338
412.1637372027998
413.0050426232273
417.088583436767
412.3965443032724
412.5579287050347
418.461146902432
412.2851255769006
413.0225625690852
413.2022791415999
412.5727519218289
414.0656656473869
414.1052894457341
415.1511244355258
414.2158548829518
413.6619652113595
413.1859719745364
414.5287992784009
412.3069864598666
412.0870427767406
412.297222550087
413.6011784720276
412.1363245030856
414.0515660051375
412.1595303796913
413.2868287476556
414.2675699142785
415.3381334780615
414.3026612035268
413.0518223080036
414.2210921915415
412.011985902058
415.3286009514028
412.0701781412194
412.1899923268966
413.3152995950598
414.0175257125535
412.0740015886244
413.182301110529
412.6211460959325
413.4002813182403
412.1000302155658
415.2674691243598
412.9704831697767
416.1217934325134
413.4675641609315
412.5421652455549
412.2890268312657
414.257104882867
413.2529219902268
412.3737024997951
412.112115808726
414.0762280565889
414.6790008070645
413.182655254912
413.0194569922858
412.708330289465
413.0430055418748
412.1018267812556
414.0287865096287
413.4560198891656
413.0092233452229
416.1655334719187
412.0482499926741
412.6541081356836
413.7857405327834
413.1121626333673
413.4017925681159
412.1909770669686
414.0062244074916
413.3905732559679
413.7583921754212
413.2530995450444
413.6416842792899
413.3778309279096
413.9454832449786
412.0166286610283
412.0038941053421
412.1635909051232
413.265005651695
413.647226780961
413.7450713373137
412.0840048828694
413.2331478783747
412.0795290163988
413.0786726340301
414.0665328387603
413.1417818838666
412.1147205680282
416.0772671470343
412.1823153669541
413.1207731220751
413.1996820489971
412.4908066078999
412.5387215501535
412.1728601723732
414.1987272682259
413.0375148833998
412.1528810098112
413.5777149883286
416.2015956389876
418.1784423703956
412.0129657284568
412.105774652913
413.510889331632
413.3475766993676
412.363232950802
413.6157140011302
412.7125848347015
412.1195199878644
412.3201064002676
412.6256369279781
412.2857957745017
413.34276208786
414.6099949049573
414.0819085698307
419.2678762073755
412.076374867053
412.3265601198569
413.0648882105169
413.234266051238
414.9665676329133
413.1987169867849
412.982744919037
412.3936930247619
414.0159533420862
412.8304257637587
412.8926050592253
415.0838761220754
412.6206053579081
413.4347061681328
412.0620664414799
413.2249559475599
413.8391315827199
413.1651068582613
412.3161008290843
412.6553357430553
412.1474290168233
414.5853314554813
412.5477017465114
412.0026151549972
414.1535328670424
412.1048637710657
412.3043030792664
413.1553889762119
414.0053765166396
414.071189492799
413.5534125611323
413.071273359838
412.4015208630561
414.7260080978389
414.4428437867261
412.1720461925548
414.1085567686583
413.103603997267
413.3066437797809
412.4239596734488
412.0973390456825
412.1514240130598
419.1368223222082
412.0972207100153
416.5474333249317
412.5525278725522
412.4821261093002
413.5233467470412
414.4637163374221
414.0468958806474
416.6960912942149
412.1747460735474
414.0294184616146
412.1208140298685
412.4201487201947
419.4441288358662
412.0188673216682
413.0958510844473
413.5070675399396
412.9542060087191
413.489310074926
412.4363938159627
412.2854156778275
414.1723653293033
415.5700809075603
413.2598245280006
412.0202257348857
412.3252156371675
412.0098688223313
412.0692452657989
414.1407987520905
413.1700169517823
412.0734084130634
412.1376426220325
412.2580734327986
412.0697447067541
414.2285871860568
414.3144634112709
412.0245462001066
412.0683742345082
412.279111032977
414.8668771771931
412.5709096343494
413.3159778071391
412.0621610417157
413.5765261114095
412.1973557848409
416.2103907966633
413.1103312484125
413.0979067914027
414.2179066159399
414.0081889379245
412.2770512218252
412.291681283815
413.2016191692361
412.7872627187783
416.1224594426384
414.0149243530473
412.2374594559166
414.5969830322447
414.2795708131832
412.2044230834181
416.2837531860133
412.0500690302017
413.5047653593256
418.4331659620273
414.3896109221292
413.0564343433867
413.030597827065
412.0163865754605
416.3826415633556
413.5397656963933
412.7163309821118
412.1140172562748
412.3024306525772
414.5572736905609
413.7549624641609
412.0208744032938
412.2673403873347
415.5051899431811
413.7735986092392
412.1433976141391
419.2295016849492
412.4005631087378
416.3241017219236
413.4616901793361
412.1258570567823
413.0059288514331
413.5172298229947
412.1997343105937
412.9482336143191
413.5783282811574
412.2265105318631
412.0886894503011
412.8275035505836
414.565467477365
412.0116232918071
416.6723707218275
416.4761092427285
414.045639393752
414.1316886373268
414.6407050476201
414.6956901621214
414.2725392863962
413.1252290996301
415.3474274403266
413.289072450555
412.1308403607429
412.7088234376417
412.0505309937656
413.0222467358981
416.1970136204534
412.0054347081843
412.3349757629819
412.4244988155556
414.1836782772575
412.3104815431948
413.1390040049653
414.3331747292797
413.0533311092187
412.5146453999778
413.2479665168509
413.2828103070125
417.5156631320133
413.1706425480883
413.9169017964232
414.0680992423812
414.3622209871451
413.0325419044599
414.0757227547572
412.061909567098
416.0913511551825
416.2584836793915
414.2739323088715
413.8940010389996
417.073186744181
416.1115397192935
412.2981514772482
412.1126760693878
412.5151597481678
412.2185562031095
414.2651416869246
416.0830077252449
415.4992520397372
415.2541076266152
412.0339247426525
415.0423871998323
413.8440810451387
413.9952790949977
413.3268429949215
413.0415994145737
412.0150227549689
416.6873211586901
413.0687626638626
412.3828824538394
413.1114046065065
414.0068946207136
412.3145052876156
412.1020392988653
412.986220767576
414.2276340611529
413.586297538058
412.4026017261611
412.8550732351384
412.0808161058531
413.1697571365493
416.8261570238833
413.5063679391127
413.1275238351908
412.0553220183367
414.3030330588939
414.289573577879
414.3782197144097
413.4467806431757
412.7291676383278
413.4569928463399
414.3966813469651
413.3566314932468
416.1101315898123
412.0029006329911
412.3021602551685
412.1823792894413
413.6660887146907
412.3459022007692
414.1968121900708
414.3315026428158
413.2284859222225
416.1734532753443
412.1728074865638
412.3884827535728
412.073147085836
413.2285952353134
412.7258100914876
415.245140589853
413.3885487693493
413.1644580414364
413.2840941193102
413.9081566357605
413.5201002193836
412.3797755776385
412.2763348940899
414.0841996074482
414.21329057088
414.2026751945801
413.3386786838588
414.493893688515
413.566037616596
412.052158597955
412.0881790159546
414.4607455909699
413.6071568849217
412.2339173966753
413.058576974252
413.0258252246563
412.3503087711437
412.4976501270997
412.0764050059545
412.6486445228367
413.1911535193589
412.0586028629177
412.1212342038052
413.0391024889323
412.2068837155049
414.3254646535469
412.5930784245405
412.4341095685405
414.7726047597076
414.2487006750057
412.529681281853
413.1104245231912
413.085673770984
414.9086364749752
413.0050600277989
416.3259745538605
413.6915682938983
412.6993922747088
412.1632326130668
412.0697983874305
413.0481262924626
414.2517424907653
413.714219419371
413.5101649779565
413.0791815702889
415.1857419547483
416.2625864188199
413.0683729737055
414.5415071846575
412.1992039262879
414.1691316323499
412.5844604873042
414.2442919628916
414.1834875831779
414.1791691471576
412.2963677708901
412.0008895497846
413.1227342054884
412.5068469068171
412.250297005229
413.0188489392288
412.0052852810082
413.7020251309023
412.1130702731718
412.0783948877897
412.7605971727497
412.1167421396444
412.0231754100606
413.1424412008218
414.3357062169441
412.6058627374671
412.1254857611709
412.1971492191364
413.1542265099757
412.4049052215484
413.6648726547563
413.0260879790383
412.6471940322658
414.0189747845347
412.5364817340617
415.0732487279572
412.6649912939444
415.1417897324765
413.010840867708
412.1584930152432
413.3546425856717
412.1508900310398
413.2170439031678
418.1783402832898
413.0657858723344
413.3694322353945
415.3614528001623
417.2833637454945
419.0499888026743
413.1123713195562
413.0703879946049
412.3592272291835
415.0149515687713
414.1353029259139
414.1674967808566
413.3603825372575
413.2607156022565
412.3138046488498
412.0045649549276
412.4434903012225
414.1281913970757
419.9370572059383
413.7862460797771
413.0937094868059
413.0931098574906
412.4615695828438
413.0066983312807
413.4177615915183
413.1784170390485
412.0924643398459
412.0445293749187
414.0133916607624
416.7381564672608
412.1750136210197
419.0867757821196
412.4300262056357
412.9172087859254
413.0530216325894
412.0709448133532
413.5133764190361
414.3039007702609
412.068390086167
412.4022316101616
412.0938523406238
413.0630525169116
413.6016872958959
414.159893965696
413.5889142195558
414.1287325709682
414.2904412447231
412.153687871025
413.3729829533961
414.1272792424591
414.2903940097191
412.0766673684651
416.1780528434874
413.004119539255
413.5081716592568
413.6077844835378
412.1716154066485
413.0842579250414
412.2080901506615
413.6597816699156
412.3382626391261
412.0321520912191
412.3044739562783
414.4906090107368
414.9237872989922
413.0425237761921
413.2900750380844
412.4556766859513
412.8315644146863
413.0497299590959
413.0248116737054
413.4238314158686
413.2147370455587
412.000696573268
412.2947523149149
414.1127480032241
412.8278708875595
413.0374580245273
415.1251224087715
414.6318360372297
416.0950924064775
412.0709804035637
413.5720811926257
412.6643356235206
412.3987220523205
412.345617287218
414.0483595508114
413.7407423958973
415.3501136163079
412.0289278501836
412.3255151265165
412.5483563578344
412.2479725080697
414.4851846332234
412.1001690373677
414.2233861248022
413.7062489069464
414.1516770640407
414.5252317444633
413.0968352799615
413.5227147952061
412.1103878242207
413.8930069504627
412.3618813300574
413.4036267060671
412.8877144735418
413.2572570858517
412.718238138429
415.297293936488
413.2687140548732
413.1822032324321
414.0461962070862
412.2458930423479
414.2802789561989
412.4440273545926
412.044300887544
412.1382876231203
412.2506928262661
413.6118608255166
412.0238100075353
419.0298323616909
413.261761153187
413.0295289810466
412.0630986095329
414.6278156527717
412.6860031475989
412.3545036627445
412.1701741479139
412.1000139106308
413.2740453123541
413.2832125233385
413.0438763841256
412.0839778424433
414.3453187095116
414.4067546482207
413.161689938521
414.1371964827187
414.6077161685411
414.2298423472218
419.4626650174553
412.0943585325862
412.0868897020222
413.4739687424779
414.5843005415916
413.1526861823913
414.1335380365645
413.2590276197717
412.4613566070572
412.348406747411
413.250342248216
412.2430180248577
414.0685503213851
412.0398055722516
413.1260398475076
419.1213580549577
413.2823728525948
413.3584322750482
414.3923288264073
412.1889104891422
413.2111396363069
412.4565518716061
412.1116703776686
412.0053613175735
412.099509639371
412.7256804153824
416.7435847638384
414.9390792699973
414.1280095074494
412.2051055320911
413.477293312334
414.0814868766581
412.2211850683755
412.7120973355779
412.0276461552617
413.0661942492058
412.0080618055227
415.7724267510958
416.2584064210778
414.0335949189434
413.3732285155019
412.2258166749992
413.0339577066568
414.1262882196573
413.2842898116635
414.3681418362574
412.1350891106504
415.037674240262
412.0331225918999
413.0032596493851
413.311515476931
412.2625717229354
413.0067650409131
416.1698357258416
412.2505754410966
412.0834189049926
416.4025264620747
412.0268044835295
414.3239509401749
414.1805443052889
416.684945881858
412.0896159785337
412.2811462741223
412.514568077653
414.3506334835236
414.152845360368
412.0521889219416
416.1919669226033
412.8770677313783
414.1577697068306
413.1469280183235
413.0690963606684
416.4910923325342
412.1232027651557
414.0513644247999
413.0610311653476
414.1167645119827
414.2813690588434
413.1410035117214
413.4934820127261
412.0036380924638
412.0984851184077
413.3547771710918
414.0259565773791
413.1982733399129
412.2634409080244
413.5813745790908
413.0193008147157
413.4916202504098
412.2369600772616
412.3860276852894
415.1593852020469
412.4905478993292
412.1116981999734
412.1032082989582
413.0326924914827
413.6192440747438
413.045921119644
414.136272178768
414.0809765711674
413.0428454895659
412.3098916718975
413.0804804777878
413.5112671749633
412.1418640780277
412.0842538127244
416.0702000360247
414.2120274492616
412.1951763734625
412.0527736746516
412.577469898878
413.3444835144904
415.0355206783518
413.0298458591805
414.0678385939545
412.0413575436016
413.3473488705816
415.1778756928989
414.1611151940606
414.0158882811625
415.0284567197115
412.4188680885373
413.2661390215171
416.7982410291793
416.0769574309496
414.3805661898806
412.1375733770774
415.1600420876202
415.1491472723443
413.2415637803196
413.2373373178918
412.9286108935019
413.4478829136388
414.2671288635343
413.1000893234382
412.5116534192757
413.2318679128715
413.0767900717431
413.5082903501835
414.663097013912
414.1069178558412
413.0600976222127
412.7528214567827
413.1958997554268
412.0537172291187
413.0172422937129
412.2066958607833
414.1900434145231
412.6440366542686
413.260194516565
415.521312667348
412.205495760125
415.0030778561512
412.4874609131421
415.0211859295597
413.0856111474471
412.0506481201877
415.394655734052
416.7464921172531
415.2843555231976
412.4923743733697
413.0715402349014
412.9363365979657
414.334062987432
413.3198955332583
413.0634456066927
412.0099451921034
413.5747206504367
412.3144960805624
414.462078042304
413.3110715777292
414.0605718900892
413.3256510074981
413.3070953630519
412.0025628203595
412.666697918731
412.2283413706316
413.3335274285833
413.0781566826934
412.2974789404156
412.0943310516009
413.1275671666012
415.5367445257639
413.1019637415495
413.2724855677068
412.2172955917803
413.3862003851497
413.0213637194871
414.3051308682837
412.2113780441449
412.3319357582543
412.399465164431
412.2797560833877
412.0614817559464
416.2856828523456
412.1594330690079
413.7966187679063
412.3971033664355
412.2449902504808
413.4145256993174
413.8005616883419
414.0848699767315
412.2059965652325
412.1410565998729
413.4450839169817
414.1893290968066
413.2859982525241
413.2270109686403
413.3698588752899
415.4197306577994
412.3951828895111
414.0576811108358
415.1643419192047
414.0024613043567
413.2092412162062
413.5953087482133
412.028461094362
412.1483775795926
412.0871234405951
413.2113975889468
414.0970622332475
412.946224395155
412.2774105873359
416.9448735898912
414.4519225023585
412.9004028059291
413.3952445086428
413.6050987046616
412.0338158706544
412.2876671130949
413.2645083011024
412.1060909593808
412.240479707499
412.1090553444512
412.071971599629
412.0161251143739
412.1323783495076
412.0087621951911
412.2251857999067
412.051239128082
412.3297959946903
414.3280449221219
414.0991263771308
412.3518463596292
413.0795629993589
412.0719992917808
412.0724882093661
412.2562630666642
412.330537227978
412.1109930153673
412.096819146497
413.2920075864746
412.3358859419608
412.0894692779057
413.5104700540132
413.3385295039009
413.1635076362948
413.2342185107952
412.4492385747058
414.1029950603523
412.0529311425149
412.1162401672759
413.3517767631952
412.7962214944669
412.3326342238163
412.1043153097581
413.0324643583598
412.5886727929933
412.4540793829646
413.4188181107398
413.5515049161402
412.0892480532636
413.0940357600861
412.0466054668173
414.2024772272123
412.0823422283199
413.4083804382919
412.2255698461247
414.2169041813693
414.0448799639449
412.1478287828359
414.215707137194
413.3183921066679
412.4451646729067
414.0373512349441
412.5203918843148
414.25287552046
412.7248857267555
414.1712862161276
412.1102544420937
414.3933069102933
413.0681578525981
412.1217080751706
414.1607650317562
414.2443921967212
413.1254885437789
414.3914460253809
416.0318086523058
412.4502569367516
415.1188921739882
413.0200449271314
413.308534625738
412.4166560067023
414.4772178789739
412.1008211748311
414.2780372794613
413.1949160981703
413.2853015960176
412.9780578631869
413.755183409294
413.0009625094738
414.241795728246
417.1407581671197
414.2302818722189
413.1851755031119
413.6915075993949
412.6018445326968
418.1904546971816
412.1999725032289
414.2863972818274
413.1767634120824
414.153948360912
413.182236911118
412.0001047877736
413.4599881486246
413.1514692772428
412.179239455768
415.1093372149775
413.1306492211541
412.3671461204549
412.4481830530377
413.5919742213692
414.0972328678617
413.1613171959219
413.3019151842893
414.039116302535
414.2886776333806
412.1124977819006
418.0782354192569
412.8692222984126
413.6662268430894
414.0749837721877
418.3605713583263
412.1750024817293
413.5821781626578
416.3750467553129
414.178063211381
413.3961055654364
412.088533546178
413.0707539303075
413.1764908395392
413.2747424872261
412.6157544155651
412.435795387896
413.3923070382113
413.1851839593426
412.0062600512101
412.7286683833191
412.1292452914677
412.2951991342197
412.1273161158052
414.0612252104832
412.5315602979421
414.4051711367711
413.3888424934035
412.4773218780368
414.1279400218862
413.4271396361054
412.3500107561344
412.3853592229116
413.391414543496
414.1774581008536
413.1431689603605
414.3608576825671
414.1876678230524
413.6400953036897
412.0766562229291
412.1625253888235
412.5270765281927
412.039065364239
412.1056533268296
418.0569454145121
413.0191497495861
413.4571936077656
413.0890606731614
412.356856350752
414.6696221077951
414.2687070181321
413.9074473044211
414.4984412954335
412.0120321000607
412.1693406254073
414.0489128552869
414.228803186244
412.0133960231536
414.2273132175512
414.4883161677275
412.223853208656
413.1462073287312
412.3260137606011
413.645004348723
414.0800562483765
415.0524900524491
416.9348759530416
412.1608716433479
412.3995592945286
413.0199734861935
414.4089085152885
412.1702375826704
412.6726956650168
413.100372223395
413.2277505164975
412.286243077671
413.3926367148107
413.1273931630214
413.938033355766
412.3560817816427
412.2588060441361
412.0370636825319
412.1227319773674
412.1710340574663
412.3988514055984
413.3539433441132
412.0861076652546
412.0362830057928
412.2103935812929
413.1969450362115
414.0398526208812
414.1664195420504
412.3501228138299
413.1468941190146
413.3123996527978
413.2675820643544
412.1770199820058
412.9418074985783
414.4329381114419
413.0460949316041
413.0467347707902
412.0004418440563
413.5485321296935
414.1556815888294
412.2389600708973
415.0929680950618
413.207749174958
413.0921142045997
412.2232796339178
412.1250582676499
414.3508742541621
413.3247822735764
418.8554925069149
414.4318032198753
413.1943024130892
414.806394302355
413.2125568934503
412.0802408119147
414.4042722170865
412.2423219642216
412.8138342746735
413.2142511792048
412.8118866913942
412.0168596198954
415.0453725034152
412.1510718924363
413.0154319396781
412.0600070630425
414.0154597725798
414.3261558750323
413.1549884737497
414.1172840082432
412.0176201721238
413.1354178237021
413.1107981401116
416.4399832750772
412.1309957965125
413.0247645743814
415.4522518615729
414.0753059858994
412.1213475801743
412.7289706715065
412.072451726695
413.0118713994442
412.6176699904522
415.061534842536
412.7484325624804
412.4312350564103
412.8184042452809
413.38199368186
416.0542610390997
419.1680601236366
413.2799949359264
412.3838787651702
412.0036234848124
413.1050088537872
412.0665378347222
412.2127059726567
413.0538984670197
413.0551661910889
