265.5803504256842
267.4421636872469
268.1752920506661
265.2463351388256
267.2074387776757
267.08878161241
266.1126513794085
267.2716901496056
268.2016588575365
267.4399859846765
279.066118314735
265.1211881634611
268.1412745236524
265.2262144295553
266.8828393453094
269.1196454341528
267.4158054928186
265.1444020263986
264.170892199893
266.5612727933372
267.0171184753598
269.0123537463177
269.0342325157338
265.6173924167294
265.0851131081404
265.2655518641628
265.2000540856911
271.0917173257658
266.058574198609
281.4042011022381
266.9337111568785
267.2384601883651
265.514502834309
266.4720645158047
268.2040172487582
268.4248048846873
266.6102162674938
264.2991917745701
265.5173895723231
271.3009815393482
280.1295987086599
277.0759744599081
265.0250104262629
265.4837450029825
267.0587792485861
268.1021005787781
265.5552023703917
267.0393548531652
263.5508180807402
267.5955426252538
270.4127833407978
267.5308099509652
268.0874193156178
267.1170765556099
265.5703773070892
264.3455296092167
267.6833493366719
267.1628642853702
266.1245620568635
266.1132136397489
267.1345270459654
268.088925838474
267.2819731013666
266.2322690685613
267.567321804435
264.4191964533893
265.3125121048505
267.8618014311338
266.0707709526121
266.1943152453546
265.2441910229909
266.2966638055153
265.7209379265184
269.1514410629147
266.4259420216425
270.2519470206124
266.2314366150248
268.0881411620483
265.5830801423476
266.2032936030027
264.2586150928506
265.5435058189636
264.3755272698857
266.2131549217955
267.1057106879438
265.8669140760235
269.6299835821334
266.9443327707798
278.3599351930339
268.160670661849
267.0592635196073
267.1448992751056
265.5155086252972
266.0797522830993
266.2708276376741
264.1091437600563
265.0821562416297
265.0527895941883
270.787353856888
265.3249776864572
266.8951335346304
266.6038504188308
264.6713661689133
267.223733705768
266.0012660818421
266.0419701629405
265.3078187395524
269.6286048457499
265.1980656613447
266.2411535834854
267.0100086178811
266.0556410370859
268.0039816825571
266.5111373797491
270.1084835664543
269.2244459807139
266.2293669635346
270.7674765365341
266.1348222954408
270.3140547917626
268.3303897768037
270.4283587248153
264.8299993859179
269.3369846013666
266.597354335124
269.0972939447386
263.2817886034516
267.090127314324
266.1438856190841
271.1968073804395
265.0292237124959
265.7004888852829
268.6521587284774
267.192374455303
274.5305028152515
266.4107109617782
268.4345855046025
266.1033995910406
271.1499292252714
266.1757498199897
267.2274018303452
268.3285043298697
268.7219712138665
268.5395622505803
270.0115803464369
267.5185767005181
268.3312030688833
266.0422333233673
265.4771405773781
266.2359039441311
267.5993505422571
270.4042767669708
270.7748564185213
275.8974389041864
264.007523595608
266.0152678734356
265.5496287886908
269.1359912202835
269.5768180860626
265.0040694336269
264.1267284101604
266.3012238715368
267.0563626919607
267.4706204121923
265.2002635868777
265.0958532718678
266.4244204142919
269.0438383140502
266.0716343114535
270.2526105325202
270.3847198142993
265.3473074055368
266.5040045498616
265.3761969980045
270.0379776146601
264.0161735550574
265.0300703958043
267.4142731761913
270.0341270720863
267.4589438113504
268.1126898364666
268.1117130116183
269.1339354177359
264.6750836986234
264.643644710809
264.7687895359956
266.0465871408738
269.1489567856271
267.2954325049811
267.1416052902321
268.0112897009643
267.2258751480108
265.6439259500909
268.0332912247722
268.3162387091824
266.149490932916
269.1891198470568
268.0466659096147
268.0459769173208
268.4641791182569
264.4452763959602
267.691001812838
263.288111957324
269.4107879052062
268.0216178254802
267.1056481004274
267.1735665720287
268.4202518103943
268.0305702925818
264.690573438968
265.4033743494284
270.7154370425533
265.2648047828272
268.0523431083437
264.7220864582205
266.1410127058623
265.0638400488135
265.6938238496756
266.1085112289697
266.1277772508244
269.4644886272098
268.1439185008068
266.5582489829817
266.5082234326477
270.3125299620789
269.3237334144203
267.4253629338136
281.2847739764193
265.0102937491819
271.2465020606674
265.160941601071
268.3777001716969
268.2181018590981
268.0605301920407
265.1460073474403
267.1167488450545
267.3114465634063
273.2517297677451
270.1721781330235
268.199183270734
267.0642233912623
265.2273454274473
269.2286113061677
265.2312875683826
273.2780285541544
267.0301274950577
270.1354786742787
270.758198028501
270.0711996389151
269.504620143869
267.0015515448146
267.0765817608133
264.0023073152411
268.6061246266644
267.0108087211037
266.5306326400261
264.8607837993832
270.1147824096971
265.9204275173254
268.9111299129304
266.4435745053613
267.4279569708337
265.3336206196779
269.0042109797861
264.101578868887
265.1339479267583
268.1149322929637
269.4105796598394
271.4010040856886
268.1589021446019
268.2364367540111
266.0044038929567
268.1502108295462
269.1491707479328
267.2084546121832
266.6207971594818
268.0748407375017
265.055629804454
266.0326216339735
266.1919947071851
265.214597354508
269.6338299988407
264.465281008032
267.1625992373089
267.1494736631821
267.1435551537436
271.0578080027388
265.3058204795151
267.2366695182629
268.4670363441354
264.3534194813114
266.0173290594969
268.060230171622
272.2188997370108
268.415570788005
265.1088230079976
267.0013583190395
267.7707076434332
270.0322455515326
269.0328162799875
271.5533321463359
269.2810804893865
269.1920001304765
266.541907152874
269.74976525605
264.48158786488
265.6320707813765
266.110689237132
266.3109216031261
267.2150529687259
267.2302064610005
266.3051051372568
265.849122499873
268.2265493985358
267.0524111931503
268.417288992004
265.0271197192275
269.5574516063701
266.5750940285216
266.4213826659937
266.5580965456473
267.36374308808
267.473632518273
265.9549727970036
268.3510325827473
273.0083593017401
268.249917376681
269.0267353864932
269.1921803415325
265.8840534168256
264.2876038450817
266.0038699578088
266.1878677894521
264.1246229778596
270.4110224127103
269.2151477707679
272.1277413819155
266.154505548811
271.2173637894816
280.2037631910557
268.8296626669541
266.0328867558381
266.5214594589381
265.4393517288908
266.5350340267148
267.1433148230813
266.2176476776074
266.2776667892361
264.3242944936803
268.0067201766801
267.8846031531453
266.4064514467291
270.5318453556704
265.4829706102739
266.9599736766166
272.0181034088463
265.0395923800683
264.2217334005907
265.0886571461956
266.1539311145502
267.0910716466634
266.3949354603436
269.0614793082642
266.3463050551539
269.4220412953385
268.1090432552272
269.1285844671947
269.7447692240877
267.7275054617768
267.1080123412503
271.2513653772193
264.3065383131047
265.0461397710913
266.3607461863282
265.0451651594295
267.2591829467352
272.4041878342517
267.5673979232834
267.7809362670354
268.4593354455971
265.4066425517291
266.0190172712989
268.3181223535058
267.0297126526937
274.4883868674055
268.094816571359
267.0835668836006
271.4557492070441
266.0396410414822
266.3671766969383
264.1468110844582
267.8559113784561
266.0235188881391
268.275525600608
270.6619514796081
263.1040242499025
265.1012690757926
269.1538840891891
266.0113945378234
277.0753515677892
269.1164119977126
275.2090813501737
273.0801867832129
268.1495747770306
266.281666107104
266.1518624353459
264.2446067661362
264.5998472038056
266.1536457282473
267.7658752788508
271.0212165702831
265.2302979282049
264.387220982007
271.3712319922612
266.227174411834
266.2377039124339
273.3130842360403
265.336093438802
265.4095315352591
266.3648450828279
268.864617172577
265.1071427782133
265.1361983504439
269.3756049044568
272.798439752968
265.0458054778048
266.0122993802896
264.6673346818408
265.3142972937125
266.0157095168713
263.8188897346791
268.3579856805908
266.2653917602312
268.0979426310518
269.8070865672993
266.0182920743435
266.0993344726729
268.2463053958242
269.4839647727765
269.2389215664259
272.5959642817344
268.0723195540585
265.0860462757474
268.5732694383328
269.9375200234343
267.507073965689
265.0419694693304
266.1077711730957
269.6873584637599
265.3537762325209
268.8012845264331
268.6000370638799
270.1163488904133
268.5798315406192
270.7031044229153
269.8885745680029
269.1352269049415
265.0233546639823
268.1139424672949
266.1981240431829
265.2391965821446
266.1839653737745
268.216100590312
270.3341349261838
272.1432910191998
272.3838231379175
267.2125815080769
265.3631266216034
270.8009429492803
266.6201105483536
267.2701246417936
265.1673228931623
271.1601652914766
266.0133706792749
265.9646636389706
268.167777780305
269.4220986709563
266.3741544576045
265.2012208823003
269.5651682033083
268.4845921908254
268.5554301022635
264.1822046069915
265.039881140672
270.2910587815609
266.7854860060062
269.1311376405314
267.0672304560217
266.1169081686152
270.5682368531924
269.4287585786329
269.9136207460538
270.888395992578
265.3098913351362
265.1385675904244
266.3606165295765
268.3061819515738
267.0169036684529
265.1446310480785
267.2874235437442
265.068530317807
271.37662943268
266.9022630324677
267.5995976575639
271.1645223009243
265.0689891747421
266.0157125287826
269.6586925212191
272.1905707393283
268.6847285055768
272.0390620834621
266.1237123731557
268.6601248344684
266.1904176186111
265.4679219950265
271.0272622614153
273.0079966502176
266.9531119370982
275.461380959937
266.1327410358269
264.1320008738132
267.0861267168128
266.7376287642093
267.7876399292003
268.1379562984231
271.0327430293533
265.421988449682
264.4868577213856
266.4356454824893
264.6526247264971
265.1148445124109
264.6027182931438
267.5361353051223
263.3586365540623
267.3308579730414
268.3856996109832
266.2950408747604
264.1913242090029
268.0774233437202
265.162931157362
264.622905629041
270.5037574098719
265.4081205201634
266.1427195242207
267.1362260815847
270.2812636283064
266.25325012065
266.9897015966118
265.5719754776484
270.0410260649051
266.1580037301288
271.1793758065896
265.0614510320198
272.9322147985714
268.8777526508971
271.0389257040982
266.50842183872
266.0082067149777
267.2756971251316
267.0550651720085
270.969381963755
266.3308570443008
279.0504523212981
267.7338520560081
265.426729082291
271.2286895001227
266.1646343045576
266.4623436650819
264.231682997623
273.0254863670085
265.2806014043821
266.0739818653413
268.1009256848519
266.0367129742939
268.3726361559056
266.024552998944
267.2288117524205
268.181610633913
268.1760527801724
266.0128933674436
265.537044469221
267.0971447881802
265.0553199627831
263.6863669502651
264.4356499943471
271.1083480255394
267.2130679112728
267.7657624404234
265.1735227548083
268.4902727488985
269.1539129235655
273.1285894712978
266.2116979335029
266.3761489933007
265.3568328361876
280.1635678073828
266.4161641757075
268.1896399121935
268.2983058644662
269.1742221075203
268.7837824399106
266.0257548913073
270.1168974160207
266.0270853194846
266.4729624007687
266.2639399931886
269.0265755696905
270.0825924103376
268.0940475129666
270.1126197424545
267.0183649380554
265.4406189714366
266.1855563636956
269.1112305312976
266.7361577650144
269.3402154019193
264.360753917075
266.3232506653473
272.9504104229076
265.2439841554397
268.0090730407482
266.1164654458051
267.538841849189
265.2051981857344
266.136080998133
265.1254413762661
264.2276373903164
267.2769192741794
267.2721496292198
267.0629445976465
268.72904663002
265.4242975951523
270.1149196384779
264.0841287395234
268.0978015883062
269.1385499226711
264.0635556889324
267.0163203592994
270.1368983373599
269.5667161969433
274.4361808952781
268.5533766823533
274.0972526117848
267.1662733977309
269.2300170791542
266.0064219805777
267.1709770697224
265.0442893740492
265.2098502504541
269.154652740682
264.3930152844876
271.2439298950443
274.1166383001902
270.8332036236769
270.200332179132
264.1456670030017
267.0398208255903
274.2826926274543
268.0231820567301
266.1484048747363
269.0197637005439
266.9592987587508
268.0000238918121
269.1591217265808
266.9221256820936
267.0539830185967
268.5032954001572
267.8107171378213
265.3337200294804
266.2658818465307
264.374484241469
268.205812941831
264.1068263475138
265.0756296931809
265.9473841064933
268.4993998678481
267.0944591835733
268.0558312527203
264.4600528853036
268.2306107321002
268.006030307957
265.1705934961943
268.1025006095232
269.3030038406714
265.4980694262422
265.0615757931122
266.2272764963631
264.4973956681039
264.1354791771686
266.1805269531087
266.6670249051533
268.5182229975544
270.0084544931839
265.0353210142312
265.0378706732302
267.3382956712369
271.0827649702895
270.0269565263708
266.2139500216135
268.0173678047926
267.3678191131225
265.0674470129086
266.6202086261753
266.1112518076093
268.4121126441066
265.0991143576406
267.2866484811701
270.2299770530825
267.9132288807975
280.0513751436451
267.9423325883595
272.0033684967753
271.3612879501746
264.3427911596418
269.3055549546751
266.1347480513732
268.0827212024528
268.0569410047873
266.2290731073691
265.2263685800937
266.4299537392723
267.0146592614154
266.0776230264565
266.5444314452773
266.125944321706
269.2469743140842
269.2234906897282
268.3331202153698
268.3646703930571
268.2350789533236
269.0303461137407
271.2172502431711
271.0143678879332
268.3691938354166
268.0899816289352
265.7622994493807
265.2292684817388
265.1266055946216
269.1500156151133
266.0299623908533
265.7110553968662
266.7490140702765
265.0610827328948
272.1113345297028
266.1885801004085
266.3770505873783
264.5892118349859
269.3793583105349
270.157196897786
267.1028390597857
274.2744557049363
266.0594909750208
268.1004470868591
267.7655710774089
267.5667082759776
267.7741330056275
268.0977912287481
266.1264043600379
268.3305304864752
268.530681328869
265.0619011364434
268.2723565738936
272.1345710067844
265.2900977878124
266.0386285182949
267.2047579147373
265.0138503074187
265.2726661819964
267.0244232024455
270.3106099064008
264.3276433701128
265.3868883772142
266.5734142739822
270.7842061093576
268.0928760668747
264.4234858279523
268.2251549740496
269.3726631542155
266.0386108744474
267.13610991272
264.537558946882
264.6007893002478
270.2454995279684
265.2481200823541
267.6944037086597
264.3992344308367
264.982298875591
267.0757641423581
266.1197581597805
265.332904368136
265.1162735108417
269.2500485781171
265.7592356117654
264.256161521841
265.3478573445978
264.1352572826029
265.5196064964562
269.5833940870703
268.0764037437185
275.2873832193688
266.2376698460193
269.2740685819101
266.7240586810089
265.0989849248302
267.7435487296915
268.1477070363044
268.6627919661309
269.0698353052758
266.3426581062973
265.4560405638434
270.0136100820586
264.1446588515298
266.1762569975149
279.1486282192535
269.108392971991
265.5515721928372
264.0915671632538
265.3458880833602
265.0608710547152
272.0776490150408
266.2325662722261
266.3935707298344
269.6921678816207
269.1084166783457
268.4074136948104
268.6582998012067
265.3625096283931
265.5297201810048
266.0659730041816
267.0077641067013
267.0492450554441
267.8126429320496
267.1305698484084
268.5675181701249
265.6236347620364
266.3465671933815
266.0179433353691
266.0933762886722
270.3154833504056
266.5050845673736
264.0008611532805
267.0149905993516
267.1193445268171
270.1089622814392
265.1451928811771
267.2358977554855
270.1883234408152
266.2358074060163
265.4996362558747
265.1893230524091
267.0888232505694
266.0811337233023
267.4754797918214
266.6544255120446
266.1710732181114
264.3532487801885
269.6252765129871
265.0297503079088
264.3744115192507
267.0314762320326
265.7748716549225
268.1069792981668
267.6821264056688
267.8884784170993
265.1549333079109
267.0768821073888
266.1169343048862
269.063032203522
271.2495775762848
267.4964803205614
264.2742765342173
268.0580465331985
266.0563532829864
266.0257234234213
266.1162841333444
267.2181186106649
269.0799227514284
266.3093923908193
265.1134847315304
269.3075278392158
267.4748232653444
270.4048437436475
265.3647090867568
268.0097939676305
269.0709084423962
265.1226646159978
266.2502105178567
266.5649314106067
268.0782786930936
268.0855880169727
266.2416250762864
269.09540212851
263.4341063519295
270.1459523337388
265.1197203085071
268.1079996279639
266.0202545703117
265.2553134823914
265.3978159229414
268.2460672731344
269.9324073355107
266.1155210725681
267.7699146573129
264.238803278689
267.0258847982397
267.2170027010884
264.4390020355405
267.6117965930839
269.0040624902363
266.1179184381132
265.3971734861902
268.2021350603873
269.3854269161303
266.304144297436
266.2596580088363
267.1012166412625
270.3940272524007
270.4909662687764
268.8306344926112
266.2271459833564
266.8156897378429
264.3672447104576
267.0171502592351
269.1645704636265
272.1111740439312
267.1827393224265
267.123222812993
270.1982691216141
266.1529062104829
266.1474192791173
268.2820775043034
264.9841925717039
266.4188598648958
265.008678910003
264.0323719128272
265.3042722182516
264.2415978874424
267.1991508491343
270.1590058577481
265.097726115495
280.1503472798587
266.0510300505595
264.0452599621364
266.7507910501937
265.1371214399452
269.6565734246852
266.4802375036853
270.1895427247096
271.3049647291585
266.5402367684777
267.4378554669862
270.216862754836
267.3717576085006
266.0763829059223
267.2290147640157
265.1684735463976
266.2344474087902
269.1384500394028
268.3481430089217
269.002526501269
271.1037733741264
271.0971880019937
269.5542198160952
267.2777945042972
266.1424600116603
267.2079804985487
266.4834612686792
268.6378163528711
268.5269323363424
266.0445162775525
269.2045293945898
267.023563666245
268.1325217007958
275.1104193327247
265.4901573674916
266.113697885115
270.3828856723235
265.4327776745719
282.8857194705307
266.6430622401687
264.1732830106984
269.1604374683925
269.231556104935
267.8050163388118
265.7515216325965
266.0044685095288
266.9592569736533
277.2478691978313
270.3336795679946
267.2216378420844
266.1146167134833
269.2318022561209
264.6571004336669
268.1558533081587
263.9945685459738
267.9823247411841
266.3196806361962
266.6251865134885
266.0851166164981
268.3292190103451
265.2614291681488
266.2509092827457
267.1451682160347
265.3376648191455
267.0269897013467
267.9433878875262
265.1012836533313
269.1784333535842
269.1203009533462
264.0453953434732
268.0295465983744
270.3398935314743
266.1320118935133
268.1178319239439
265.4759915774304
269.5693360572999
270.858627504942
264.3029023624915
270.3494752405982
266.0118971879315
265.8722842876729
266.2446826289464
267.377903281941
266.1929296189531
265.1812167268477
266.1870019781743
268.2080777744254
269.0125075371846
266.1290210404601
269.0436588064719
263.4529761313811
266.3391040760813
273.1921096741937
266.2024576044523
267.3183055695597
271.1197750712054
266.424439678714
268.0006071082781
266.6882946959208
266.3874215859673
265.9186768507948
267.1831777641147
271.2192838819606
265.515381401973
265.3209846401554
266.9239422367262
265.1175746285249
266.3815629210758
265.1120218780263
267.1246382340793
267.3838592591897
265.3404452397709
267.2421696356947
266.2595597964841
272.2522767007239
267.2169253135173
265.8444459577601
264.127109087186
265.1442259503102
266.2953447638651
270.2414716917109
266.6822487815667
265.3415292461381
270.2610216716961
267.4565652686601
266.0015199426382
267.4805775554387
268.9625337971043
267.4735996759216
264.9873845418106
270.2933765282917
268.0981324519378
266.5201547557482
267.4308501926091
269.403808842862
272.0592661998369
265.7152154213945
266.0915950278157
268.5548875403857
266.2123626395939
268.1340530768621
268.0496873830357
267.8273869816495
266.7840152723609
269.3591085548942
266.0995790856113
266.3505341933349
266.049304257
266.6362564971598
265.7872380832089
269.0100469821505
275.2454286371292
269.0918785845253
264.1394264925027
266.4729814445985
271.5881977373029
275.6008961729488
277.9243803856132
265.0101887478609
265.1187740216427
263.4434291124463
272.0431433026025
268.3379634420909
265.002840183626
270.3786217893979
264.2642478955149
266.1920170452956
267.0224261311584
268.2746497614564
267.4494928987904
264.1421315894214
267.2004008085705
267.7111355514929
267.0247053085916
266.3906005183891
265.1525567823489
270.1970344894527
264.9978835115751
264.9220566789684
265.2072622156758
267.2055359492702
266.2567370738441
265.505534665273
267.2397973461829
266.8193455423929
266.1139552858457
273.4585953778743
266.0179480192389
267.3142986379148
266.0834452468322
265.3470951057061
267.5651473552864
275.058508984395
267.3517648291908
264.2485660795128
267.0685265315312
268.0496641507214
265.276776091782
268.4174349192393
265.2843605627904
265.6349692706668
264.0691424498376
268.1613401815582
265.1546866854923
265.683875754709
268.1777452630561
268.2952909917318
266.2666854064486
265.0263052617897
268.06830945122
270.6224366950318
267.4190876363103
266.5225329424031
272.2621745114591
270.143141349506
267.1991841137634
265.0275022359903
265.0454708959475
268.2792614246215
276.1130263017721
264.6321461385358
264.0952118031784
267.7481532898258
266.0609086748262
266.1462229725224
264.1347672020232
268.2803877967634
266.2579851175005
271.1818122921001
271.0596417736597
268.5906769967651
265.5310104636729
266.7160065955826
278.6554205345153
267.0441960866036
265.0026436688022
266.0854386755444
266.2158805927039
266.6806041232365
269.5362411669066
266.7934479095761
267.3092307997125
270.1544768297205
265.0505052813622
269.0617024049666
264.5265903460029
276.5951982556878
266.1623432499639
265.2778844440117
270.1235283911507
268.3223032746814
275.885189181602
268.004911895751
268.1686976782913
266.2442966230535
269.1995287096053
265.1271815502745
267.2512168649926
271.2273027449898
266.0544868167248
270.0534536676096
266.3432904561989
270.1959897219492
264.0774265701126
266.3634824641204
264.1409060251673
267.8079244126405
266.4318504791808
267.2717577772044
269.1344333002904
270.2684689208764
265.2011858223133
265.4885512042228
274.0429907300322
275.6874590746428
266.0855270106564
270.1860883861995
266.2136532087568
266.1586334200962
266.0795347213164
266.0601310316912
264.173344498693
266.6311524724157
270.0743160711182
269.1296382050418
265.165156291241
268.3770303425711
265.5883606057254
265.1829864389418
265.0129159282699
268.3211145894977
265.0449344953134
266.1627602716245
264.486556181934
265.2355910287594
270.0050827020258
264.1931189042116
265.0032862013908
265.2184043865907
268.9827555363692
268.0387599139986
269.4477598803334
277.9281929466295
269.3708789299727
268.1485267025694
265.2189465675099
264.3116998398291
267.2915688922494
266.0386350074849
267.5743250168695
266.3474180327282
274.4831007718521
264.0645740089437
266.4758349158545
264.3670307779984
267.0700552460266
265.5095712121256
266.2947271784995
264.2629441496091
266.1164078420277
267.4910436011006
270.9513151233015
267.6083837125415
266.4100228401928
269.0351360382553
268.1280767985597
264.1556091711345
266.0888656940971
270.6610401240662
268.4438068338083
267.0407049723445
267.1811000211649
274.4574317742678
267.1721019745418
274.1334992343252
267.0059122045679
266.0047062008537
265.0785008532137
266.693823654332
264.4120137749231
265.3450956372869
265.5128885714206
273.2068605993229
264.1147762094448
264.1587514490426
265.0382734230051
267.7939111550865
265.1349695784488
263.7099433295396
267.0745705607631
264.0934952315152
266.0589035857552
268.1320053894842
267.8689431720965
266.9444846909275
265.2915431146711
267.3183210988879
269.0807643931526
266.0592013770941
267.1295122674369
275.0305117148504
268.4027154038645
265.00803485988
268.7137736052455
270.2798922852935
272.2242758333422
265.7581477034632
264.2471308281191
265.3557326539137
268.1211844918284
269.4986160852624
265.0582351306392
265.0310753493505
265.2216303553544
268.3192875690074
267.8285704047049
266.6226927570758
264.7883932904767
266.7022572901863
265.1249209929738
265.2380391987029
265.5139328035318
268.048160372681
267.0649936741412
265.1901650619779
270.4542282036327
268.2864259115655
265.053252568648
269.3930650922069
267.0195502709105
268.2265980213201
267.5058862328564
267.2709570227406
270.1134820340512
264.0572186632793
266.254862830934
266.4490766681577
270.0274587839119
267.0578403359058
264.023985247645
266.0666361991151
264.1869834766966
267.6832975828324
266.2832704530683
265.2206432643882
267.1243040105795
266.0431969986668
264.1308922529991
267.1144848232225
264.0501175368472
265.2755234519573
265.095268493739
265.0000940855042
270.5706212301602
267.7843810625401
265.6486857615482
266.0036617519788
264.2774757601907
269.5412419603599
266.4083874154813
273.0397765993256
266.2583116440642
267.6153642874637
266.2277789327168
265.4849915366439
265.4605825771441
274.2039064236388
268.225053833785
274.7867322140792
263.7593339266685
265.3868435726393
267.2317925531321
266.0808991470001
266.079997913457
266.1371871751567
275.9893324734679
273.2619232299363
271.1720685193403
269.2244652414356
266.8693619448187
266.2209775997611
270.2082190979814
264.1169538439606
265.5333666087928
266.8225988772398
266.0399816076608
267.2784841692467
270.5088393413941
267.3051787127376
264.4582202846552
265.3192990532094
265.1795671454182
267.0382347092588
274.8735087609025
266.5998651859319
264.8746140787426
266.073904337721
268.0641435074181
269.469462965286
264.3624715393902
266.55295718358
265.2738127105056
271.247596643467
269.3991908468299
274.071110504269
270.0186260576419
264.009824820873
264.2156334007827
264.2083306259993
268.4439383864562
268.0639556296501
267.774148065995
266.1749710170491
267.085941635302
270.8535309932311
268.0632370319037
265.0578846762173
266.2364921989403
269.4019336268831
271.0397480750041
265.0718728816694
269.31556757782
272.4879150781565
266.1839653314459
267.3372853926385
265.6097865124403
266.0440360066872
267.5764690728983
267.2043588200741
268.0043096898035
266.2184264266756
267.5907139082149
267.1795880865338
264.2552828419581
267.3046028333607
266.0492244251455
266.9680298072506
265.5417919296594
265.0826947558534
266.123135472242
267.1493948664512
266.1708181324786
264.0948964262049
265.1108246275964
266.1989224695555
265.3440236375018
269.0309043708213
266.0321240373685
265.1193746148246
266.0248640849127
266.0159969201555
264.1092271414556
267.059957025194
267.6275889534446
265.0046432805174
264.226083266738
279.7801435825781
266.2257441119871
267.4473152587148
268.7230715062584
265.1841702306249
264.622174716108
270.2693631607682
268.0490689061821
266.1614806759088
277.5078679542957
264.7387627855139
265.0491692771245
264.036065572174
268.249703021059
266.2770494882755
266.0689284459165
268.819824479424
269.8746436666221
265.0708925665797
265.4320729107778
264.8230470304994
268.8783207620763
267.1766108438795
270.0113448591416
268.9953118617809
266.509397037269
266.1775676008247
266.0585386817644
266.4818924898386
266.3579182615145
263.4700117027025
267.5400874998477
267.1082191509086
264.3671247447716
266.1895222785795
280.2664055423356
265.2897139532234
269.0478354681258
269.0567171700525
265.5847362163013
266.2018840980247
265.3554055940099
267.0237202712984
266.7037157766783
268.2273375168473
268.2907500074062
264.643969420452
265.4124576867093
265.1987131536061
269.2445228687921
270.7285144489452
269.0365581160092
268.0245799341312
269.1744461977565
268.4696360207186
266.1513542001686
270.0847195611235
267.4020749157533
268.4699622525123
268.0175301231342
266.0520238843741
266.2525206365656
266.330139502165
268.3197305293915
266.2075502565524
268.5231552464724
265.0513057071542
268.0578928592298
266.7984099102416
265.0318619970107
266.2807794911044
267.5380259245011
265.0261045803558
272.0671534137201
279.1525189237146
267.0721171383099
269.4984920745132
275.53832085685
264.2215203576209
266.6064576467389
266.168340479575
268.399873861715
270.1162352118368
267.3517647008557
265.6058330659234
267.3584893088172
266.4390932727986
267.2776397329693
268.7393080037081
269.5843092008593
269.1528264193694
270.2714816577467
269.1556332588938
265.59302454419
268.7950341101743
267.9587261184284
267.4232159123778
266.1033613794299
266.8939008189416
266.6550245520486
264.2829190079609
267.1746493701865
268.3911320145111
278.0773230755864
268.3098910379328
265.3592813793994
274.1294724097795
268.6712160116319
270.4679082679101
267.2416630144428
269.1587069752288
271.0399320299148
266.1739746445397
266.0066201065906
266.2560900305156
267.2304832500103
266.0406108189663
271.2815228775108
268.2886316490918
266.1601737073094
266.5748621926307
270.6226734114418
266.2118648656569
267.2564502923591
270.3172014029354
265.0714384458109
268.1174509595369
265.2871567605635
266.5445653021736
265.2793895367452
266.3706934356366
266.4546816197563
265.3020354637032
272.143866834348
266.0005317545093
269.0288464590654
267.1746853897454
264.0565090839898
266.2992590509998
266.0671131474142
265.2384671236724
265.1646749192603
267.1137118657832
270.046702104723
278.23930144633
268.23318247321
269.7238617151668
270.4107587325586
265.1872046595798
266.3738642392738
272.0206036010367
268.3935452925375
264.2926647524306
265.4608389929986
267.025061173174
268.5332746634822
265.1358479242308
268.0227181898961
272.6561083081817
264.2057487717252
267.2354641681636
264.2698002574451
266.1378072489513
268.069942069229
267.6027330580079
265.0230511559302
265.1567849622216
264.0562907907914
267.0473977355213
265.591259444633
269.0001968650633
269.1409939123038
268.0186867948634
267.1259835131049
265.2775241395272
265.0667881255693
272.2715806780653
268.0606745938369
264.6393443326764
269.1419149452174
268.2442476034449
271.0330128206019
266.6100895818095
264.7918211426357
269.5110782634052
265.1481729753634
266.9366654776056
269.5166625407678
269.2520095283342
266.0880310192542
266.028726113033
270.5072135282412
279.8054315564764
269.219017930047
266.2779840482122
265.3986360122678
269.1593358474887
265.2938558463902
266.0573783307433
266.2020858835727
269.4916167042704
266.3708539686832
265.2922988842654
267.2808929031089
264.451086439448
265.0812723877041
269.1271909091868
271.0358215147768
266.2936247949393
266.6762356544201
266.3359944207518
266.0877389292261
268.0911024148397
272.3032377932672
269.0882310503337
269.6606747175639
264.2048954640231
269.0388987076246
269.4910847939987
266.06772851463
267.233571046075
266.3320892919116
267.6592653122965
267.0401786173085
266.1314559479593
266.6186886250859
266.5611827496197
267.1225060672302
268.1176773561839
268.8006396901114
276.5014793824832
267.1529893289496
266.520986562617
267.1301976086968
264.0523855539693
268.0869817960573
266.6163607945495
266.5942261985227
266.4720314937087
265.1552407020726
278.7427494321106
272.2603562325176
264.0388599681754
267.4086688524696
266.3253512184377
270.183440174163
264.0987901948416
264.3163052344925
267.6653277515802
264.3022082878817
265.1320699126062
266.1687335874242
265.4650457252235
266.183702565187
268.0034398649062
266.3181956245983
263.2076780700397
267.1928302554825
267.1458323067161
265.5508122388493
266.0258741539691
268.2748273780333
265.3944155302919
270.3835284265551
266.3153711171564
275.4283922619395
267.2557862067164
267.640141424245
274.0527216375937
265.0630294304727
273.0927551147163
265.7200067799406
264.3881988678526
265.6521527056543
267.1796866972692
266.2543593604154
272.1927410969384
269.1435707863142
268.3786702387425
267.069175546052
266.6945648386869
270.0571468296798
267.7569496263069
270.722783705565
267.0479444513741
267.7260190870354
266.1238646690206
266.1820251663706
267.6231949362145
264.142959962578
265.072123036776
267.5376001907983
274.0899504805013
266.0446196809106
266.0401609363481
269.437673654769
266.5532646111783
266.2575580306765
266.9259608874049
273.1544372130514
265.0026875968408
265.4489091229795
264.006806479816
266.2396092482302
265.1733034966284
268.0327943766668
267.0485731076354
267.0978997629655
270.4103226313221
266.3680094050948
264.1263053906194
266.2378425509328
267.4547305145618
272.17195766544
266.2193086001166
267.4015232552289
266.4184613022405
266.4233424713271
271.9115030897623
266.885370124687
266.0989786793368
270.1483435346552
266.4099821698816
272.2110024928955
264.5747695465332
264.1974100694803
265.7692975240484
271.0050654730592
265.2938635296962
269.1164097565473
267.7320919030213
266.5084659878291
265.3698099380688
266.3027428864987
266.1353114990554
266.0397057113897
265.3349693239894
267.3296382772054
266.1142013780497
266.2843259597254
268.0136901875547
267.1490816596385
266.4142829837265
270.45567222158
268.1692254109298
266.2713422507436
265.3385882533483
265.5985721148336
266.5236396314386
265.3511994242569
265.0663361226033
269.2128155479757
268.1730745619606
277.3373248608144
266.1326752512291
267.3369956418441
268.1605369809876
266.4939746488836
264.5615381820392
266.2266040501693
269.2785018463025
269.2839156339403
266.3792095953268
265.2599727689425
268.0367584899894
268.517417229259
270.2159996754949
266.7985069037473
270.0731813114762
267.8312550268865
266.4880985919932
266.6777096774822
268.1118030143818
268.0310493477176
265.1509628864089
267.0205958511289
265.1256823580214
269.068787292997
266.8263394660908
269.815565496391
270.1435571574506
265.1844596069345
268.3798982685721
265.0191242005654
279.0846859038539
266.0467541127098
268.1217044160562
267.573828799008
267.1298891719306
266.1535021812439
265.0794784048043
264.0014039238303
268.3531282785141
266.6731422736158
264.5259156919232
266.3669996900282
268.4794772852151
266.2108492469827
270.117330721752
270.2928594331997
265.1017733485669
269.0816731210667
270.301723471625
265.0540470294831
267.3574745989256
267.0900928876574
265.2700506980954
269.3218453367313
270.460054155
266.2232770258919
265.4696735007739
264.3861431780663
266.2789381284594
264.4715834325937
266.0871754503335
265.0794683933771
267.0116057902723
266.0998068573957
266.0482968892287
264.1355651358189
265.6343988826137
269.1214131561115
271.4553650309599
266.4450574478397
264.3263500657138
277.620570644186
270.5173720620048
267.0183492765033
267.1986953549687
268.3981928293539
267.1247673259689
266.0056365375792
272.2681060668516
270.1714963452238
266.2439840502003
268.3259715370259
269.2557266282066
265.0783139604133
267.0686125602683
266.4397978286702
265.0063284129885
268.0240663192257
266.9239292559378
266.6422586410677
264.3210984091129
266.6452284405932
268.0112168853534
264.7741434778409
267.2501938889626
267.6990071651157
266.0213644410262
268.051338518854
270.2555478795413
266.016671046409
266.3630024112373
266.2837117097582
276.0266102977318
265.1162389696514
267.4525068156357
269.138829461739
266.6829069550903
266.6770607228836
274.2164605670118
269.7219080435677
267.0406155202025
266.3073394054638
269.1369769609771
264.2005626816241
269.0533565020319
270.7981637075821
266.1965797260938
281.0898320728629
266.2266079006384
266.1726553390604
267.015115155475
267.2619591693951
265.1140867176304
266.0307792428625
265.8951346790856
265.0871447776643
268.0431943871305
268.0868864186876
266.1159941874671
265.5947219934387
267.1627247625953
268.2115181815945
270.0541529289173
265.2728420455601
276.1138827804478
264.1652803124683
276.4747257552556
269.2383781128195
269.4859575790805
264.3297669625149
265.0266280963858
266.3278072683032
270.2096269990799
264.1562317580446
264.7485169055183
267.22111069783
268.0255445089275
269.2742638054224
266.3357624876065
265.3994200844666
264.2154828487049
265.3167478153604
272.6535095993224
267.5071408700341
265.1355701888945
268.3809838043401
266.0805672455995
266.1481365264378
267.5817829114453
272.1603892686623
268.2269933562915
268.1791809385644
268.021348435264
265.2512067437539
266.1655994996951
271.1788431858794
267.2104652239735
267.2655801217205
267.2555384201344
264.5289260017279
265.5191616161595
266.342385568138
274.6336783318349
267.0008335683908
265.168840126002
264.0330766589077
273.4317039098663
266.0029409708424
264.0756831340884
267.3389906287346
264.0738104911044
267.0119322717238
265.0409172393523
264.3513268805834
266.0735698584473
264.1370840770801
267.7686394612826
265.256515539851
267.013353321477
