171.2490847965959
171.2078707236363
171.1299101555676
172.5874942159106
171.2414770680099
171.0134114819921
171.1517395138948
171.0431621008308
171.2736621566972
171.3579628896257
171.1109045496979
171.3010388653017
171.2279011389789
171.1168833678753
171.0655442731577
171.2174476859451
171.317814851036
171.1087926232788
171.76463681359
171.181028765317
171.1651325135831
171.3514022716404
171.4880619618552
171.0599689883696
171.937701828635
171.8154865708597
171.1335773215773
171.3610786259274
171.0934021214553
171.2824172555389
171.1292549474238
171.2660114918775
171.1720708953782
171.2256708050665
171.1832238379965
171.2306195802716
171.3756485263401
171.0400110988695
171.1971206731419
171.0114390836009
171.151007968822
171.1601336050311
173.0914476970819
171.0041660139655
171.0166476819898
171.0149320812004
171.004325285803
171.0108303920274
172.0150405086808
171.2948399770487
171.5628358094923
171.0984843941871
171.1426959138367
171.0017010508143
171.6720071296101
171.3801789159205
171.3813108222282
171.0032662237447
171.0009098621269
171.196005424234
171.1738376697663
171.0188786178489
171.0094275128104
171.7395471332737
171.8158539866984
171.0402094635847
171.193499521922
171.2568216544637
171.1311974959123
171.184508330009
171.2620314465046
171.0640320542331
171.4635667222011
171.0387050609
171.329626943337
172.2379581725021
171.2748204893574
171.4935904456638
171.3254782729971
171.4933221765021
171.0842257908534
171.6249374278956
171.2053684726682
171.218328502712
171.1288114126779
171.0270039899474
171.220004472785
171.2212369412493
171.490435797386
171.3215145637135
171.819122619547
171.0108924544048
171.1203378005233
171.463351665807
172.3401426489767
171.6821762035305
171.0064039669151
171.4386431440096
171.4207959824706
171.402291581129
171.7712366787722
171.1602521641738
171.1868752530816
171.1410879846039
171.176863524888
171.0059639847896
171.330983221362
171.2776870083859
171.3369570804958
171.6215711260975
171.3749054955792
171.2170906354218
171.0091876777578
171.2221654892033
171.0743766262026
171.0019109439388
171.181288156693
172.0940340649882
171.0164871704227
171.9311843518907
171.4645408805502
171.0346903981133
171.0434939577964
171.0096757107636
171.0759307575018
171.2307798119037
171.2794796256432
171.0043035818213
171.5473432085944
171.6305168422247
171.0946701859598
171.3207882786766
171.3182336646433
171.3419950044504
171.0847248880408
171.3100538213707
171.7200595703451
171.1422189820805
171.4260357431167
171.4049858162699
171.0865354514994
171.0577465630186
172.7519237973155
171.2143289297395
171.3946657772214
171.4958249920709
171.287968767935
171.5542852316354
171.2329921228678
171.033552360962
171.2095328628268
171.798080146266
171.0197030441489
171.2496243793885
171.0538805998642
171.3484283431185
171.2229157189859
171.1816062904576
171.4537210639135
171.0451222292044
171.3130780100547
171.1376723497555
172.0671985758677
171.0863126976447
171.1855663084004
171.1482650403623
171.0150729761124
171.583094558388
171.1626252101942
171.0580318275927
171.0326452704464
171.0417252844865
171.4508856969438
171.0018855330219
171.2821590364688
171.0553887064074
171.1895983321059
171.3152911910678
171.0606946293372
171.7482199533557
171.0065947098966
171.0235710354794
173.2529021154087
171.0806650621938
171.4709504822501
171.1143784517807
171.1681931170046
171.3259722227365
171.0643538523562
171.5311461918328
171.6150776015383
171.3796424093022
172.4853329743696
171.0213064072996
171.0971955307672
171.182401009082
171.0069235387294
172.2342772681966
171.1646660279684
171.1353873148163
171.6306893539278
171.0042479017312
171.711100375467
171.2208018122652
171.0089603918544
171.0422662062039
171.0245623290093
171.4630706712602
171.243452592163
171.8056146247351
171.6196093024785
171.0205542246437
171.3823650080864
171.3942018232956
171.2751315679039
171.4066227500569
171.31002364278
171.0260743612434
171.0362295286594
171.2924560843846
171.3577152052464
171.0984555785565
171.1787290230595
171.1967569857326
171.377005311109
171.1726479190777
171.0816956948277
171.9610056081862
171.359279491316
171.3546076018626
171.4577853903722
171.4021466375412
171.2329263624873
171.0299883444749
171.1047205777475
171.2452226449555
171.2665972504595
171.0061367621693
171.0636674502331
171.4900383806033
171.0739866762272
171.3519670733517
171.6178984373544
171.2389230914513
171.6120446263067
171.482941146853
171.3826646077269
171.2025901505749
171.1989598802746
171.2241444576256
171.5183312131026
171.2705796783342
171.7400062019592
171.1364957391316
171.0149998752731
171.1513421575046
171.2103263819596
171.4521599416326
171.0559897848615
171.0292361581515
171.2025541303903
171.3883875192457
171.0356353209322
171.4378499462734
171.0555491333524
171.4782003257922
171.8905013422328
171.4287556349462
171.6649115879149
171.2401662776314
171.5837230024202
171.2114444478374
171.471274318177
171.0589646728998
173.1889578713855
171.04415202488
171.1845975009939
171.4880626154377
171.4119774697197
172.5139652157061
171.1887073133055
171.7948197975473
171.6705916301947
171.034506584379
171.2466176662396
171.1233503596099
171.4559913622413
171.0353341254722
171.2112971687903
171.3108569539901
171.2351118148592
171.1985760695254
171.3030045959648
171.1998415275397
171.0549480856151
171.334456330312
171.1898433131658
171.290174412549
172.3952868938808
172.2191312934135
171.3187687124033
171.9716508509697
171.119390276312
171.0009737212989
171.5415413039391
171.0172758093758
171.189585763176
171.0842464735457
171.1037191985332
171.1333135673017
171.423492275279
171.5447115963732
171.3747166645912
171.1876165041736
171.2586215682351
171.3405873132888
172.3060913544399
172.045947669837
171.2946198944401
171.1353168380492
171.4341568515794
171.0317813815377
171.0057363828711
171.4115552463883
171.06533915356
171.1340690706488
171.1137243514848
171.970033228853
172.1759617259503
171.1505533873482
171.3024047835974
171.2352391816794
172.2831295838566
171.054126730721
171.1179435013914
171.1715503505446
171.0209915496468
171.3501423337484
171.3038640947917
171.1385424242171
171.9009566751125
171.1615103819983
171.2237202069203
171.0300067784161
171.6450276922938
171.1248936180318
171.3555274572221
171.2930353107947
171.2033300162813
171.5212372473277
171.1943863547642
171.1398332297564
171.3509701683444
171.3169935041136
171.0853434797861
171.4468281317476
171.0141506199848
171.2677876732471
171.1182972679629
171.1499152243571
171.2884394440057
171.3711851959359
171.0501565023095
171.6899274585251
171.6469536429407
172.2068461230079
171.4216323948
171.3054113833237
171.2455563234816
171.0102844260952
171.1141111565948
171.004904757961
171.1289384149862
171.027812258546
171.3401103270671
171.3780802023855
171.9379839646909
171.2857713031291
171.6422385042032
171.0933330016821
171.2399516572733
171.2698805936679
171.2805743875804
171.1639579224347
171.4053424442084
171.8389723581356
171.1709976575021
171.1614123899865
171.0426359802573
171.7334418901265
171.1000336524725
171.2001201935296
171.0540624678719
171.0940665105369
171.215462720161
171.2672281864457
171.1057675822123
171.0427657371167
171.5073416194552
171.7169317296169
171.0282544177357
171.5497629400262
172.2179218087413
171.169914692649
171.2970170538562
171.69348952802
171.1474053814362
171.5949407996043
171.7040494174327
171.3322327097845
171.1397036481677
172.0243306167337
171.1300936565976
171.2225387618313
171.3084529831303
171.6960458233899
171.0562724469768
171.2026968195941
171.0161863939173
171.2078217397378
171.0405674853106
171.6258784868933
171.3575946849925
171.1202302690698
171.0744335365101
171.3146855167463
171.1776774095302
171.1782417549819
171.0587329348018
173.4014950259819
171.1427147697114
171.9491003373286
171.105746391631
171.1847745906967
171.3989182327701
171.2289284729672
171.165539482536
171.0949778948736
171.2055680252806
171.0484840319883
171.0324201762251
171.1483503226716
171.1273193176669
171.0478708160202
171.1089220232524
171.4740413417327
171.3720214878969
172.3229257281292
171.1646517130951
171.0194575159376
171.4278856470657
171.2366954260347
171.1421663894702
171.6360760913222
171.3366695185722
171.1684152594651
171.2403794322514
171.0603157784887
171.1060609762606
171.1232524092003
171.5513279282118
171.0263451162974
171.7112241542635
171.3951041692631
171.34001541343
171.2004992470514
171.0152795525682
171.1835493784373
171.0333243060524
171.8028339233807
171.3071610612359
171.881988099884
171.0078536930903
171.1268424463888
171.4024342522764
172.2009602713757
171.0602746614302
171.0910822950379
171.0990984470786
171.103066793593
171.2972902965721
171.231935179484
171.6479119895814
171.4849038686496
171.3691751885096
171.587849373017
171.1487414992196
172.2090942412671
171.2481599759442
171.5346981208327
171.0241425560955
171.2427999263025
171.0755611563683
171.4129440152195
171.2645905543174
171.0609303975317
171.1710912293582
171.0454848965495
171.0441076085395
171.0116279606995
171.6549676324692
171.0165402782561
171.056294782223
171.046434259233
171.0239644023939
171.0786897234468
171.4882075221346
171.2985909032574
172.5638094671021
171.4994768009232
171.0090853603295
171.1308367376764
171.0062207476234
171.4595629269038
172.2996531334327
171.1927415476068
172.3435763537146
171.1284804288253
171.1574515324383
171.0518224484299
171.0283199128904
171.122402862485
171.3562555441849
171.3576710586453
171.1664039837476
171.2453672117047
171.1365475250923
171.2353481542922
171.1204432192933
171.0475010087932
171.2319838742338
171.5378610207992
171.0704941068638
171.2776828193469
171.0741894747312
171.1262914266544
171.0409445727931
171.3337782927962
171.0082005974295
171.2288613889817
171.0788302816645
171.5152300150242
171.6209292657322
171.0498592256121
171.0687861165086
171.0020402458616
171.0430734202418
171.2324881396027
171.008048913305
171.6649381740309
171.5205347994224
171.0686483519268
171.0210703183735
171.3164628741627
171.0158748714277
171.0280009240499
171.166948510414
171.0925596793685
171.60023253418
171.3946562092312
171.4114428876096
171.1372346702171
171.0236819322604
171.1532299449647
171.1976917137446
171.1520912771027
171.2226865575552
171.2173080355047
171.890557692212
171.7818922108863
171.3070881246818
171.3950172657559
171.8375721286539
171.1335868616811
171.0359915895474
171.3117319987294
171.0804136801778
171.0379562728217
171.1005940460558
171.0041741317891
171.0722733293188
171.2123335521755
171.2387118704346
171.1857839957973
171.2922000144624
171.3553057692493
171.5704161291108
171.0595406754565
171.1789162674218
171.2348975084747
171.9793581594584
171.1830134124009
171.4150522413429
171.6059772465516
171.0926726380042
171.1593897786482
171.288092064607
171.0305570550294
171.6616864996972
171.2193035151195
171.0622119918962
171.350825555009
172.1133396801976
171.4614319272314
171.0287965396323
171.299359228895
171.0469868538694
171.4017538997762
171.0124950939206
171.2707339088454
171.1973942353078
171.2884992037285
171.0978068775856
171.4946233730744
171.5023988148992
171.0062130006798
171.029030333508
171.120374071485
171.2301961546639
171.7793545189188
171.0202393682208
171.0308961838644
171.3735207483255
171.7080159803562
171.4861056987317
171.7526702765891
171.1022951208184
171.1607074896976
171.047766732729
171.3484095751215
171.3697224821599
171.4396555688321
171.021120492091
171.0415840473198
171.0585989074592
171.3168284870353
171.6366059555854
171.8929717350153
171.0513179023233
171.2445508594083
171.0081641856641
171.0135503935393
171.3877849050497
171.3221295229907
171.1828980110976
171.4916158956578
171.4582436611887
171.1755863520725
171.4834280524438
171.0519168940742
171.0292198598
171.0778767480607
171.2237783695075
171.1194932904842
171.0740102795364
173.010471181444
171.3877303869569
171.3361728127889
171.2395740076811
171.0995214371094
171.9072014065188
171.2911642050296
171.0654384133874
171.56024121339
171.2406063763019
171.0092390050665
171.0648613497253
171.1071314476326
171.2384365765992
171.196727130562
171.305270349933
171.5657742481513
171.5559748071997
171.3279346868712
171.4777936112465
171.5113788844466
171.4274107131014
171.4021290981875
171.4891971428023
171.3878858754703
171.1359207163379
171.5290046266803
171.3328689894873
171.9994549420484
171.3054134048902
171.0413193862974
171.0941421950754
172.1275526609488
171.4510317121731
171.0216523898869
171.2560349624081
171.2581872158154
171.1957082318189
171.0840197244713
171.4214162269844
171.6773217646836
171.8155777897237
171.465460500082
171.2740562740765
171.6388959940149
171.3572104386952
171.4498831193219
171.0373648940255
172.1429750431155
171.2360631667902
171.2615057004418
171.0699396380395
171.0550164995521
171.6006413753767
171.0737257958823
171.0115327320493
171.1866822302243
171.0002086302243
171.6274409647297
171.138297338713
171.1978299731348
171.8294331853657
171.4299360996107
171.7697729063951
171.2591611433033
171.2878362812363
171.2262089271281
171.1004670785496
171.8786121823046
171.2740896143644
171.1658319744614
171.0865405219352
171.0021822291495
171.1055008950048
171.027526353449
171.0070575754383
171.3224869127247
171.8604502470913
171.3890581511107
171.6048995240016
171.0762030287755
171.0114048428914
171.1145745334949
171.148698513541
171.0874335231343
171.4654548310575
171.3475679729456
171.0660518031328
171.1121765140879
171.0983940141078
171.1256256584103
172.0386157374377
171.3233297556895
171.0217811246171
171.2900624026715
171.1877925766248
171.2231210681832
171.1305173348611
171.4864519673165
171.4855766260718
171.2438340347811
171.7432204029204
171.3794520776571
171.0232588463096
171.1610336865891
171.0331619794794
171.5902376608963
171.1365394003419
171.6749767779799
171.4022133919984
171.8480270822724
171.1174478381267
171.228482610846
171.943695423953
171.977989755262
171.2350065632681
171.500240765421
171.3181925275797
171.0277996157172
171.020967186877
171.1905062131976
171.1206181690936
171.1545232813511
171.2864915787458
171.1463620677696
172.2911296575653
171.3691409146885
171.0363736050433
171.0553819847699
171.3797941628067
171.088279684716
171.0271247425836
171.1948515588983
172.171668769962
171.0122102928839
171.5592448179078
171.0799879930455
171.2115796943588
171.3148412775201
171.4269325486903
171.2928024533418
171.0408704431999
171.0697846051279
171.5054605243842
171.10525781225
171.0359107757929
171.072784164865
171.062957282871
171.1630326544696
171.1566560882083
171.2203042203263
171.09418958457
171.7619229958588
171.2989675246464
171.1309363098118
171.474583666112
171.6941254614219
171.1789720584161
171.0318736706232
171.0276473100973
171.0864299602868
171.1500879061048
171.1134074899264
171.0134409908726
171.0654281950911
171.0073119350888
171.0141521328132
171.3978716483808
171.1058620573689
171.2206095708779
171.3044422003834
171.2163614638422
171.1839556752102
171.0343709671707
171.184065582384
171.2525007426216
171.6939059036977
171.2010296242755
171.0946582983259
171.7469844452153
171.0091657020495
171.0977296717506
171.273605804904
171.1939853531699
171.650114058819
171.7276159221223
171.0585856142196
171.1423000600095
171.2000703478518
171.1173445704218
171.3391591105206
171.186403329692
171.1429177300923
171.1940028664264
171.2568993879945
171.6087062210386
171.092684970405
171.2794095538826
171.6960662849718
171.0495046289863
171.9121730905306
171.3378918572291
171.0921949056177
171.3904471263767
171.0640447125249
171.1299135816697
171.0243407253506
171.6916032544303
171.3524195579702
171.9165378790337
171.3565319023344
171.1436238671906
171.1518034921392
172.5147083587808
171.1951482525782
171.278622834167
171.5609072170874
171.8080586912315
171.0913428287314
171.3049067157386
171.10861682714
171.4208074924454
171.1502999392016
171.4201210755593
172.4580049525641
171.1891907381744
171.0753445803065
171.0049951445286
171.0769894832312
171.3720962889637
171.1065140324944
171.165884824922
171.7515427610445
171.0843735828028
171.1077318763375
171.0474924272223
171.6442602343616
171.6083048891951
171.0341884384784
171.155575418575
171.0430547949552
171.2446886216849
171.1660302178313
171.0209505195467
171.0392837265545
171.2183004149124
171.6540761732971
171.3844459133208
171.554782799427
171.2786954585812
171.7109743356815
171.4336706648204
171.1023056364329
171.0503998443194
171.3995612873586
171.0832255606006
171.159980563867
171.4671194073564
171.9309899139733
171.0427929412768
171.0684458288752
171.1980631066749
171.1962970135128
171.2486531745046
171.4455830483309
171.8972372990675
171.4072818622602
172.2152700791114
171.1212315549093
171.1265136307432
171.5255045986003
171.0152260197659
171.1784955913171
171.0564074175045
171.1178430863064
171.3049268005306
171.4872392573674
171.1302924026828
171.7218498817212
171.3870859185921
171.0316766712039
171.4849370469979
171.0719312683715
171.523775124025
171.1639005384569
171.1648447858629
171.06546343531
171.6157805742281
171.0122723161751
173.0094829127241
171.380077234378
171.0042066186069
171.1457584573152
171.2221188474743
171.0314188211889
171.9703074642563
171.2120073894945
171.6804412817359
171.0901206725182
171.7146771697105
171.2557986595912
171.0648572332892
171.2575267595142
171.2707189820643
171.0199202538523
171.0508689741678
171.1178479454052
171.4824300925038
171.219529373049
171.073410822899
171.1638850863448
171.2838532373272
171.6057577870975
173.025458441259
171.0096702435658
171.2425200711171
171.9573262015417
171.2691747380076
171.4751333785254
171.1935418782903
171.0001299527066
171.4553305421625
171.0346743925273
171.0241602122756
171.8412801585526
171.3458326145728
171.0608080626242
171.1628355187923
171.2011051465525
171.4564059605411
171.3676574533128
171.1119391539752
171.7868387735931
171.2403638743262
171.0783230487581
172.2923596494929
171.0710605160765
171.3662712071436
172.2237970916192
171.1634202424567
171.4941882768611
171.1154171302949
171.5210887147933
171.1256045349036
171.216946574961
171.2109613805519
171.0164720197746
171.1063338647687
171.1635950515308
171.1275572362448
171.2797217979779
171.2409225763295
171.221477467642
171.691331120439
171.5524793561304
171.8105497294155
171.39665434664
172.2252692894668
171.2332222950733
171.5816476302127
171.5131225360235
171.2262264761883
171.3720281881595
171.1776507045148
171.0487124608726
171.9094565216874
171.8216722643532
171.0602357291797
171.0311554785717
171.4167843801883
171.0713184123217
171.0615400928202
171.2059992232084
171.0745814917286
171.3895401205321
171.2531160549471
171.2063786693138
172.0999786471228
171.1141169397255
171.0952697865177
171.0093045446197
171.1981820628388
171.2500483194742
171.5937128250791
171.1407219151291
171.1956282468917
171.1468763800766
171.4276344987956
171.0785020072263
171.0830126586924
171.3894842293958
171.0498096771109
171.2597500305523
171.6365418410857
172.0306752106562
171.0825544975419
171.0575767223941
171.3671633127802
171.2225363837779
171.0354234514072
171.3580530783278
171.4926363468624
171.1168888385227
171.0422667815202
171.6206829182308
171.353178584681
171.1734971049505
171.2078079098915
171.0897500171794
171.2027465844756
171.1206075309632
171.0949102310397
172.5206023324256
171.9919641565992
171.0858726090375
171.7275508072636
171.1730223432122
171.0024432040981
171.5423932430064
171.4746200053362
171.9507370024862
171.6747679799336
171.2095160633077
171.5328260345232
171.1161579951257
171.0442224883821
171.0936274070275
171.0238576310087
171.200566460106
171.0119707914181
171.2861240707405
171.5669748910158
171.0824168447811
171.7365881503433
171.0069262817414
171.0109709569554
171.0292466116653
171.7293254286796
171.0830346078278
171.3066222982289
171.1677494374517
171.0084786621741
171.389289360163
171.1836792248031
171.2001691037731
171.6437932462935
171.1982698646406
171.6519404898882
171.2817605303718
171.514400527242
173.0879523385728
171.6740608304108
171.266272473555
171.5769219963755
171.0025788357362
171.2580052697141
171.5601956157522
171.3920194247305
171.3778695606797
171.2271515947788
171.6500630259126
171.6419698980365
171.0624468390121
171.4240355005476
171.0116215375467
171.0876157863321
171.3963598544357
171.3272872510584
171.4881284736648
171.2368963607252
171.0091916410144
171.1097828549458
171.842205202619
171.2958147333484
171.0625089082586
171.5228735895191
171.1589687566295
171.6549581144724
171.4723093156261
171.3260057723449
172.5280258506914
171.1901974789731
171.3929107933646
171.4691560562902
171.1269242211481
171.1450243715397
172.4009989924905
171.0911792340736
171.5189157241812
171.0833597410896
171.0580886465814
171.0367595919323
171.0471774535092
171.1585980021977
171.3208070517319
172.726901799036
171.1837772101584
171.3492818948271
171.1642529278407
171.0966307096087
171.1714607098545
171.2543110969476
171.488892058239
171.3397795817795
171.1136683249543
171.1040233858352
171.6307122413612
171.2625915210052
171.3966138848386
171.0318129911742
171.2237818419686
171.1303788523919
171.420252735153
171.0133095816217
171.2074020127149
171.4735046646524
171.0962261889535
171.6434422680203
171.7001085841934
171.5841754460526
171.0919004030537
171.3212026014327
171.0988099388773
171.2224093397542
171.8094968584151
171.4230401224501
171.9806795150182
171.4407136674903
171.3386019626339
171.6020882288501
171.3801041643401
171.0553036320692
171.3657664478357
171.0066441497994
171.6370741231958
171.428007221492
171.0438143164328
171.4997888992376
171.3344821697108
171.2857104678384
171.7459189536876
171.108527363351
171.067260592213
171.0589779472253
171.4363125994416
171.0092729564786
171.3922254591236
171.0940480856064
172.4316884482678
171.0858519139633
171.9667233434221
171.6214935522459
171.1227659173251
171.0628876432093
171.5831159985664
171.2432015202484
171.1820020239184
171.0742764101092
171.6933551815806
171.0957338676517
171.0812380540894
171.3378991851875
172.057254351396
171.3614914445851
171.7279181442079
172.3021240927484
171.211984514348
171.229211250516
171.737088472326
171.3960628410814
171.0705824537561
171.1855779045449
172.2264845005155
171.1725489712633
171.078028422441
171.315733332905
171.0663799459361
171.0778983554902
171.4443524739003
171.1966527500181
171.9055954015686
171.3333270786586
171.1792742039192
171.4133451371499
171.0470378887513
171.5318827612614
171.1015764873111
171.0398885617479
171.1977128969057
171.347826146677
171.2356429309076
171.7992304043436
172.6322279507645
171.2423205696807
171.398354553795
171.0915882110498
171.0671410580321
171.326872432232
171.1839162485245
171.0975668510572
171.0402816117734
171.3564084574283
171.5274789266138
171.5727423887468
171.6944151443781
171.1135520207224
171.5118748559398
171.7049095960757
171.179849974531
171.7735127150496
171.2463802368216
171.3185638185816
171.0917813823914
171.7906363015127
171.3302270417279
171.6058080323833
171.5203387217966
171.6586794353539
171.1536457722839
171.1806131726774
171.8424712309051
171.1388838876963
171.5395234895867
172.3170266204367
171.4819444724833
171.0341248191015
171.9199002703914
171.5143578721078
171.0710398759024
171.8269769693885
171.1956319255575
171.6281770729386
171.6881962690094
171.3890823973445
171.4158920669613
171.0490119718815
171.0631237839977
171.0598465750088
171.4736276979105
171.0072625373625
171.1461534348124
171.0864608823733
171.7393657322544
172.9240421646631
171.1063954859029
171.1362068681379
171.2051946277901
171.0088411051184
171.3532701015667
171.3258988561204
171.068762184095
171.490469074059
171.1793485134791
171.1387817138357
171.2492642316168
172.1836021022673
171.1421431537322
171.1862690421075
172.0904234082278
171.02454199351
171.3283596795032
171.2971798021987
171.4954114053892
171.2749226369236
171.8284468419043
171.4758446869972
171.1464654261521
171.040095581681
171.0724356220495
171.0207303341718
171.0954649310088
171.7974456933999
171.2166216669929
171.1612545122795
171.0191824097767
171.0495809687528
171.9154879296121
171.4656216667875
171.1124173875144
171.481194870618
171.3746680244379
171.115084591615
171.1421312190815
171.1867366463607
171.52045961762
171.0312030989273
171.0403274566743
171.0502051126048
171.2158771311166
171.6858978968356
171.0613167516454
171.0313461672158
171.2047652468329
171.198113352065
171.5918073461807
171.4338232886782
171.1066165395308
171.1742365345141
171.0930296106725
171.3674950317757
171.084909491405
171.0143089322919
171.0832057013244
171.0086464841493
171.1820856985287
171.100276088622
171.3179784620616
171.2609555610408
171.4921623959842
171.974917665843
171.0583433159602
171.232733208131
171.2879809211455
171.0368897742391
171.0952983015055
171.1830040181917
171.1573767017386
171.2437094512735
171.040160228869
172.2792930427257
171.8077018001158
171.2842721568149
171.0544058744093
171.6595392403108
171.1832949913632
171.0599547156475
171.184848003475
172.414188247138
171.3988219671257
171.1052572706539
171.36498929355
171.0234667761047
171.1599892251483
171.1720184907421
171.070480528682
171.35701362824
171.0610745676559
171.4961034074082
171.0092749674792
171.1680265816251
171.6843634743339
171.4598221095596
171.3528517455462
171.2245903882396
172.3282331428945
171.0461015003377
171.1137252922978
171.0542502641184
171.2132755769415
171.2963479448149
171.1424755230201
171.2458145562863
171.027042657373
171.1893527061464
171.6174364536996
171.5837650399821
171.8286227227763
171.1150316648021
171.2953998046486
171.1192764523746
171.9020582660819
171.3830871998163
171.425980759297
171.0945294021651
171.3699101785549
171.1138532368624
171.9050829549686
171.5353873692436
171.3401536134722
171.6933273100275
171.1285561111549
171.438201146435
171.600074859651
171.0043133420681
172.1015294416448
171.9436384537934
171.7201445560343
171.1621375611655
171.0014761618162
171.3638632767271
171.0143512809261
171.1259053050487
171.9683718157762
171.405919010076
171.9225025818842
171.6266055033742
171.1912438454105
171.1331499943171
171.0865257541498
171.7192872893834
171.3283281826753
171.179200613259
171.5674117822971
171.569956310935
171.9842121142081
171.4818089531986
171.0996888019851
171.0907097840384
171.7751158531652
171.2950410730113
171.11905316063
172.6560247552034
171.0868016662027
171.0011895255301
171.2686562965979
171.1064054215921
171.2596345554941
171.1328444053171
171.32555889457
171.0751874236771
171.7043090851288
171.8463041452571
171.5649223069573
171.1504788838622
171.0000490527082
171.1057585845152
171.0260631874775
171.0987448381374
171.0241199423748
171.1147361689875
171.3004514606856
171.3580098302779
171.1778556820325
171.9968152109713
171.613835372323
171.1624915428272
171.2673563862795
171.0234141568606
171.0742810222021
171.22444326483
171.2482040208212
171.0932279787711
171.0787624955721
171.1860305892787
171.5105771611199
171.3432792456356
171.3993802941277
171.641514147322
171.4843202195767
171.5094305253164
171.9048771115837
171.5115885850057
171.0044015803803
171.0027445926422
171.2073200922481
171.4891015256458
171.844419756909
172.2948329372522
171.4504359218381
171.2654952841731
171.1098397465059
171.8422952544875
172.1698734909871
171.7218798483078
171.1419559243733
171.1978337952548
171.0796554862054
171.1843433600139
171.2156958305118
171.4665601753656
171.1633150356654
171.13497398969
171.4883559742074
171.0493683542356
171.1123655539884
171.2104550812983
171.1257727869872
171.1267296820958
171.175683574329
171.203477738303
171.0074175502353
171.4177457039547
171.0285992155757
171.0657376673541
171.3429054903883
171.4431745722648
171.0640451521523
171.2869251916102
171.1847175355678
171.1978250495635
172.3977270454501
171.5761872377911
171.0431331152048
171.3193691032072
171.2932259147796
171.3781065417646
171.0464965906046
171.1490192658782
171.0010219355422
171.0998249061558
171.1926057846204
171.2648835596952
171.6324681681218
171.7133923770979
171.0145474245018
171.6117671346274
171.3865913522188
171.1582942651596
171.644684192718
171.1338205945423
171.0009729884834
171.5017784592205
171.4802571354241
171.5394082762856
171.3543311049305
171.174991882731
171.1754725130087
172.0011107259824
171.9307084190671
171.0808477887941
171.8996693635083
171.1524449752377
171.0484061082223
171.1933568231784
171.1299019983768
171.4092890084936
171.0489621409857
171.2237931880391
171.1868461083281
171.1732233827136
171.1980592760383
171.135004134697
172.5981139421981
171.7323802592443
171.0026016096365
171.5464746147924
171.3045099248363
171.3405289532274
171.1127171335676
172.4296707488995
172.3968536254959
171.0148568779843
171.0584043432454
171.336932305133
171.1759267765534
171.7603677627787
171.0339316808364
171.7256911133966
171.0763308923719
171.6368149148128
171.3655012669732
171.1495277366882
171.0097929858916
171.4192585776007
171.2972247508883
171.3102231173769
171.4932811476932
171.0636724606463
171.0414318730917
171.7948915807888
171.2723193844696
171.148750686091
171.021995877398
171.2298250825832
171.0831550818262
171.3084747376319
171.0339793016852
171.0200897009496
171.0782602534375
171.4609883590791
171.0780466015453
171.0119560660966
171.0210452306067
173.3981240170638
171.5703793376869
172.3986606333386
171.0756436150771
171.0855450900508
171.0274418950196
171.1392468790566
171.5157094157333
171.3939928738735
171.221416562095
171.5754625994583
171.2748946261202
171.138243073919
171.2638736624477
171.9768699670003
171.7698683623084
171.1354909597561
171.4428165411626
171.0484431954971
171.3006905448447
171.2666563003685
171.7735778954673
171.4554504988637
171.382061574446
171.3857053116515
171.2923799806109
171.0119506186833
171.0501180100853
171.3844402421538
171.021732988787
171.086352039133
171.2778155564612
172.3129095442428
172.4838123043274
171.7131403676109
171.2598053305295
171.1740014504239
171.2212061822497
171.6181614106885
171.2640101157035
171.5048880509269
171.042215220634
171.1709418720912
171.3855266278801
171.5996956673537
171.4212194495817
171.3543837258608
171.0840302048478
171.075638669752
171.0375434570868
171.2468362563924
171.3660406875816
171.2256840919563
171.2551050291252
171.0692199475368
171.7580777848367
171.3073378962132
171.6024818028519
171.475991178451
171.2074670619844
171.7011834538974
171.0661739835156
171.306488447357
171.3176743500609
171.3130462814067
171.0850746291775
171.2103426019455
171.0221324945825
171.3771145878475
171.1163355712324
171.0609425360046
171.1465055088148
171.3789680929173
171.1878572819019
171.0804998147167
171.1385228128526
171.9374893487964
171.1923045667801
172.4060027867717
171.9851210656043
171.1663691550112
171.402920627867
171.7337810746977
171.8245176078854
171.1357217443868
171.5124258632622
171.0384773686598
171.5793080751282
171.8453797192187
171.1318459158921
171.3093847201558
171.041619045502
172.5617568586338
171.1486896555151
171.0891917219088
171.4361756953116
171.6009237690046
171.257740601386
171.6934042468757
171.7223171692561
171.0668572653899
171.4172914358179
171.3974756569083
171.5833701204443
171.2050468366966
171.2345631142647
171.8536954464839
171.2051848545616
171.1080396368589
171.4432669513319
171.2443744557431
171.4671029150326
171.0176106540054
171.2177961061697
171.0249486545123
171.1215869757656
171.0814874772714
171.227420385794
171.5223580839595
171.1654373333231
171.2314877567539
171.1072406187861
171.228351780634
171.002746307199
171.1051814914857
171.2541108178511
171.0340624561916
171.0267934313334
171.0675381732579
171.8295785903707
171.4484836518989
171.0604007945835
171.0917574146971
171.821460723263
171.5440159990019
171.7957805939153
171.4630244708808
171.5069300617578
171.05382524659
171.0632868195877
171.024128867149
171.6034497030951
171.0736411948774
171.3255296251217
171.0316929781721
171.066262209368
171.2778975527702
171.4019625603232
171.1227698024528
171.1730353756453
171.2421513090794
171.6853899484456
171.3753805923456
171.0932379135006
171.0362463637435
171.3253083197677
171.0790726360147
171.579512262003
171.1158227051264
171.0347522027519
171.2083018712354
171.0199957060413
171.6822468467326
171.0203763442094
171.4883789832027
171.2579969440892
171.4774927860955
171.6356874597789
171.4621132225344
171.0943323671305
171.5386802572996
171.3292043742455
171.1084194017377
171.474238798384
171.5932829127026
171.6466903448269
171.1450130092014
171.0432208657141
171.0701049541174
171.2245191952439
171.0426238466349
171.1166736025036
171.0554865332477
171.2563172040749
171.0732443002674
171.0111419444073
171.1625736134735
171.2057661809993
171.7500914000555
172.1984425501108
171.3240069371839
172.1469325398849
171.1444669238498
171.3500302951059
171.664735997601
171.0339467482661
171.0273264789666
171.0053969273517
171.0922314644899
171.4932614173874
171.3920559466728
171.5799517792648
171.1718156455207
171.0086685102572
171.0617239297422
171.0158635648998
171.1127005252213
171.3876394873463
172.1659377101106
171.2095190000606
171.2031409130091
171.3307932178597
171.0226314019439
171.6764765532968
171.0758922680001
171.3370997262104
171.3335040787406
171.2107405446085
171.051146863531
171.0091136842564
171.5413009919843
171.2640269923624
171.0151068576243
171.1096817066054
171.1389166665238
172.4530601647347
172.1949774726143
171.6457859154378
171.1502744066952
171.3420148331184
171.2751422832193
171.0430596737643
171.0390495333334
171.0042210929519
171.1620330709559
171.8922105436673
171.0753241818924
171.0301247131913
171.0458853567856
171.072928362718
172.0157212370259
171.0779950893711
171.3153558039035
171.0184877590399
171.2982991203307
171.1591750097506
171.5283961738325
171.0402548963275
171.3097346212131
171.5323710289315
171.2729997916488
171.792419784186
171.3936961721067
171.5652590651104
171.0890259039592
171.0382271432154
171.0134003816597
171.385173697763
171.3319839066875
171.5716301959907
171.8076310773586
171.094043434665
171.1682899183476
171.1199243545448
171.1194211370326
171.849284197764
171.1641420263606
172.4819361115119
171.1507677869131
171.0547412057176
171.1364474312543
171.2565391074219
171.2656510059981
171.2168843839935
171.3082637118641
171.425444297603
171.070619187035
172.014822686634
171.3160769067747
171.1882434801408
171.5048766354292
171.1579029599487
171.1759153804402
171.402893965253
171.1004098856204
171.1302238786686
171.1451202937872
171.3931333874954
171.3528948351294
171.160399565312
171.2150161881688
171.2989745337242
171.4648319249003
171.2130016272019
171.4101829706107
171.4113382007462
171.2148777173332
171.0530129515049
171.2301172283869
171.1457970124736
171.222987578452
171.4704779285647
171.0203842161631
171.1791642349114
171.095180134929
171.4830783956943
171.2231891167823
171.2123751423524
171.3362905906315
171.3327016357754
171.0801949605127
171.1182231052508
171.1434429908478
171.2838197034282
171.5573366699832
171.5485131463826
171.1664339009676
171.2567122194708
171.1115376864848
171.1981475544696
171.2046608575731
171.4820383607172
171.0919181598604
171.7939897832841
171.1023356746085
171.5560084109839
171.4953316681991
171.2311578144083
171.0003132760079
171.0880513536788
171.9208099110233
171.2393619090041
171.3259067185254
171.4549609414412
171.1531869049142
171.8441966874326
171.3385282263114
171.2078518153818
171.3029833137273
171.6426352495841
171.038839451352
171.1001621552335
171.0463977206746
171.3384307245269
171.0728768451288
171.0733501262335
171.0542221515799
171.0130835554295
171.3853672013489
172.4239670770543
171.0520392692374
171.0767279458796
171.6926004390857
171.1942299475581
171.3558070861741
171.0035724003032
171.4003202402364
171.1652405645694
171.3959551455928
171.0871699172494
171.2915819516239
171.1959714943622
171.6513409879523
171.3571862292711
171.1061178829209
171.2067839633961
171.8372724551476
171.0156842488861
171.3130916139742
171.1301039597326
171.3992528376212
171.1928054016864
172.2948750010514
172.1569360201931
171.391131400735
171.4938818344787
171.633912759241
171.0311861704214
171.2558440849878
171.0243517835859
171.1545516866341
