139.1440727708245
139.401956355469
139.8526880976227
142.2828361283499
140.4897020882591
139.1033895240732
140.0409950093191
139.1295519898095
140.5518500134253
139.0563441460131
139.2818085842208
138.0126140777425
138.7913715947291
140.9304897686042
140.1147828083392
138.1524860061161
141.0105344089492
142.2211137939644
140.3391484510797
143.3572225462132
140.8935873992222
141.108821450446
140.0221698613066
138.0765845122416
138.4891291704989
139.2930437388417
141.0800598095911
140.5297815602315
144.0292166770376
143.9688660177324
142.0627934620738
141.8614778095773
140.0132787353108
141.7564355932495
138.2482872308861
139.0492377314517
140.0808360752698
138.3877576450888
140.0543032252329
140.8243653447433
139.0244884203211
141.3419116231855
142.818752393864
141.9563441451035
142.7120311932339
143.5209615114168
143.7451788839967
144.6201021513771
142.7094823949409
138.02156212518
137.5191689157391
145.1113311846964
138.2551647166363
138.3762181134723
138.1417545707713
141.3309207363811
141.2255918013024
137.093589567189
139.0394500036261
140.3100946955914
138.9701044301735
140.2331984857777
140.387141506602
142.3465158043349
139.4250350984928
142.1831239452164
144.0999362036973
144.1673205417089
140.6567460734647
140.1786083277244
143.1899210981183
141.4964607025985
140.5121542874418
139.1769535791444
142.1532997473381
139.5687230482407
138.8551189555309
142.1989242939236
143.303069352958
139.5789445653021
138.4977011173499
143.2365843271197
140.0691641400434
141.3932353542307
139.2159560241194
142.3611514377998
140.0944086688725
142.7639735869614
138.2677073508871
140.0362364343528
142.3967702516952
139.2407518798999
139.763675744693
139.3376257722134
139.2651722035285
143.4855042034477
141.0341306804209
139.330696977677
142.020946585513
138.9324567183319
138.4020093690728
139.1256720754982
138.9525107025161
142.0909029758869
139.0967990229003
140.4416657801262
139.2215157690494
138.5498639211684
140.0891945539366
139.5898486457843
140.48142149534
144.3604584061318
138.1257093072797
140.0497021776804
140.0821263802032
141.3314322768647
140.7152701200247
140.2958523090181
140.2088358382213
138.604161529284
143.4897807367055
139.6154888703324
138.0453547497538
140.9266081207372
147.156290791428
140.835391035134
138.3173533978971
143.1797130126707
141.3554523659519
138.5407140079617
145.4843328390676
141.3044390830443
140.3959662096848
140.2311510210093
138.8999130105143
142.7951879725802
142.3763681635758
143.5774418468485
140.1430708499593
139.0907697515661
140.2220934672256
139.2822406405381
141.1046001905503
142.4262830760108
139.3367735034956
142.2264809112845
140.5536809336766
141.2295055095467
140.1516858427728
142.3240502744601
139.0056525391763
139.0768137812762
141.0111846582903
138.2245587014465
142.0135509570478
140.1193094725042
140.1998861491983
142.0496041856197
143.0144058908318
140.5658239320303
139.1799898920773
139.3157095773535
140.0058389566467
139.1849546089706
141.490349210953
141.0747675626757
140.289212086876
139.8861458358737
140.2732252568191
140.3418181772275
140.0797768113046
139.3797329655144
139.2107148008692
138.1267300986513
141.3261479261689
139.4356656251592
142.1240848966288
140.0030060689867
143.742699008929
141.2916660072201
139.0252332429721
140.4866880256527
141.6548260459136
138.4116607395903
139.3044827851512
139.0520774878948
138.1192228976319
141.2681770114418
138.1639749667336
139.3894335965912
140.8228098446961
142.7588070131622
142.0183589982805
139.2121382207911
143.819486848566
142.0941071233227
143.1041113089213
139.0365692292395
140.8800556237728
138.3429922552208
142.0047910357021
138.5554093069285
140.0306432565586
139.2066453642621
139.0008682968642
140.0192642813161
141.2958334161973
142.308433493024
138.1364282312264
144.0149514407003
140.2539433895087
140.1168250113259
139.6696178437398
138.5090996852707
142.1476666078948
140.3156680040838
138.6391679414407
139.4171024511477
139.1913313314033
141.1273170127959
139.6189797908063
138.4087819115854
139.3864917583498
143.8067192211645
138.1541500249271
139.0942738622345
138.8973345829627
140.2844430128163
141.4598320308265
139.2773026432756
143.7910635392423
144.2769221338394
138.3639778057991
139.0552616316317
140.0070864675499
141.2376338374582
138.2332850345
138.1777261867031
140.0158391416756
141.0007064987392
138.274608951855
138.1289138883643
138.240637249698
142.3014491646048
140.8381715936198
141.1185454520716
138.6426580649879
141.1697502266933
137.7456965079317
140.1378137939786
142.0993193346135
138.0324658960348
139.2904419636954
143.1082032550332
139.984035844392
139.5295199412349
142.008942891633
138.273775791993
142.5865573618202
141.3185238783825
143.0542477895598
141.2156732894362
140.1345495608786
139.7020770292285
139.0345138110406
138.1561631731475
143.0043352215178
139.3518953087355
138.17173307823
141.3074127143572
141.3796864870167
144.4558791290713
138.8466292007586
140.2257572800796
138.0608313142662
139.8916597226158
144.2380175799955
140.2599861432026
140.1334142235271
139.8411912578457
138.5724730664351
140.0283303573766
141.2269934302084
139.4477897984195
141.6619211195066
138.2175536651251
139.1365884463552
141.0665508771227
140.3888759013763
140.222261067834
142.2417069302705
140.5565659781541
138.402192887126
143.1669608832149
138.2912583157234
139.2794494865617
143.4354198999498
146.016263759722
140.4101122469863
141.4942113031917
140.6650769513308
138.3234935506045
139.2297066296796
141.5450670987589
143.2700269962117
140.8113028856916
140.1157408627791
140.5178278748825
138.8188284015371
141.1533590832492
143.1193029838306
140.3515736236046
142.4794761382487
139.3203534258802
137.2608391213801
143.1997801400931
143.6055252678721
141.6453398719209
139.3195821056305
142.0173152487682
141.1078908647556
140.3437388615247
144.2267188080088
137.6316659860685
142.4654518190057
140.0950848039055
142.334668205943
139.0461440146001
138.8598807478918
143.2504435603371
141.8850253751297
139.7788387820428
139.0179769105308
140.366795342791
141.7595469236227
138.4856523527642
141.0136361761185
142.3756090026102
142.1114949605272
139.6350962325758
140.2796829919964
140.8846040930923
140.043687184228
139.6569117219964
142.1787301195533
140.0004435221442
138.9443470408339
141.1284967872443
140.1691438922788
137.3073446120987
142.2150962818328
138.6051531614488
143.10113182418
139.1761414135607
141.458204256541
139.0024134866718
138.866543321924
141.311662642762
140.5991740153328
140.0749448619029
142.2090177419026
140.1335475249871
139.0553706205476
139.6388134426162
139.7013051330228
140.1928950191472
138.732622804248
140.381378844579
142.4355087018148
142.0627572671619
139.5629102358687
140.8494681765855
143.3137635066442
142.5165408638064
140.1836013336237
139.3023687010353
141.2376314805147
140.0692073723978
144.2874982017079
138.2162235027968
141.5068854078536
141.1298011382134
140.1659259170017
140.07504610773
141.027926129958
140.0244417512045
141.0136378471018
138.2147244931686
143.1946963827158
138.3747634644606
142.1735899934809
141.1561235292671
139.1181257733887
139.2832689975923
140.6766255719597
144.0773021369614
143.3576392970526
138.0475093595412
139.0184867830505
138.3306299578441
142.9970581760729
141.2457384278542
140.155248553568
139.0789100350854
141.4015842664014
140.5202539563421
140.0829399859696
142.1261387849334
138.7998106948166
139.7276739429461
139.288471402094
139.2816421179885
140.3139024972282
141.1325315327452
140.0710635727816
139.5242130534698
139.3727659822755
141.0651151536191
138.4512796184819
142.1201817645947
141.2292902904375
139.0346251018586
141.0706008942078
140.8151567569181
140.2900986071462
138.2982404274601
144.3090115546229
139.893254079322
140.1248132863023
145.6887770444921
140.3767672145189
141.0893706021586
140.0842702322418
140.043280999194
140.0493290819081
140.093399409564
143.2873750198626
138.3676204064565
141.0013928290889
140.6424413766374
139.2118378204994
137.5111345882673
139.4235798253004
138.0543780694362
140.0988681414871
142.1029458786599
139.8186097473612
138.4097610172396
145.7713532750239
140.2028062276414
142.5205908894328
139.1934583506501
142.0255230645427
137.4426524673358
142.3612275356065
140.0943288309774
140.0592619960769
144.4429061588346
139.1883978287449
139.51151740182
143.8219474648598
142.0813035144624
141.2071948564274
140.172631777876
140.016965899319
139.0830016038805
138.8376858263618
138.0809535074617
139.4471497754588
140.4948604087783
143.465982786441
141.3542523102986
140.2298151805001
139.5825743707197
139.6457389198082
140.5474750183316
145.051995357892
141.1252215016722
140.0968234830484
143.8199380065759
141.9925827612439
139.1851378797905
141.3202449651079
140.3552698092685
138.3411375832928
139.6913967600066
141.7300472546908
140.8476023840898
140.8162525964129
141.2658785732571
140.1098942254626
138.0492764866745
138.1837218490826
141.486772518676
139.5044642635305
141.7162513380767
141.6559204124643
139.2520114552176
138.8421482462512
140.5704080221146
139.2996765064138
138.114414465506
138.3242766577914
139.2988379421102
140.0542419690208
144.0762957929304
142.0683307808011
140.3591818523941
142.2152114553247
138.2124615801426
138.6694171400723
141.2117951703312
141.6904836888164
147.0274311214926
140.0069012535364
139.2742463880163
139.115722167761
142.4750511394414
142.6399456899327
142.0688298522243
142.1892214456985
140.0068400530288
139.0541655606557
139.1548052578453
140.0678701098683
139.268554355986
140.4287257591404
142.2261130319113
141.0069107466903
139.1896240117849
140.7592623422252
140.4336671572991
141.5916673660097
142.0177937777254
140.2016594622681
138.5028381678346
139.1132251136221
142.6294906121999
140.0976256736479
139.2143300655096
140.448097668936
143.3073234102546
141.3119633450366
138.2181375936144
141.0680958459263
139.6710178410765
143.1785667998763
140.0369201397833
146.1024299938996
140.622628836036
139.6122386509164
143.3896953318467
141.2148308843906
140.2273633163357
142.7378561513341
138.0315293605909
140.1654884258514
138.0915917610959
142.1729881888907
140.6426631136598
143.1186563215272
139.9258379053513
142.0099408072063
142.0204383266249
140.0397668409193
138.0215757323746
138.4530999856657
139.0997608634248
141.1331869491665
140.1481743107903
142.2962845281641
139.0307274748174
140.2277776241237
139.1388913245602
142.0649757037625
139.763048483521
139.5723635165575
139.0635470134684
138.3385864341727
140.0577232299654
140.3181703636469
139.1911123465423
138.9744990130994
145.0593343719877
140.1379175366412
140.202858157939
138.3185793986321
140.1258584239217
138.5769512128288
144.1285529078262
142.4154668115745
139.0723059781811
140.6713433866593
139.0672707985786
140.0585935371473
139.1536909648177
139.0642826259909
139.027130525721
139.2070147122662
140.0868977331156
141.4786750720592
139.2044956045625
141.7426297112046
139.5818386188408
141.775548248272
140.0361836024904
141.0280703239466
140.1244911112354
138.2443508914329
141.7962776942074
140.9288373399314
141.105352345663
140.2001282970143
142.289170532981
138.5205867058506
140.2996263868187
140.0632899414069
141.0264611147767
138.4781862358211
138.0598274977801
139.8942195167373
139.8699633723866
140.2775388882646
141.4650462570765
140.5015196443943
138.8141901410696
139.5800067251175
141.9299336802909
143.3871263653311
139.1419772650558
138.9124278533398
143.1007298389451
139.3755204806002
140.3397134631132
139.0956479361447
139.0115028703409
139.4639787440931
139.6208297418026
138.4221679261414
141.040721196602
138.2036488841047
140.2382533471125
139.9489089252872
138.1738969589254
140.4843568963887
139.6889378890008
139.2581694200911
146.254471746526
142.2461614844016
140.1492122150007
140.7046725819165
141.2008924651372
139.2239476395359
141.0245296145695
140.5337434524671
140.0284706203887
141.8641501506481
142.1607446740628
140.1797180436488
144.5862462412737
139.1653397810422
140.1686565773524
140.2100955550549
138.2355741090009
138.2886082350318
144.3197982399318
140.3156283930991
139.0238130650542
138.3013046717472
141.6342344340893
140.6873324436422
140.5381084466787
143.0185881242013
140.1186390142048
140.3354361134105
140.6374346749316
139.3427419310262
139.1193989892385
142.1166918845499
138.1974294758499
141.8204881475191
140.0079680404672
143.587651853269
139.586249766398
139.1842844215447
140.3474718920974
139.0305275162391
144.4786831105937
142.0599789069406
139.901892577311
140.1938509367533
143.3081039259043
138.4992726532896
139.03329956653
139.3417062185023
138.4937000521064
144.0636916408451
138.0637392977996
141.4985946939479
138.2643365283903
141.091854073521
140.0159199214426
139.1708477109439
139.5439947254831
140.6623379505593
140.07816849653
140.1084161887777
137.3845349761454
142.3066910413657
141.431386863189
143.0965924344055
137.1149323226852
139.3891129432619
139.1497434041434
140.7851426150056
138.5838876706572
139.1974504392948
139.4713361275713
138.508600588989
142.9320341698383
139.748358917518
141.1434303944372
139.5913459295959
138.6461519513226
138.1221103455977
141.261250571
145.0524852063445
143.0809808752997
140.5422811856454
138.338721896095
140.6686202100982
144.0176520741775
138.0221907131859
140.1337014528856
142.0024722974107
140.5205140126371
140.1440472660533
139.2358314826515
138.3125427448558
139.0177176261657
140.4717820465885
139.142800757403
140.8327822756561
142.4835397626739
140.0818802677178
138.3039652627017
141.4432480079382
140.1513895155598
139.645479361655
142.2626128298321
139.3338810591906
137.8330886836457
138.2476615026244
138.0791596929905
140.2965740082523
139.1581893443466
138.2861316573805
137.8907210051958
148.3816344735809
140.6961448012807
142.2001610106437
139.7220852314733
140.1146388640861
138.494293509372
140.2715619457095
145.1019238268475
138.3943441169387
139.0567278402617
143.0003716816937
140.1182426367749
143.0568327255278
140.3312836779741
139.3507885552014
143.4519307661245
140.2091129291533
143.3018378709872
141.1279836312174
141.235111893938
143.4446999952295
140.6895108652114
141.6731003539132
139.2406336216749
139.067797982126
145.1802550032052
140.3291625104366
138.3032741172232
139.0977495910035
140.9241540535455
142.2265510761536
139.2625018642428
141.3073950384549
139.1631651055012
139.309286872733
139.4387129025333
141.386721885479
139.6182886107537
142.2532001291125
138.483290310051
139.2753147686593
140.3896451690412
140.2998478645367
140.5719190532758
141.2681836366721
139.2157930650388
141.1681504321537
139.3867608044241
138.1481139865629
140.1872008586727
139.5310276065218
140.8965590671152
141.9028963344209
138.1173060950892
140.4623372111688
141.0594433190646
140.5715253006507
141.4166012819671
138.0505639809514
140.1661750185802
140.2457166678528
145.3787218508678
139.721612476429
142.0089491920637
141.8455535427865
141.0784030034379
139.01637313593
143.0744499122111
143.0572749877967
141.9574422021643
140.1121292648115
142.2986964751538
140.1962875868205
142.1368593136413
138.3724308611566
139.7122935932425
140.1196938407679
140.5292337224765
141.0663083951641
139.2836119789905
140.830910522227
138.403298858739
140.0720809009393
139.2372608369516
140.6834224221143
139.4480345896341
142.9967507476862
139.0409618039378
138.3580249512256
140.1853815288004
141.0979337875654
140.7277209123061
139.3449157572931
141.0038996538549
138.1721847727579
139.5569753282586
145.179835154396
138.0770030843923
144.000028794825
140.4490538866804
139.0799480236795
140.1740771317377
141.5558476400741
141.0566339363741
139.2738620518009
139.3657737023623
138.2289402128399
141.063543152137
138.4162896437096
140.0522992579819
141.6262575148701
140.4115732059881
145.2252821081575
142.425057361279
143.0411750814434
143.2350819227201
139.2232795652065
141.332001261028
142.9894953570217
141.7050983986118
140.1761786098387
142.2933463744789
140.2285679346278
139.963753567324
143.1957270121651
143.1695624018748
140.4463382954522
138.2959253035008
142.1230056976399
140.1858036633446
139.2790654791217
140.5629110644758
140.3612847440527
138.4856885258566
143.347563932626
143.1170635073259
142.6016472015791
139.33610859342
140.0100450343668
138.157277616996
143.7337148304969
139.8278154260631
140.0598237019646
142.5207433176456
138.0409120946176
140.7138833725955
139.9475411744192
141.4105854077474
142.1670986191937
140.3268160329635
140.2888989087601
139.4406098686447
141.5179164724173
143.4430037031257
142.1606215565217
142.2138654445625
139.1695536769511
142.3204134577195
139.0316651481465
141.2581497978607
142.7460306449587
141.1620890413911
137.2126440028358
141.0114017419161
140.4892113885811
139.117971328863
139.6750246059676
138.2567852418445
139.2830741183974
139.1370733325583
145.2366102149355
142.0971673530011
140.0494760848248
142.6425300173336
138.8866944300137
144.2670288938638
139.2348536456353
139.0524444323773
140.3858634961561
140.4540332562659
138.300126079314
141.3260620019232
140.5956898790974
141.1143896242094
138.0671180022593
140.0902061119747
143.0147544311474
139.1334894019007
139.074583319014
139.4794388941469
138.73878253243
142.5966196739649
140.3480360625323
142.1966696814497
138.3547388856551
139.2021273864045
139.1015859112548
141.70797754655
139.0134661889304
140.5909634916438
139.336747948936
142.4064306783927
139.3228283212527
143.343743282568
140.1524460136206
141.0125038224408
138.8983340503257
140.0862145220171
140.2784575829756
139.0417710334686
138.3623792742413
138.2681959497849
139.0460907413808
144.3237242852715
140.3251041030785
141.2735534876795
139.5341523588203
141.7013900896585
141.3450422598525
140.3304045360577
140.3941316032817
143.4569057441973
140.3076849390692
140.2219413913667
141.0651616802704
141.0549793544411
139.8028410968971
138.2278389556071
142.0706467326571
140.2238225076648
137.4499625376991
140.6129683174649
139.052463865651
141.5246241641976
139.2607207826902
139.9311573161878
142.3381803997694
144.0920701043179
140.4718537673673
141.3477198217226
139.5296310083058
144.9557352713917
139.3501409692018
137.1254482792841
140.296474937416
142.4604232761292
140.470853935048
139.2740440788424
141.0480493237348
144.0896816764441
142.3538911634651
139.2623869759242
139.2241311697596
138.425013019611
142.5012287580379
142.109263789778
140.1667608313599
139.1074255222966
143.313022497365
138.0314013624165
138.1242602317323
138.1097206208078
138.7113034639589
140.2842707662084
142.0304795112592
139.6757584676952
139.5377464563673
139.2509675733689
143.6312383505918
138.9646160854099
140.076084210146
141.4405420560425
142.8984437686173
139.1734442056385
140.0383738825688
141.4469497728493
140.6838825101798
142.0821767866852
141.1147142242674
139.180127743033
139.9028892497295
138.201575120055
142.5327238111072
140.1177999877839
140.1906132271087
140.1810120737966
141.5579783027624
142.4138562155107
139.3772577958572
141.0966131485703
140.0088072442585
137.370261210537
139.0466984611708
138.0607871881228
138.2232902203151
139.6757556387086
141.1490809753363
139.2547048551149
138.6713219423836
140.8750280633589
138.9461306238843
141.2276179727044
138.4480940360994
139.8646847464547
143.5646840964568
140.0496738700719
140.8210997450795
140.30915233316
138.1847311413323
141.6844045571909
142.1338709912808
139.1655559298
139.169064293041
139.468471513262
141.1440746226296
138.5323124471961
139.3160575107746
139.0580964084209
140.0784186125647
138.1682264516901
140.3185750000834
139.4626608228026
140.1541587620259
138.2791416000957
142.1088464167813
140.8102292273558
140.4940145441676
142.020840091025
139.1975703818244
137.9043353105333
139.2953561028711
141.1650212139964
139.3537582283411
139.0492525438258
145.7295511856368
141.4108410877966
139.0082294213085
142.2417848301129
142.8428522223521
140.2314963635012
140.8645074148252
138.3859214256518
140.330734932533
141.4153715685308
144.6838668846411
140.5676377189798
139.1250954825796
137.8209090001926
140.1629205410845
141.3121235814118
139.075685965583
141.151205482043
142.1433850983976
138.1146171249847
141.2214277109251
142.8080885264715
138.8359961886137
141.0783141163961
141.6345829367069
138.2853110193955
140.0798728355078
140.0656922733966
140.1366288570639
138.2777833509994
142.8114924654054
143.1233427157734
140.7403397622213
141.8005706577986
140.2723221013067
139.1395878117545
139.311386383799
141.6699585011606
139.0520483245081
139.7512660313278
141.2523346738014
141.6445871422062
146.6430867340624
138.5643873946321
144.6233588288752
142.2408469372032
142.2776725005598
141.2229792069349
143.5678565677682
141.1789323915318
141.3031047512252
141.6633168373591
139.1697636687646
142.2732292376871
138.1855415684866
141.3300945645669
142.0723386682685
139.6465378510392
140.2928472462099
137.4293999959843
139.2693701402471
141.2385570580093
138.0669115590136
143.5024129372071
138.2815231195157
139.4308257233268
140.0299714102167
140.0405489782051
141.5654194821878
140.5654704275946
139.3364045670871
141.182660819605
139.9807585008028
138.2801075131663
139.2197436659965
138.3114439072779
137.0469547143645
138.5280641551054
139.9656166226293
141.0646176128164
140.1956737744496
139.8905885157228
143.3100261248839
139.4228751383802
151.0367076501233
138.1785531710336
140.5756810542419
140.6335702852111
141.9478020393146
140.3148397691161
141.138929857871
141.07440463999
142.00610456682
139.0589172778521
143.6961095522707
141.387615419048
139.7053020278567
141.2693488867995
139.7463822354511
139.0029913634696
143.0885521629728
142.0130604156743
139.0803303654798
141.1407606002137
140.1670983142593
139.7921389818183
142.3267420167528
139.2529506709537
139.1748226318018
140.0297017735284
139.1287854852349
143.1067868460449
140.6211966789508
143.1833717384751
141.2485939261379
139.0412270164317
142.1975956370015
142.4179159789569
141.1669590066753
139.0636225439753
139.0749639153554
138.9752255148626
142.1878377861535
140.0912108000277
140.3731308585372
141.0773477202509
140.2105086154133
146.5895294861542
139.0540596081811
142.5340088834473
139.4666868822501
141.1023655302201
139.1596432500755
138.5923392600454
140.1761750764444
138.3952126156486
141.1558403530961
139.5948956126822
138.5883817327096
141.6582261074512
140.4425832139572
141.0361217227644
138.0090007704543
140.2949211822068
143.8857683692653
138.4684441623425
139.1106072365115
139.0040982922442
141.4340187747792
139.050081676966
140.1662246436241
141.6091438543774
139.4938148617771
143.2863276777785
140.1308534264487
141.9031968718961
139.4826321476201
141.2277367616481
138.4016668832494
138.0565442614353
140.0060937685286
138.0009265255962
139.22446030723
137.4522927714792
142.1649983760884
146.9020158064478
142.5909401547079
141.1426296443465
141.0897934057373
140.6058497439355
139.6918890377115
140.7459765695409
138.4729207174498
140.0231917349065
138.1100852498653
140.6486564676735
140.0195289734881
140.2013692767297
139.7320419731305
141.898279783031
138.5105597806426
141.2698826496152
137.5879054287678
139.933614394807
140.1423436596464
139.5206272116155
138.1616935396954
143.1215426713316
141.0319359227935
141.2086667614939
142.2537933413564
139.9371775311288
139.8422544906704
140.1820610731932
137.6489715276649
144.7147472786144
143.1854352049388
138.4517968476803
139.9528127686287
141.1955123359887
142.0055570513798
142.2243709127417
139.0208849684358
138.2352062937588
140.753429211985
141.2635791209704
142.6730174198266
141.3381032064705
139.9733065719671
139.3305875011507
146.5494370548613
146.0014076411097
138.2310793176042
139.5379170532972
140.0107962311905
139.718057011055
140.3166704379876
138.6707259397946
143.0773609710228
141.5820889321563
140.1361677025707
141.6297662668715
141.434887394431
138.1899551387675
139.6097517345001
139.5390488533763
139.4767323760816
139.0104937466666
141.228162958045
140.262082225253
141.2800873727763
140.1191152874671
138.0938358633564
139.2295149154709
139.0455943892094
140.3576099210004
140.5061433410027
138.0919711652533
140.1260698645421
139.1652689781156
142.0285946411533
138.3758646306353
140.0151250098591
140.0630047404544
142.2530442413399
138.2622375222676
138.1185895076136
141.5618992130273
139.1322381843399
138.1368799985738
139.1250213627227
140.1637093855197
141.9314895935094
143.6964839590865
141.9913732359504
141.250053777523
139.1836401606802
142.1855111411657
140.1011907202823
139.5524645908637
138.3985499982057
141.0893127009679
141.177489524674
142.1730304437993
139.9515815006734
141.1869173402333
138.6765885309285
138.2311198743674
142.1453324964519
142.4180939528892
139.7036175168722
139.6318063353706
138.243193232841
144.1617472344712
138.2529636231218
137.3619288234823
141.9949812109386
140.3590194179735
141.5319637816289
143.0270741403792
141.1035613803969
140.0544418554978
140.1811286928916
139.048769490053
138.4097049803612
139.1716502266386
141.2441283508192
141.0848461219739
141.815043443621
137.2307063321175
140.3391884658368
146.2521840577022
138.0332452565983
144.1888588905358
141.1893528178205
138.5808093542851
142.8567885371733
144.1187256970074
140.017197587637
140.0252307293619
144.4729925535995
138.5025560326989
142.2674561492161
140.3457343140288
141.1709194872812
140.0884516364762
138.9358680981099
144.7113931746158
141.5022141738213
140.3160201148376
140.8231350506214
140.0994007411776
141.7490392262823
142.0844834406495
140.1494445772818
137.4765783657877
139.2193991387193
139.2087778460956
141.6547296485503
140.4313184646662
140.5054632094661
140.4166603122124
139.6847492952319
140.0620326675156
137.1932021495539
139.103643846843
141.2295198618559
141.0165395012154
139.554709277641
141.2513120883244
141.0202532341272
139.3817710925128
138.1056792276769
138.2764808898293
138.2815239405738
140.15031601034
139.2609792739993
142.0082239338165
140.6633989444685
139.5203358453049
138.3695646770708
138.4505043306153
141.456984909993
139.3465710530302
141.2938985060807
141.2455182370815
138.3316795677804
140.6405660157893
138.5114695197133
140.7532537158602
139.8897506560847
142.5739663598047
139.0201245165327
140.063646575755
140.0148713001635
139.3122227560104
143.8088633832446
138.0260764512102
139.3022300256139
138.5437224953968
141.1932986378874
139.4421734795025
141.2780760293776
138.7489928932461
140.1088861369001
138.1410045035616
139.4878923802336
140.0641376356174
139.1373988110005
140.3451091857991
141.2431530361586
139.1397088393866
140.7656621006002
141.6136832820495
140.0436965075182
138.5647309512113
141.8545241558422
137.6371719008059
140.5295427367987
141.0236285201488
139.0918041500587
144.2979749249683
143.3487288690335
139.0980644084888
139.4353282824266
139.2442332191868
139.7312355037582
138.6058700152023
139.7012713294543
137.1371433002515
142.2114575443232
139.5438643711762
140.0481557652843
139.1574919498532
139.6422011189564
141.3019382896135
138.0254852828168
138.9277820339149
141.0027771802498
139.1338990384587
138.2061935083006
140.5503004075432
140.0954175864801
141.0133760177245
140.2291731543907
138.4506856682718
138.9936606101655
140.4528159996381
138.4099952411264
139.7352223717418
138.7323863072287
138.4499034131089
139.3942867692507
138.193622609991
138.4368201699242
138.4674005485316
139.0480147635294
143.005921527141
140.030410855901
141.2476360187873
140.0894419088964
137.5103783131534
144.1762819245308
141.1195587565367
142.5521198239632
139.3855299453547
138.1859690900775
142.9881746418384
141.0095051168852
141.5870375783584
145.0411443182639
140.0747051976043
140.3687356295563
139.2003202594947
140.3097448912174
141.6576627106018
140.4148680490055
143.6583149523331
140.714602791206
144.0415114026703
138.0574654651712
141.1261732325605
141.1562361642752
142.3183662071048
137.5169560430741
138.4767884670131
142.1079819670876
138.0517452315983
141.3113117307686
140.1406500893893
142.0859392677993
138.5025917470452
141.1620577139822
139.9008489842053
139.2612450018558
139.2467207021371
138.2574354384716
143.2381317955675
138.4102950523439
141.2724172406557
139.5393076039003
138.4409336900511
140.1954976438987
139.3269292949708
141.0357451874458
142.620378685881
142.3828781124598
141.3380118043845
142.0396874906565
141.8637468230657
139.7936136083972
142.8083352947248
137.1270061259547
141.4878427554382
139.1620044960988
141.5119551739863
138.0887653635901
141.2633333444741
139.2857994703872
141.0215320950019
139.1503280015035
138.6589165769566
138.1568751237864
140.7422678765795
142.3804014806662
139.1014795730521
139.3859016683337
144.3424710845308
142.2323087311985
140.1085784631038
138.4918066523782
141.5201452879036
138.2682782245605
139.0136673196551
139.3949856723699
139.8555096522637
140.3423390423924
139.2743830503841
141.0822943220683
140.2774174467762
139.0652034821489
142.239217534327
140.1189627549621
141.2613971973456
138.1664681944283
138.6396049520166
142.0623614026917
140.0624390897043
140.0207678044976
139.9264801784165
140.7991846494092
139.2930391810273
142.3745191384198
139.0465974795317
137.616164812251
139.3371609624381
145.3335090320315
139.685712972311
144.4360292722816
140.3354911223217
140.5457147709888
139.4252706201189
141.1285805326926
139.5052040829968
142.6524612970029
140.0028850378873
140.2013098434358
139.1122877211846
138.3412883454909
140.1314798379683
143.9075177198807
139.0991947983159
139.3329382949073
141.0470434762629
138.1743811834421
139.4163759732493
140.0710728447193
139.1964834213128
139.2045392800555
142.0723606552573
141.8100171455706
140.2258953804818
140.3614884845228
138.1105104292827
139.2708913618549
139.1913959839738
139.5467982307522
140.3538688561806
138.0146588050276
138.9279761836767
141.4086712738039
139.725735500046
138.4199182865909
140.3361175608957
140.8074107928921
141.6403684914567
141.2803737791548
140.0609146993982
142.0685260950988
141.8724691462513
141.4813374933956
139.0915221158134
141.2990292774471
139.1481267877803
140.1919407171938
142.431877829508
141.1211012741752
139.1425517288466
138.2981109268708
140.3082654886741
139.0523798188881
141.5071187534563
139.3940614464543
142.0679729924038
141.2969914041869
139.034029572053
141.9788239584702
138.0914110040753
139.0337632599937
140.1260162841921
140.8034121067681
137.3295481150037
143.621148969805
141.569725923407
140.6718748589256
141.1754605301313
140.0853004679731
142.0306119435144
142.0533957045736
140.6881139581422
143.4113099371715
141.0216701475131
137.2981141723741
141.3651737882611
138.4747521206383
146.6315109055565
142.0745526376808
142.6149914154695
140.6001658473513
142.5143218811505
138.6026488889426
140.6169127191905
138.0465682170912
139.0207928379897
142.0832129070745
140.35154873358
137.5488965159002
140.0004167208594
139.3521223870608
137.5410193520595
139.7285484433923
141.0697149703214
139.1847383014115
140.715971231234
139.476676883032
142.7278889122558
142.3138861598782
140.2536535113086
139.399191125393
140.1153061317073
139.2388280874673
140.588175748684
138.211510544592
142.2012855937885
138.2891128925888
142.3463645181132
143.0776211644024
138.0620433095985
140.0498196659947
140.0692059450315
142.0540181528605
138.1615692532689
141.864724698536
139.1416865955145
145.3250390853707
140.1277759266305
142.0783137350537
142.265527361268
141.3775271872916
141.417092031644
140.0979072652831
140.0430079125014
137.6269806458606
139.6094318180578
143.6273877559087
140.0828503576796
141.5579364869611
138.0567611327593
140.167653534637
141.4235238292649
142.1707366347619
139.4456045182804
142.6596068169108
141.0061942583927
138.2558025676567
140.697629250738
141.6037084769211
141.45022421537
141.0543044636194
139.2391970092177
144.1075373738346
139.029926908409
141.0615723255246
139.5687949586362
140.6198990599468
140.1945426267261
140.0575226317823
144.2535878628596
139.5541545249068
138.507226915367
140.8174080394302
138.7482526833936
142.2939955976836
140.2836748049737
138.3757083753446
141.0570814993604
140.465337867864
144.2353361808702
142.044068990538
139.0896645894844
137.4459072878953
139.0561951539038
138.2976762545978
138.6790757071612
144.0355156462944
140.3449078253869
140.4568180024147
142.2219563875988
141.0848377051776
142.5097300803575
143.1464834706895
142.2790728679982
138.1763526539245
141.016176269101
139.9993386148047
142.010478674298
140.2894089080468
138.2871228897694
142.613328207272
139.9667072268209
142.629123532251
140.4397657938763
139.5283777225772
140.1689607031649
139.7548852679618
140.2184500061729
141.2931425127143
141.0069699354191
139.7585904258247
139.0065091781103
140.3285998018246
145.1214952636882
138.3831447174274
142.9222872388549
140.1523276133475
138.3671329480263
138.0042835944803
140.1243789500153
140.0328341024066
142.2319921353939
140.2145211393838
141.3176782460336
139.1086979235452
141.292792499055
138.4413964211544
142.2877412035019
141.1203496531269
140.6376581505991
139.0748446277677
141.5436714489137
139.0389931020176
139.3606680920891
142.0570322882621
141.0892912164883
139.0057510735569
138.079171305813
140.1145225570855
141.1525646757707
138.0536659910985
138.1885187723072
140.7502213252619
142.3604097199532
138.0053080873373
138.6774729432526
138.7294799919862
144.3098781046939
140.0668010420015
138.302812487325
140.6131449433517
140.310558969992
140.2052876064229
139.454647376339
140.0968617953917
139.2379881528225
141.2615835011833
142.5662674963049
141.2768192057376
141.0253012486665
140.2187285745536
139.4264413141213
140.246760442535
138.0909544651335
139.0447880848683
141.229101551367
139.0261732311399
139.3264342290154
139.0293505948223
140.0456561411097
144.1089425157723
140.2349592143944
139.2610130149885
139.2044450800327
141.3141072647646
141.4966241172447
138.0430652260191
141.2423670113844
139.0305267352525
141.7448991055733
139.0868299467794
140.440730829746
138.8253777371715
141.5913420733134
137.6312828714283
139.1567015195925
141.3365088623743
139.3776063189298
140.1282995086968
142.3355452729379
139.9644506739865
140.0060079179748
139.0026810346282
141.8496190647248
138.2652491373696
139.920910431913
138.2383782936771
144.2458668614774
140.1385509218787
139.40415552553
140.1090155744191
140.3260307919833
142.1747139392934
139.4445565489803
139.5813204189172
141.340576922793
139.1128549388353
140.1286047793295
139.6684765751451
139.0440982197559
142.1219233564993
143.0457720592891
141.479446208346
140.4109531911813
141.3093366443599
141.4974158055524
141.8464164332707
143.9941570493115
140.5253807803863
139.1748303486727
140.2555502951734
143.1467921072978
141.0672796835767
142.3838277264812
145.2559461482049
140.327154035892
138.4665805528808
143.4110750588443
141.4987576876989
139.6468077492009
140.1599743133673
139.020511859589
139.4339820045587
144.0474056632976
138.1326384024729
142.0376095768782
140.0781331967756
141.3954491127158
139.0248264376954
142.0888178570682
145.1118396285611
138.0224304420661
138.1567544652
139.2901062007135
139.1308646496335
139.0405682061532
138.8249058999652
141.5231053220586
141.0192437743109
143.0414794482505
139.2925508284945
140.9002004408999
140.042670521099
138.5199146808488
141.2738787275535
140.2952825653212
138.0003335046808
139.5625431372413
139.1264466811021
138.3251410517693
139.2716868110981
142.7215580083693
141.6904270073334
141.76019966062
139.373235842913
139.2154681925147
139.4438151638525
141.4242544660976
140.1776153840608
141.1945803743751
139.4271797777131
141.3325797257467
140.1225475064301
140.0947462717052
139.0014383873838
140.503765040036
143.3509826468199
139.1237853916745
139.0202460771584
143.1775227524743
138.6249994370076
138.506044022114
139.120072152635
140.6993743781501
141.2316567558301
140.0745400392362
138.087056303439
144.0477664060858
140.975393636541
140.6045566771701
138.478875124802
139.4897778198061
140.1928336093102
137.4000375179599
140.4666324921287
141.3362199973414
140.5547229619367
139.0332412930447
141.0270533918605
144.0073621474291
142.5573914127852
142.077307968127
140.3735932055591
143.306575915186
139.1505949728732
142.0094276040544
140.7826473685071
140.2689538643622
138.1850532595794
