537.1401951395195
535.0243278091626
527.3526709566277
527.143787426378
536.0146729977578
528.1760458892389
527.1610281013704
528.2512441994902
528.5880920823679
537.0379410423565
529.0532169623096
529.5681528383914
529.2931581439198
537.2029939286298
528.1724258926912
528.1666857074367
537.9031572366687
537.3711429625565
530.0828605950448
537.79394423687
527.0919088629234
527.4972588267646
528.937408991594
536.2858719627726
528.0527471885104
527.422707810595
537.3872281413634
536.2089571917526
528.3547034541796
528.2736718302241
537.1792391592961
529.6287107336652
537.1731280106551
536.1001749507464
531.2900892475986
528.0666156493376
527.0885364903497
528.2442736538039
537.4578694903994
528.2425898815306
536.1637233685304
536.3400832747164
528.028577209164
529.2678434285878
528.0730274113922
537.0332653377957
528.4750096818378
528.6594535199716
537.02943296287
537.442480617647
537.1287976554416
529.0806689751541
528.0875925295012
539.1597485976871
528.1209040972232
537.0316634241269
528.7384701826378
528.1024876467677
528.3271926952846
528.5589555858465
537.3047010973149
528.7098032758811
537.1979767432811
529.0171542754317
536.1503596065126
528.2699384308786
528.8173528335915
536.3296708129465
536.4076182692842
537.0852669895409
536.5823544685665
536.0091928840199
526.2548388130147
529.1467964991776
528.0597105164916
527.1080215140605
537.357321740727
529.0362630088191
537.244520383269
537.0173559034494
537.0401308470801
536.0206500383824
529.2621098298482
527.0487169940137
529.5700842127882
528.105803923939
528.2572579171552
536.1875496473936
537.1706301582146
536.062874852877
526.6326317491901
528.1885446301457
529.2191913939464
529.453558285774
537.5230191221597
529.417293129678
536.0596451598955
528.2625851194313
527.3961264120753
529.1630125826811
533.5625364831274
536.1322027415583
537.4651834108599
527.7792790146489
537.142150500505
537.3552618451309
529.210332870301
529.3282839950072
529.4685825656666
528.108418780932
537.1427038043242
528.711097539589
537.4882394007113
536.0675807805711
526.1312042658335
536.1336480155413
528.0451712403473
529.881329280902
529.0447802324005
529.1619946480874
529.1632610404598
536.3748939497336
537.0488223798786
537.0054252787207
536.0198559009394
537.3173894226932
537.3011631142125
529.2203387115502
537.1489582200365
529.4252874537515
535.0775706483573
528.555976501845
538.308911729229
527.4299634494716
530.252893512237
537.0278237165965
528.9494089186678
529.0261749660448
536.1271705545611
537.163437348878
528.0530747859865
537.372265016532
537.3975707304193
528.0892478476178
528.5268164611982
527.4149634330388
537.1111323237202
530.849127697441
537.4346745465368
537.1484553248916
529.3102663795348
536.964918077994
536.8422919267433
536.1028000416031
528.0179447313776
536.0836421251561
527.3624817568563
529.0467024875013
528.276769011486
530.0824284783203
528.0560713639189
528.3696184664325
529.0630777911006
529.2024113846038
528.1622839417848
528.2873902986591
536.3650337485112
528.0143890389134
528.0095575738642
529.6654989951166
528.0194163605727
528.0412442787734
527.5757645748886
537.3279985181234
537.0197367421546
537.2241321606931
537.4457314548663
528.3154770717025
528.9205977976484
536.2584250383051
527.0435199732661
537.483044233812
537.3599775643276
537.3289443287332
528.4051087991608
528.923751133712
527.3496445281709
528.570648747837
527.313888545251
537.0812963220503
537.0809582200759
537.8433679312618
537.0593435289898
537.4557447584904
530.9771495662328
530.3780868047361
528.1289625333113
537.0328943665141
528.0016132059035
537.1501286808037
537.5241504002338
527.0447951998318
537.2498551536384
529.3036700805573
537.1762994143346
528.0214791591275
528.0719229047506
529.0744522066728
528.4319054197064
528.2726715100508
537.0697530499019
537.7447550541934
527.1746985273078
537.0474378227499
529.9752532671588
537.0097724448417
537.0039016694265
528.2995598290904
530.4449557165019
537.0342696574443
529.1427955958824
529.5323398544109
528.1367546886074
536.1651790762315
528.5994737647462
535.089800945658
529.207573563121
529.1424123104683
528.5834702136826
527.0806517625443
531.0089171242711
527.0364692460075
537.3823794787498
529.2437814570584
536.2257997435927
529.1031785468411
536.14346715063
529.1794426749216
528.0167904145925
528.7673647607559
537.1050922376186
528.5911172281332
529.3946935160513
537.0256920931246
528.1159466476051
528.2234942635175
536.6647372465457
528.165457750277
529.3664135855389
536.1104896641292
528.1144037862948
528.0566037391642
537.1921785412646
536.3780771429324
527.5209949961761
543.3316684102441
536.1271674625915
528.4490883568391
537.0049913487595
537.0018918344201
528.2580466160215
536.2799276874263
536.3170424190424
529.0860852095991
528.1014563997765
529.1125644471845
528.1090930870064
529.0379512093792
528.0981399961748
529.1224175106441
529.3339343556216
527.3382960917521
528.1210120800649
529.234244878778
529.1913561787131
528.2039971571713
527.2763463274431
531.0562800048834
536.1845485031307
528.7135116969876
527.462873035914
528.0252198245646
528.0813683206802
529.1671730365548
536.0095612284842
526.1103226137053
537.0149983665625
540.0542166010322
528.5791711916687
528.0257980455661
527.1060966989296
537.0138620056249
528.4746732627347
529.93751855652
527.6825062486009
536.5541991381534
528.0018077446035
537.3519256340081
529.3020920422437
536.3814468397688
537.0165893765851
528.4655181734342
528.0737766148736
528.9397817801058
528.3614100301478
536.1809058578749
528.4287906340926
537.113825590597
529.0192648706263
528.3645458043982
528.9429959838201
537.0498982771455
538.0599586737312
537.6554283255039
528.0432893310684
536.9859279202284
529.8377680323462
527.1863767924157
527.5092061045043
537.3459461988601
528.5071535694326
529.2123102763086
537.6478108580432
528.3782789226696
529.1555118082933
529.7435115505003
529.9133333783766
527.0184250845392
537.1613269107097
528.1192904634289
528.2863594554038
537.5449041973842
537.7248179176806
529.2112081238874
537.354245817046
528.2177584544721
529.1778978291292
537.0594578168033
529.4311817824922
528.7934756695048
537.1896902136988
527.2139220268083
529.3545807519506
537.0048385040092
528.3866496882488
528.068484499718
528.0135262583589
526.0437306175504
537.881568037972
528.3071768530839
528.9170289115875
528.2399471278297
529.8092950999954
530.2416206160863
528.2696567433605
538.0729148742474
528.1771891012722
536.0931085152383
529.0959575915317
535.0014932534242
528.0393002860758
537.0952909132326
531.0994855296777
527.8696996163771
529.2920399987926
527.0406490584979
528.4206337720183
528.2789355322753
536.2895631621966
529.3650374045052
528.44120927202
528.0912405573753
527.4928569422186
531.2714456742124
528.2375942948217
528.1289383266964
528.3568556867255
528.1735169072027
536.0716740313776
537.1656328107521
528.372545919767
528.1519129931296
528.2999185880889
537.8667954680477
529.0284837954499
537.016329787215
537.2133254916483
528.0325174573674
528.8510780169793
527.37349677619
537.8605821171517
528.0683062707541
537.3551247058649
529.1107204677669
529.0729878446887
529.5346700264913
537.3242551993876
527.1497566839786
528.1800923741475
537.012659643473
528.0218775268878
528.303315246019
528.0209899344236
529.4029387091916
537.3902636691196
528.2354889355721
527.1841036687781
536.5920815608006
528.134317671243
529.4060064009761
536.6554060688112
528.043123624734
527.2272126432392
537.2626946460274
529.1656528665417
528.3812880375921
537.0555524241229
527.0516213410651
528.1348876238801
528.9273478624335
527.0378121960434
529.1031742431695
531.1768668756333
530.0514504245489
528.2855590074494
528.6658788117132
529.1079548048083
536.4157515731442
528.0251681825569
529.0065095369738
528.35691095027
528.0409282765416
537.3537470960699
529.046937994428
537.1179662539952
528.529479153938
529.1624885576276
537.8395828241559
537.1391892685915
528.2358608323627
528.1433633285792
536.0515625228105
536.0035382003001
537.2251359237566
527.0806819557757
527.224140751358
528.2314716001715
528.6962053625502
528.240528836759
528.032650589937
538.0401317368222
528.0267491013594
529.0814804236727
528.1050886799462
537.4017812151378
537.472981206408
528.7075608189491
528.5736350722821
536.0012296395613
527.6342452015263
528.1367872954493
529.260044052509
537.9619372363408
529.6525754305059
537.0765233257978
543.190681562161
538.0923951363426
537.7255288414805
537.3169251378334
526.4301128273146
537.2771139828745
536.1269848369906
537.4174674793738
537.164404619289
528.6418164745617
538.1135247386899
537.2060787533591
529.5317801562395
528.0150636673396
528.0453674017444
528.1263252326434
536.3051127053144
526.745525971234
528.5980935635786
536.0078750491807
529.0784698005189
529.0579267166664
529.2804219587065
536.1855207784089
537.2779533483525
537.3847979670807
537.1183701300442
536.0327496344502
528.0331280776666
528.1104328231495
527.2349833794083
537.3158449694104
537.4181391444976
537.1850093547067
536.4015498968909
529.6561028670593
529.1874367635236
537.2611414786044
528.0917683448127
529.0983557661501
528.1501945216469
528.3402913224174
540.6694159858315
537.0278561451836
529.6535334633389
536.2418359288264
537.8164841834882
536.2952342592014
537.0763737607075
528.4957781227686
528.5600342134122
537.1641916404902
526.3195226754153
528.2040089106134
529.149928318129
530.1332121119938
527.0332770360804
537.2941686582195
537.0331315767174
529.3135787300868
537.2279005693312
537.0524632589718
527.1377543687865
528.5356103419751
528.1018520631715
527.434322254833
527.0286466905047
529.0883726475464
528.1244796627212
536.9119968211345
528.3859497602008
528.4694247417677
540.237791604986
528.0519894952445
528.2423707106835
527.1719451122332
536.0814299394129
536.5599548475823
527.037957839871
537.1984582634016
528.2209062831547
528.5656495246599
537.6935584026048
536.1838402790623
528.3201135281142
536.5237614991438
529.2697170237639
527.2104611128923
528.2573094765825
528.2731063186939
531.0009399879923
528.0704739567217
537.3660212322936
537.4282840557457
528.2849313567023
537.4063327047442
528.2177086129634
529.0928891767936
529.6082036955147
527.07565876339
529.0416350197884
530.3369671810844
529.0605198870721
528.4822494675705
537.3630777823497
529.0651332277624
528.0222903136697
529.0075192456883
538.5307400299511
528.2021060117636
527.4249556796515
527.9352991663469
528.0334251847382
537.4215984987046
537.1674386776177
527.060418782855
527.0204584899963
529.3213083418674
529.2219925259651
528.0912861125761
528.1953302774041
537.5536039556844
529.7089262843016
528.7053440935317
529.0936667683777
528.1920680421823
526.0344149232067
529.043632710125
539.5988173951571
528.1447875694711
536.0423455527858
536.7554707892376
527.2288120633797
537.1783483656112
536.789529366736
534.2407947376968
528.0249490387506
527.4846405762308
529.7895236410762
537.1497800356904
537.6775798984139
528.7243546708431
528.0164702532674
527.357553698641
528.4193648406141
537.2803783305534
528.1876562228136
528.3104622588379
528.2823189608898
537.4991639439168
528.0542379987327
536.0887487067749
527.2268167254529
529.0555262335848
528.1498350507295
528.3901581288764
528.3202775274416
528.9885612503479
528.16097178455
536.8285247238232
527.2437521398552
528.0868568488168
528.3184593309004
537.55802576733
528.5106954576349
529.0621088077039
527.6035934904922
529.3293504811842
537.2941862135924
527.0016560527594
527.3766063900488
537.0324769563919
528.2996225845643
528.074942738535
538.14512455899
529.0581215191221
537.1636972166235
528.6002577900377
537.2042488340828
537.0581930463635
538.1206521221237
528.9594709646811
528.9141396474157
536.3525972436353
525.2311819268143
529.1725684373607
526.2632522062024
526.1028513031865
528.6929864696315
527.0561452503657
529.2673437596769
536.2425573086975
528.1617041537221
536.6783804747599
536.4802072581588
536.293061380133
527.0718583613088
527.0498839124266
528.000208628151
537.2538301636421
528.4408854706566
527.5469132865718
528.050849694703
537.0933915821953
528.097706638346
530.0718835062384
536.0862295811218
537.6886488738477
529.5418694771422
528.2978224359641
529.6406000689956
533.3775613887583
537.0212287687361
528.3367083989243
536.4967853111636
527.1624887792473
537.5181958190279
529.093437524265
528.1988215412392
528.1460445445659
536.4196854591817
527.5097052780346
528.0785491326136
528.1649766595754
536.0896826856865
528.0810879730856
537.3654955972617
528.2638635809997
537.1794845404087
527.3071041130829
537.1325589912863
528.0472200261709
528.4023199004067
528.4118699823523
528.1447443529535
537.643533630865
528.140252600251
527.0098255983069
529.1176957609272
527.0241340133413
536.0355075743952
527.1132676642255
537.1239048122508
537.2008618928126
537.7360134162661
529.3881830504346
527.2510247687097
529.0758926866649
537.0584397950489
538.2427809892472
527.2371556100751
536.1531500479147
534.0945266342828
529.2795049359125
537.1902409552756
527.1680977350179
529.1059103149763
528.1665442094435
537.4680036033856
537.1424213227854
528.344147904702
537.0566909816457
535.5738018224772
528.201269974764
528.23621557549
527.1429724882399
536.1352492440249
537.1330471393018
537.2618047161375
529.2996497978185
537.1059026524297
528.0367736085527
529.0207161336504
537.135025195252
537.5601269027547
529.2111569181034
528.7232741355642
528.1659577394634
528.2989701743295
537.157306487418
527.6443977460073
535.3936022550089
528.1050666420274
528.3673711409492
529.2270572673781
537.1213469993513
528.1282316354736
532.6288499935421
537.0802104361406
530.0733952560898
528.0101215208967
536.2183426866785
528.0903966487049
528.1744690441574
529.6214239591554
529.0701011609283
537.012407890232
529.4662421276873
528.7886369013081
536.0766383169166
536.0295412078693
528.4926188023746
527.2642979843927
527.2310165794894
527.2364276432523
527.2578536436928
529.2450234343111
537.43015767508
536.2765688654787
537.0408814857492
528.3092489790614
536.9784181255426
537.4750139825206
537.1389374908455
537.1849682167745
528.0754970914039
537.0878856324792
537.793528057022
536.7772562216664
528.4988509571114
529.001991362088
528.0879116374114
527.6543291416527
528.1600589275606
536.3188280471165
529.2683977446071
529.9050483627941
527.8887441941349
528.2186032604965
529.5688875202719
528.1406979255192
538.2105586064604
536.3598150536183
537.2208345213846
527.048373429173
530.7405397256002
536.0446959617209
528.2350824838707
538.3591304306394
537.3446058062997
528.4327000162374
537.6688441126281
536.2804326777543
537.2013320330178
528.0785889312173
538.0308319207433
538.5518667174623
529.0216843442412
527.0457799618438
528.5845543980553
536.0854406250219
536.5104030914529
527.000050557988
528.8417311092222
526.0675538126565
527.4597818970036
526.0804875111392
527.7862250495133
537.3748440462178
529.0681597253334
529.0919167720544
537.140215777597
528.2793063603797
537.9667721612458
527.5244662063919
528.4540169050346
528.0968868434693
537.1554045016773
528.3358646858684
528.0466455043613
528.4878817335527
528.0369615818695
528.4045488071641
528.0161252519216
528.0587322951183
531.1210252150956
528.1159020857199
529.4370423058646
527.1984693439078
529.1506022772285
527.3863467730313
528.1831857454267
529.0433388288199
527.2784348410858
538.1730589234693
528.1494773686976
532.0615173154927
528.5988590580632
536.1990918923711
537.1017795323436
527.3461876589907
536.2550206961791
537.0656865682836
537.029655616031
527.0002203869549
530.0695711611639
528.4690012274215
536.7742969489892
527.0351211552598
528.7920262634533
529.3278098230811
530.7768008804295
527.0240695584893
527.2654854965213
537.0857625314773
528.3830236956256
527.2015906245904
536.8087660982585
537.134821807605
530.321856690575
527.1043802866808
529.5843457149816
537.0076355270588
536.075869135227
527.0652824171424
528.3139208002149
529.6483227734409
537.0138824915545
528.332862853537
528.0711231995803
538.149023450233
536.4701466558006
537.254813860935
537.11839372641
529.4066446591911
537.433501062754
528.0894155672477
527.6777107268222
528.1203255579128
536.0668045116154
528.1614404162108
528.0538560952072
527.4457605983494
537.2235924772681
529.0613364235522
528.2180109724239
529.0990859512171
528.0800229346733
528.5625657453671
528.9811442441479
536.4749153661649
536.4537396539721
529.0981479060717
529.2280974178988
536.4140036336448
537.2669521804147
529.1268301556929
529.2118887268634
527.3514878541514
529.563736524361
528.4382122332183
536.5039652763289
528.0345922476743
529.0099047467783
527.2252121729141
528.0444458568625
528.4362303943855
537.1274450805835
538.0635418721779
528.2839409164472
528.2347666221609
536.3413268363832
539.157590582067
526.2222709561169
536.1294939443884
530.0694795335486
529.6418905351275
537.9786181727646
527.7204639392096
531.1840603735886
537.285640041481
536.0435911775679
537.293189910111
529.7709574749575
527.4753033892615
528.0499445980399
528.4209389026933
527.1025713831009
529.5279403703578
527.022692187351
537.6034800503433
537.7887912718446
537.4510366024749
528.227771362805
529.3446939878326
528.1371777065682
529.36621629778
545.0181061073122
533.7027193093875
529.4462759551861
536.1012318505168
525.4188887566821
536.427878575251
544.271113770463
529.227606472971
527.0204992235726
527.6972611895334
528.3795169410414
528.1779496392812
537.2737944803459
528.0956389655428
528.1253515335757
528.1785912386404
529.3902600032137
526.2590440426875
536.4697668210082
529.7064123701899
536.5205396097325
537.3173109683759
537.0718868667464
536.1425460079632
537.1488820006196
529.334799749159
537.1115409502219
528.5467981070872
536.2775341967708
528.5643821855455
528.1626769603027
537.0019547782207
537.4471905564492
529.1914975402692
528.0594054169867
537.5852367558102
537.2739221318571
529.0084807118681
528.505434529768
537.3099506565491
528.5799495531509
526.0251558826972
537.0292226906517
536.0435852778853
527.1667323984444
537.0403142680958
527.6839118524887
528.0141883247381
528.2757201393867
527.6053127735455
528.2401533239207
528.6838060344043
528.3879881863105
529.1329866248547
537.1044965752105
529.2415002824533
528.8004601147863
527.9964188500339
537.0250421484477
528.2135929302226
536.0727341655356
528.0901573309645
538.7982471556747
536.0647821898438
528.0760776952603
536.2124996234585
527.0154726349281
528.1429173982898
529.2305962315646
537.0882260268846
529.04144437738
537.0063499023973
528.0441785932405
528.3389407713767
529.921821513566
527.0230160300539
536.6073164793463
527.1121346213209
536.054321345898
528.9631242720457
536.1644830710733
527.1865672583508
528.026254350288
528.4303146961252
528.0335075458639
528.3259935196346
527.4918245696986
528.0579001558214
529.2068828946904
537.0175417152298
529.0951347493066
537.7718652659025
528.6715802072347
528.2689717851297
528.2203519019556
537.0257451148268
529.2510997752569
528.6095872277117
536.0867347866186
536.0017265598358
528.1200477421526
529.0837226045995
537.7471149855172
529.3608533950357
527.2974731504519
537.0725468313121
539.110630276171
536.2066649075664
534.034650198413
536.2056638954028
528.0707088843285
537.2378248329757
528.0709117373488
537.147915208705
528.2014920883023
536.0213079401686
527.1053413682353
529.8444483924545
528.4333289355325
527.2854168470794
528.4622915709933
527.5971220559453
529.083242314202
527.0896880972685
536.2911209606679
536.0889237899995
528.1125343435914
528.4044100830058
536.1849724569305
536.3452256078176
537.4214343603938
528.1757700763245
527.2599582193026
536.3938746343579
527.1478246991835
536.3011813119487
528.0227452962597
528.0996781696525
529.0648630558799
528.1009139621951
529.0531113745456
537.0690614053757
528.1575916524575
528.7038047597347
531.0729084476275
528.1788231865528
528.0999993377936
528.2537948580198
528.0858133862953
528.5942770762427
527.051904397648
537.5054208764581
537.0025280247576
528.0353735721584
537.6497539533837
527.022020062201
529.0486565862714
528.1873139106677
529.1784495024029
527.1272777732958
538.6890603451178
536.1204002020685
528.0064125487968
528.0012907949189
528.1730844660606
529.1113062253205
529.2996751656922
528.3332329381975
528.1799713067879
528.1060069585856
537.3955368895206
528.4221554503033
536.1085561478309
528.0939885518043
528.341647674351
537.0757744580526
526.1462521972076
537.4341417156083
528.1848995047665
528.8144563206585
536.2982453284781
537.189315125353
529.006600895921
536.3257885953326
528.2399895250235
537.3348019717265
536.0707062012955
529.3743739029986
528.0253709009928
527.7081762050467
528.2389862209781
536.1325099770069
527.0641060577277
537.3496615086094
537.1515822086275
537.0403325613261
528.6816597893023
536.87418782634
537.0146103233271
537.5732367823927
530.0261079843369
537.1742185929146
528.2213431422166
537.0086993673394
537.1892092212861
528.4133622368216
529.0254731968566
528.1333779670421
528.2678209485005
536.003925534727
528.0927514426509
537.4405546685651
528.1132701931891
528.1205949044637
529.331490744458
528.3397548602103
529.209369843007
528.7574552585851
537.2332351682124
537.3180170198739
532.3079721639294
536.041536637213
529.4969953032829
537.2132556792164
528.2493263226132
528.7941574831352
529.1128821842245
529.592170809574
540.3850725571735
529.0429195847034
536.4398711915123
527.4000725370394
536.5563151485962
537.3257724939649
527.561550981531
527.8015978974884
537.5409426505458
529.1056405242108
528.7793802957143
537.0147522279342
537.138572463884
529.1829349343021
528.1380208119749
528.699085384638
529.2057766230884
528.0855455513758
537.3048588041988
536.0838683498968
537.0811440576284
537.0023122450766
530.0617978499134
528.0279475095696
537.5234991202498
536.2522157143055
528.3838741915426
529.074146813347
527.1392133268934
536.0776968082339
528.4424236877854
528.918404094467
529.2899669189867
528.6149524857132
534.1152358772937
536.265956193479
529.7191908120641
529.3930848917129
526.2179636675704
528.7307766912363
529.0921719140956
528.0161781804186
537.0772637665834
529.2424383526092
529.4492785931762
529.0778502307433
536.0677001448744
537.0494265747773
527.2825987976133
528.0715925794364
526.5896533628635
529.2327766335173
529.0851196392164
528.0931043350379
529.5997921011133
528.2156901569
536.6468650246495
528.2292130172137
528.4137249204703
527.1279803097847
535.5275766870083
529.0529310719265
537.1712215063773
528.2845190643054
536.0601366229247
529.5301799998674
537.0127878667403
529.0830492594956
527.2270892141943
528.1849408056402
528.0159434332121
527.0845232494415
531.310708077431
528.0206829856455
529.118641298107
528.2263756799277
527.2914093133354
537.0194111546211
536.1486891118003
528.7009193156716
529.141168094712
537.1207655363444
528.4032102216083
529.1764339759432
528.1864959498395
528.0199561244439
529.3867876241093
529.0120911102424
528.2171916573775
527.5510393183739
537.6210172758349
528.4376753156438
528.3726388975053
527.18610801523
537.1150006765838
529.1828248671102
537.011852444795
537.5467650391494
529.0152128673984
537.2807789427214
537.35325231864
527.0326620164914
536.1525998638438
528.454254567297
528.1625817385982
529.4400061839409
537.0274251845948
528.1429189894395
526.1076019303216
528.1402251906196
528.1761682904504
528.142191161016
529.5793474074418
527.6320631712837
528.6016622662048
528.0348476435042
529.2685892154967
529.2551064366272
538.4773587530292
527.7375375989109
529.1408838874862
541.1105654238559
537.0946991861612
528.0555443662482
529.4651730123065
535.0821180808673
536.6188531719472
528.731050364388
528.0758664465342
527.3208112744273
536.222789426807
528.093507421012
528.3452658895693
528.0329945956237
527.0697222350884
536.0972575603009
529.5008527592877
528.1167703332891
529.0368139194966
529.4854421132547
537.0500605649594
537.5722579352259
528.4712571266805
529.7291497526895
529.1621748314453
528.611114299572
527.2841134567536
536.0088140437402
537.1763943193442
536.1343305466202
528.1475602508601
536.3118833276003
529.3530994240768
537.3561045451112
529.086465082816
529.054476247001
529.5556568606207
527.0369865822498
536.0236387900976
529.1641003578952
529.0186717861734
528.6131755286332
537.2754043793622
537.285674133637
527.2749953547572
529.3102350327531
536.3202034151395
529.8995678844377
528.0049051195109
537.0379381151988
527.3934813027182
528.386844796629
528.0379182922082
526.6719264911569
528.1779544907661
528.4949070027816
529.1317020465848
536.4697166522614
527.1731142483071
527.0694580407098
528.6462228493742
528.0230096706181
528.2794176468115
537.7228267826112
536.7705432083079
538.3922793333143
528.0531780068275
529.0014912238967
536.0692779014842
528.9862428954109
529.5159244507657
529.0736035454314
529.4788629336617
537.2640646990741
529.1251320546129
537.470272107813
529.0168915898049
528.3165736356917
527.1717120865623
529.0345643652043
536.0967198214411
529.0704495704648
529.5233374340417
529.2410427471149
537.165321394294
528.0707445449136
528.0623738030735
528.1043664275672
529.5836606038569
526.0289233631992
527.0351056384512
528.3123096113883
529.3787278081733
531.7392833427099
529.059826932493
527.4534642608154
537.0199689952235
536.8350737773895
528.659039289712
536.3257687111096
537.0775389022829
537.4059896769198
529.0706991277609
529.0660756773019
528.1310647106363
536.0250483615499
528.7057389075017
536.4491121772684
529.165198320103
536.3171590390934
527.5512987061124
527.1559943403414
536.4521329626521
527.0634578217486
528.4569400909533
528.7161119255476
528.3638319649558
528.9560956277064
529.025325786523
525.3181754609723
528.2671601705762
527.6339641556583
528.3909546348648
528.8461756251841
528.3231183614121
537.3851980160201
536.0013143845562
537.0603346147644
537.3608099415118
529.1151041339103
529.0585338898659
537.5736363572184
528.0234146077555
529.7389763553454
527.135005385083
528.1808123095243
528.6542046740017
528.5206111907822
528.9063594770768
527.0957307517764
528.4500079357884
528.0500747436424
530.2312348140903
529.2068623836306
536.536532830201
536.2469515150234
537.6574848725055
529.0190869906077
536.3486268271596
537.0370997902165
535.4875910809377
536.3392173161568
529.1949762955525
527.2427322949958
527.2145768902681
537.3603714262467
536.7190956195999
537.3695089620325
532.5041506462928
528.2476354416473
528.2635862836524
534.1213391274632
536.174259188287
528.1810848604098
536.4779918367599
537.0038188951023
538.0640251326643
528.3237772768429
528.0949060001279
528.2783701677539
529.2725069918083
528.3501317934306
537.4913129377242
528.0262089811763
537.1434714055492
528.109584779838
528.2336658023471
537.9978143812939
529.0947514292498
527.60707456447
537.379905009686
528.1176984178036
528.3293567346434
529.4544976527785
538.2450294940545
537.4316408434524
531.061898793664
529.0243478257634
528.00393700409
527.1564178801746
536.1839866633732
529.0484862554949
527.1772217050066
527.0183074836709
527.1669174176824
530.7291030308721
528.0044822796414
537.555372850019
528.1016269138587
536.1018189319428
529.3879941356993
537.0650192850607
528.172136578282
529.06561843468
528.6502045375277
536.1094497879179
536.9713108052312
527.160406993454
537.2110487468791
528.1343879522676
537.0266223282508
529.013980904181
537.4264274745343
527.1436236771299
528.0476920505887
529.1210798176767
528.3960088727581
536.9257990379798
527.1289954327269
536.2377831766879
537.2489315254296
528.4270603398406
537.0137206856555
527.1018926839353
529.1055879218864
529.3861131025062
537.8597974421527
536.0464657603209
529.0354836999594
537.053802713896
537.18546585442
530.8302683833833
529.4782002232882
529.3305496454874
536.3232728002732
527.4788493730996
527.0407614475292
529.0785817951033
527.3170796829593
529.1448756416509
537.1868345155308
537.5509646816325
537.5488000006293
536.9263718173436
528.0365615616773
528.0555621832914
530.5706028229974
527.3110993384896
537.4770901756432
529.0854703577713
529.541419650291
527.3259913767469
530.3264806794873
528.243543913908
530.1160832007665
528.1555263178243
537.2927547805318
538.2881230360204
527.7132733137713
527.3873269884601
537.1548841261508
529.0459063130975
537.5470747095385
537.1768603713447
528.100460049247
527.4310208612595
537.1671488342156
537.1322704698565
528.9412256672376
532.023649285944
536.124769128043
528.1507662086617
529.2689302968462
529.0717434832648
528.1081918836171
537.3523451004404
527.5497907576323
529.1360407754281
529.1227192362576
540.1733404790285
527.0300999643065
537.3987434766988
528.0240101256746
536.0375925435426
527.401620390866
528.2608246513241
528.3625068229304
527.3020052005694
537.0541855355068
527.0166599513419
529.0007036298073
529.1559460381008
537.0325326346831
529.0147333308119
528.0499479982102
527.3466917125309
537.7570324508305
528.0262496797303
527.7297484621198
538.0140381715394
528.4042804500657
528.7415215715549
537.2473701656908
536.1228827297516
528.2552544652663
537.0494474254872
528.4933628198532
528.691522235578
529.9484470223719
527.0924757380219
528.0448429401043
537.0276007719035
529.9214153176192
528.0818135246545
527.1630733737129
529.0185669756211
529.113806171518
528.6369615700079
537.12609407439
536.0390400772538
537.0950706103437
529.0764720327453
538.0714216653248
537.808024906884
536.8010495961851
529.529066681837
527.2845482306609
527.7220849950234
528.0768400532586
529.7968753267263
530.0097651750938
529.0312593368914
529.433156452439
527.1365170358292
531.5347418651783
528.1022060250506
527.7670905046429
528.9592425678497
537.2262898392896
529.0811664504685
529.0230137953631
528.2332637534589
528.5758997908306
529.2434865401507
528.2450715732303
536.1784965931276
528.4026273024818
528.1545682495785
528.087469743325
528.8738214858936
529.0427121218046
529.0200826001233
537.2980434749063
530.5989531065211
529.1964429746552
538.6212742539492
528.6465939243391
530.4251123918523
529.1113115156838
537.1732722358155
529.4715732774487
537.2826895185824
529.3299978987767
527.530002825986
528.1634076414333
534.1612959242011
529.2793269071564
528.0959521890436
527.0379921084524
536.000425016973
537.8269555007676
528.2719485454709
532.466728879636
537.310128827975
529.1878523407639
536.1863418031711
529.0466427825963
529.0502834394192
529.0132594798629
528.1488216911615
528.5437133544466
527.5763751025362
530.2111902268813
528.2137118520355
537.0012669235047
529.6127534943192
536.0095680414223
536.0044044581676
536.0190386125535
528.0117928115704
528.4073030945463
537.2606833966173
537.1697544837151
528.0685912350414
528.8020498021363
527.11804065879
537.9748299921066
528.520802072237
529.330726598878
537.1424612186844
530.2468076521421
528.0569501937315
529.1489476675008
529.2807194485836
549.0652783693884
528.1106384655965
536.5598801031017
528.0209277215693
536.0593909782004
525.1920815686083
527.275771719665
528.0511348056567
528.4652785976017
537.4219543484393
537.7515367333112
528.0648542907854
537.2382074888656
529.5811936338491
537.4490240206776
528.113667654738
537.495958666906
528.1659241737159
528.0197457159051
529.2992499238101
529.3946623301501
527.0673111864368
529.0949488754128
529.1750893363406
534.1685997585429
536.0867707315789
537.0071243953616
542.3752516930506
536.011598886118
529.8001269174422
538.2862505869368
529.0050553416619
528.0868092660289
536.1326759751094
537.8953250432367
529.1865661514148
527.5136647288639
536.0040959502879
528.1331204993695
527.1203939713066
529.9258527540698
529.1234384887584
529.0598979783188
527.1497840161046
536.1268698469481
537.2795653151189
527.8559396924808
528.1139357694644
528.0456480124088
537.0087124447006
537.1511963786122
528.2887048283026
529.1135758810811
536.9154833407226
528.2720547080147
529.7424517436162
528.123701566137
528.0545509155894
527.237602558047
528.5766528629902
528.1123655100477
527.2969493801781
529.1452875479712
536.4479759516563
527.2661724713502
536.0069894684175
529.0201220833882
536.1941355473457
528.0845085079958
529.3080262660077
528.5018487341233
529.0108379744644
538.3160623560517
536.3867859054787
536.1297430104489
528.2595486821989
536.3648693184642
528.1621595866148
528.1408067336284
529.3377622211851
529.3549291704811
528.1253607285721
537.4501025236553
537.5699776846574
537.0419336923251
527.1191504361099
529.128289235307
538.5971506960923
536.1344340071323
528.0858622720001
527.5373254533406
528.676071843065
528.0578676586244
537.4133332525968
527.1582922867477
527.03274472896
536.8920354106425
537.0413747989862
528.3017567700643
536.0456047593016
527.1573288341614
536.523076821864
528.0941321956548
537.1123558038154
537.0179231026474
527.2459851267033
537.4073894986403
527.1134996882272
530.6754885669974
534.0614476404251
536.4636121100225
528.3976459468103
529.0943543529098
528.6349466571028
528.4112239828992
526.1645907941231
537.1054053553473
528.6467985956234
527.042793906706
528.2220149141823
530.0517228070194
527.9626132619024
529.351231864727
537.2242170928332
537.1429377690425
536.0540472436426
528.0268395765744
528.087283999023
529.1563006468909
528.1145220668163
528.0029067246754
536.0913380735461
537.0456289460874
528.6583282116118
528.3773669503918
537.1018348164276
537.8094893573934
528.2123254931903
537.0322546322557
529.2739639098456
529.2714125065976
530.4930005220908
536.302682608772
528.8480233546446
528.799386042801
537.489699851833
537.1040301974836
528.9134654146901
528.1559703665359
529.339554206241
528.2133583570521
528.0861077718063
537.030277947953
529.4630914160849
528.0239517869356
529.2354110952933
537.1155949327625
525.4163997869176
537.2867018391498
528.6533155018649
528.7874172204716
538.5660222410737
536.6497902515619
529.0272090205428
529.0654356076241
528.7383895728641
528.4719925041178
527.0925992229818
537.1480450764257
528.1308391776362
529.0039991904017
536.1480515990044
529.0654910289869
537.1209766535225
537.8336951793783
526.3822641287377
527.1189958698516
528.3709634609544
537.5376365739817
529.1462894025645
528.0429803328042
539.0157443652386
527.0677651750144
536.3710035707037
529.4698439802556
527.1708824441258
537.8013147829247
528.0164590919368
537.0392252426815
537.3766237351504
537.2426829395348
537.0035967786429
529.033641332865
527.2180937247393
527.3072109080017
536.2212778225992
530.1732992185642
528.844318738097
528.5898599280561
529.7960408609499
528.0802522091693
529.0230827378833
537.0634864129768
529.2685745558958
537.7300299630914
537.1965698798426
537.6591654026072
529.1259484330003
529.5473714249272
528.0713319145225
527.468992417715
528.3698557244926
532.8144839408659
528.6363576073687
529.8066484904306
530.8944625500579
529.2256164857415
528.1221675261696
529.1258312003949
528.2740815233768
528.378553574934
537.2811215335703
537.1814943353173
528.587458927033
537.1936437060782
537.8328598724207
537.1932514931282
529.1734932989497
536.3407624087577
528.4823941663781
528.2420212846364
528.0388552466513
537.0253357177899
528.022557860534
528.2783361419285
529.3287210761897
527.1388087007413
537.4024482638907
529.6797446007974
537.1239646221024
536.5327229015915
529.0560407167858
537.0652274429763
528.0049786334708
529.0072413954076
528.8703475900991
537.1561078818333
528.1744912607795
529.2981496372496
529.1369973229791
536.6090441274348
529.1629014545754
527.3173604697562
536.4068526972675
528.0761156743333
537.3665360948961
537.0993367072662
537.0624399551742
527.1470782762468
537.0161016052667
539.2827531876464
537.1359208423775
537.4882717452367
536.053789288121
537.1732678860374
527.0495765310301
527.0264793579803
528.2187353382172
528.2835714668133
528.3861047087511
531.0351088836809
530.4173922741655
537.413863439323
537.379089736146
527.2409338350777
528.2706752540006
529.371828559293
528.3396184982678
528.0534882468027
529.4559260111442
536.2185158879638
528.0489419668902
528.3362203243515
538.0094852602572
536.1680478611665
528.0831069235671
528.2306690638019
527.6054569459815
528.0601908539587
537.0230514539277
527.7719195506355
526.0251628116301
537.6576058729135
528.2485464017172
528.2133420166722
