480.14238494799
480.1381920106735
480.3958508444973
481.1218205565889
480.4725078031182
480.1282489175107
480.0537695083584
480.1558817178228
480.5797920399197
480.6569179233232
480.2143564475418
480.0909371561153
480.6506946650883
480.2153711753391
480.3891425896202
480.5787844307992
480.1309707165015
480.2141226027522
480.0843709288945
480.206611397439
480.1376519496282
480.0165392935936
480.2105841690192
480.2153509867125
480.0085691332022
480.0602926074394
480.0420857706785
480.6865313193235
480.2068027251665
480.1238242893041
480.580115643858
480.6412147181387
480.4959281651467
480.1075719668352
480.3712403183833
480.1107976986935
480.162709279578
480.653734146302
480.1649911731038
480.9386752255147
480.3467607377964
480.0661721926703
480.0967409405834
480.1769346526314
480.0967889648178
480.3365548827292
480.0926320769851
480.2649482281231
480.3158585780685
480.2231437488288
480.3634353006355
480.1495190289823
480.7647197659796
480.0843233142483
480.6350571794627
480.0473733493991
480.3770761692831
480.5250574811191
480.4802749122265
480.3357138475175
480.1192687498089
480.9292478588537
480.0014455652672
480.2640788969751
480.6383192213425
480.459976987271
480.019243956871
480.0769804079625
480.0926442057722
480.0545259482459
480.0982249816364
480.9040057969884
480.97801407949
480.2557351385013
480.2853355362997
480.3504406438465
480.085032929057
480.0648422189499
480.7548356098305
480.4038904240955
480.1540470482801
480.1299485090232
481.7260479503
480.400711896271
480.4167263153453
481.1221764000254
480.2856750111328
480.3051121883261
480.0926681895021
480.1566630474579
480.2892339135166
480.0168542835637
480.2106609721008
480.0278217124717
480.4971478342799
480.103666679463
480.2146359268413
480.3865355598227
480.30285608316
480.2620130311073
480.3636320742586
480.1079683079616
480.0697923131437
480.0044064214935
480.1710417747023
480.270138336244
480.0203779891611
480.015930932834
480.7906801935041
480.8862082690561
480.4482939713896
480.3784425901787
480.0268759095195
480.0604165174171
480.1804310443708
480.0522032349104
480.0888197753546
481.3589851265637
480.2357267502233
480.3981439967824
481.7105110545343
480.0169390578216
480.1736057910939
480.0808137118562
480.0206545247185
480.5145109291286
480.0440856317352
481.1813085612464
481.2416705465537
480.2903543807624
480.0862490768594
481.1923489766999
480.0119078442853
480.4880481990783
480.5296394004611
480.4017983271549
481.4631953154171
480.0429319445057
480.016636057078
480.0555436418847
480.6843407572153
480.4314048301007
480.0924633735613
480.3217333545084
480.089431618971
480.0259773466458
480.306121547568
480.2842474248457
480.7466507656289
480.1298791950409
480.4754139933442
480.0362020352182
480.1188388822965
480.1440404756316
480.0102685354451
480.5520935846824
481.071319405938
480.3558808791972
480.4068799706677
481.6366867408278
480.2025328050074
480.3544871368849
480.0509169599362
480.59697446351
480.0427805486908
480.1148282516895
480.1578448263995
480.195864846602
480.0044553029749
480.2532154675182
480.0707381820553
480.450197397134
480.1862436796954
480.0779964574105
480.252152401365
480.4087183857357
480.0191692961181
480.1004690128114
480.4922155734718
480.1475528351048
480.9301698122203
480.1810384091975
480.5487195087798
480.1485647322703
480.1851769325557
480.0362807955528
480.2174206097818
480.2359867383341
480.5817020627917
480.0298130392781
480.1815240342085
480.0882371344487
480.1423004931763
480.4546967644664
480.1036128345442
482.2938519065171
480.1911098040744
480.7399123433512
480.0737520464775
481.7696222939889
480.1032390276758
480.0799930032199
481.0222774190623
480.5592834708953
480.6092754121111
480.3038117025764
480.2894678935763
480.1689563694808
480.6235821311575
480.3460408789236
480.300277569822
480.0139212614761
480.7677553600936
480.8119013718173
480.0057691309249
480.8933702273186
480.5539180171288
480.2877911849794
480.8454234866134
481.1191956059292
480.0232546272736
480.1743093773272
480.6049632595846
480.1591908751353
480.0526954377283
480.2001179683282
480.1371643532339
481.0098707020708
480.3379049479483
480.0749621911522
480.1878751601614
480.6558296399102
480.2753571621305
480.1679570105073
481.4655714997677
480.1081375508205
480.2596410845954
480.0465321785467
480.3024053132268
480.0508107587332
480.0591942094235
480.5236427048833
480.1966433855431
480.341170348009
480.0419737621779
480.0640840845545
480.3579249612976
480.7950661078559
480.2684871756549
480.244369787189
481.0472055880488
480.0504351691242
480.2157659187397
480.0284632927551
480.0753280197484
480.5275538543797
480.0273056481353
480.2761260920012
480.2241901649936
480.3935375105056
480.0233114789535
480.053624246086
481.6696525215461
480.6235950638834
480.1237755855016
480.0175381344189
480.7610226856448
480.352194045983
480.290274213503
480.2293977181555
480.0391569966916
480.2094261580276
480.2645796047734
480.1944853537256
480.3130997284599
481.2800979475066
480.3183749866365
480.8627055008307
480.1139552161146
480.1036097475514
480.0884269081665
480.2631212418208
480.1134819835275
482.1817328458585
480.0611053525924
480.710108409687
480.5735232307319
480.3041316820966
480.0875093120764
480.04146155122
480.5806923594168
480.0878730725522
480.0602419833863
480.6016412879405
480.1349812689978
480.7933769173017
480.4686857206093
480.3002034262793
480.1357599788359
480.0992310935771
480.1193294190984
480.5227258896895
480.0543149458055
480.1373892570743
480.4335744623827
480.3582500867725
480.2928695051396
480.3544342000252
480.5572293139272
480.8916426560167
480.0814857287506
480.0904830301216
480.1230188356521
480.1082284079776
480.0954299155006
480.0479954859308
480.1147423896914
480.0401257643376
480.0043509934707
480.7533393586596
480.2173567207091
480.4298835467854
480.2383690635449
480.0981110227067
480.0039023851911
480.0260628980444
480.0126013618878
480.0452831274821
480.0145513129959
481.2220485243769
480.1869902282675
480.0525150055294
480.0057567368216
480.2523578221686
480.1958891953072
480.2439640443183
480.9246095328987
480.1233997341769
480.222642243438
480.186529307936
480.13612930763
480.7418879712662
480.0086169415571
480.3478692146542
480.0261284406036
480.3244298267537
480.2905809896887
480.0101585398022
480.2532304543705
480.0096442215852
480.2901007262367
480.7270074282528
480.3882867339421
480.0319694025017
480.0732973513485
480.1682931484911
480.0645751526107
480.5186709954131
480.0431776364799
480.4537250012572
480.2920967903797
480.2825583403553
480.1337011086994
480.3912906021296
480.4609541079587
480.1065144554409
480.1080551085544
480.255541801445
480.0074466431579
481.3952633935288
480.0312812489571
480.0666292684371
480.1409847058131
480.0459136624548
480.0270645867992
480.20199297731
480.8014275634713
481.3971081761147
480.0520002202966
480.7791631949545
480.257429921474
480.2461746568469
480.5327068619969
480.1921005444954
480.0155165466962
480.2213572127715
480.3586501898573
480.0052026199796
480.587962574672
480.2877299427535
480.4675379403534
480.495958755445
480.0656251535785
480.5548110132906
480.16471251684
480.4524043601648
480.9012433692338
480.0756470979042
480.3636347550798
480.0453916048166
480.3068829577269
480.2890830011916
480.6278208724254
480.1835435741873
480.0620947908577
480.4851484990799
480.111621485799
480.2561005531828
480.4953729308559
480.1175320896483
480.1236639089105
480.4413738754232
480.0132424514641
480.6253731706196
481.3376034087254
480.2720473305633
481.1330613166854
480.6484792580481
480.2817361249662
480.0726823311422
480.3100585535212
480.6090231406619
481.2458786368698
480.4733120093184
480.6574908300665
480.3305663731086
480.2680122008728
480.8156025422668
481.0082070202549
480.2789817013535
480.298251429126
480.3837393335444
480.2429386926024
480.214822028503
481.8182474336489
481.0281140850518
480.285780090344
480.1851917402069
480.2623513669649
480.6839117196571
480.3469258791943
480.2761655207419
480.0229506931711
480.9119759626658
480.5357018672142
480.1540437374962
480.1320470790155
480.1851981960644
480.2272060294466
480.633825472003
480.9706597037137
480.2949052853715
480.0667309980337
480.1364327933612
480.3329166442016
480.7130512528061
480.5435001152923
480.1281813661677
480.2977331254903
480.028492830398
480.4941549551261
480.7062381793009
480.3461359431843
480.0277057309989
480.0330062968711
480.4839325789504
480.7219794816185
480.0478699161674
480.9399470492619
480.049787607659
480.0142438065459
480.6306786856658
480.5328688293869
480.3817575074339
480.0973015988044
480.0762135377705
480.2877823352249
481.6499415818351
480.3428199540706
480.0542113045789
480.3556272199774
480.0406969978582
480.4251348045325
480.8481605932649
480.0364253300835
480.3059219813152
480.0987117514006
480.4980064446466
480.4543900769592
480.5874657309785
480.7384091866719
480.4015729118734
480.1940603282345
480.438645263023
480.0382949606383
480.2932748704657
480.0880288002614
480.9656438461223
480.1203812187663
480.0494881565721
480.0658976758439
480.354571758696
480.7402090559077
480.3753309331045
480.0228520581833
480.0403615041229
480.5509863329085
480.0624892149154
480.0167396916472
480.0973166306071
480.3725376594759
480.3047083430479
480.5151354955277
480.4381987455581
480.4611958437101
480.3063074485087
480.8461203268799
480.625083715487
480.03518146568
481.1254895896852
480.0269416909765
480.1592450036975
480.0890764567769
480.0117199463855
480.6422711415141
480.2781465969767
480.0641451811726
480.8736707244548
480.1527195736092
480.0421047769736
480.3095232040661
481.0663223358154
480.5960548004001
480.1727161898941
480.0094866616173
480.0238646243756
480.0066590610548
480.5407006739971
480.8219017079219
480.0122782610723
480.1931259262651
480.1578895140797
480.0134591067878
481.16712557855
480.2863561969517
480.4187321213308
480.4345728836067
480.5608321508365
480.1238662788185
480.1828488157714
480.0771578945259
480.0767501748401
480.6831100194844
480.2006622557807
480.4081977479195
480.0480028043596
480.3586758827558
480.038958206795
480.4550316281114
480.0403661907118
480.0169875158301
480.1116420477649
480.2395650343687
480.0037089927982
480.1358457209163
480.3331788032576
480.0639579332343
480.1415943658515
480.0248154757703
480.5203404329274
480.0276823810962
480.032341815854
480.4288717262501
480.220819316681
480.1763861141878
480.3104513609488
480.024056412998
480.0584908855058
480.0916186569132
480.3373498717672
480.0804085514134
480.1461347890856
480.5283638983321
480.1775877968957
480.354662534865
480.1560552699424
480.4393344372691
480.0417788769269
480.181386347176
480.2428791645518
480.0930485967238
480.5774619336593
480.3485774180136
480.6723066935805
480.3663268677009
480.1656778597641
480.2685912121581
480.0131651719844
480.3434429961436
480.3736332897043
480.9143561269331
480.2797284602201
480.2328884372586
480.4875194505146
480.1568846390957
480.1257801378589
480.3607630487608
480.3518077084927
480.49443983612
480.0741424676781
480.092924675264
480.1017646931494
480.1070584578242
480.0471737317421
480.2352578676723
480.2414267821662
480.69264540226
481.7793848197823
480.2055298608513
480.2057164344177
480.0858442097227
480.0736394019325
480.096350172355
480.1509881875128
480.1805700659636
480.395581400191
480.3297825143202
480.1734956727216
480.8809336917486
480.3293642671855
480.2257056598013
480.5028469245407
480.2451112525258
480.0449109837861
480.2401633818823
480.1274273166287
480.1758689047326
480.1047772607503
480.5827223186866
480.1097814163409
480.0200381571654
480.0075717753411
480.0851073652931
480.0191171796262
480.0398588729403
480.2502142958576
480.0116528214516
480.5628680265595
480.731459150221
480.3077682596249
480.1087402093174
480.0703360558513
480.0694727768206
480.3083446283634
480.3349442039224
481.4747653336944
480.0112686498104
480.1743441766687
480.1323607137914
480.3860333350431
480.144138906339
480.0606975313465
480.6287382194619
480.6952014063363
480.0455874162348
480.0818013313799
480.2451524236451
480.774193992269
480.4901527874247
480.2550311916678
480.418012248694
481.3365960108925
480.7175125445677
480.2831117324122
480.2011568074255
480.1030531387969
480.3509608295808
480.5998422945342
480.0119654235929
480.191151255998
480.0301359172386
480.0361676195379
480.3004687992484
480.1088190656601
480.4854310142291
480.1568990033637
480.2432429385505
480.5288323662259
480.2117879322809
480.1828165323943
480.3312961704019
480.3512758603604
480.2707255466387
480.4946196261614
480.1640707768096
480.0580756955138
480.0849436073351
480.6324697220994
480.0985284748295
481.5204769821594
480.5670457681418
480.7613904388713
480.8006880111603
480.1255415410155
480.0069186186699
480.5174821105299
480.0243302069848
480.3416718598741
480.0072928364464
480.2155216698472
480.0449944796462
480.4314727073976
480.6372087398389
480.1480236086417
480.1121645250837
480.2236574021187
480.2309308742988
480.0050220773082
480.0264337207743
480.2168821625417
480.3743963023834
480.0892820832175
480.3646317796338
480.3004010229985
481.4006412850902
480.9137291199907
480.1082031672644
480.0266617666182
480.1651730264575
480.2466493475722
480.2775303543494
480.236154026429
480.0769601740577
480.5319936113476
480.1053956221895
480.0837101516901
480.0887649466402
480.4502346182169
480.1480610332056
480.5718648630972
481.0291651876844
480.878139408941
480.0081975178712
480.3284088556478
480.1696421007066
480.1775134024003
480.3944428323304
480.018417812909
480.1937306246501
480.016778100214
480.617798030748
480.1300111890441
480.6278868156857
480.2688278220981
480.0402537262196
480.764422029031
480.3625901829078
480.3221899724725
480.0094238390557
480.1930423731644
480.8478147303252
480.0655061801833
480.4293939754782
480.2063262350045
480.2404880867019
480.2321910413455
480.6924410113454
480.1468340853659
480.5118748733365
480.0133134376131
480.0069965697954
480.3494412643631
480.1128941542766
480.6433281791913
480.3323006699974
480.3446921658341
480.1623473928273
480.2516225558263
480.1610164862485
480.2635221660001
480.0302625013908
480.1803216852182
480.0943291180366
480.2186531114228
480.6195921583051
480.0128546532048
480.1617307570806
480.3630933493698
480.0725487116277
480.0032156519637
481.5044698676759
480.2366168067998
480.1792815964274
480.1068305865815
480.4514549550992
480.1657817154586
480.1948192120022
481.8845866907764
480.1994435227714
480.2210279891704
480.9257576370475
480.1775526792111
480.0969469078534
480.5650618745571
480.1777507439501
480.1874617314692
480.0881606685571
480.0937340590197
480.169818022402
481.0185147851542
480.0780964961223
480.0917321998114
480.0834229424088
480.3529269954099
480.8520941405612
480.0797120253698
480.2914473972006
480.2000920290497
480.104931869337
480.0280683269077
480.0695187781422
480.2029506613227
480.0786506025967
480.1186965346545
480.6696160807676
480.0838907202481
480.0523047377839
481.753088419766
480.1112534748897
480.5291546658966
480.6018838170898
480.9444862453044
480.3380828628446
480.0541099250813
480.1955169781846
480.390900990318
480.5055286915508
480.307100228815
481.0233465355601
480.1909585709374
480.3255213958747
480.0570049575194
480.0775365393325
480.2333696780121
480.1872865970354
481.2707604077164
480.031573560214
480.850120205016
480.1545676446885
480.0855309004749
480.8510418043081
480.0117272988305
480.3266360288956
480.3965857507299
480.5175600262352
480.5697047064786
480.1867917491922
480.0539741990852
480.6011558110221
480.3619760158795
480.0054121367689
480.2525395500051
480.1966596008718
483.4935986574523
480.0787652146583
480.1413116834632
480.1481062393566
480.0041631465141
480.2682379986924
480.1817270194961
480.018660730789
480.6149562790388
480.6279006444582
481.030819704828
480.0269491004033
480.4105505566739
480.3278057560327
481.0866197117302
480.0464000817977
480.0825584175436
480.0348384550045
480.018495691631
480.2045655313154
480.047042570317
481.3553560307032
480.2013837233544
480.4580805809958
480.4045277280511
480.0481570657258
480.1077838405908
480.2298584531361
481.1693712118467
480.3221967214416
480.0365611704859
480.1743094678488
480.0058281995935
480.7394239582467
480.5422502865813
482.0107048478454
480.190652476149
480.6080934676045
480.7810018866824
480.3767591630489
480.4283865754648
480.2946520197354
480.3544205201663
480.0018301260338
480.0161581782029
480.2032738904919
480.4806805870757
480.0483915719052
480.3068723809305
480.1079947894005
480.0039111874306
480.0514082291891
480.2466527096327
480.7420718267218
480.3984255736711
480.550527139149
480.109656638004
480.0571654059785
480.9500604819245
480.0790076041018
480.9583138249448
480.0447163445842
480.1197618205259
480.0434695079994
480.2155086429164
480.0090365661819
480.97463316324
480.133401348439
480.1791762160313
480.0553084923527
480.6074132854907
480.0578564329329
480.0183257985473
480.3398638018843
481.6499359167772
480.1527403445517
480.3082853235703
480.2353710718053
480.1450700538871
480.058090184841
480.0600977607061
480.3124401309278
480.9094486955695
480.2935742934845
480.3499454773159
480.0149485863478
480.7931523090552
480.5340387341072
480.2710872292996
480.0029130537637
480.8335500881066
480.0659227303605
480.1586952297493
481.5265254442707
480.4319433025431
480.1712217592051
480.2687255129838
480.2027183134235
480.2279579501959
480.2167967740863
480.0104411324011
480.2595469262746
480.2898025719683
480.0081833219397
480.3812965586877
480.0448594751513
480.5751940488799
481.1415775645774
480.0742297144761
480.1921650139294
480.2070308336615
480.2623013644414
480.0911475495445
480.4539970324369
480.1194133964484
480.1430326301434
480.2737519384629
480.1443878571454
480.3005010398539
480.0767078365683
480.3680389095358
480.8711886888308
480.0743476054055
480.4852969214161
480.2865424846315
480.1027127427128
480.4105257999846
481.0178462785975
480.5591451225286
480.5279948353355
480.8323572406724
480.5700351264378
481.2782674931051
480.0088620658163
480.1719872038087
480.9296510169306
480.4338077071251
480.0796598366587
480.4648921573535
480.3868706587651
480.4824677936676
480.455980649292
480.3430614143801
481.0201173322282
480.1316542045304
480.0395418153175
480.2390748681233
480.112358756023
480.4461556456348
480.3771671661926
480.2225223811377
480.2962385958663
480.0268429760377
480.0589211308234
481.147067831658
480.1858444758885
480.4604681184103
480.2870872944014
480.7828673733977
480.176186126916
480.3236043560038
480.0633351656859
481.9201589494504
480.1118593210996
480.1204481674527
480.0447236822772
480.4211046579738
481.0229684076008
480.1225268452378
480.4465440607087
480.02025505336
480.0545599976357
480.0550614417349
481.2010828136099
480.2075444680993
480.8776336690012
480.1855778338086
481.3633707915057
480.2818437082136
482.03260576056
480.1386606273325
480.1132927368393
480.4536304084464
480.7916808286936
480.0757422347155
480.190222027509
480.4456883357306
480.4348639525268
480.0888099480008
480.2633824043475
481.9717431687753
480.2541348157965
480.2215386873333
481.7115862004826
480.2323199169183
480.2475830270228
480.0127543401946
480.1371770634462
480.1791901373277
480.9293848779798
480.2614290589311
480.2909694631581
480.0315537730139
481.0380059291859
480.4371202671412
480.247533166542
480.4197151628608
480.2674626574458
480.1987123256415
480.1914808999648
480.5119404572515
480.134033476758
480.4989827395224
480.2973303450289
480.144834609581
480.1992089823118
480.0973315142651
480.1065325594619
480.0557354834899
480.6218446797048
480.2814164274291
480.8011289982513
480.8924274073619
480.2195266555344
480.0104928659324
480.2466212200756
480.1666553430137
480.1611903985319
480.1104761329885
480.1214435839349
480.3712588614237
480.1413264303739
480.0822655779649
480.130492777428
480.3659838527227
480.5001427362653
480.0325948283922
480.2154254094227
480.1674227067984
480.1030630939099
480.0699457656243
480.5133471749907
480.0621705835403
481.1216215656735
480.2898925106839
480.0821785497025
480.9915469306067
480.1889489889033
480.8003718645576
480.4292884327736
480.6809924526472
480.0561146392926
480.052636560293
480.4529273803165
480.0276766481634
480.0244799261374
480.6177473610008
480.8574067420735
480.1877080097061
480.0506667128082
480.3345094113266
480.0126458678802
480.0867024960401
480.8725523845945
480.0185273045292
480.101501845792
480.3552124116755
480.0941247264669
480.2167664327857
480.14300247678
480.0334333934912
480.6120953239952
480.066594339947
480.1956524382545
480.2256412906511
480.2697572753455
480.2304543696656
480.0602909086515
480.3231016113329
480.0076917860097
480.3632233013155
480.3423036452461
480.1638075751781
480.2891513700934
481.6561695981615
480.164813035376
480.4095829336623
480.3784105453394
480.6744970466497
480.8300195168745
480.420849117862
480.2205019332113
480.0886730613086
480.5572685453843
481.5372709753105
480.0883962837246
480.0448185607419
480.256295130423
480.5474374974027
480.1436322297761
480.7549974259629
480.4290064519934
480.0570799988332
480.2861573707727
480.2215567146566
480.0363395545943
480.1062828152041
480.3513582661269
480.1556962368031
480.5331541292194
480.7547814926762
480.4430059470334
480.3938872076442
480.070186087674
480.7143248387961
480.0739463225499
480.1453608864679
480.168477171091
480.0245656669738
480.0171177589854
480.3373485501802
480.6636624626159
480.0157033248689
480.0908318156013
480.0048704555592
480.1853072199992
480.9556705801734
480.2387802228752
480.0356018758057
481.0267110991851
480.1790298492405
481.0303275312021
480.7407404257634
480.1792039588321
480.4994009457982
480.0830398776613
480.6175237253137
480.3875481289287
480.7151166669926
480.338263374443
480.4104129405708
480.1175215569928
480.1225359063719
480.2282567347484
480.4884312760935
480.0436159990905
480.2137016604079
480.5345986241762
480.2195285333207
480.0818772390488
480.0245442488046
480.4213595557753
480.270157846954
480.5997514141711
480.5637487555745
480.3397893123375
480.2882794906144
480.1325418393803
480.0183184230501
480.4153827577586
480.0452324230375
480.067751356762
480.0432986382119
480.4838079613173
480.5582837883705
480.0250267574596
480.1134664975739
480.0349457053408
480.0826139616402
480.697778358239
480.677101967215
480.4639783479514
480.0586963489699
480.0309749013381
480.0135340758398
480.5844810956406
480.304214722759
480.6413028227344
480.0467910702243
480.1392446934104
480.3070967944626
480.4829820737563
480.5241466766635
480.0446234255134
480.6869965804382
480.5160294696848
480.3577910732022
480.0775607505527
480.3605649840313
480.236837500592
480.8202481721044
480.11508629955
480.6739631700259
480.4461338735416
480.0417383624015
480.3199375125834
480.8071185572826
480.6970227308689
480.0078413458032
481.9505011827218
480.3662912436327
480.1924174423701
480.3598399592322
480.1116441901696
480.1053354898065
480.19021783404
480.1868229057141
480.1655735901704
482.0345842079847
480.4044728140179
480.1805792356764
480.4245107128111
480.224240950034
480.0042269860813
480.0184261443582
480.1616751063637
480.1607829956524
480.385841505939
480.0624355654393
480.8520642675329
480.3212706859464
480.2370182678575
480.3687061313382
480.6489468303086
480.0743972400412
480.0329882113686
480.0696010442953
480.3187908460802
480.1200226680825
480.421606377921
480.2871465424818
480.4750880794887
480.0310300701984
480.0170727796318
480.265949788611
480.4986642891462
480.9477459915966
481.0205775014399
480.0221229235801
480.2045000597397
480.1433631908171
480.573711813862
480.0380847567073
480.5422837555101
480.2014138760723
480.2069661712978
480.2043942565473
480.1176716895271
480.3710893039448
480.001472416844
480.4440870363717
480.1969141638837
480.012068022216
480.0204461607485
480.042943043872
480.2443763506991
480.4281632999397
481.3416779215982
480.0276032630829
480.0013945805755
480.3083159257101
480.0691103045135
480.3036973786577
480.7041648264069
480.0417344316766
480.4508992588055
480.386289360031
480.6982158977513
481.0866180923207
480.719931063184
480.9125515567162
480.3284502774255
480.631526099219
480.0967735604757
480.0781665668558
480.6752333481859
480.1477467677663
480.0603485813544
480.2262889024069
480.2476968520185
480.0891850251419
480.323633105804
480.5134683484974
480.4371867018386
480.2590839674703
480.640911830685
480.0247320754127
480.1037828191718
480.1102979247734
480.3066588455513
480.0312824312945
480.3200768231409
481.114883292042
480.4084856414007
480.8505113774779
480.4250538997925
480.1094098778235
480.1073514786006
480.4306014258105
481.1899659528552
480.3304922981904
480.0351095152086
481.3110749528828
480.0452649036784
480.1740218283001
481.0151740430504
480.1247373379535
481.2066097233326
480.013572106882
480.279040384248
480.1250915341737
480.5643579523524
480.4529146728775
481.0244994863281
480.22193676345
480.309885598815
480.3459029244622
480.2473651849441
480.0324482012632
480.1122320176796
480.5366969713987
480.1647128779113
480.3923848107756
480.2012348028397
480.0824097764418
480.1035836902852
480.252457730254
480.1331795178295
480.1106584864912
480.073367412317
480.0884228573074
480.0927534457435
480.647882892223
480.062915293069
480.2222089510419
480.1696551875474
480.3011787146988
480.1042282676874
480.4475571650276
480.0891852580508
480.1940521823686
480.0068239616461
480.0639595823553
481.1246596491592
481.0076783570275
480.2717143769108
480.005065484495
480.162961776608
480.6266921933363
480.084487529172
480.0769096353796
480.0076638016001
481.9927059291628
480.258551041736
480.2776087392333
480.0327056758274
480.0171788684639
480.2554022578374
480.2941039761816
480.1533815699514
480.7491107100993
480.3722536645062
480.0635711888915
480.0071028251818
480.3248050589582
480.3872195273032
480.0004563596747
480.0347248322124
480.2130378969127
480.1399299317035
480.1790183860269
480.0604070569091
480.111905238927
480.2670500292344
480.6695306148472
480.3155158384959
480.0250552536637
480.2283705333635
480.2705226639308
480.065687522743
480.3232943103955
480.1161695901592
480.2621908629506
480.1325938496163
481.0794083542493
480.0161896014487
480.2926192414083
480.2262412241899
480.0095779249185
480.0279761697377
480.0243469666986
480.0980372835728
480.0011772848277
480.2702011800291
480.0497583463575
480.1691073815941
480.0680837819734
480.1174404292626
480.2683695295243
480.168804122672
480.1622241346454
480.0024750502108
480.1496871425463
480.1728446338876
480.3168093801953
481.0091762134778
480.0807918994955
480.012642396405
480.098473384847
480.0156969061071
480.3140664887384
480.0592174875226
480.3003639479915
480.1447195376504
480.0929177407908
481.0922687954713
480.1406230181462
480.1485508495099
480.0948752693655
481.0675265220529
480.1255159130125
480.5582862563958
480.3593677085829
480.209814623039
480.4455491271506
480.1050511328083
480.1728583942572
480.6989653471718
480.2874594632179
480.3321943767331
480.4590852607467
480.0976921255547
480.6853826874506
480.2717244645959
480.0864151171031
480.0275315616612
480.3508776710303
480.2685646891278
480.2896070763823
480.0372028538184
480.5713589242675
480.1645482677018
480.1210313509368
480.5419555358105
480.4794134990543
480.1251471421556
480.092056660348
480.0971991928167
480.0989000708168
480.7652426010795
480.4921673164487
480.6674597010968
480.0885691388808
480.7512730766727
480.0393262993231
480.361776164877
481.6484495547956
480.8627306866355
480.1543603519328
480.181844604142
480.3637976761074
480.0177570602318
480.55199536822
480.0096254719183
480.1367675782996
480.403162376418
480.3507655239374
480.2566610580977
480.0575396122762
480.0648081544114
480.3515083406115
480.4382840102295
480.1891372002041
480.501732950727
480.1971493430345
480.0794271317055
480.441098785351
480.0595033906239
480.2613438253043
480.0652673396845
480.1960525052266
480.7194233331634
480.0641981111165
480.3983068935813
480.0004231008714
480.5337401114789
480.3532534751706
480.2707768488178
480.7493355308774
480.204481203836
480.0809422599259
480.1229874614861
480.5501501899197
480.0445017862423
481.8444530804406
480.2625194742327
480.1211947708818
480.1300233724899
480.50138705825
481.2697799145787
480.5380582590667
480.0399756188499
480.1347754821141
480.2406260221371
480.3103134142589
480.5710180742823
480.7444194901504
480.192413461257
480.4023141989534
481.0458934281354
480.2362500366601
480.5019494809256
480.0750850183024
480.2011040534679
480.0222827269665
481.0010229265513
480.0746631896441
481.0035266847003
480.1073771844719
480.0371496316578
480.1503120819701
480.4587825489752
480.0552964140706
480.4567711624343
480.0386049523848
480.0572714232087
480.0669645348644
480.317936307632
480.5424606966107
480.1624127353845
480.0209971961434
480.4132063352554
480.0794247209581
480.1611613624415
480.0984863229824
480.3480208574422
481.1188624635466
480.0094662507277
480.1950469723685
480.074333733075
480.0509595630215
480.5765465663727
480.324319997564
480.3313539891293
480.5675539842353
480.2818059772902
480.2155879486912
480.0290596824098
480.0263827051281
480.9514534788768
481.3828002704537
480.8109359601888
480.9720123070168
480.2090771349586
480.3584313944207
480.2835894025412
480.1391451011831
480.1919070960563
480.3315215128319
480.1948982079908
480.1781759437213
480.1489209148369
480.1132574111502
480.0561187066061
480.0184069634975
480.2813123898633
480.089674088975
480.2190905257709
480.4065347357572
480.7881193094043
481.51078749957
480.5743070471908
480.6394149418129
480.2562236100608
480.0304101405642
480.6700112281261
480.2747525058698
480.0389318550896
480.71627313921
480.0846487354812
480.3594842098526
480.1256796024313
480.1033413638324
480.042671153565
480.3625730850279
480.2120724124356
480.3873242965088
480.2962802204092
480.5722133342424
481.5138370545569
480.0799608813825
480.2937467624928
480.6339476850858
480.1670091466315
481.5226181623049
480.4741245376264
480.0079215790345
480.1535460383244
480.2057511138842
480.3308114363852
480.655197231214
480.1647275379216
480.2099324662121
480.4907506638719
480.0172411626975
480.2361714016865
480.3285173192286
480.9004335631844
480.0273676113846
480.3930753934707
480.2476043594188
480.4547129995617
480.244395356188
480.0707344273912
480.1679865265979
480.4721258458256
480.0488862840129
480.1038084224998
480.3222728640649
480.1026476474888
480.0159979570493
480.1822604841302
480.0104528868445
480.1599982249429
480.1473127682806
480.2732322731511
480.3321033803919
481.6310310452856
480.9013172291238
480.0592031506861
480.5880836278617
480.2151026879574
480.8855929999854
480.3644254657398
480.2135207328119
480.7868945227551
480.4141715689097
480.2112701590236
480.1531115412591
480.1333736019263
480.1574209012543
480.4532725676642
480.1420081966335
480.3453406194345
480.0894302772619
480.9664089384311
480.4274555404239
480.0162357534227
480.0902897272588
480.2517212731236
480.0681075862211
480.0044778497635
480.145958894004
480.0948426051801
480.3847873051354
480.0920596705078
480.1782779236153
480.2171635880633
480.9102377527827
480.4131606799757
480.2923680891327
480.3709973342394
480.0168598140118
480.0354125570199
480.1558793014667
480.2916742546432
480.7061479191785
480.5303269272574
480.0047378223134
480.8459146516005
480.3534986010129
480.4754240650913
480.3351349480195
480.1863317165638
480.3417383852779
480.359899365727
480.2751329263039
480.7049037704579
480.0440111068146
480.5295117763759
480.3002668153654
480.5751066032093
480.4866012986428
480.6931210741886
480.118859286018
480.1750449995678
480.2193077572138
480.6246705444923
480.7010220583894
480.0513046002967
480.2864578285669
480.0814759016343
480.0255617566387
480.8204281629973
481.7563668857814
481.3134755112862
480.3740239800687
480.1829876395283
480.0551096913283
480.0607037641244
480.846270216295
480.1497893281764
480.6555751387061
480.2568141125101
480.4397880699477
480.04065977761
480.3454522311471
480.0126267076573
480.1918061397187
480.1384669813926
480.2073604446019
480.3027945477219
481.7614428369784
480.2627711456012
480.8939178166849
480.0810492991852
480.0387238007015
480.4096659729153
481.0635088174266
480.3855330992728
480.2016851379999
480.0229343810926
480.0372856952143
480.5642529640596
480.2263988442621
480.2167850648044
481.1827139171969
480.2179357464728
480.172560328159
480.4763654372778
480.0484412414057
480.4093914277349
480.3373019512809
480.9988723051204
481.0591445619091
480.004493810667
480.1620822925214
480.0052922625534
480.1728299370324
480.1688383140097
480.5776347979536
480.2115040068558
480.1600877377692
480.0519803687383
480.0130494919659
480.0992233358296
480.2892323729925
480.7645672614583
480.5314304918193
480.3178429165768
480.1253190745952
480.543684968468
480.2651914935753
480.6897570827268
480.015244633341
480.6626385035801
480.7741684784197
480.0642706370356
480.1272954702637
480.9685265635489
480.2592160202101
480.252734284737
480.283330200064
480.3458756459247
480.2573464728167
480.132533480251
480.1443101052619
482.3065029895812
480.0918953133817
480.0831057249901
480.2317444693333
480.3070837144458
480.0072996815188
480.2964499668603
480.5903247109381
480.4825044130681
480.1597951859417
480.1268241065129
480.3294004700359
480.3109862625763
480.1824945622893
480.0904916932777
480.1375982934107
480.1810426223814
480.3383730593812
480.0268892492206
480.2218312560061
480.1165845434603
480.3722529851981
480.0281985469874
480.4258855625952
480.1461494997382
481.0053316542558
480.2146823857133
480.0246589028882
480.6281743823366
480.7559016404823
480.3496377596315
480.8590615513075
480.2088792862417
480.5461665801044
480.3852845149108
480.0472914752729
480.0520999919489
480.4036768061663
480.1611141690555
480.1453657753075
480.3094925669672
480.0425748102876
480.2389656866714
480.4682812323377
480.2127895738209
480.0339855649642
480.232035921956
480.3569043084717
480.0779184591298
480.5675815623062
480.2037847086501
480.5562305176585
480.3480326520963
480.3815956534891
480.0098497400712
480.3621493684892
480.0613978435301
481.1664733385086
480.0059095200941
480.506970995814
480.0976922554004
480.2052581850556
480.1650759839209
480.0229643600746
480.1461793856042
480.2813938310496
480.5431872760951
480.4849813456638
480.0923672636122
480.1422905698213
480.1320734026161
480.2237058835605
480.0361112725782
480.1042716040212
480.340731211614
480.0967739201556
480.1320668899442
481.5044765354093
480.9454865148533
480.1610932377417
481.0198265967974
481.8705434462249
480.0378011592771
480.2184610477312
480.1058367310926
480.3503754085847
480.2905483908723
480.1837370417095
480.2879954780346
480.2153361971428
480.3499358901383
480.2829415486581
480.1112188045417
480.1582356765743
480.0090088473478
480.0172364452004
480.1847273889997
480.0768183078465
480.9661323081178
480.089340006875
480.4439204097328
480.1804484201809
480.1997036665156
480.3430452254884
480.2715501057547
480.0156638217869
480.058694053224
480.5934203927882
480.183999902328
481.1295088814308
481.4431646449782
480.0761148234532
480.9930502240474
481.2743068182921
480.0072287928705
480.0152387548347
480.1764029609216
480.3012633679873
480.9222936084567
480.1725139634487
480.164997215187
480.0331011338072
480.7842566213591
480.291772908073
480.0135474011518
480.1093427488457
480.5312731540717
480.0451393933813
480.8335140737642
480.3530488147215
480.0824751074871
480.3086954677855
481.4018139410231
480.0983234139182
480.5236058400141
480.1712147750454
480.4991186935709
480.3760746075936
480.0463084484177
480.0517192552189
480.0588164238343
480.4993675278147
480.3803724381126
480.8952124975099
480.2726963534246
480.0812871944545
480.1411279333081
480.2770249808963
480.0402415704699
480.1782319443555
481.1929420272375
480.0404028394867
480.5154377150464
481.3489782997367
480.0250431263784
480.8689269743792
480.7343896808177
480.1921848551265
480.4656485392361
481.2560300106119
480.2423515145269
480.0570332326153
480.3549132667368
480.5715685619108
480.0602711272653
480.0184484522881
480.1974132167722
480.4198530779601
480.0343063850334
