457.511136679172
457.5399737984104
457.1190097708184
457.2295601214093
457.2246695197711
457.2690753044031
457.0013484619412
457.097334268797
457.2731903486349
457.4259065524263
457.6407615206961
457.1589968135088
457.7755570938198
457.377502858925
457.1757639308933
457.0006296809046
457.078704823962
457.0698362137974
457.2508665807629
457.2807854430511
457.6079329954797
457.7237620544344
457.0274519642988
457.3314717276036
457.0519256209299
457.5412466860189
457.8176959885055
457.5263176358185
457.9383452563989
457.1357794393228
457.5897365904807
457.5179272800024
457.1366807876884
457.0676187998715
457.2189152017139
458.0429300831826
457.0490247036773
457.7020628940348
457.2567011371123
457.2039135500881
457.327630510443
457.0002463940689
457.4471178115792
457.4698361581344
457.2789702222875
457.7858888300431
457.1442941975242
457.0252412891031
458.2931465606613
457.9786930395404
457.4049181719511
457.3236548706222
457.3994401295793
457.2258764353243
457.1074911161172
457.5031715032172
457.3443956349016
457.1053866138908
457.0697884022472
457.0245140333625
457.0966504193825
457.2049987090369
457.1329238611112
457.2875245457633
457.0463197160466
457.3161537913526
457.0992629495125
457.1758722448988
457.0414998255613
457.2127007971093
457.2198039188123
457.069967243499
457.8607296435843
457.3975945288585
457.3178916057919
458.2933530517147
457.2695881265794
457.2454761146237
457.7002691245526
457.0718306531571
457.1215215317302
457.2359516470192
457.5101826938596
457.0771357263233
457.7850805949719
457.3932407272836
457.6627802562679
457.6008974606322
457.1479813870356
457.1458604529342
457.6484271641315
457.5223043663394
457.0745814797652
457.0031866357656
457.8394513624462
457.559061537631
457.3124737615373
457.3964096060801
457.8047856967801
457.4389715087676
457.2026356981872
457.625503481421
457.0388248504301
457.0521488897716
457.968955264232
458.2512020639098
457.1502307054375
457.0046677781016
457.2945995115998
457.0567324488098
458.2021227486931
457.8191337817765
457.102328215477
457.1838557533343
458.1036569424579
457.7980594748188
457.7711961226103
457.671562785136
457.3006377067478
457.2825688818995
457.0352371366804
457.6362960112158
457.1678041138891
457.2638417540945
457.0020295489202
457.1776354989246
457.1909489761167
457.1060652558152
457.3032962128367
457.6686477777228
457.3868675986959
457.194459578214
458.5453921189436
457.0453679674098
457.159454739648
457.4754464103553
458.3180703683835
457.1067722923843
457.3644530662147
457.3227016577238
457.0251889837277
457.0093288207443
457.0570846586618
457.0084544577593
457.0636403402572
457.4886598267549
457.2067779437713
457.2414799885881
457.104894240066
457.3146515891086
457.1016506891186
457.2392735665712
457.0863109491338
457.0102769083103
457.4740117186736
457.0616219141996
457.1611638240543
457.71724208939
457.4338655248475
457.119239738118
457.0450558047432
457.2432674162388
457.1072696624841
457.0380562968642
457.4148643593484
457.4056831921826
457.3958468488443
457.0635156760387
457.2823449563748
457.3816785349673
457.236981054361
457.4233072226797
457.377230332754
457.5270737927906
457.1038704280513
457.0606830345565
457.6657389273693
457.0710901382589
457.3560340844176
457.1738762944422
457.1088202596179
457.3539928595973
457.4747598159919
458.279579541432
457.2194377324856
457.0594314208266
457.1267241247361
457.083428058711
457.0798371748357
457.2671906196991
457.2048357698529
457.2466785165466
457.0709813605809
457.684234337089
457.0251511287816
457.0466601892646
457.0342412244395
457.1166051992366
457.2969738155937
457.0465801509061
457.2653189659801
457.6879433589181
457.3094794813178
457.0897108618009
457.1339369546774
457.4489205382201
457.0299897202187
457.2349088686828
457.1880226695392
457.0201728779928
458.1895458797882
457.7837954270436
457.0866344054302
457.1185936825599
457.0128664993795
457.3479464790065
457.332113861536
457.0023259528074
457.271352436924
457.1318592754089
457.3989721524986
458.6825726703833
457.0993072955741
457.2872659935211
457.0659056131052
457.0720862992213
457.1266457951239
457.2419387109051
457.4228785901731
457.5490140220072
457.1002357260029
457.2831989585958
457.2079584049472
457.1676412861905
457.3323620581888
457.9080502679092
457.1650032972186
457.5931138682338
457.1033290241629
457.0358162824835
457.2204841284005
457.5803064946251
457.980178364869
457.2494702865728
457.1672609667513
457.0319108994216
457.1818073114745
458.1242095677579
457.7040297606651
458.2453569318261
457.2490682516426
457.0192777749866
457.037994795301
457.1735980067297
457.0083519229111
457.1740229236016
457.0332015221106
457.2192183636132
457.4330164696547
458.080884166258
457.4379275549535
457.1731804447608
457.8312000711813
457.4341481254839
457.9452246699231
458.1167570621111
457.497320791013
457.0133246587438
457.079416295343
457.2200569522901
457.4044041029426
457.6599059311858
457.4016350476044
457.302523107419
457.1222353912883
457.1805509123115
457.3410934035048
458.0227531233833
457.0679721252322
457.8368543889989
457.2870906284495
457.0597521337843
457.0189315762535
457.703526931159
457.0414529376354
457.8839579044184
457.1190650176528
457.3243680594118
457.011115238804
457.1090479857255
457.5534347134951
457.711839331449
457.0909773839865
457.2842310352469
457.4205337890714
457.2355163119192
458.012875996182
457.3803988551309
457.4660143813196
457.9743306484787
457.282630785749
457.1428987679383
457.1447534608491
457.3155647285669
457.0379979178248
457.7139303245002
457.0492972659609
457.2328320535894
457.2135347572483
457.5079249932746
457.018867169044
457.2346021808097
457.6156638436432
457.2108654810761
457.0832273094317
457.1753894647397
457.2945390454541
457.0742979182287
457.1497018535817
457.0694912185653
457.0313356541299
457.3076348074756
457.5672158518682
457.6631631134338
457.5243561034432
457.0836309482721
457.3782851233026
457.3559395309696
457.0695733987049
457.1332354720995
457.127761530772
457.1031571124469
458.5648455195866
457.0577490265659
457.0810968452776
457.8692060364572
457.1572306840683
457.2138222320174
457.1803446538132
457.3144972935709
457.2422108386309
457.0301415864725
457.1105186568839
457.3697467066253
457.1790100384108
457.0686493951179
457.1667723936196
457.2164882798244
457.2025586569632
457.0042161542922
457.3558704969196
457.0362183508792
457.5193371420546
457.0211114561357
457.0938783369218
457.0074337588953
457.1257275596297
457.1678891144523
457.4799109905326
457.3752181557682
457.745838059315
457.072178053626
457.9823690906505
457.0402642513133
457.8308127285317
457.1614774999306
461.7745736456441
457.134965171618
457.0733892958343
457.048106748374
457.4082204081867
458.1073163495546
457.2912425801385
457.3662824324011
457.0705043273869
457.394845092274
457.1728214562081
457.6649977500348
457.6173207347082
457.1457721703977
457.6027252840083
457.1719216781428
457.4489754822972
457.0283960193072
457.4672582942789
457.5761377412531
457.1482657802401
457.0802588461962
457.1158287209282
457.0514409508083
457.2877121661027
457.1400816139295
457.4524376667437
457.3460000690106
457.5536977199839
457.3708872697011
457.1488607630963
457.1281546989478
457.6789657612557
458.1519555268316
457.0237084865882
457.0499474033791
457.5247774770504
457.4365528305719
457.1313640989995
457.5963233103782
457.1014499133011
457.1445223229617
457.6109034760282
457.4859971173822
457.0473656221704
457.4269521586383
458.2606489237522
457.0846998571765
457.0894781932524
457.0422624656546
457.1611664569019
457.1681696072275
457.1483663464093
457.0810566207681
457.1519883423173
457.0205859565342
457.5779841718581
457.7028919776492
457.3704572090913
457.6491207061301
458.5281191046849
457.3615486204297
457.2656432414079
457.0037345143797
457.5216045169219
457.0051654664883
457.0190641108707
457.0859389894035
457.9119471506244
457.2136348345952
457.196530054941
457.1991618753625
457.7955884939254
457.2135700070712
457.6574025129294
457.4979096805341
457.1632275345082
457.8136942825009
457.3805132825537
457.4437609502584
457.2118699690928
458.4640969003959
457.4796544792335
457.002612656362
457.4765370561109
457.0566286133756
457.3860668223724
457.4076796915746
457.4078551842711
457.0124118555573
457.2679199538401
457.6480399056111
457.2290009911256
457.7354087311746
457.5453122844937
457.9348344784798
457.0986574819836
457.6489107099069
457.7900842079028
457.0532744994702
457.0684211140554
457.0254626220935
457.021988286011
457.2730730020351
458.3528305307985
457.0981651616503
457.0517007327492
457.1379825252497
457.0889966467344
457.5171046398899
457.3132894125
457.5630869151568
458.6155757882826
457.5480574662494
457.0211173201306
457.094623767362
457.2960452733893
457.5617222593063
457.2210334293746
457.0828079210596
457.1440126586046
457.1225735509877
457.2382395717026
457.238318869197
457.1394777855791
457.6198835311037
457.270587484828
457.0402551540276
457.0729094791949
457.213114556933
458.1580471503614
457.1244376018711
457.1415754125001
457.0368357547409
457.1906576863666
457.2491629614605
457.2926665244684
457.4956203665935
457.5584590492544
457.2416766057966
457.310680585725
457.1768841659233
457.2099671202119
457.6193564417333
457.3814414595022
457.1131876974937
457.5163010117467
457.9218736793703
457.1754870398368
457.010496392751
457.2531136681033
457.5464798514785
457.054311436889
457.8156498412679
457.1992923992354
457.598785404943
457.1590741241288
457.1594153387466
457.0021283410508
457.3038047195801
457.1761546620931
457.1951431821041
457.1480985249996
457.4877954374567
457.1407353617088
457.3379514132185
457.4725204666494
457.1744566180963
457.6660752571651
457.0860907928564
457.1081470269086
458.6224724012051
457.1526511751031
457.5209473628522
457.1955764204366
457.0557522392297
458.743215181371
457.5412377411782
457.0423232806246
457.2322080414149
457.2557134291366
457.6936469074469
457.3134211171133
458.0981519546036
457.5284260412326
457.1076305882343
457.1424516483934
457.3317217655066
457.6595211097369
457.0342089126208
457.4533582150351
457.6697512856153
457.8907096694996
457.1185162337316
457.1905534004367
457.8450370226278
457.2962224691199
457.912212811533
457.1895827541321
457.1628270883134
457.1785989251134
457.0427972033954
457.0907044946745
457.4838662502105
457.2530854428122
457.2268313337224
457.058694674781
457.1461635267792
457.3102859350367
457.2772032116476
457.0152799705266
457.4999097235218
457.7102619094723
457.0740079473049
457.2008379658508
457.3691402808305
457.2143028077477
457.160105053002
457.2822551534449
457.4219427774299
457.9723575275376
458.0128905011335
457.5860921161138
457.009699120759
457.1838473045551
457.1185882487031
457.0247507310351
457.2870136054177
457.0945949131958
457.0481915320333
457.6954453062004
457.305946757266
457.778326348227
457.0969588506012
457.1699497700722
457.9718440334073
457.4406793185954
457.1591038785158
457.0979847588209
457.3819196269527
457.3424164057568
457.0597306974497
458.3804811288572
457.3243539134371
457.1384497951298
457.1628656469397
457.0606721121796
457.0600043781798
457.3493060643623
457.0632854479825
457.1727550240299
457.0331835109732
457.6292373857421
458.0383131676899
457.0455306858424
457.1851284325268
458.0498713574739
457.0316581200006
457.0841353084634
457.6074321221653
457.6394449615834
457.2999929706292
457.5594798190204
457.3643345813099
457.0258499329439
457.134875178515
457.8704101235616
457.0245160060041
457.4453697728528
457.07480573112
457.1408548513816
457.318875120439
457.1052673181225
457.2984809386616
457.1729758181995
457.053031313337
457.6683423631462
457.2902089870356
457.0720281127989
457.0845338764047
458.4851439037503
457.3961224890741
459.0138532652977
457.0140357711456
457.2668646609118
458.6030640654132
457.6961895907527
457.4484039830742
457.5155319692891
458.0260586122706
457.3612107094842
457.5285337106729
457.0811713911609
457.1437503583483
457.18547243757
457.7743926500798
457.2112899083354
458.2201192523029
457.9928107687815
457.0936434516289
457.0080274652506
457.791030933809
457.3972309625215
457.0012649696484
457.5360268623295
457.3629138967802
458.3847014000939
457.0184643092075
457.087301180565
457.0441296160292
457.2958996874472
457.504898923825
457.347690909431
457.4769788530204
457.1478826753501
457.1155673506533
457.2854941159179
457.3318600947659
457.0950913817974
457.1463270316994
457.2814285679984
457.1231711373811
457.0037263577642
457.5878203861369
458.1040737061144
457.0444216181721
458.1343330835756
457.3705780850017
457.0634890128742
457.024141315038
457.0231739424248
457.0257951300011
457.0665463690891
457.2064392437662
457.0561188054085
458.2608197306894
457.791470411937
457.2150875317639
457.3735565979422
457.7733301638076
457.3190154969324
457.3993262504979
457.4669679096156
457.2483405843558
457.2042827941847
457.1779123445764
457.7705901257358
457.6444982068105
457.2131059964289
457.249332990285
457.3701993581544
457.024647217992
457.4722135900624
457.1234883742072
457.4073798145389
457.5904336773178
457.3306427448966
457.8286985204546
457.2971399581161
458.0538629496264
457.4250349976594
457.2742030657033
457.6609188083278
457.0997208717134
457.3157946456199
457.2033385047803
457.3587707821667
457.1013287146685
457.5792947246734
457.1246354124794
457.0028320812369
457.3607074634578
457.1926879438286
457.2231572638149
457.2131421275064
457.008152797311
457.413240040369
457.4137965749458
457.6368732231656
458.1095009684937
457.2347585996945
457.0865226804976
457.6293134530113
457.4705066149331
457.3659668063871
457.0700178402952
457.3149593562979
457.1134635189403
457.2118213562822
457.352844538673
457.3188900546133
457.3745313059998
457.6464553818865
457.207050881266
457.5146341440936
457.1799051760595
457.0311619163961
457.2323637282324
457.3815259331847
457.1678521145084
457.2890029830182
457.1310987506062
457.4522367268966
457.0778670406364
457.1419621851953
457.1997777811448
457.1061246325579
457.1126722392979
457.019843271235
457.1150931883262
457.0027582990137
457.3362648721937
457.2640194544209
457.210397426067
457.0670117812415
457.2213308707796
457.2472130644988
457.050506594216
457.5715617828987
457.8541112576626
457.4471427526315
457.0529276147523
457.8293585730351
457.1967582123107
457.4502968713139
457.738045159642
457.4052964982045
457.0167679405668
457.5853936508071
457.0937953419948
457.2523193364956
457.3396491906798
457.9604797663342
457.0051511363557
457.0568926635392
457.1890947887173
457.1575966456056
457.0670931082165
457.6331338413657
457.4240908528475
457.5399832232399
457.341224017904
457.9392272446847
457.2593279359162
457.1276281142827
457.5869817344595
457.2448850615407
457.3181971092386
457.472584700775
457.0228615485196
457.2718288630237
457.0002326789631
457.0327079558693
457.3053582312394
457.2426854302744
457.0786200712471
457.2414108304298
457.0945127412032
457.5788318916747
457.8994304963179
457.4971284483817
457.3667976960396
458.4504789020558
457.3623219820304
457.1921523052813
457.6016856749453
457.2945423981834
457.0752331904174
457.1525596333361
457.4667874871367
457.0022177566936
457.1298193163266
458.1280633126659
457.078970292427
458.1251194713271
457.6179675749465
457.2396597872514
457.4594771962308
457.2112723744489
457.0455060131896
457.2538548843903
457.0275284079356
457.1152859934087
457.4506482249685
457.5006879746693
457.2485869709611
457.1053976968235
457.3141039540386
457.7027196062128
457.1894565423933
457.245140232043
457.2228817375379
458.5114643972141
457.4993159785238
457.7170271867506
457.0870747673627
457.2326288427964
457.398034785981
457.9818348828409
457.1504628953009
457.260907902098
457.0569929827723
457.5351266320793
457.5919536036786
457.0532880075883
457.0787762885174
457.0918716311471
457.2655051517058
457.0610586233405
457.3332231550888
457.2628772234907
457.8698209546348
457.2068736988916
457.1488086792953
457.0671582739254
457.6575366322135
457.7694653702214
457.22624961179
457.5577863669586
457.3935881346341
457.1684739576611
457.2387906717717
457.1630384080151
457.033773218325
457.0729675322936
457.2218477337503
457.3341782381904
457.6631012490511
457.0337198870523
457.0259207271029
459.0154116469674
457.470769274477
457.6094066141507
457.2519576406519
457.2157484518264
457.0793540868617
457.0708828628837
458.1296350997099
457.0258667309251
457.3112058138207
457.1124361440733
457.0208393240551
457.4575716119434
457.0896404355771
457.3885374820293
457.597084267712
457.0124565661415
457.2031238014279
457.3377079795828
457.0256545971665
457.1985739956343
457.0201836795827
457.5423897157949
457.3531001165279
457.203703035757
457.6137839926431
457.2122798300622
457.1217262438551
457.2753548947316
457.7830923152821
457.0473282525971
457.2069993813847
457.0450264873871
457.785807207239
457.235127937301
457.2116280221953
457.564671175281
457.1218943729378
457.7083526813232
457.0887738625363
457.1730443298868
457.1509917856777
457.0914304572556
457.5404862335927
457.312691323082
457.7547123477947
457.2151282719081
457.3768324563806
457.712663027186
457.0097218611999
457.2718154835742
457.0681146041205
457.4039375502495
457.5607357414449
457.2281732506605
457.1222786353055
457.060692604549
457.223365282025
457.1512192037299
457.2079283015162
457.2729325899916
457.0054004885765
457.1529976272772
457.2758658153776
457.087101682853
457.106538921206
457.0896796920736
457.3778831084139
457.2494403943373
457.8420017029027
457.1427244139269
457.5619976493897
457.2363815160635
457.1007237487923
457.0296553052567
457.3879473474477
457.0649704552732
457.4234884170274
457.3568402044331
457.0122034026079
457.0452232823173
457.414015615044
457.5782666311659
457.0584572404795
457.956437277104
457.9015116358118
457.4067521974945
457.1876496368274
457.0925033418434
457.1529109341872
457.0023139856332
457.1055618527782
457.0543079675923
457.0984380789923
457.1333391719529
457.6845502907661
457.6302587749825
457.1357349782165
457.2981277325465
457.6321982731488
457.4158106856239
457.1221783146335
457.271197096872
457.0312989206352
458.0450564893686
457.1013814570073
457.4997331723096
458.1855132395223
457.4320636744544
457.4631967647802
457.2488521431492
457.1031340244483
457.2483756851573
458.0986351194535
458.1370329669423
457.1429905802731
457.1827484776675
457.0583787097151
457.8136820901694
457.2140556865971
457.6392344811207
457.169711128719
457.0835493552833
457.1659628624363
457.424537105202
457.5897400968942
457.1152100086105
457.0115586468732
457.7988461959252
457.2366521392696
457.1109574125443
457.0072344125906
457.1452666800312
457.0464431498524
457.0074356855975
457.0352055679922
457.4413909498556
458.0698944146208
457.5663154849168
457.1383799996486
457.425407006929
457.101695178157
457.1008557195271
457.0536985120825
457.2568912972051
457.0232445333248
457.1802019686693
457.0512230730157
457.0520923389488
457.6797962079146
457.1060300892151
457.020607220067
457.3110452270197
457.0011543648935
457.0148909144499
457.1264584768027
457.2873208146866
457.3069109988151
457.2573827945372
457.2065846311685
457.6888957393668
457.2792368238835
458.0903620149104
457.2285241122758
457.7657705156573
457.0589051050767
457.311706981964
457.3360856115701
457.0534649487916
457.0271564266669
457.1085636895188
457.641655365982
458.0925036451538
457.3088008371351
457.6854359823826
457.4367940008247
458.5706848485568
457.1478551168134
457.6228811133366
457.1513989141816
457.1032060676898
457.601213143668
457.0230045487241
457.0174403199888
457.6285307299276
457.3449363522978
457.2644210554097
457.1079788352763
457.2329981506564
457.498853866715
457.5132115275052
457.4169121267307
457.8805574594909
457.0078474987101
458.0054204191007
457.1123351557951
457.3424474595653
457.1321815847841
457.4351014016818
457.0310103395364
457.4320756939833
458.1097302825477
457.044165597007
457.1237044148619
458.5992801677347
457.0365704235484
457.6951906092777
457.4298725102129
457.7419219975862
458.0184334914786
457.0036407916047
457.2473649742273
457.3405260305709
457.5660936259725
458.537306044577
457.3462705761858
457.2240517778912
457.2875890864796
457.3145345850199
457.2345151332473
457.3755350788008
457.0845566003033
457.0503592270878
457.3083004212348
458.0308993737667
457.3262871192867
457.6717784225164
457.2023910842069
457.0873075762373
457.0329913179477
457.2318338745298
457.4589663189229
457.0241189030966
457.2655796445005
457.4398385123387
457.6099559903544
457.1626551065169
457.0188031682277
457.5951273844381
457.3221602321293
457.00783054986
457.4837999786935
457.0752865175064
457.2060309781145
457.6357517132547
457.4317827287508
457.0011952953685
457.1644019672632
457.1008967273939
457.0219014345914
457.4750838388412
457.4051554076113
457.5297487920564
457.2385539577505
457.2904388234471
457.1381213502224
457.3402384339349
457.0341358117665
457.5287907911433
457.1431629558434
457.2562595011541
457.2881364747494
457.1873015335618
457.0466245490597
457.4163126684123
457.3554025266521
457.1465987360497
457.0419734002325
458.6251544533983
458.3823827614501
457.027421601438
457.2044158997502
457.113152712929
457.421664929652
457.1411005101444
457.0304718569271
457.0599654291206
457.8753958074374
457.0488159748479
457.4387630201786
457.2153446149434
457.0174567253294
457.7239810311671
457.046902307693
457.1063392429049
457.2187772889631
457.2201606548641
457.0816721480322
457.0618820498129
457.1021028937899
458.2836470695135
458.409725810342
457.2699836393721
457.0732030251641
457.1221187367186
457.1452466820414
457.0202495924077
457.0453436975632
457.6191543857819
457.8203465214447
457.3675650841802
457.1180202693489
457.4282656749455
457.3610164844305
457.7123430175258
457.8646214097393
457.0411163507145
457.244864981073
457.6573637209395
457.0532714972384
457.6102068156532
457.1631273589116
457.5269364896432
457.1329099663662
457.5082266629259
457.4305983365959
457.2495526905873
457.5136215013531
457.4561009863614
457.0183592760875
457.114471508687
457.0520240193504
457.3063359888494
457.0633681475884
457.3467773837146
457.7342651013763
457.3676385630043
457.8935181411404
457.0278790610935
457.0481888593128
457.1523760617004
457.5142136654701
457.8342803921761
457.9968113636679
457.3103048681797
457.1907962134795
457.1019662802804
457.0145075479942
457.9190995365128
457.5534312128456
457.4562844978021
457.0967797840751
457.8246227303624
457.1014775073712
457.0489262742166
457.2045471440799
457.0394191412851
457.1380937676247
457.0634877476942
457.3364490430487
457.1590342972043
457.0611827113509
457.3650536031752
457.026882206809
457.4051734200984
457.5980251933379
457.8737431555221
457.0235080269678
457.5140788764595
457.0529996337512
457.2699564579884
458.1534349245848
457.4338516884283
457.2608147755741
457.2101229370282
457.6947119098571
457.2514026492531
457.4204373096063
457.0478047745612
457.5812262160744
457.1872006737761
457.6344968766288
457.4784127201
457.0078292873494
457.2019809001915
457.038935291083
457.2606659298065
457.2579267996429
457.4689085815674
457.0018007113813
457.1541325622485
457.2121341662233
457.2041059744092
457.4436883192554
457.3100818399694
457.5640777854418
457.3394391777957
457.061995586018
457.0035616931857
457.497881797729
457.00699216546
457.3502228609913
457.4523945826147
457.208482876124
457.0424465655144
457.9067679650327
457.1633000760155
457.0279991252933
457.1346056280477
457.3703549523782
457.8617484601494
457.0819600720107
457.8694865128439
457.3147245051261
457.1030761625429
457.2963977927029
457.7797526236975
457.219316361576
457.0553877069461
457.1663336379306
457.0680810427413
457.8039200396102
457.3552846373739
457.7003969646252
457.5538570868597
457.7181275764739
457.0878367664182
457.365248512952
457.219516338791
457.2523574226928
457.166955600018
457.1155590834697
457.3792028400391
457.1758112126933
457.3379895777247
457.055960041193
457.1505868348269
457.6032257097793
457.4915489314143
457.2239770911447
457.0689268706616
457.4828618049803
457.4610929332574
457.6266262965629
457.3770163784339
457.3492878700927
457.0954672347005
457.0488561695784
457.2820321000842
457.2081307350947
457.2337561750355
457.1040060311407
457.2993898304077
457.1661894513271
457.3177889917432
457.1223188053423
457.1417131805314
457.0526129172255
457.1548234737997
457.009272427725
457.2386859292934
457.1237278729707
457.0070611912897
457.8206389477538
457.042830898787
457.2506249430803
457.0304154951364
457.0367005874328
457.5238760232801
457.2316223810711
457.0788734271633
457.1519194972154
457.2418370113387
457.3085138293287
458.0741065794722
457.0315994927405
457.226990049434
458.0834978151101
457.0389183394194
457.2587332037205
457.3578411588442
457.8064554626979
457.0835807301471
457.5303362320058
458.4102667666064
457.2523108948377
457.1857347922121
457.3527297563774
457.1878387923899
457.1429722172314
458.1361510720612
458.5843468743339
457.3712139145476
457.0976410849943
457.4389921771825
457.1118713360569
457.5136203822284
457.249202104207
457.0920057746469
457.3876052029232
457.1666294932851
457.111734971402
457.4433990583916
457.2019105050494
457.8217043219379
457.0620374373896
457.2104250121967
457.4785527091399
457.0786773766067
457.9083935309452
457.1910383532603
457.2353282434601
457.5338427587561
457.1365867419264
457.0106152140219
457.5621300255417
458.0515786636972
458.0081173181819
457.1470546174447
457.2825502992329
457.7435338592676
457.0752408938014
457.4207609811057
457.0650042125313
457.3317648939097
457.2877009946295
457.0138536262928
457.7698433135632
457.3210101107027
457.0352999518739
457.2162725687716
457.2666606218473
457.5567208884369
457.2713524830199
457.0618808550158
457.1027818569007
457.0930705318036
457.5072342822908
457.0867403173332
457.849590161992
457.1146182102315
457.0067251588821
457.0040542338569
457.1416743930642
457.3729954603673
457.5976799828109
457.1896430386689
457.2290555123719
457.1993505873656
457.2231936710976
457.5686407222805
457.7669708426011
457.3549438777088
457.2319904217741
457.0080613879248
457.017096173032
457.0439675212564
457.3281368611264
457.4027844150496
457.0463247234445
458.1641997773984
458.1259078334731
458.1241171949675
457.6861682729409
457.2386651737403
457.1610561155734
457.4055601096284
457.9135667388847
457.1367876446621
457.0582633113577
457.0010356116503
457.3760483595642
457.429784672149
457.0571710879998
457.108752189936
457.3690212922427
457.1237627329208
457.1795733288941
457.0142780624095
457.1791030921631
457.1455323938103
457.846846489706
457.142962292261
457.2606552241971
457.1986135181754
457.0155529977791
457.9161265482304
457.4241265557998
457.5246496258317
457.3098657858053
457.2463179698131
457.1758721875987
457.6006277685552
457.2107459051916
457.1886390290411
457.5404861142741
457.3278625776024
457.7983296449163
457.0438646314206
457.3416751533252
457.1967238066848
457.3794329957535
457.7519752471042
457.1530935274367
457.1563401467883
457.1748572382843
457.0295843163103
457.6419429943393
457.2211134989585
457.710747237381
457.2525716770282
457.6380014246431
457.3240623586179
457.2191656366264
457.1009629576175
457.8349323687709
457.0250276761209
457.2106141623378
457.1036029892667
457.1666776288598
457.3384094694136
457.0671225661898
457.4134281637191
457.1295501679993
457.0129599868364
457.200923607234
457.0681438259945
457.0971836914858
457.5060453461389
457.2407509177871
457.0708182855588
457.3034248333396
457.1605853029546
457.5603684691312
457.0603552672491
457.1484810732957
457.0415473508974
457.0628562554887
457.4615031905461
457.2832931783246
457.2677394623783
457.5055870581143
457.2416216011978
457.0486277519331
457.3329432798863
457.1374254544402
457.1402171516
457.1877412624886
457.0081583104902
457.1316242847874
457.1489527066606
457.4690217045737
457.0322270289724
457.1764651595021
458.2738279506647
457.57140281024
457.0198023982067
457.001364489356
457.5064675943908
457.3789057297564
457.5363751385422
457.823514823722
457.0616533852178
457.3520621536129
457.0541757359001
457.108342446051
457.0093939789815
457.0214191514781
457.8232786047366
457.431400403876
457.0641910467208
458.1222894692727
457.6379557447547
458.0609106507147
457.2716134393213
457.1031994995175
457.7923267864145
457.0100066050921
457.0244408937574
457.0714002672191
457.2662945222266
457.0278176305158
457.1653762669984
458.2273029884627
457.0029710565801
457.2372310429801
457.1125274953891
457.291998949897
457.7219713077516
457.1522621199388
457.2297194472593
457.1825882693445
457.111877202319
457.9637267826414
457.0862227004443
457.0289368143858
457.1299579082347
458.1812045257947
457.18808461181
457.2076324243384
457.6513812537293
457.1327854065063
457.0733467374615
457.1652996350186
457.0351491514239
457.7020075426959
457.3002080669652
458.1223555856683
457.0872069303964
457.5046305308832
457.2436620627291
457.4139058897552
458.1251126386923
457.4293972678367
457.3801921216284
457.2427381922302
457.725495237181
457.079964429557
457.005370903452
457.2378860444828
457.5191604444362
457.1921905611316
457.0509302952483
457.1250474381831
457.5527004197423
457.0060061106669
457.7593078136318
457.0392187505874
457.1459447777351
457.140387764914
457.2065542500632
457.3521691186591
457.3241769422882
457.051736723118
457.1499110448881
457.3338269673465
458.2502597803125
457.0534583675464
457.8072033418908
457.3151397790486
457.6807219576916
457.3032216749713
458.2896396768687
457.0541214296142
457.0919708406255
457.0469216184859
457.6369451362314
457.1357507769724
457.2214826390888
457.0523549999845
457.9595680844901
458.0025507515965
458.0846490707078
457.0626980777533
457.5117541174776
457.1459471790564
457.1575578830879
457.3601242571934
457.2029866345522
457.3596201300361
457.2626005107817
457.1924578357994
457.0114256854402
457.052249913708
457.4195994545606
457.0055111702541
457.8924716980805
457.2811285001806
457.2195212439449
457.1373637039538
457.2721537906682
457.1594763299918
457.2779299615675
457.8420042585839
457.1231388580392
457.0931577743306
457.0259680861159
457.2253459862142
457.3543805113438
457.4044176664366
457.3503713666343
457.003197084856
457.0826658961799
457.0540527275456
457.9976276933164
457.394784303809
457.2540446262984
457.1057409357502
457.2556916390121
457.1118142173268
458.0860937605935
457.4431066942262
457.6005796690449
457.2990370455524
457.1511693196615
457.0560114110477
457.0513408805892
457.1343923726782
457.924701230257
457.1907311573227
457.5819952220241
458.1354089581044
457.4166195175957
457.0358368108077
457.0021020035483
457.5278662422091
457.1110679592633
457.8607701850567
457.2462691280548
457.0136959579597
457.1540129452568
457.271929054146
457.073315804535
457.5391838984031
457.6801923100229
457.1749976985605
457.0409184585556
457.7430046588923
457.0389200915999
457.030445005018
457.0538076055894
457.0133616448528
457.2936569974606
457.2400676457861
457.0469734776573
457.0540127984159
459.0303112357558
457.659299149088
457.0371967309982
457.272046860619
457.7975490495203
459.394025829112
457.0423246807161
457.005229533929
458.0441191177385
457.103982399579
457.1474969372812
457.380782908728
457.2677972306822
457.9093367880743
457.3428956595885
457.3736995173859
457.2089294448546
457.7075912150832
457.9081752130143
457.3670817377952
457.2569726544293
457.2023944672137
457.0113824803917
457.1826107737327
457.1666840008547
457.1123742990943
457.3793779005222
457.1891418786853
457.4588408594125
457.6641024590672
457.7820987853813
457.2679987956845
457.0917209128986
457.155244273852
457.0767280709665
457.1835224683678
457.1219245872022
457.0601671383982
457.1233905696093
457.150924757303
457.2938262716876
457.72504495621
457.4799277380064
457.0108815628936
457.8610605428571
457.9590286542876
457.7060872481316
457.1426855290774
458.0131666283181
457.0947945983628
457.0744895947605
457.830133817581
457.8636481192706
457.4380299250929
457.1958872459674
457.2108952486593
457.0003509042066
457.0973554338412
457.0763152697937
457.6308773661588
457.4637052972
457.2136005619935
457.1557890154335
457.0675301510591
457.026786774499
457.4139227197683
457.1064968012125
457.0684424175736
457.1389448018779
457.2342865793161
458.3772964297296
457.7143618216957
457.003187997763
457.7873384053835
457.0864887961772
457.4454511395603
457.3761115151727
457.3042554866864
457.6298683896747
457.93688618419
457.1739620080168
457.1345657469785
457.0813010991456
457.4674462530324
457.1546433191986
457.0897618300924
457.1006715446857
457.2412916024666
457.6252485997674
458.6746461056406
457.3783831770052
457.2483639429057
457.3001013253923
457.3396795901077
457.1721682608924
457.0033104770142
457.0560396316916
457.4241670835047
457.5639478755427
457.0214731210745
457.7631700522506
457.1532770893597
457.0642633786333
457.3790989021605
457.2966181188604
457.1548017374801
457.0907624495651
457.5018355590668
457.0042903868334
457.3493866691331
457.3383331803296
458.4633285942015
457.0331594955538
457.2533638309116
457.2140995693204
457.9305822650365
457.0923620423363
457.3795342783673
457.2695242204377
457.0288903525068
457.3160927739872
457.0416427797374
457.3432727000125
457.7891877689932
457.1767675277902
457.0885901155028
457.2802869590471
457.40733480338
457.4575146652836
457.0310178247955
457.5426820021634
457.1466607883433
457.1483449229612
457.341174379482
457.4335692238609
457.6044648458396
457.554916056941
457.1400445349419
458.1898176184154
457.1164940210426
457.2811424040692
457.6390858777078
457.2876105485244
457.3748731119068
457.2624455004112
457.1883346170686
457.3505918239389
457.0771970565596
457.0504049391876
457.2247967164037
457.3557694419459
458.3477113085998
457.1060363050653
457.2568238410508
457.5978239890097
457.4575062113445
457.4748894660664
457.0088807772465
459.9375876170435
457.402208111175
457.0891852320203
457.0594826095799
457.3472976446799
457.1275026596057
457.2370829291125
457.0446726610006
458.2811531114308
457.0703300701181
457.8022170493916
457.0798528549724
457.2153437220933
457.2702743147324
457.4429495787684
457.1046787522707
457.0994241724054
457.1570696288503
457.0911272528284
457.8124768207591
457.0766529706617
457.4006314531611
457.1332260822628
457.2416171365084
457.10210768418
457.3474241399095
457.9588290527579
457.1684559938856
457.3994508988028
457.4057159819733
457.1619565696633
457.2500331596906
457.0349471004645
457.4067003637442
457.1311863089921
457.2792889537631
457.0910478714267
457.2305211593867
457.1292023409393
457.2255655407399
457.1295541611441
457.3165214051434
457.6602744531081
457.0018372643415
457.0917917225727
457.14757472278
457.0326121244321
457.1271462316166
457.2486694422287
457.5675989838064
457.2414684042917
457.5125922641449
457.1854718862488
457.0734768119623
457.2020734427709
457.6288575410131
457.1490097267197
457.194106119361
457.2464274653669
457.0566391111932
458.0192286965611
457.1503034410322
457.4028927834858
457.3627282179847
457.9205778384172
457.2438524106437
457.0027883270548
457.2990335346095
457.7859457467237
457.0469138386622
457.5844987711226
457.1363936912105
457.8381142413015
457.0114731643333
457.180515465527
457.1765875951168
457.4504893393042
457.1333225808373
457.2739651275212
457.2556615250757
457.3127544057307
457.0888752883432
457.7401835167611
457.0483495814467
457.4364010660773
457.0896019041897
457.3985557508507
457.1722649625014
457.0268104235348
457.201249624919
457.1358801243841
457.0740370288433
457.1084261602342
457.4426137199897
457.1057403253389
457.1247498973172
458.3168208228991
457.4775465310771
457.0268876580553
457.4805354746045
457.3046641434348
457.1728809888201
457.1132785794717
457.2619399858639
457.0053515294635
457.0919104519625
457.3623538042868
457.0320596375555
457.3367628088429
457.065245433132
458.0231004988314
457.3770225974096
458.4309670428551
457.2201198460526
457.1218243800386
457.1308960400565
457.1632224564676
457.0529163775302
457.9868760392516
457.4576652803157
457.2054545429206
457.132271499094
457.0038275904079
457.9608885707751
457.4448760321347
457.0310426163977
457.7644180280656
457.1697711001462
457.3830386665743
