236.1248998005686
236.0879069807026
236.1890508904982
237.0567913857435
236.0083090375896
236.3004474428648
236.9428281367031
236.0848010138264
236.0737165174519
238.0373272225752
236.0463001239357
236.3840702418071
236.8306024209459
236.1633114522149
236.0698305750352
236.4233656149577
236.3116525920085
236.4559639789232
236.1432363753034
236.3417653064776
236.0053532376872
236.0699084590553
236.3063132123587
236.0565644653593
236.1536620548387
236.0815054786017
236.130770813896
236.3924532773989
236.0032765998935
236.1202739150205
236.1081619074914
236.0054838739885
236.1916090326633
236.5257378024296
236.1193026372139
236.0936884427871
236.1762299646548
236.1564011382177
236.9957196165522
236.3213260281926
236.0319673571635
236.2129626916174
237.4014106184588
236.4341914420496
236.2415838454966
236.7697680977862
236.6299514464209
236.8516863113668
236.4645076228032
236.1502760574479
236.4198016866214
236.003160280839
236.2287227131865
236.7956628651093
236.2342826172624
236.0549624131425
236.1302621207197
236.1267474021687
236.338594233925
236.1271659751412
236.7298036744651
236.0425083004828
236.2260091647534
236.3015779033649
237.2304570896659
236.121375106719
236.0626298820568
236.0155328111292
236.0580039290226
236.2314955738343
237.2070894595641
236.0922881290052
236.1606526220128
236.2056618476013
236.3407110717482
236.1211632083382
236.6916031893926
236.5250162826511
236.0529055790747
237.518645693462
236.3652808822992
236.2518025788757
236.3386890777246
236.3868165288252
236.0035255785153
236.5384175178567
236.1846609047756
236.3044211480253
236.4892388371767
236.189733196116
236.0394357526611
236.1371092911745
236.3572742582743
236.0905510288461
236.1106128245264
236.1457342301759
236.1106346792491
236.2132621728745
236.2030881731943
236.2132632529861
236.500856292972
236.0348222282365
236.1452275962868
236.1814342457336
236.1254179516372
236.0038799265062
236.0600831229002
236.5793022731819
236.2894970301427
236.3631633955323
236.2251567036028
236.1285659796455
236.0820812108153
236.2733537122498
236.4893597009839
236.4286682438693
236.0177960665154
236.2588654651681
236.0346936102713
236.1340072680897
236.2714873993855
236.173000162527
236.073851703981
236.7502642723516
236.0676481292447
236.0001077911879
236.0654278115284
236.1417350330856
236.1632707780741
236.4849038870619
236.1298873047841
236.0360019245187
236.2473424658243
236.3782759066872
236.2777174908311
236.231301379609
236.0045732433797
236.1451712213318
236.1468938186541
236.1763610025287
236.0320567572604
236.7479324685028
236.3415154054616
236.0218383025058
236.4044954192891
236.3028697241282
236.6518636456599
236.0897495762406
236.4914643774954
236.3140454542407
236.2167266767325
236.0633654193876
236.0952052238443
236.2048091847374
236.2853390359781
236.1141243021589
236.6301229552023
236.0695558917757
236.1740775505007
236.2912732531986
236.306569584571
236.0956331617299
236.1842195959305
236.2111159592202
236.0643168494492
236.2201312473927
236.1472773136236
236.0197446359243
236.7356355124718
236.1259608089241
236.1810617628434
236.2265853397075
236.2974764904138
236.2774520301613
236.1428131235991
236.4803614619916
236.0709418963862
236.3463424073095
236.7240882754221
237.1902107912409
236.0031905374183
236.217832555691
236.1650970181923
236.4475042071948
236.5789538721109
236.069068744903
236.345598815646
237.0565789657222
236.0028588557902
236.060259002462
236.1850411222192
236.1222144555052
236.3446275015764
236.2346633141535
236.0185388477786
236.3082682995322
236.6904566957826
236.5045123329453
236.0501547835602
236.0322152647558
236.3666465800871
236.0967892136707
236.9131874542614
236.2354755890242
236.1258649693173
236.2378138024893
236.1145028001385
236.5601308035183
236.1418328345495
236.0460413775504
236.9324618088634
236.2383400012521
236.3503672548318
236.7362367179576
236.4153103974793
236.2270949791224
236.4817589574104
236.2111187483792
236.2224165800699
237.1461977496
236.3960379864353
236.7998969073518
236.0295132540815
236.4333281202787
236.2165816667109
236.2089382410808
237.8982868823554
236.6364559369734
236.7037220794989
236.0778573752684
236.0685780116075
236.0260299389302
236.3444317759898
236.4127682936175
236.3675479514614
236.038997109578
236.1509241431594
236.0977333350665
236.0349690835889
236.0651722285012
237.2658485396782
236.0987758684554
236.1423852397015
236.6278886317703
236.5276593902475
236.0825669531738
237.0262836471743
236.3622987608112
236.1464248361933
236.5677125425305
236.0288834203063
237.1163818065302
236.001622032941
236.074016020152
237.4350140605398
236.4271272022477
236.1298867933273
236.0218956817677
236.0848318520714
236.3281425218922
236.4250423924367
236.5204612557498
236.5062807920048
236.0291615160742
236.1592826797009
236.1326949465215
236.1584375591054
236.8476145973224
236.0196113574862
236.1775058232952
236.1712985578908
236.2396777845818
236.0492616790103
236.1078090433512
236.4905858152866
236.2836668838963
236.461446022134
236.3584830654732
236.1342763039569
236.1445800535832
236.0598245583306
236.1162642477616
236.0503457443761
236.2117524039685
236.1903490384574
236.0500407995649
236.3488006155421
236.5993438062031
236.1529676633743
236.5443472968013
236.0714834020912
236.2574917618283
236.3781357075298
236.7311982615044
236.5032469872788
236.4974415388799
236.5922015828284
236.2826047095634
236.4024681523414
236.3706594662541
236.1737431287729
236.4579520664338
236.5603318131171
236.5401013699035
236.0588901994178
236.5161285965853
236.4995570937132
236.1859468210295
236.2474759096286
236.0167165462715
236.0207439547528
236.8887965266395
236.0729406608086
236.9122585338383
236.0487328938304
236.3524867588872
236.1936505377766
236.0769817801533
236.3144895772284
236.2786507341136
236.2452306195104
236.1615202561277
236.5416279497251
236.1482969457785
236.0247914212254
236.0361900983328
236.4345160866215
236.084942369675
236.6241145038923
236.4664275115364
236.0068933799798
236.310037486201
236.782629840343
236.0714429063525
236.2154849418996
236.7684911800217
236.4779205254032
236.310843912826
236.1005317308208
236.0443449599086
236.2613999749633
236.015768135804
236.3195428225266
236.0795552582894
236.0844491247163
236.1130574060888
236.6213174747772
236.4627644005909
236.1964343624597
236.1328469373362
236.0322104041356
236.4956058824169
237.0068849556725
236.0528476043146
236.4078441401215
236.2808733825772
236.4769934990161
236.00384651634
236.4208437549693
236.0503830503255
236.5282123712614
236.1283366756978
237.1793019728592
236.3505910454111
236.2407035505811
236.0745701956759
236.6863992207799
236.0471101485055
236.3328394990107
236.0532775837625
236.4237143454582
236.1124163251812
236.1221566366928
236.1013136784039
236.4007459465094
236.2873840637607
236.1086639278346
236.6391579198063
236.2638598756388
236.1053105939245
236.5964298704729
236.4001587341967
236.0420807421511
236.1191055518605
236.089708810575
236.237599906998
236.0544497314837
236.0341045540005
236.2770578637871
236.1773702051337
236.0365897421867
236.546670452694
236.1733467227802
236.0144062976512
236.9869230353583
236.3412077530994
236.2667708844765
236.120332131393
236.1166689118304
236.4143231320963
236.6977574741171
236.672087685437
236.7631891392792
236.2686470332237
236.086676244379
236.7982150088399
236.279810340593
236.2249876210743
237.7912912486097
236.5033643722104
236.1387127661295
236.0798286026444
236.1412763277096
236.5737725253494
237.6791276529733
236.2118351643368
236.2432688848097
236.1006248351591
236.0479479463885
236.6265539646734
236.5231872765164
236.3551705080634
236.6060266086329
237.2899968546097
236.1870985243889
236.2742425665198
236.050500732281
236.1389452634963
236.3923257085125
236.242326313047
236.1366481021481
236.0671265258244
236.5628165783164
236.7564771687258
236.0621235766772
236.167210850637
236.0983847104946
236.2657162461343
236.4304639032494
236.0687129752419
236.0531419490792
236.4077610675653
236.1736486007567
236.3408033580456
236.2432862860794
237.3622430942345
236.1493604861332
236.143045662774
236.584967448877
236.214298204306
236.2370062169175
236.2410262466504
236.3708841126201
237.4544573803628
236.0488943020733
236.2979911617013
236.4333093283399
236.6378962849163
236.144066178522
236.0316671737809
236.3509695672038
236.1049287715036
236.1699559217968
236.4914388209424
236.0567370323364
236.8510290444932
236.1606413116135
236.2551367622945
236.3303288895606
236.1430834203853
236.2608762882963
236.0152561098495
236.3067915414694
236.9080203766569
236.1676426374873
236.6016047038501
236.0755732471807
236.2447467289095
236.0886326688079
236.2629298166502
236.6479267301652
236.0043017165295
237.0981218990738
236.042766929189
236.029722453706
236.2153372766385
236.005909577297
236.5381671396349
237.334344738954
236.3071133658054
236.0098756338238
236.0490054168237
236.5609754543443
236.4631763972353
236.6160275177411
236.3310686771937
237.4171914916875
236.2936329196229
236.8313409890658
236.3938726907127
236.4655591704481
236.2027398689156
236.4052125606982
236.1521864304849
236.3245071917786
236.1661267648277
236.062768995868
236.985846542087
236.6070260643506
236.9722707181925
236.253605190833
236.4726500523929
236.7156439971599
236.1051100707763
236.2334512115232
236.2751723769352
236.2042584091894
236.5513522008302
236.0434151722055
236.1023907529676
236.0750492728621
236.3940055819222
236.0819994536114
236.2622087746092
236.0014889156255
236.2880457071412
236.2470675554964
236.3411029871609
236.0718959890476
236.0382327094594
236.2375161025622
236.1084298148681
236.3973896968961
236.8072899422689
236.0018317524805
236.0187414842053
236.367545818759
236.5271865563411
236.8055701149472
236.6478969802812
236.1152636047774
237.0653386794804
236.0630594430621
236.6395292187878
236.1176384643568
236.0588604908792
237.2957939687085
236.2656021568135
236.8292843902651
236.1321082911261
236.5591224272206
236.1974673727904
236.0520754283598
236.0547697994035
236.34080801966
236.2396567199718
236.3760639527346
236.5543539650778
236.2193976846632
236.2403321886282
236.5516977300022
236.0137379908434
236.1863246783225
236.1602944006763
236.1276767189383
236.0387739955145
236.0988020944777
236.2066333057426
236.5070295640972
236.2221897749905
236.1292238492004
236.4459486276767
236.156063247956
237.8194453795215
236.1445242220985
236.0323039467858
236.0811587489577
236.7604420498737
237.3068684290559
236.1986404211674
236.0813218563682
236.2175204464315
236.0804123635488
236.3320713671227
236.06922230551
236.1111260472794
236.1968000730816
236.8092143091745
236.1223404939606
236.1506246267162
236.2363023519335
236.1978558901393
236.3994592352407
236.4126963282421
236.0043123645665
236.1809432916983
236.0019432449397
236.1887592359959
236.0224723519544
236.0021979352967
236.0248339382792
236.2432554913926
236.2597878807023
236.433598526284
236.0629388113175
236.5678659671705
236.5130303977775
236.320290231104
236.251037949083
236.5202703198281
236.4422019300415
236.0970477189261
236.7475935893825
236.0986034071215
236.2920463195073
236.0608175294118
236.2314229592506
236.2892228518519
237.066002160892
236.1115065981523
236.3048870102594
236.1195001585863
236.8302599169905
236.1756516595845
236.1282319133753
236.1509816525755
236.0970392861301
236.5345947753231
237.376983915683
236.0193024911735
236.2086222434942
236.7929240306141
236.5372220036593
236.4391223850868
236.7062197712142
236.1398589697677
236.2697030385193
236.252352820766
236.0587555335542
236.4440358042975
236.712404817921
236.0951473110634
236.9780814555841
236.0398948162338
236.4701623821686
236.2259704356859
236.1732509026803
236.0427319081167
236.3183022791411
236.6811622941012
236.3346479164263
236.2338492257724
236.6225416979663
236.9572488335789
236.5550105833049
236.2299022044629
236.0833445834517
236.013523328007
236.1271825170648
236.0550038375278
236.0398445913686
236.1724351230568
236.4121575964152
236.3932080825689
236.1035127481888
237.2195237983875
236.1384338516433
236.1326790531978
236.3670035359347
236.2289042468653
236.043585279408
236.1995291554018
236.2604819826993
237.0868892213242
236.7251139669748
236.3034520922569
236.228384047207
236.4659416437394
236.4094609335608
236.2195360452853
236.4078616229981
236.1881816599301
236.5947060755845
236.0746246256605
237.7226971179187
236.6363330760125
236.3277913031848
236.5706001429893
236.1350598452333
236.0328160980906
237.0356288654053
236.0784335943377
236.2870461282968
236.0900830999035
236.2875993288466
236.5691074532878
236.4633866284981
236.0163527024425
236.305042492942
236.0068780021503
236.2406809237176
236.0840034452916
236.2691844762305
236.9204008627716
236.0188374362822
236.6090061642941
236.0318358169685
236.5527185385409
236.325945081726
236.4141328323048
236.1245756887746
236.0089456493017
236.2159704777602
236.1398413049559
236.4462918781056
236.6055258090252
236.0139976809595
236.5208380624166
236.295832406937
236.0131537280481
237.461028170425
236.0436228116874
236.0305492321162
236.0501468507705
236.0718708502158
236.1593123241622
236.1044384581739
236.1327957187334
236.1164652895852
236.1932696560621
236.0125378254708
236.5042751428512
236.2134447098749
236.2309236447161
236.1291500972162
236.0590927079857
236.5716334433578
236.1061308125541
236.1618449727053
236.2302648419481
236.1848637301784
236.626794497458
236.0228138944304
236.8895853735362
236.3681902387354
236.3588431863293
236.012714465502
236.4479123506696
236.0023508181111
236.4533657203735
236.2708052069962
236.4610208697776
236.5007275098891
236.1029507374237
236.2733644373265
236.3348150409085
237.0166782012612
236.2601454485668
236.3373717598171
236.3403478834333
236.0829288958281
236.8558735807239
236.0051465372517
236.3393839160113
236.2962820432673
236.5924164629626
236.4262596080443
236.4101426803965
236.0418698128427
236.2540258370109
237.3071798704786
236.0553011007953
236.270337343164
236.0571622230867
237.2712445114169
236.562611065232
236.3895360391131
237.7023985103116
236.0989744211988
236.4214649771413
236.4288140647653
236.3804839779855
236.0086650783896
237.5853395557812
236.4266881150308
236.5248733426295
236.4441273853091
236.1817394493655
236.0484021998538
236.0036438966992
236.9390517281664
236.3763779709827
236.3695691481358
236.0530181451531
236.2503776349892
236.5785663578316
236.3914503326028
236.4683599280074
236.102087887418
236.2677078325262
236.2086271981657
236.3853643234744
236.7939699796842
236.5982623594106
236.0820848123609
236.2449681058592
237.0218311129567
236.0526871464971
236.4668395590767
236.2337695672086
236.4825485364815
236.0538804800798
236.0794985805617
237.0929382371225
236.6469461495105
236.6000862588265
236.3677946069814
236.135808111829
236.0923348134567
236.0828871428007
236.1146457175714
236.0802068438055
236.0466119336774
236.1298377986674
236.236443630683
236.4081635196514
236.1190010684691
236.6165970921076
236.3857232043283
236.7634914788198
236.0067398757849
236.0973713294828
237.1685865603943
236.5228714215926
236.3981496145534
236.1773746413572
236.5220708169353
236.1486921039505
236.5023808525879
236.5141484916482
236.0363960188125
236.006376355581
237.1510441323354
236.7360273541859
236.9046565721855
236.088088403985
236.0012518577252
236.8315241106194
236.4271941530429
236.1131076567896
236.3473688479274
236.241105141465
236.1735422966076
236.463365160872
236.0730095347174
236.0266715516378
236.4368792366138
237.2296082455898
236.4690672208779
236.1510562686942
236.0279181980025
236.4680067355958
236.4925244140622
236.2025596562265
237.0269100849202
236.8389984476626
237.7810537155694
236.0958164819779
236.8251610130561
236.1482058790469
236.2894072750861
236.0704084541639
237.6803757146151
236.1508510396267
236.0891570480841
236.3281134707291
236.1040394940986
236.2932981775815
236.7057248587507
236.1959756877478
236.0300113238093
236.1183223731892
236.7669411243633
236.3192781351268
236.5285417586563
236.3299363607401
236.0439239371298
236.0684748632174
236.1457105440616
236.2941677868091
236.0101952756586
236.1825590584893
236.3077934511169
236.2148668103345
236.3730392012015
236.0005699638436
236.1302785480136
236.6348454701705
236.0778577505272
236.0811926408114
236.3680572187107
236.3431524957705
237.1304415646713
236.1467419248389
236.2714938573085
236.0358781586678
236.1780924165383
236.0156099942594
236.0853442786813
236.7705505330651
236.0687087941349
236.0859027344292
236.0631195334115
236.1595403005278
236.1850858251769
236.2649848556832
236.8254935555474
236.0366416172028
236.0648333112861
236.3308303703971
236.3447625645434
236.0228724527287
236.1065196829863
236.3316159268243
236.1067611432723
238.2371742129229
236.0671737684655
236.5149646057202
236.0721145051678
236.2070340577865
236.1245529480634
236.3964302249855
236.0614541175574
236.2154933348804
236.0842990515274
236.6548728088031
236.203666642192
236.3510983577626
236.0705923662878
236.4632258730692
236.2118210420549
236.0562388577167
236.5388105217541
236.5897074930918
236.515789735829
236.063663274295
236.0354340353654
236.2971940179147
236.2215955425784
236.2219448374807
236.1365957280998
236.4495265588955
236.7958328076347
236.5883495786308
236.1420601481354
236.2159424141595
236.5415528344243
236.1224134331585
237.5801757649728
236.7093237173978
236.2316700606269
236.0976766574901
236.7498823273942
236.1053946481395
236.4351498440716
236.0961998064643
236.0114816757001
236.9975753217757
236.046724425264
236.0038036164958
236.7569145522392
236.015426307487
236.4652673000816
236.3013515876437
236.7807595968344
236.5066554095031
236.3035754165578
236.7164483770914
236.0287079951613
236.1089782040222
236.3672626882071
236.6810945880307
236.3741604120962
236.3189338754665
236.3077532573422
236.0399840775179
236.2110205892277
236.3306216660148
236.2518245213533
236.104456803174
236.7426253716902
236.7969489822318
236.0220132010941
236.319774506913
236.229112870381
236.5255410748407
236.101998082779
236.3446976535259
236.7281834241467
236.044111567211
236.1100522935119
236.2879188795675
236.0157643221724
236.0187816225787
236.1278562447409
236.0771515838035
236.5092459397036
236.1103145185099
236.0840113009743
236.152925735668
236.0601276577268
236.4408743848704
236.0038816547156
236.1065159314617
236.4988924756811
236.2783037860573
236.1273412614695
236.11844436901
236.0473766891941
236.4410107648474
236.1545129079008
236.0902317387157
236.0147977890236
236.6442761913354
236.4583196109861
236.0323934356359
236.1569186489282
236.7023731871566
236.6903818626177
236.1360939714282
236.2694185974071
236.2204701368593
236.0462789015568
236.1576229313976
236.090206465972
236.1048193759848
236.0309527166932
236.2647797727284
236.3524596109175
236.2657686057627
236.0926854661399
237.1545213421291
236.0700307049212
236.3907332408512
236.1974445247315
236.4709785178379
236.3981205261051
236.123227369286
236.1125151357844
236.1203836166088
236.2279308940415
236.179956088856
236.0304956200096
236.3613538839837
236.4545995321882
236.2615900006982
236.9522633287646
236.3753321257246
236.0669759103978
236.0105767671882
236.0293385227409
236.1913575910627
236.1198493236489
236.0868794632182
236.2294902958041
236.0688796620403
236.7960637255289
236.4083562815312
236.1844084487201
236.6032433452827
237.2477907285742
236.173765945336
237.635205885665
236.1147460458852
236.2173281532498
236.4811368973778
236.1397630326783
236.2214196235094
236.0261559782705
236.8121435586423
236.0520850230477
236.2420469445811
236.0093485873258
236.1206686188349
236.8643075063939
236.8860136298183
236.2470440568923
237.1187103542497
236.9861010554162
236.0937677874585
236.0488749777042
236.5743885449573
236.0536909228489
236.498782595138
236.0244234791464
236.6520995840799
236.1339412037143
236.145179400997
236.2235383988269
236.9356695109089
236.0099109724817
236.229106305075
236.0486920121123
236.4833946646477
236.0266686423309
236.1340302769419
236.5695733968013
236.0817178950938
236.2245137420446
236.1017772576301
236.406509661853
236.0838041962176
236.5276785228434
236.323229277697
236.4482959757359
236.1868226301605
236.4138851712422
236.3348533846899
236.5948417763577
236.1929254898288
236.3556916501196
236.9437736592066
237.0160941195998
236.3897058584098
236.0175029859703
236.6376661019158
236.5531540711949
236.0999520006412
236.2649228904622
237.0025449996125
236.9834134492869
236.0906019848042
236.2800943488989
236.1566164192067
236.1378435310343
236.6401654422633
236.2840918749832
236.0136221983904
236.4394934573419
236.0578576602766
236.3204800052477
236.5932886969603
236.0068498340542
236.0889732441828
236.1255916748216
236.8377964457306
236.439069342323
236.2305798136751
236.4656013106726
236.1136707480179
236.4646362564704
236.4727837030062
236.0041476317333
236.1477099530244
236.089143466641
236.8760856114793
236.0681367830335
236.8685483338872
236.5635237527106
236.0670968939822
236.0465384338589
236.4028357683181
236.6986377343831
236.2057769729914
237.1036776179523
236.0867432297821
236.0121182070056
236.1768126021785
236.5370885461647
236.4126068076856
236.1356950982361
236.1727959524209
236.0593158767852
236.2539019530587
236.4230226033844
236.0102091986028
236.3003665210232
236.43001083194
236.2789563673082
236.9367233908163
236.0743933861426
236.1023278176915
236.7344960582854
236.2210478403431
236.0637440790489
236.3643554952444
236.1949213635334
236.1082392856118
236.1759030270308
236.0859722404885
236.0286792862193
236.5123007643928
236.0291941504598
236.2499224683956
236.7229192361779
237.2786269272949
236.8576229084558
236.3124751756319
236.8026361412998
236.0047938936538
236.531211990753
236.9883871997095
236.9057146339292
236.0626592663434
236.3208212450772
236.1021204617997
236.0587748709325
236.047173802106
236.3957123518498
236.0265764599445
236.265390197759
236.1938527494439
236.0551078077381
236.1924571778298
236.5602038280775
236.7043203255386
236.531850028154
236.0443534535325
236.2723994084649
236.2383384812145
236.2045847698408
236.0519704751273
236.224351163956
236.0363263214442
236.0834454963461
236.2326536796843
236.4864073105342
236.243376223091
236.1268754390505
236.5702691159233
236.3053961514391
236.244258658579
236.3744776523237
236.6221799463112
236.2684088718358
238.1443551149803
236.3768567652627
236.4894346678988
236.0963047699344
236.9324349892449
236.1155607043722
236.0146154318106
236.6666282094582
236.0369246916813
236.2989206974389
236.3718444212
236.2950654211315
236.1320664933399
236.1988752822094
236.1070667563166
237.9484798840824
236.3200338464336
236.0964665368578
236.1643498423859
237.1708412652676
236.0007919772515
236.6575167071888
236.1283955909608
236.1489690722174
236.1319496816311
236.3212052279276
236.0081079420471
236.1581312369341
236.394566841402
236.1576252947262
236.0299501211427
236.4364952019006
237.0506805156102
236.1343205436153
236.0100583115899
236.2151410740669
236.1887474503571
236.1303191608273
236.4574221779071
236.9972644760441
236.0956476068627
236.0216608909633
236.1687251206934
236.1868414693921
236.291102807523
236.0724623620017
236.2344666569461
236.0080610321703
236.0716288043833
236.1032916768471
236.2748624431476
236.0670048044011
237.631026114484
236.2994599812635
236.2494596762232
236.3519400392016
236.2991641228897
236.1637907176213
237.4104088412233
236.9101848019311
236.9410783783205
236.6258821610895
236.2129790193413
236.4751152126555
236.2329031957605
236.3559785403305
236.6070124200636
236.3464832591548
236.6927921749181
236.1342311915714
236.0273653137937
236.1080843710074
236.4021289032189
236.2661830180718
236.3507015216581
236.1328945911356
236.1822285279513
236.489286233102
236.2753199751955
236.220631748605
236.242228590575
236.0028050252864
236.2030421234998
236.3012669635006
236.0333233587105
236.0769053323399
236.0143551075787
236.0021025290789
236.2934578197649
236.124769283194
236.0862555619896
236.4284891028699
236.1221989893769
236.0532756091782
236.1415457102943
236.0530784623588
236.0549176798621
236.1111246593449
236.0630352585121
236.4579950063125
236.0372543856855
236.3445100394593
236.1103479782935
236.2311539697045
236.0422654971779
236.3891949036614
236.2846180091761
236.0516136867194
236.664177352366
237.0532831957346
236.8797600217264
236.027707831076
236.3003282652061
236.0014107769546
236.3664391382069
236.6639877502921
236.098984129022
236.1280650378722
236.1930509307092
236.0163337858026
236.0029616855424
236.6169446203017
236.214692374365
236.1372719380827
236.0688360000177
236.1116852953607
237.0137213573072
236.0082999866991
236.349300525831
236.2226422625248
236.041771281156
236.9775163838589
236.303354958963
236.16718511832
236.0642270076468
236.4391314217837
236.3975796721765
236.1663395961323
236.4460431522139
236.317694011072
236.0154000348867
236.8937349029826
236.5466199251336
236.0525285555394
236.2424702480849
236.4786140169726
236.4936283792771
237.2319104973174
237.008940261503
236.4504503775845
236.0398891636248
236.0931037617197
236.0439904157447
236.0581119429391
236.1298554773963
236.4958617920189
236.5407031665099
236.5218593438596
236.1010088529806
236.1292891701947
236.1585201407199
236.540274522964
236.0516759508751
236.371413209266
236.1064523223782
236.2112113770769
236.0465266516074
236.1340992215402
236.0331155938387
236.8606083254467
236.0821245107356
236.6119663708004
236.0331374327504
236.0475274982294
236.0202530124903
236.162086020131
236.1207037705746
236.8072878724317
236.2003903857716
236.2065916575121
236.2737380255902
236.3824642351873
236.2023678681801
236.096219229512
236.3116047848434
236.9080324382008
236.0751595527486
236.4498012677235
236.1769562343932
236.0204833954892
237.403592639322
236.171634306603
236.0172526046511
236.0920794499947
236.031920815821
236.4573123348477
236.4168821839498
236.0993170898572
236.0923010154974
236.3227159272681
236.1344955581833
236.0855449905758
236.1352928682227
236.0975656126101
236.3959633256839
236.3537467016722
236.0469335709569
236.0498644298629
236.3621201404574
236.0663731290916
236.040349894312
236.4198720910124
236.4175408155034
236.2367021927659
236.1642622860827
236.8267047916952
236.4128809141856
236.4990915414582
236.1077388858054
236.0818429508418
236.4068438914307
236.0550226465708
236.1700558073288
236.1059031467401
237.5175536203622
236.3449297875663
236.1766249338705
236.5601865545184
236.1201974515757
236.0083650451895
236.1517291160586
236.140375200635
236.1796815808928
236.2010334747303
236.1737107946944
236.0718469492806
236.2561146385598
236.3196899276909
236.0455221436281
236.0034500940856
236.0240553922802
236.3046428135938
236.0021059537725
236.3702445234902
236.3477275244588
236.4024434905576
236.0966504090681
236.0202129727047
236.5780989273933
236.0855215199996
236.7825225106213
236.0207499398785
236.0524376948191
236.885209821037
236.0406284123026
236.5561398467738
236.1486453475272
236.9280945719073
236.1340502822815
236.3021887288784
236.1628273579977
236.1918999498526
236.1557319084449
236.1412064298108
236.3498771016675
236.0103351026584
236.0424095469211
236.7529338646978
236.2125560795702
236.4536740372188
236.4410706661146
236.2750910753715
236.2321596382957
236.027050497804
236.056119318725
236.1257463004279
236.3287954329086
236.2004773679862
236.028701677569
236.163505695401
236.1563947905352
236.1070936129047
236.2128430330575
236.5556749699962
236.2590339980606
236.0777492300119
236.1547532754853
236.3199414165181
236.0144531869832
236.3758586253618
236.3472426906432
236.8844460727945
236.17184801175
236.0475053899184
236.0060432536129
236.1967115247653
236.4429010964518
236.1205552083829
237.3419356204316
236.0574091949388
236.7492487018318
236.1047720769931
236.2025526828446
236.8265946033073
236.0942895684455
236.3355106323418
236.3880462140419
236.2538396024907
236.0518402768727
236.1268376336345
236.3915220758009
236.3977639854631
236.2165940309719
236.1459074990368
236.5129550347224
236.0693898498694
236.0535661461004
236.5343609791321
236.9502763827673
236.3177093624399
236.2932390886799
236.3387687359843
236.051307486432
236.2701673173317
236.2110306310875
236.172162286832
236.0813035932154
236.171859021671
236.6203536849949
236.0437112090029
236.7940005625109
236.3169791729105
236.0768978508456
238.1070575403759
236.0049182875139
236.3671575703654
236.3113868587701
236.0532275777003
236.1035941884088
236.0429687149305
236.035581763303
236.5559690839024
236.2887679214538
236.3260053149199
237.1160429099073
236.4446555915877
236.8882389763114
236.1591706295362
236.099638096524
236.5243303909768
236.0170778604784
237.2090748094165
236.9238710655539
236.6745067333956
236.2818463937331
236.2412725128858
236.1039150849996
236.211333926965
237.1994597550456
236.1603015046339
236.1410550096688
236.7536371408032
236.3917591638333
236.113558193558
236.2831441995146
236.0773279540783
236.1882816018859
236.7080392416189
236.0108241972441
236.035734955412
236.0692714420293
236.5885109083301
236.0626788101151
236.1870896264759
236.4985512260793
236.4923525224515
236.1883733285738
236.3406322880182
236.221699084708
236.2412729518481
236.3284407652027
236.3346333648184
236.2613182393428
236.0273269162176
236.0357705734503
236.2606521731138
236.2396413593772
236.8355656296106
236.1378867184507
236.5818876479375
236.221552449715
236.5756733438485
236.1232801657462
236.3548409173833
236.8679259604536
236.0825810957005
236.0329411785528
236.5084068262401
236.1230244179978
236.8870395902409
236.0860557638981
236.4566366070494
236.2342430052979
237.6980656222765
236.0139734517983
236.0746842612818
236.0939520508285
236.2790739910218
236.7097803069198
236.0867401931601
236.1424470792549
236.0022789307337
236.5583606516638
236.326235759207
236.2842673342664
236.2457362675181
236.1083536393805
236.2813583682725
236.1282616962819
236.0241611944861
236.3380062991212
236.1230886185549
236.0412623003537
236.2851351246215
236.4287880128909
236.2058313751217
236.3863353270176
236.447160418006
236.1524138590316
236.1415624372527
237.4542376662675
236.011133819396
236.172407453103
236.1947235466667
236.0092678406517
236.1252663439864
236.1778324298902
236.0169797713678
236.1567672593477
236.3080679242129
236.3775015031338
236.8756801145148
236.3893571375765
236.2550961976777
236.0799300899375
236.2640168349218
236.2539259725848
236.071945130837
236.580493203794
236.1643445309006
236.9216355324837
236.314592011079
236.6558053203674
236.1834392747022
236.1667256187733
236.2232541440206
236.9928704318526
236.2246330952791
236.0194479989763
236.2542154442918
236.1728107138787
236.3316693615507
236.9397991397236
236.3215659810156
236.2014595133331
236.7109255718314
236.0856631177653
236.5507953733304
236.1133731575428
236.0557113329597
236.0272950491322
236.3834369305598
236.0130041793617
236.5608681510801
236.4430250886956
236.0124148267101
236.4289679990721
236.4186285486713
236.4109087463084
236.6176658456846
236.1435385957782
236.0361040313014
236.6362477442667
236.3200556744601
236.0707312273692
236.6567314791932
236.6538074960464
236.2854625313791
237.0110168408449
236.1314579382502
236.1830695357787
236.0510876786872
236.1576493964233
236.1428963037646
236.147125300147
236.5277943614399
236.0768716214203
236.1533525569521
236.1064732813266
236.4924710609786
236.9010803171796
236.7674663707959
236.5843122219053
236.4028191578415
236.4762745627785
236.2889030590601
236.1980164294868
236.4916309944745
236.188169645768
236.1085162130925
236.3899635542736
236.0848655261091
236.0046398620537
236.0833146565116
236.2878256573645
236.1753225783879
236.0657823799424
236.0571981460994
236.3626664105167
236.1936767056371
236.1684989668817
236.5398597304381
236.180583368424
236.6319434573348
236.6696255524598
236.0022858115022
236.4222333951818
236.1630310595359
236.2036047429637
236.1628621405562
236.026180210421
237.2737761754654
236.0253018312475
236.665703725714
236.0350095869289
236.2855190892892
236.0605908633619
236.0980205149357
236.5128279873096
236.4279735430051
236.2816425083689
236.0282936027487
236.0741044780925
236.248676919497
236.0213687179952
236.0152898990527
236.7429830098899
236.0405242367119
236.2952558426154
236.1112405588017
237.1074549510082
236.0280218583381
236.0826951333916
236.3346609895387
236.3087526906067
236.0110016332225
236.0405257219412
237.7533898904125
236.7367540868977
236.0717077144726
237.3424149912768
236.3918777681303
236.3458288539911
236.0692421103888
236.6382694971165
236.260795535865
236.2956232937962
236.622578252403
236.2692752895994
236.2313791156464
236.4546124143342
236.6600325530967
236.00394806998
237.1557261544396
236.5856125068835
236.0150866277582
236.0648463550946
236.4092804727355
236.0656401239494
236.2920919017277
236.0405638177994
236.3808101808158
236.9303944787783
236.3540858815217
236.148528613458
236.1801876424555
236.144129999481
236.6096282647752
236.0428412642611
236.0783814517449
236.1134208526372
236.0076910471956
236.0999029937512
236.276147438143
236.3730786085015
236.6349458742451
236.5628699823125
236.3904222470852
236.0681176451652
236.6132343531639
236.7174581187579
236.4568364749487
236.0949780928846
236.7797495339872
236.2766170491259
236.05156546985
236.7087953682225
236.1315379645351
236.4331151172056
236.1143924831565
236.3752627035968
236.026761669184
236.4573142645478
236.0040645463716
236.0198459749252
236.3614683607743
236.2677058350231
236.2422539798427
236.6595251465546
236.0520520446523
236.0955097144877
236.1127591648378
236.0207711141989
236.1855333876439
236.1506752032531
236.8251008910815
236.2802469976884
236.0361719804583
236.1510565176967
236.0324575094449
236.0622216329732
236.3154049958075
236.0007434486335
236.0089127500361
236.8704449098155
236.5144874251726
236.4496133265033
236.0385765384038
236.0770115848146
236.1112253092367
236.0764540322909
236.3218788840058
238.5748724971153
236.4656724209102
236.0382877174495
236.1977696519691
236.0024249954996
236.1088300932539
236.3392816349028
236.0343771494064
236.2804704615633
236.0875085179449
237.7692787403481
236.2189998786428
236.7074687710627
236.4593351165082
236.328074830154
236.4925686357062
236.2083728880607
236.2534879949575
236.7085443353203
236.2045051441351
236.0759146047415
236.1790448060322
236.1897620779139
236.1017944293322
236.7350123925041
236.1773263079698
236.3501626983008
236.0479162139359
237.2782012720909
237.0056310275866
236.2275113513991
236.1452910076939
236.3256235276718
236.0709758701844
236.6878312868591
236.4028474396665
236.1179069588475
236.0052843446762
236.0388959855307
236.3809372981724
236.0345673827006
236.18470850475
236.5925855922115
236.2566686046209
236.2261272597157
236.2358402494341
236.0345457241251
236.0713040005447
236.0730625819037
236.0052890480596
236.382409099673
236.0182903262469
236.0807362957315
236.1059261648126
236.4100443026454
236.1143751998589
236.2163379535119
236.8526577161747
236.0635091789992
236.088331226541
236.5174416009849
236.3624500453145
237.3581384613218
236.016257051926
236.0840549467663
236.5816020661474
236.1529771696337
236.4590717981904
236.4023484287302
236.3810791814417
237.2185011984285
236.0272169284823
236.2114981186758
236.3614595394504
236.6368327414304
236.467752564737
236.0937078722384
236.3940740126836
236.6777156019293
236.1755861789271
236.114780575675
236.6035799018535
236.0607390919808
236.0992995443125
236.2505248592892
236.5718063189661
236.0609929763089
236.0487871317025
236.024462922817
236.1753341447699
236.0991816632873
236.4222261612317
236.7517182685216
236.0406190517519
236.2147677670957
237.1530323017981
236.051081465206
236.0658623341971
236.5411216491356
236.265418239499
236.2965551132646
236.0488976772823
236.1989695178762
236.6005353928269
236.5330819942875
236.3870401389485
236.6057858333528
236.0901626517938
236.5129587980252
236.0877907649892
236.6039154639366
236.6422927114026
236.5760981426039
236.0376593977872
236.0043815114686
236.1820877432175
236.1050299250952
236.7444754063029
236.6675718819873
236.1448825638958
236.563623878067
236.5981063986081
