295.4207730344655
293.1740909637335
305.4430111903641
299.6763164689773
308.3779582451269
296.3017603938321
297.0254725702131
305.0008486532737
299.169233230222
289.383122864348
303.3019398131901
301.3902460040057
303.021085914869
293.0695811260065
293.2868093567802
292.3697898300719
298.4875763912869
296.1600242713344
295.2072854463756
296.2882442578965
294.3474829722099
302.4090186700708
281.0631550874569
291.0301128173504
300.3656659251134
292.2582796773327
308.1395791072785
294.8998982359599
296.3678308774926
287.5175234831328
293.4102068889964
305.4571843838812
302.2829991324958
306.9876273920006
302.3137375484499
300.3794920010267
297.021630669608
303.0473553834057
304.8464121525725
302.7408913526166
297.7177440178515
299.1283928817472
296.3858146536874
298.2650949640217
301.3478477381634
306.0087739588451
300.1520381520129
298.6971046185681
301.0752177591768
301.4845635532841
303.1566878362792
306.1264911987441
299.0097087842809
295.3875777166119
293.4277199755362
291.0098978049882
305.6294119683793
300.0461400189051
298.2502607403593
288.2679538719097
297.3834974794931
298.1260900820342
302.0923131541991
294.1768010586913
288.2036610138643
301.2960566098485
298.6803066477935
285.1955791513353
301.0194626556928
306.1565405613371
282.028655806255
301.0273126363575
298.1535555871861
301.4956541072303
295.1602878131596
293.0337357475158
304.0463523851477
293.2985758193534
304.0595152198758
300.3316496723274
291.2091074210842
299.0390986665248
293.826391115924
292.0544234322187
299.0522070152585
298.1214385886166
295.8287889815217
284.2650035120243
296.0716346528163
287.4411373948669
301.0752407690724
287.2860685938152
307.5924903645959
300.4894799308938
283.0099194404349
301.1401190168355
292.1602904360599
293.1075600279932
306.2197793085045
289.8696481511575
299.1689832652298
303.0750174963967
308.3048403478787
301.3848960086317
289.1497418549986
305.2930630932977
299.1225653093501
297.0121011909005
293.1780804299715
300.5353336515423
302.751704640388
296.0373531985716
296.1761108302917
290.593657574991
301.0745061524401
302.1848132620248
294.1002908300125
299.2961641459618
290.6195346430965
294.0143295614218
284.0288734985986
304.0326104768985
303.1812176348548
298.3895070550153
298.2410761183022
284.6516087720349
295.0491089138798
295.1578357509718
298.0444984508973
295.2155733506782
308.0105985758613
302.0412862782123
303.2758310298044
289.2790438001473
307.2481452194718
303.022366192481
292.2228346082971
307.9840551448895
296.1923160202076
298.3027543963337
285.519703445634
295.2317220316838
303.0649574272675
295.5423324162307
305.6365493860533
293.4067101037261
287.3033881881167
300.2029963898767
291.1085426688943
299.0751647495235
299.0919234694796
300.6173595861214
300.5671397574941
282.5898523926282
303.313793667774
304.0948390801539
294.2951177832656
300.0321840526562
294.1141696526232
297.4876758823665
292.2311161791363
298.178473090646
299.5717692890043
303.5791478242485
303.4152370693439
295.3956950868059
297.2456703097949
285.255567261094
294.0142420238615
293.1393024448895
300.0388489040342
301.7638035042198
298.6276665670926
302.067251811905
300.3055569721499
297.2941725471583
291.0595039144925
294.138713803647
294.5729897575679
291.3892852993342
302.204252728959
298.1802394486945
295.0196953321149
306.0478362449785
305.0390843497755
298.1103427917579
307.0261383046292
300.593522373597
294.7421572017495
301.0706803584242
301.3402782647398
295.2355082220242
291.2210772767745
297.158401014224
302.3103613844339
296.0178908819697
295.5759462265394
299.0513876179023
294.5757698417244
304.494456088913
296.1662953872045
305.518267713387
297.0936056517022
293.1532065444218
291.4041532806926
292.4230962870137
298.0020008374895
302.1890274591044
289.3962089406999
296.920122352137
300.1078444496235
295.2874777813432
293.6289959502218
299.2406241286917
297.0222754575265
295.1506428410367
303.2652050446262
297.1761852660884
288.06532483928
294.3422138347465
297.5389623007839
293.3897167900892
298.1387719827761
299.3597272842953
292.0716539439169
299.1424315645142
300.1281347651138
293.3241212060862
291.4172472010276
304.0911255239187
288.2248452384252
308.0301604429442
299.0101503982013
296.5607143703446
295.4744441529304
303.5590512524689
301.0407476450862
296.2314327856141
302.8628000947314
286.0806660231309
298.4990395661534
299.0876021749623
291.3312710628237
288.1363039456746
296.1829279780059
305.3500217059882
284.3435053505287
290.1059803334193
305.0133631650698
302.010346247047
303.4900818553365
301.6105788097644
292.4675262724782
305.0550984195522
285.5832474700842
303.0204424851874
293.6301393426948
291.1723688815874
290.5006505738381
305.3104312762989
305.1654005857767
295.3878143901787
296.3764037646302
296.1806592057323
293.4265759650021
291.0263396507915
293.3921825365057
286.4091091777189
295.2281530883374
306.0485722716172
296.2858316519354
292.6547543019706
299.0732305807542
297.5824216021781
306.2806386649554
297.0844987909575
303.556038292282
298.6235088958232
302.1921444260297
305.2571626753097
302.3012427095481
299.5116314405155
296.3914456156801
299.5331016498366
300.2062631285376
295.1063821907513
295.0974340741577
300.8850703728494
295.0951940674514
297.246225041627
305.4126918632537
289.0236196954066
299.6618773182859
301.8111737994952
307.0148385519767
298.1467927215282
304.2537998276172
299.32295117475
297.1310296226554
301.1130778604175
296.0488826887898
302.1317747053123
304.7729815592276
294.4429953597683
306.2743023346345
293.1368401337073
303.1761516332998
296.0470525477336
302.0279789726561
298.3745119627931
305.2708578778624
295.1618221185198
306.3182736890839
302.1250347614256
297.0130976459994
297.4780066340755
301.2632155555141
293.3499862063588
304.3380768276172
295.647038186028
294.6943516068742
303.0066826571007
284.0855706455554
285.7544719251563
306.382079179404
305.3805261272703
300.0165591517956
299.0370686742913
304.5191290244484
293.5888882353772
308.5060133096289
299.1660663040514
305.2172844814357
300.0100826621286
300.9554163571065
297.013775593817
307.0198881848743
301.0128998248672
306.6421655270323
304.1233101473172
295.1496913703494
302.0958493804506
300.3857303417566
298.492743989283
303.5895246057794
298.2288468720029
301.4346608037403
300.1012093867785
294.0480256535094
300.6134314799464
297.1598184334447
295.1832216099525
304.6702572316734
297.0646107347335
300.1427423628665
290.6498125054378
298.1510894895284
305.176357462688
308.4146359798134
294.9792252726083
298.7812137057541
298.1021295958761
294.0607316440984
297.1853024433252
301.098323256564
301.0230022743413
289.1358573114987
289.0145916976439
286.0356186824022
299.2256621321832
296.199514779983
295.0924056856588
296.0150551167937
308.4255511831332
299.6977557634925
308.8236761793678
296.089870069898
297.6923782518728
297.122820299969
295.1437365745313
288.3457039792346
300.0355169465939
295.3795323692219
293.1296686835875
295.2639492917734
284.2243468513126
305.3702437660608
297.1508322628172
298.2507424146082
296.0870330789967
296.3671356761388
301.627023974484
295.3408240190919
308.2364873926274
301.2631474734744
289.4720673051259
308.1232099447475
294.0084532355347
299.8049585165369
290.3728400970697
297.2706883746695
293.2268869223504
292.4170095539226
288.6394939980979
289.3176298791723
288.1141134821361
307.022368503807
285.0211822056381
307.5032802730038
306.401652413003
299.5181567096852
297.3078981732718
300.653320484312
283.2389066486042
293.2314323329534
300.5780625938344
307.021972935697
293.5585662620174
291.0453918530401
305.4444683523689
308.2575998633495
296.6697250796745
295.4870337501302
303.0244506067483
305.1662523837872
294.5473851435783
288.3856982588754
303.4879361376163
300.0993390022341
300.6188162188851
298.1714308828002
305.0342125236466
300.2526078065944
288.1401811806134
297.8890750564076
300.1197613036236
299.5892406572281
307.6176885484827
302.3200982451898
293.2510210311148
301.0699784405791
296.051939874202
301.7754974799585
301.102552614395
300.9335460254073
296.1861203269151
292.0469981158944
303.2434076672237
304.7289632667873
300.3111728447073
291.5647269915971
293.1049448290091
297.0525625128329
288.5649656150849
294.3820245230327
291.8654647749312
297.4216205703015
300.1399294462544
304.3327776260017
292.648548775539
301.0991018891433
308.1793713250022
303.1235394859307
303.7214771074478
294.0772844175501
303.5761308148296
298.567767791165
307.1089321669261
304.0073709902593
306.1098957978227
298.0624599455601
300.6769273003302
294.0118487046929
295.761229345055
301.6987786838522
299.269117690172
300.0323945642173
305.1339073886977
296.1760758936501
304.2609577014724
294.3324289124609
298.0927653189939
301.0445409094752
294.0348668380274
289.1691472744758
298.8716585591445
302.6355660028026
305.0614843815641
296.3172630273883
298.1899798147015
298.1179509826807
301.1605695242872
305.2338877221055
303.2075294457391
301.2583974995666
301.6576090328066
289.0955733083236
304.0530221094096
299.1126516661234
308.0861679058305
301.0729200380808
301.3952850032013
288.2348568113982
302.0435144256606
297.6505208178135
301.0557869391303
300.463504724276
299.0678618980072
299.1204659840168
306.385229585826
304.6382488805627
297.316973634544
293.9530504893703
297.0071973326981
288.2563064894715
295.2733394818777
295.0252133191906
286.6161258920418
288.2019739006565
296.4631746580432
302.0661164558591
287.1040387615745
297.0703279189234
304.0593386530087
306.3753066951998
298.139921507011
305.1215453071989
294.0317282144592
293.0009638729413
304.1251553578798
298.9696870783188
292.187758275762
288.361645380842
285.0025814526008
302.2058733352096
307.3484448197183
301.4729012479892
298.068973594454
306.2560381999807
295.1802121099737
306.2173582431386
301.0827306429956
287.5841028712453
290.0130502610533
308.0173703985113
301.206564947947
297.6220556398141
298.393327744054
296.1804114624727
303.0342062191899
302.0925771060665
295.1177879794979
299.0659695844289
300.5528032937766
299.4424861696767
299.9294273448828
306.0130341334387
304.1419651929883
303.2275595616076
299.5094140019149
306.0071717052028
299.3037886844774
301.0963001105338
300.1359525051415
307.2729250340339
296.0966267753714
289.2361982331266
304.1107602238742
293.2134132583065
293.0229427974317
293.0023574941363
288.8047829883142
294.1087677564905
292.1631081620865
294.00678369568
299.1132867257967
300.4751467221024
296.1510602173826
287.1438094651463
308.1598131779617
288.0472194277483
297.1479975725127
303.1206099446585
302.4241235367766
303.538362039299
300.42018322302
298.267881773089
298.1107750765803
290.241701189015
304.0573166783538
304.153920730932
303.1124033580255
304.0412322439007
298.0959022798668
303.0577911543224
295.1141381118998
299.0787093672848
301.8582580336486
292.307481441814
297.1111849179729
304.9437991308831
298.5102113174661
298.0373562163688
294.0522417444475
299.7290810778617
287.8363921306119
301.2964460698358
306.0256609483164
295.9976378143647
294.7279773395376
300.4574526876859
296.9461051304943
290.1281362876522
306.3889354400935
302.2933924027312
296.1735493145574
295.7739924526882
298.0557812250451
289.6361550684152
298.1416706880867
298.1487945361184
296.4858404351524
296.1805888365222
296.146381719166
302.0018954056013
291.0346671604236
302.0222210252726
304.0734545610466
293.3576158609689
306.4010978936778
296.115981250146
306.3861440190373
293.332329013362
297.6849609577686
288.838964638932
308.5555992191778
302.2991165052541
290.2205084070723
298.6461726066514
287.319171590693
296.2675307691923
295.0197833018124
288.3243592101526
302.0911629524684
288.2036626978308
305.5062191924204
306.690167397508
304.0585637019723
289.6739050789063
285.1754330020753
295.334120874747
305.2716781459356
292.0867064962555
295.0761053620773
293.3488458780026
305.2441110350517
302.2724888362255
303.4795579131875
290.0274151528149
293.4292242443306
291.1835060038554
297.1328052149429
304.3069772767196
303.2187906886833
293.6908280837141
291.0427066518458
305.1536470074454
304.4633186066108
294.9269966054323
307.3081329242643
298.1074543459586
298.6974933190178
284.1081378878561
291.4761930253562
301.0293562574958
301.1299680477938
302.1308560016861
294.2058783292337
293.07692048602
295.1409804729092
291.074251192098
285.3165934287977
302.2869756875127
299.0406607541858
296.4309778829912
285.0415219949451
287.9331188839408
294.2046126464355
295.1453457436013
297.3246911006509
296.1463820410475
299.0891150524349
303.1277963410377
302.1792057015173
307.5583186764139
297.0630878001292
296.1243851585581
296.4453873953177
292.2142538120641
300.3506567121098
305.0166761594919
294.045091033857
300.2762254809826
281.6473627121405
306.8778688431822
300.1032356399897
294.21367160364
291.4270501313989
295.0242345301302
301.2752053941561
307.359209311956
295.6978162441593
290.0490277932642
297.0312468557714
286.2815748913556
288.1895537174684
301.5018972015754
297.3022064989746
295.5869372930586
301.2187460805483
298.2167552558849
294.0021381464017
287.0110407213951
297.3236317317374
294.0420522719236
292.6764026053297
290.0545283962033
299.3758156004332
299.6559107140708
295.3413749925647
294.9484505480413
290.2825380950419
302.7177779010037
289.2792655197101
288.5176210362477
293.1440729032964
306.2675398241443
299.1082951529
303.2958854196109
294.0526966915733
286.3773936610565
294.5195327537491
303.041656079091
307.0701785784101
295.2798592357885
292.7359234218625
294.1592558482441
296.1237634179042
296.4357301921212
294.1121109131062
295.3297778426375
297.2396108660398
294.360838088638
299.5769763126142
293.0994627775082
293.7342694052207
297.4353148389732
291.0861887309046
307.501239943267
298.3739753004365
302.1768443043855
295.1822416725324
299.1925305163024
296.1040929937623
304.0178142198411
292.0615636404187
302.2321692176317
297.549793743299
288.0219080361367
307.3813919265932
285.2464035100917
294.4196659872929
299.5476372787496
294.5699079389406
301.1071330383661
305.1652677648314
304.3473166702971
303.7610940381698
292.2271213261515
300.3497547942558
300.6977801670557
295.0924077468943
306.2426106173276
294.1758777113381
285.2939946456297
293.0958565010455
292.1709702091022
301.5180597365845
296.5171426563033
299.1601416594474
298.0490691166632
292.412099998604
288.4392708929185
293.5521371717157
284.1372909865884
296.367813281736
306.1779589294616
293.0429542724293
304.4106312610511
300.6789417939809
291.1809054461156
300.05996606269
296.5446205192361
296.1840103015595
297.1939173272681
286.0735105156118
298.4184195628955
295.161396177935
295.2118546665849
300.6767134011979
292.1442044982784
292.8542677000506
306.0484543020311
293.1848422508573
302.1037633462076
299.6076750850385
294.9333390986537
292.0110506397147
302.5106776859267
308.3394166080186
303.313526871796
290.4933699249447
293.4949330008958
296.317486908987
299.461941144184
296.1218296498911
297.3522127134282
298.2532088599688
301.982878135705
299.0882335112918
297.1137713316554
305.3416003952632
293.3707275857251
292.0893809505413
292.0421226386886
304.2599450361326
297.1072361039273
292.0563954807205
284.2127671300707
306.0776259195288
297.0735390942624
293.048901121581
302.0704445036052
293.1568284183231
293.2036647379699
292.0120102932431
294.0729203566076
297.008177597706
301.3009348744357
297.46772152886
306.0713912138604
298.1020082660702
287.1054509855071
301.081887162211
294.031211102552
293.3332206341876
299.3176928810747
296.6721223126522
295.279158520852
294.0399257363467
308.4887743660373
294.7864544129057
301.0250294530292
306.2072339305773
296.6737606503642
300.3544455735898
288.05312567919
296.0310029827604
307.4713125265085
307.6146815545167
307.4455861148131
293.6036406127017
299.2641531907783
297.3791144140822
295.454795762704
300.2389747624481
306.0118081791855
289.0268760025047
295.5766533431529
307.5587007987936
303.1077225081858
291.0030444870141
308.2997816335447
305.218908780002
297.7539399939671
295.2124680886698
295.0337954586819
293.101156067924
305.3138535965343
297.3200582153306
300.5688604347091
303.5217095350932
294.1161248350877
300.6474406761542
293.25821205594
293.1158541214271
299.2339033437057
306.3086832662345
304.3154907935134
304.5646271634501
297.1698282078476
303.1160928792982
294.0881336165428
295.024070517051
301.5585487383527
295.8232141097061
302.5944892100235
306.3019734648096
297.0249305119665
302.0581486295313
301.3681653553279
294.4469598376961
303.0625343100754
307.6914662378554
292.375729236136
294.2316847300268
293.1069129691574
306.0515884342446
293.7877115771228
303.1713828823542
301.3580576238165
303.6167761090049
295.3962822593039
300.5513190850809
296.1466770024219
297.0017741353088
301.276270030512
301.0485009059504
305.0335539744361
305.4234345725628
295.0079650774802
305.0094254042741
302.498532068661
303.0801375007276
299.0074437261976
299.4871480142353
287.3681964894086
298.126947829973
294.4447343599986
301.0289361234108
295.5819901735455
299.7723726515459
304.4476083480808
297.6775192556019
294.3566778312292
294.8796638248689
297.3317987235949
296.018213250284
300.6628253307094
284.6350074137952
307.06558897074
286.0182414236029
297.0988501357211
292.1792616288678
295.8489095369686
307.6233656581445
293.1623049748098
300.3540256833968
298.178829074061
305.3590831649856
301.4311934301634
305.08413688831
300.0113186450512
303.1893446867069
301.3799506644547
296.91723662836
293.2652214400779
292.3265674657916
307.3183120190308
292.4366670874031
303.1520627804304
288.0224196470617
308.0571515834654
297.473589883286
307.7021158092776
293.2324366127847
284.0808503487532
298.3103941078969
300.0873562148338
301.3026678197532
294.354509331285
294.0910502079738
300.000630152912
294.3248014762236
307.6563682695726
307.1683849232958
298.1537198030601
300.2787036478325
295.503421708598
305.3755657787392
298.0847061961836
290.1703500080774
300.2379341402016
308.8300169974125
287.0120793019693
306.1180906515517
298.7937183477355
302.5737360456426
290.3346539744219
306.1223417173359
293.3057549568312
296.1778430808736
295.5542689363726
303.3902827801972
300.4407452204391
291.5229305056714
295.1280009553263
306.1694277951923
305.0068079995414
306.0565308106719
299.0911277998786
308.1508267812261
303.3724780667845
301.0729127888271
302.1469621939287
306.4489805295054
302.0020462394079
294.2135506741645
296.2990648369186
291.154013796195
297.0290223876588
294.1280473478556
303.114667404858
294.1954290838787
301.1525971118496
296.0408112495211
301.4321255774872
290.0324987829088
293.0253137564828
295.3484027361299
301.2196690377314
301.6660440510424
302.0870632740119
302.100599184017
294.2533436386825
305.241882109612
297.3228997045946
284.5384269499958
300.4182863620633
292.4274692921752
298.4611203332685
302.0420917233777
281.228221836127
307.1273049002519
298.182547504999
293.1974226875522
303.033685520828
294.231513373478
282.1072279050928
301.1352524187823
297.1122296509708
302.1010186172942
292.5345123517134
295.2631595893903
301.0354306520335
287.2868380025324
307.1719191112772
292.1924552094742
303.0320315297421
301.1366118286264
294.3777642976863
301.4241585483293
301.4031518730777
294.845216766911
301.388217277866
296.0790654250926
302.0933936978864
295.0910112138822
301.1046179216891
303.0030124030483
283.7113103576835
288.2248326752286
296.5504701624917
301.1010698908677
300.39671284024
300.1604608712099
307.2208310732629
298.7784967436878
297.5795273620643
295.1318226954122
298.1682394098268
308.241730919767
288.3293261714015
302.3224113345415
298.0977764612224
295.5680457815757
295.1603339645915
302.0157861428794
303.118710738569
299.2751957711331
301.0801954884014
298.1439580759484
297.0480181798438
288.1291407029817
304.3355962490887
299.1558801277113
294.3508402406009
300.3468469656763
298.3478910075062
287.0352230620382
301.6951291148873
301.7482160999053
291.3360288956424
294.2903470604662
302.1852957891879
305.4634250522741
300.0540941904497
308.2042162132381
291.2933323861881
300.1591586764501
288.4104907565421
292.3076058672224
300.1557961318236
304.8171272830447
289.5273428633188
298.2531921754488
301.3777815237478
300.1269707860467
304.087555937786
296.1728300392832
290.1966129174868
298.1973663946603
304.2675620564444
305.1023963190679
300.8692922070596
300.0843251313034
294.3163659036617
301.295514486979
295.2160034477371
298.0411493913386
299.0324754655986
307.0199049515826
306.2966199076068
307.2677068290686
307.0412313285619
292.3677267773272
305.0185254968728
299.5289924083911
293.6656857877948
294.0494260459095
295.2077470012849
293.3806021395834
301.1296417350582
302.2015983884303
295.8616456882048
293.3447032206182
298.5541783785503
285.2855256600798
290.2107042392396
298.3608262041708
298.8750118030469
297.5810338236717
297.1032560456483
306.2154898124798
299.0119024735404
301.045590607344
296.1410067689135
286.1423788803989
293.7033177453575
302.2851256129014
291.3829032845939
305.4093495110411
298.308526523552
307.163903940193
287.2734276946052
298.0524148874745
294.6850993162807
304.3553729874616
298.1143503134054
301.1582834503083
296.7974294274707
290.0570836033934
300.0747445080085
284.3023047938167
296.0832157671754
292.3976932674391
301.3640064127945
302.0888356571065
308.6591413532298
288.1489961577855
295.3946470842772
308.4800834845083
288.0663102312307
285.0253241289547
297.1538960657285
296.3410512253352
294.1555282311763
297.225654470168
296.4637317681362
307.1151854722406
299.2138758439121
294.8526505959668
301.3810179774559
290.0172134353949
308.3887878847165
304.8814433234793
300.4143537491512
304.8457747596394
295.0078385408223
301.536707461234
288.12335891397
288.0629364358665
295.2985603024006
299.5982983645199
300.1504124752715
294.1296950373924
296.076183073671
301.077844557669
301.1380778848198
292.0652858135967
297.212548135179
303.1019708116542
292.1021171488875
299.1806273921538
298.1390586540411
302.2789077685413
294.0376063161927
291.0786226283134
295.1428185812871
299.0599753949115
298.0556381970454
299.4734645178348
296.5896254934862
296.2981523766458
301.1109125963739
306.2751423023452
294.4815672717639
304.1843561248214
301.4824558251967
296.2354369541192
291.1990658459989
307.2014238533569
297.31042530657
300.4940140266114
303.3117213486216
297.2012367641283
298.1127712838318
296.8449595525548
301.0170581237615
303.1891573043484
294.2037423539775
296.0339957124177
294.0164503231198
297.2832378040505
292.1929780611335
292.0147963149422
300.3606044229786
302.5230260433459
294.3982862730795
303.4543820165297
297.6224332029349
304.0540443623053
302.7367864545583
298.0201413370494
299.7182722321091
294.7734161136526
299.2622247210847
298.5853187522723
301.3356256887726
288.0533723649326
296.1988125631544
295.3688757700212
303.4021482186109
295.1561840670519
295.4226727961312
290.4369791912222
292.3623306795918
293.1192212442125
297.0027910854711
303.8016786138944
303.1100843280207
304.0186546609613
298.1053368686893
284.3418408050665
295.3023119849445
294.3266855262773
307.0315380442013
302.3288584342242
301.3771236085684
293.7510321321123
293.530034968343
297.2705009036566
293.0644417953765
297.1315759657076
299.3367953069178
296.1010984240651
301.3529800220293
288.1337547789826
290.2761610087086
301.0162920097601
291.1220116909615
306.0989037504575
293.6717915638137
294.2572559637327
298.458582543442
303.4122377712254
295.1762341741639
294.0448897264475
290.2453946965773
296.3565064905431
303.1908760742956
295.64180961882
296.1945784994699
307.0134537820359
304.0302348427198
291.2099477307799
304.446480962941
308.2768177772816
307.0304941441781
288.5402975311426
286.4053382746241
294.1509320643136
291.8740474540724
287.2612815455843
299.0841822106917
292.7187795862958
296.5363331083059
298.2114276322349
285.1747037836487
299.4455171588702
291.4448999800461
297.1801254369753
298.2608094975536
300.0414532858144
285.4952178952605
300.118320381693
291.0216774631722
300.0253830754888
304.3788048581187
285.0027131718637
300.2959529272882
300.1453506186837
302.0520343681363
287.042705860528
308.389555874451
295.0583285859522
297.2215734511282
300.7380207570083
304.246535134581
303.4145399803909
304.7649529545923
296.1534826502726
297.1769486657586
307.1318426553372
299.182198078811
300.2076451814305
290.0848070960018
294.0256104761239
301.4131330402304
300.2809964047598
285.1933698610476
290.1868215309932
308.1736845228151
300.043877266472
297.1646701930227
298.4105660471469
301.0539849462623
302.014650633245
303.14669428968
294.0457638480308
295.139105073002
303.5436065873472
295.1170150267924
297.5135746721748
292.3570949124807
303.6252373416419
298.5920604195807
303.3231578077146
299.892865311855
285.0316158677671
307.050779657082
299.334108692357
307.8478708130183
299.0399141060693
295.2436624963941
299.0849479308656
296.3003894102653
296.1649459121231
303.082107856443
307.0845546558412
292.4730674698885
306.425986952938
295.5088006709083
298.2421552456241
295.6738984178949
304.0878779632987
304.5255249738381
304.4998571295627
300.5997819786301
294.0274874423682
292.166248809482
297.0485919061247
298.005182760991
296.4975211717788
299.4608600431301
297.067867561108
300.5310989328981
298.2318725836749
293.6145235330322
295.0528861672689
289.328223287832
306.2438183172553
288.045730680569
305.176740297873
298.0088356058918
297.6944062935216
303.1815510787918
295.0434345121567
299.2205619720914
288.3830865451091
282.4560480705536
301.0800885349581
299.0214921718975
299.8854257795522
304.4432930752894
301.1929259254802
296.1397196502306
299.2841584648468
292.2853144779065
305.2245099460518
297.7707122482616
293.232523714896
304.2029269170017
305.0475009969474
298.1548157117011
300.072479667748
302.6200416897186
294.0790919571184
295.072349882775
294.5313158734526
302.3117258079548
290.3986325639433
297.1884653946947
305.1336506327543
305.011049989935
295.2682149654843
295.0236164291057
302.3692109908267
283.1220180530311
294.1240525620939
301.1983975701233
294.3931286472168
295.3052554110216
299.04917656242
293.4337837170877
302.1473114157725
292.2039554777492
289.2032300369757
300.0480308742291
300.0544735636935
284.0979447081954
294.191757610615
301.128278408986
285.3961693569942
296.0352774427708
308.2423035335183
297.9227387228842
308.0499769608198
299.4473249205972
292.3350102953932
306.4872980686292
293.0123991705722
299.0894346714549
298.3195220251646
300.0921528739565
302.3831368347538
293.1449357517216
296.1737503157121
289.0237075132284
292.4639497463754
307.1195480486047
296.5132006987113
305.7726037656058
291.3843865821307
303.1941078729309
296.0130364491379
302.5964594459927
301.0209780669209
296.0227086702333
296.3626648739063
299.4220403677527
305.454687124362
294.2076754218936
290.1396022380826
300.606474199854
298.1557151220811
297.1289389289184
298.4767113730369
297.0500972224062
298.0788857881142
307.384409136738
291.1265646874125
290.1137151664074
304.2482923241138
294.8727522664792
300.2587758206038
303.4533019420599
296.1478744671637
295.3901540654773
295.3690757324237
295.3345925837435
303.035215782336
294.1124245265393
305.227884877108
301.1134857058556
307.4352737936832
294.2139480595733
297.1125315416783
307.009990559131
306.9355361892196
303.6208198860592
294.0505581967034
301.4736595279869
292.557853238131
302.3657462387437
308.7373217518702
298.0074168695397
304.1133288230372
289.2616409033612
293.2848634861406
287.3665698613881
301.1156340058213
307.4300274741048
298.1358859274225
296.0948848154136
308.1849212814913
299.6595212418086
308.1106468692395
294.3029306034077
297.204854208437
294.367752746413
285.142616331445
297.128559229466
294.1585662803886
297.5663340443641
296.4377165846296
296.0991831417921
297.4226637131018
297.0795396709219
303.3043405093686
295.314209668332
301.1717656219947
305.3337477242754
303.0516128909156
302.6102164819271
293.148405122145
305.6250678419451
303.1123231868848
303.4291504926381
289.0540248864791
292.205058392878
304.0072251083855
292.3617752506605
299.1078301811147
296.6122325798929
297.4931905692594
299.1491175487658
296.6302845116519
305.8188335086193
297.2003324535868
304.9681098761324
294.0251180517003
291.3276603481133
299.1073904649276
300.1949009096978
292.0214241461071
304.5369179040081
300.2510658678711
299.1155314086739
298.3908820489679
290.6722088088716
299.1278554515295
304.4174387240663
294.2649014945667
302.1757495555469
298.0583884515707
289.3411800712204
295.6163535523442
296.2670492091177
302.0082496536958
295.0963113884202
297.8034940189476
304.2142487094313
303.4098351759842
294.1678273189832
291.2750335977636
293.2427451524883
302.1901811094771
298.0146417064884
295.0664368282849
290.2503177802887
306.2795566723044
297.7622412897227
304.0885528149462
302.4664508061773
286.9079357578087
307.7619371534594
288.0128555554244
296.074681689556
301.1926561559739
292.0802095650315
299.2605301368798
296.0022506862064
292.5098829483179
301.0540099049928
299.1522597692094
307.0751064571154
295.1957752350814
303.2947317972595
297.0703111728003
295.5636857355872
291.2109255559145
303.4825478525706
304.0257564382897
290.1301562564105
287.1527507320167
295.1391904085831
303.0798674627668
294.2556325372112
298.4915736170137
295.0412488074442
300.0004871539218
302.1507419754831
291.0557408532156
293.5089982500403
296.0500454593225
298.3506944833505
290.2499813891865
299.1417537021073
303.1019050545918
303.3643999914359
295.1110577720405
293.0524734052332
298.1152172201323
300.1668978747241
301.1557349270751
291.5884531685758
295.3943432258683
300.3904505232037
295.1102331004211
300.0538963076976
282.721381082637
299.1473843958246
297.0293007011375
295.6045856062045
296.3038448485016
300.0699689427269
292.2148318208276
303.152119161821
291.1620187125699
295.6563917349872
300.4109251673252
301.2274685606822
288.034906211423
294.5067997933344
306.4001595255461
298.3514661914533
296.1462451446171
298.1573086797669
302.053623277593
297.3038257022283
291.0673660610047
296.2108468352351
296.6353901744913
286.0576887051017
293.2027789523553
294.0942067004447
298.0226150745556
308.9026574701108
307.1777087674866
305.0420038199771
288.0818098944537
291.5263970369615
296.6044313911547
301.0443450838786
300.6670121375097
296.2288272222951
302.2915261905359
301.5762173110583
299.2780399774392
298.0597006255177
294.5150925765054
294.1101121816729
292.1704088013879
294.1381648144265
299.6269226435093
306.1517357302271
288.3195293027277
292.250188585969
297.0704920508593
306.1664473641608
293.0737037591347
302.0137478481613
292.2643011508506
296.0023080944171
291.2873757020132
289.0031158052921
284.2502939934456
288.5485230210609
290.1521076086862
293.1008218617145
287.2530134388839
292.6675383897297
293.4955031113917
291.1988818922133
305.4393901415817
304.3148662324273
294.104553794965
295.3904984591165
291.4551549679806
297.0637432632183
307.1641050272887
300.2800151694854
297.0477268583789
308.2794110969264
308.3456159455325
298.239622936471
295.0557822281968
304.1472104957007
299.1741756148828
307.7051838039352
301.0392332673327
290.0402229093561
295.0986752236824
297.8768234134768
305.3588843896315
298.4959103267217
301.3557130640464
296.1457921999422
301.4022786259437
306.3210776776526
301.1894140548026
307.2307624380226
302.6084069958062
306.0942397281161
288.0214174679751
289.1155451049503
300.16200397152
291.1940859371294
285.0576257405465
297.2439211923767
297.2533894927928
290.0333443166209
307.3689977563402
292.2090396915388
308.6904089447129
300.7630938569947
298.6701138725815
308.0556991476147
291.0841529807975
304.2283653801019
307.0519515359605
285.1725186691375
292.3248377772865
291.0440254381851
301.1740629907228
302.8810449958806
300.2647516358946
302.2920838895661
298.5749422692299
292.019752853747
300.0631116277696
302.0388940349948
290.7139824712916
308.2693448669468
301.7895533510103
307.2472447902963
294.0585411204208
300.2059266701698
300.0839928669665
295.121131675462
297.8594106317806
299.2235099976207
304.4682974445399
294.0338729699697
294.6268637036773
300.17555991856
293.4211502733398
301.1237295332725
300.1442357327641
296.8397305192646
300.4197548473154
299.1846253231785
294.2157479172614
307.0723068212099
289.3959041050273
291.0735170646213
293.6596743261601
304.0810213577467
297.0966632784571
301.1547338964903
294.0131138058033
300.0399142447991
303.5722040596923
308.5006206051505
295.088018329742
303.3650258064733
302.0338543494016
295.1073649188494
297.1561736978797
304.1272267021487
301.0136827572466
298.5672245803287
304.074414169898
288.3209732503084
294.1076483510483
304.2186294227029
301.604605836896
299.1336529412053
293.5551683117443
304.1862360500229
299.1753938422998
294.3138467710643
301.2155044745889
296.2420039191528
295.5919488471789
298.0773559418129
300.0663601715255
294.1739949969688
300.591545779561
300.0327480471421
300.3313987680919
295.0834227379138
288.1597691999585
304.7718499587272
295.5752872266594
304.1372174387812
299.1810231505706
288.0685668475518
296.0788250280549
301.3228873644259
301.0459184085853
301.5270972789843
300.1252603084937
306.1253284312181
286.0233484831148
294.0856797881092
291.0354766186658
298.5619688624755
300.2014594896609
295.5967384249436
296.0698848995773
296.9240717045269
298.1639944185492
305.1956309908052
301.0571016241897
302.3200447103596
298.2476688847559
304.3399856144662
292.0010849548627
293.0888234195878
304.0252824373878
290.1193562724901
301.3074592279748
288.0741482241272
299.1555507716604
284.2219441823651
301.2616487790485
302.1229435528635
294.2184449357665
297.8544197630078
302.0212253850268
291.2089963189749
290.3443347644642
300.0618381056333
306.2067492168861
303.0195798541852
301.3819242588935
305.1239733253682
293.0927529837041
299.1147284293764
300.4452812869862
306.2003409862008
302.3085804228606
