500.2764120473649
501.0046353387726
500.5258160951933
502.0414338357297
500.6290770474908
500.4679876302795
501.0450848660735
499.8115845513431
499.0209172468363
499.0862574983418
499.1397250672069
501.11126996762
499.008326461431
499.0293012986335
502.4630187903787
501.0425454031405
502.0980721489861
501.7309089290501
502.441617831417
499.055406736079
503.5000027718144
500.3080145866661
500.05943530012
499.8044467917475
501.1247455447478
500.5178274936263
500.206633865334
501.2327596678663
499.4721469590602
503.1679145498145
499.7583475678454
501.3049131016684
501.5005280363511
500.0600688760869
499.1713593288598
499.4447671166924
503.2110083582006
499.209248523979
502.1644158412403
500.0534906173023
504.5637720093681
499.0176979822638
502.294490931475
502.4104363064567
500.0048615232502
500.1594776160977
502.0618068035387
501.0567901810991
503.9320826627635
499.2367417529817
506.2642331201554
503.0631413492553
503.1711687931172
501.4894028847619
501.4922831298913
501.0830360983032
499.0042080424465
500.1842276003483
506.1609954724557
499.0702905785919
504.2136640218722
503.642540331783
500.5560179412014
499.050790894509
503.3048871395346
499.3099922808785
500.6147872079439
500.0767457594202
501.1735079789256
500.8009716031692
503.1883761316449
500.3263269986918
500.0921811589535
500.0130441823854
506.0761115687756
499.3887150737839
501.0948518003523
499.0211397962748
501.341257204921
504.515079168796
503.1395312454811
504.0354923489241
503.5270802562424
501.7589703502884
500.1476354221782
500.7406238618408
499.6021623704701
499.0310986233214
500.4095185085979
502.0382342217017
500.0253086624095
500.8110196916871
501.4339319676279
499.0570637946688
502.4765044352893
499.8704750405521
500.2914340898512
500.2569174683599
501.2897169190411
501.1501123060584
504.8347232415557
503.8201865780159
504.1304290915923
500.1243042400822
500.9274442700581
504.2097088299859
500.3847521922258
501.4296737687371
500.0810783191568
501.045203060183
499.1574792449191
499.2917949055085
503.7844536645432
501.5647343967896
500.5275264167538
505.0064450864721
504.3746652599277
504.0514990376114
499.2759329516653
503.4517364514995
501.3585807675278
500.2040104317819
502.1213980169925
501.0113251761321
499.2853045367422
499.2507719432597
503.1738390786871
500.1563939847647
501.6504272515336
499.1204088415373
500.4321771231663
500.6662096080535
503.7635056601034
499.3924507286558
503.4693957562567
502.005288363517
499.3235474468872
501.6279893835965
504.114822277718
499.275158397304
500.2172691865798
500.3116773809446
499.4403828669209
499.4043803269201
500.3314240560721
502.0419865618172
504.595283552085
499.6816795312915
499.3366683031049
499.0135622335193
507.6004276001946
500.1691290643599
499.3463142708958
503.4469862351155
500.2098137660842
500.3420591594658
500.0766534172423
499.1549896925698
499.594692439593
499.0731653032348
499.0283446765661
502.2863764531007
502.0885525667235
500.0929658373932
500.8718863441568
499.6970988310634
500.1685051997809
503.3749347265987
500.2426351112276
499.7254368754773
503.0367976056695
500.7762347100302
501.0160276454865
502.1363392728124
499.1558660298824
502.3068698710479
501.673255888887
499.276572524496
500.0211251319305
499.2014909529468
501.0083551021476
502.046064578796
500.0026305947902
502.0560314573678
499.7118858688145
500.1025613270369
500.7571978354143
502.2359499327454
501.5405154910547
499.2268652048006
499.4729874557981
500.304658892597
502.5850690198278
499.0236526900467
506.0127403641941
500.1099810512986
499.4002296988996
500.1455756116331
500.0894302370281
499.4211862182719
504.1362936488578
500.2111704560911
504.0965780673033
500.2076202388667
499.1162798912026
500.1635349981414
500.0290077112405
500.1781662874895
502.1469476563001
499.4410945533975
500.1813391668097
503.080098382704
500.825683757358
500.242914770235
499.5980856792636
500.0566552569327
501.4675962020204
502.5011001652886
499.2891932591016
499.1619155630471
500.1044365034278
501.6333720063823
500.2739146175809
500.0836304617728
499.7998189405354
501.6110805977835
503.0876237409062
499.6203985426886
503.3571594841692
499.2089867260231
503.3416872168325
501.4926854696097
504.1724193536994
501.2668045702111
502.135155683284
499.0271712834845
501.5340540380609
500.031455999806
502.0282330090373
502.5969286084616
501.7037632886968
500.0393306770782
500.6596130246945
499.2222718330113
502.2438843754311
500.0028570189766
503.0184555898313
500.0771590157995
503.1743906865181
501.5168481271551
501.3442537510405
500.0597457452706
499.3766624410958
503.3705646514525
499.6921947438149
503.1310611949615
499.3492533265635
503.321590518475
501.1424157452647
501.1431211173022
499.3429977542951
503.015513180325
499.8913212291137
501.6761206657021
507.1385262258268
501.4998550625798
501.0334311913135
500.0149896482031
501.4096113070676
501.223758685038
502.2667999679798
502.1346804156482
505.1455432312372
503.6535184479618
499.1722125131392
503.1839295711706
500.0524229520438
501.3397366612845
501.0766141443336
500.9622438237886
501.0186045314729
501.3579049660395
500.2777200027042
500.2648913791894
502.1860682699752
500.7576571876411
506.1542398317424
499.3899064076875
506.404285380963
503.1391722001059
500.1266759217851
503.4102687267507
503.1623530648473
500.6179364216559
499.0705655244632
500.3853729298725
501.1695882734616
505.272024190222
500.498836128993
499.5043044967034
502.0502021449087
500.1411181586187
499.2015647083918
500.833962927469
500.0169409463325
499.2513225267027
501.5864496609742
505.0672637431593
500.2097460699618
501.0915713451845
499.045607279794
499.6958915113754
500.0151671683681
500.052216646704
499.2053188662933
500.2850867719929
505.1871961471049
501.1623621677006
502.2026076913954
499.4126369754351
501.0305145319455
500.1485877256856
499.0622320533104
500.0372949943863
502.0597975388717
499.385500753159
503.2688384521335
500.2196717052261
501.1203412749738
499.0812799359089
504.1880129223356
501.281688032361
500.313818047565
502.2238817319324
502.074642646466
499.0029309357654
504.3020667578907
501.4157759952834
502.4324540068617
501.179496841539
502.7711229212006
499.002260404322
500.765342893055
503.1643179202296
504.0308301590423
499.0104911340463
499.1808489058745
499.7056450373069
502.0990117097878
499.3454556582894
499.0699394130077
503.0024317673842
500.3649485443541
499.2384101038227
502.3611472548643
500.0080175934249
499.0648327361181
502.6322176030524
504.0085693004185
504.6101891333142
501.0657304140685
500.0611136527331
502.0504452597311
499.0311269911606
499.0647417407536
499.3577372802318
500.4908431895456
500.1443945248027
500.7163485989259
501.3113121415728
503.0512514936967
501.141329830006
499.0410524613782
499.2743818953551
501.3862555649434
502.038130343519
502.191525135975
503.0747256271259
499.6515917181483
502.1185976350561
500.5113108391234
503.047771689028
503.2495868371747
501.8008097586682
500.7398465979796
503.4193491918068
499.7155390921647
499.062188754639
499.0222665213603
504.2994778302366
499.0737754627742
499.1597407317272
502.2918475162064
502.6618626166457
500.2601009790527
504.0970170453529
502.0644695814074
503.1205419315403
500.1612011080279
499.1332184983618
505.0937073102136
503.1735912734891
501.1425624853052
503.4870498595236
501.3044918606535
502.1249130587302
499.0095033536
502.4767322610001
503.1471904743913
503.281385189549
500.0538501224026
503.5647384492617
504.0163986772672
502.4192789374871
499.4895829856493
499.1228263143401
501.2074110299254
499.8661956028854
505.9754054914928
504.7734848316649
499.5202195532182
504.1856869225205
499.3842090905845
501.1609083837001
499.0379722220366
499.2843969984941
499.3127929562106
499.2512258261986
502.1156415720544
500.0616655962157
499.4692127435562
502.40525606732
500.3613946733086
499.2254955970875
502.0557979882664
499.7047829531058
500.2055855326392
501.1144965656678
499.9243180932773
499.164069946224
499.1139957906301
500.6570177992984
503.0207024407795
505.2807825172179
504.0110981060794
499.0019553508634
500.0457771464719
499.0319418875159
501.2024917451946
501.2463541539273
503.194323166667
501.8459670436353
499.0118407305438
500.0257459970863
501.2411733050682
499.4867494884226
499.1683161781953
499.2085505828587
500.8788045554429
500.5362948566907
502.8118317964904
499.9269478197162
502.1103932205464
501.2647528873799
499.1683554009703
500.6265130531177
500.058070389746
501.2649073478291
505.8742515284221
501.2123742727799
502.3879420091906
499.0708553672516
499.5330266962775
500.0282333877319
504.1654061126883
499.1511845001718
500.5118124895702
499.2623756216346
499.6324285799986
499.2928823464881
500.2977461144295
506.5191498660227
500.4011989132619
499.0029512010241
502.161277559376
500.4192412581633
500.3477885016873
499.0245923228413
502.5282837903386
502.6689626335498
501.0352201958386
503.0091518022764
499.4472645933065
502.786325554968
500.9555699384338
499.1577491993372
499.6416765206772
503.3778100263037
504.3670607743931
499.552423185213
503.0918626910025
499.2852595100168
501.0427503261762
499.1221669054389
499.3527114923225
499.1644076945964
499.2517843997734
499.0387881651143
500.3447054948905
500.4126315442405
503.2909998070647
501.3718234439285
500.9998601198462
499.3894727190257
499.7326451930929
499.4243431395824
502.0042061528006
502.2003720285718
500.0543098241436
500.1008115150221
500.3752844871826
504.2905876775686
500.9768540631687
500.0582818138674
500.1373507001395
501.0417911455153
499.369599994206
502.1362423356146
499.1756154922789
501.2820715087885
507.1161785302766
500.1216086362144
501.1366679441493
499.3099797867579
501.7464367906067
499.0594676338892
501.2559901916577
500.2189640288927
502.2262243461589
501.8775014430429
499.2506840838269
500.3503649751089
502.4896991199686
499.9726493770958
499.8967104221141
500.3101103373047
500.6445242957927
504.3645295624706
507.4783786387139
502.1692263775963
499.337894952093
507.3702880709993
502.6959921103326
499.1706902098456
500.2012167529224
503.1870168269343
503.747013994566
501.1076393831697
504.7471848864005
500.0301217646723
499.0486949629982
499.3158892226454
499.2000833943547
500.2382865514234
501.0717434305302
500.8130404417057
501.766111879561
507.1222928116516
499.5778675152783
503.576863563858
501.6660666242016
500.2487384038658
500.0353222570383
499.3460906179925
501.2090103767492
499.0591744086568
501.2964494640483
503.4787055343289
500.5346666422693
503.247435549148
502.4090319780783
499.3432888137079
499.0724106226637
503.0831145472754
499.3742395381519
499.1543612061748
500.2460822594614
500.1167933974085
502.7414710762104
499.2374885867913
499.7825953395645
500.1513029124228
500.3858071389892
500.1598166948425
502.4041627389985
502.0927791636849
502.9878154560906
499.1048639123053
503.0545427244467
499.2927176453389
500.1206698849882
501.957625939073
499.005743212233
499.6521311890882
499.1291724078133
499.6179444653715
499.3072443183195
499.1803173102803
499.0143535074338
502.1752996513533
504.0967384062886
501.11880800823
500.6973616584716
500.1015495807965
500.0137723126864
500.5891421537658
501.2127401329226
503.1974196284002
499.4371499209961
499.25279444749
504.6263110177237
502.0740126597214
499.2675265711275
500.4878967172448
500.1438300607095
501.0040754854108
499.1539333699218
500.0482547962649
499.0057899401879
504.1451729310418
500.3197597609866
504.0513178964296
500.0415344248547
499.1952169468002
503.0603540236722
499.155243276192
500.0518112396229
499.7217254191477
503.1725241540477
503.0467154334052
501.1118967669898
501.4979682097008
502.9266816958724
499.9563295385918
501.2657071054735
507.1719690627901
500.4425251491639
500.2742663580885
501.2475352858814
499.0550012154122
503.2604163241363
500.0620010995843
500.2085291199899
499.8290389046817
505.0825877994965
500.7577139005446
500.322872726384
499.0280505501206
499.0245455321333
500.5096590126916
502.0762313667776
499.1732403838237
500.453478379287
500.8667011733417
501.3363989126298
499.031851106635
499.5284867650769
500.342014878149
501.3004914242016
499.7209172059191
499.2575962103757
502.8833847869457
499.7767924942114
503.1426385434505
502.1846088036419
500.0578899288936
503.0723308800996
503.5806800412246
499.6295346868338
503.8662213055624
499.6985724729446
499.1519848043066
500.0737572710989
499.6512662301877
499.237959592949
500.4513993754329
504.5451916636704
499.496961716043
499.0998947891277
499.014165793736
501.3755556330089
502.4557128115212
500.2917262314361
499.711364765765
500.1117795761756
499.5850865736825
499.1985539802895
499.2321124879699
501.2638708235461
500.0464211100216
500.5227523179276
501.0320802496448
507.6332728725266
500.3161756683047
501.4720124023904
500.130634218711
500.6896328834329
499.0483076699946
502.0794545961679
501.1988634128941
500.3222043733078
499.0645321151114
499.1197074045006
500.8444322577488
499.4614425886443
500.206246819114
503.506179942803
499.3728624631128
500.0014171961684
501.8082990183691
501.4620177893449
499.0215805515274
505.5200674652308
501.3149436285111
499.3660305211848
500.4158044836817
501.8725534454191
503.685560743879
503.1191647990412
502.4852636215396
500.6055788975987
499.0925400675846
501.4493294631872
503.1522292648048
500.7220803148157
499.3431914994425
506.2836794764754
503.1899990767686
503.1791489488633
499.5602767443316
499.3601588061895
504.3397054940207
499.1935392996598
502.1028885961373
501.7913271196819
501.3434291676885
499.292731922187
502.2266480432443
499.7651152470676
501.1442526980732
500.1249079030383
503.1061987507201
502.4757145720629
502.2333163193324
507.033972159485
500.0458650628261
503.8143068136571
504.9526225943485
500.0224698407324
499.2892750645822
499.0434776201854
500.1369883177754
500.0122297446709
500.4628349085166
503.235286352173
501.2325797274935
499.2727070544886
501.0110992315026
499.8678392758117
500.7782388864956
500.2217980084743
501.4651462482821
499.6518782158731
500.1844686363439
501.2597875031213
499.2278832461686
500.0827988521647
503.193381647759
499.054144625993
501.0040631481083
500.9196396658268
501.0232015727138
499.2149016002563
500.1538784084851
503.4646411532519
500.3593145466895
499.1012259280043
499.0698435214175
501.6853441089976
502.2519979849786
500.0699252628281
502.3806703104379
500.5664400688785
499.651004800925
504.1649014503164
501.0216111025853
499.0405128266358
502.0390424122483
502.1083985265955
500.1633193880706
499.0728057721892
500.0325712756375
499.4043909300822
500.6917582702113
506.3954810739145
500.5950716017308
501.0008960162354
499.2449010440303
499.1797372138346
499.1838097227125
499.1238165672742
503.13893290327
499.7128726044035
499.0965801566968
501.9486139036422
504.381885399781
500.0453606822372
501.2686863488612
500.0991391934795
501.0025582471459
499.2879878384388
504.0654436985804
504.1328520205921
500.9824244758075
505.4730630100634
501.1087367085757
502.5519731221127
501.2074551708791
500.0947515348046
499.4471256236832
499.1890931340982
501.6544784455457
504.3189752462973
500.1281491159879
503.123192197067
501.1917026185367
503.4793805181556
500.062152423848
499.072600932869
499.3199980866241
502.4584495566792
505.0251814903164
504.4825352165932
505.3125421457729
499.1838873198812
499.8862352585416
502.1441428444734
499.3215916749417
503.498220852159
500.046651659775
500.3430614455698
500.1168028914711
500.1973691971427
502.4352713489383
499.1991327636128
503.5713085285391
502.1012285171978
501.6308574199314
502.6467159001641
501.0803265591465
499.0207865284273
500.3213990864967
501.2825327988905
499.1067551791177
501.587335254024
500.2722486695992
500.1796555212707
502.662380360083
499.8012491140249
499.7611309213491
499.7918936867489
507.4768079104487
500.2348236358041
499.5449839872676
502.0656753643919
499.046309921058
499.1123173203005
504.9258938314463
500.1966202902291
500.8868569369175
501.2692436550784
500.1356280334247
499.3949411878072
500.4174163696729
499.1209495034011
501.0674070574351
501.0507679944656
500.005695483535
499.1975771887895
503.2879612474571
501.7948069991721
499.2127997408272
500.2774405053947
500.1847794998681
500.0467502769309
499.3441152244598
501.0979024060857
503.5449470291447
500.1101276108586
503.6251691701711
503.3443627964248
500.2565304452386
499.0979309698625
500.7164479080868
503.0785352940865
502.2567262157376
507.7787607452398
505.2074915710547
501.9933207224683
500.8214821193691
502.0788566461557
499.4179147230943
506.1034762768962
503.1164478964552
500.2536823211881
501.4175067575624
500.8535646511905
499.1911393433661
500.0010965586116
500.0392166099556
499.6867054779125
500.8084464424805
500.3828476161124
500.1284463188322
499.1780558255003
500.231956737356
500.3514628752295
500.7566087355225
499.096031391344
501.5004674070001
500.072666314168
501.4725999075059
500.1312106143041
500.4351956064878
503.2639654521686
502.6020568364798
499.0215794956701
503.33725711559
500.0592789190541
501.1076139501063
501.2721406773782
500.0502864346378
499.0239952779245
501.4192262672137
499.9586044927412
501.2277394721491
500.4303191701607
500.6399649580296
501.3965892761129
500.0208519952439
502.0270359992014
502.4948834250267
501.3858234505564
499.267886858446
500.0732689656869
504.3506916653968
503.5415318338553
500.6852337151528
502.6727087543162
501.4598790562511
503.7072156271274
500.2910520711548
499.2895468532653
499.1369623355787
499.3240375968769
500.0086138793238
503.3617294770845
502.1284808880456
499.3653870753605
502.0908226540057
502.2049640124787
501.0049977021042
503.3018961335067
500.0207200128286
500.0123629573161
500.4448128761121
505.0514086241981
500.4610203546199
504.7613894006742
500.340434364109
501.2780117569626
502.5125859579368
499.1033726921813
501.025505536711
504.354266869108
504.4528398880921
501.0822597878152
501.1219685982622
499.0845600195904
503.5853851100092
499.0695277529355
499.0677527622083
499.5069002256184
500.0512626233088
503.4776906167627
500.4539765557786
499.0059994839898
503.1240197323448
499.3753427438016
499.3316749494179
501.2806439371565
501.1179353387665
500.1589437386207
499.0152788380332
499.0175074462595
501.2294186958701
502.1629069033888
499.2447994383588
500.2437476260675
500.7640314534486
501.035233631237
499.2333438598123
500.1204939974311
501.4061653269388
504.3376410121009
500.1549439839531
506.9789233547096
499.3990225282631
499.3330227117865
501.6753757183425
503.0521056797276
507.1932179201323
499.9173547689722
501.364499226168
501.1982138772266
499.4925296816423
499.1583322279569
499.0183995247761
499.0044540931791
499.3137745803116
502.0973817450525
502.1474573744939
502.0868719947589
500.4772107606674
503.0702620777858
501.3654381367054
499.0352606555624
500.0566149293091
503.146489716797
500.3243901507563
500.1940343912868
500.0609025740931
501.0063469672559
499.7392442994563
500.3945542986035
501.2705723996324
504.0153338053861
500.0276378808725
500.142074087239
507.2877611976086
502.0115392403303
500.2071252481228
501.2757964610023
501.2280224572646
503.4004345297009
500.4622410422862
501.0138623539776
501.1950287364359
499.1207426572603
500.2258174557277
500.0012829767455
502.0317726230803
502.1415028172634
500.3690058356722
499.1018124280562
500.177553152571
504.2724371107068
502.839634135418
500.3014396756108
501.0569091226289
501.1630167654069
501.0685874004938
503.0519405951654
499.081738553034
504.5172202418827
504.0688553560639
500.0562067065862
499.0061083237043
501.3484121759213
499.2517641041666
500.8610446515904
501.814152545905
499.2209394002396
500.1162097533322
500.5129153867543
502.1748839769094
500.1113181289635
503.439579159695
499.218408429577
499.0765230987252
502.2751437708534
501.5829674954868
500.1208911250337
500.3403009703005
502.0717214338514
502.0912565915185
500.0065246884307
499.1345236315597
501.7097669179306
499.2244504705156
502.5724639482689
499.2249275675807
501.2646816485019
499.0578600863733
500.0468116477441
499.6113763486555
501.2363435997623
501.3460865439702
501.2977025641119
503.5018141042822
500.6899258746523
500.1732620558693
499.2252416302518
499.1445199942901
500.4876814380216
502.2176492389689
503.2108534320412
500.1604528109408
500.0201048708465
500.7665734007489
501.3578768864779
502.7695361837986
500.1071746145652
501.2646492003776
499.1128582293687
500.0149384400589
501.2643785581361
501.8746038383568
504.0015899161982
502.0307419894991
500.0012480909271
500.8920629730556
500.3238086847596
504.2142434806087
502.5828252158721
499.1350521348738
499.3070365347388
505.2886155270708
499.3985499571464
499.1255712207652
501.9652327531164
503.0966347567295
501.3907247521282
501.3157357521317
502.5000123290462
500.0650295915598
504.4407423228248
501.0992360326121
501.1050675160295
499.6676437309839
503.3087456472616
499.3850296033938
499.420833892358
499.220319570047
504.3278471701124
501.3971580036971
501.5724356997754
505.3722422688788
501.6004384798812
500.1742104067237
501.0342151127701
499.4035228754754
499.1224991973244
504.9470764983122
503.1140330953152
505.1330026526587
502.2520018761188
501.2112097257806
506.0350160855087
499.173975683119
502.6304579440646
502.5139254996761
501.2919579806033
502.3126345431278
501.684155693152
501.3706156970825
502.1318926832649
502.0665611633451
501.4010306269228
499.2264101140782
504.4692358948898
503.0794413436957
499.9276291722231
499.2695026194274
499.6531823383224
500.7946876707591
500.1085591703356
500.0288934133322
499.0286355137354
502.6288901921487
500.0735917846121
500.1613381662516
503.2741803341547
504.2597340128046
500.2269685273526
499.4271626305975
500.016344325297
502.0763551224829
501.1903096124487
501.666592289056
503.1531763378218
499.0753964908716
499.1862920378123
502.9379358735563
499.038991171477
500.0978408585154
503.2679594770834
499.2142006073433
502.6916034237493
502.4511648288697
499.1020510409248
500.1502815713392
500.0075083309227
500.4748750745017
499.0718638481179
501.1005450871307
500.3418005386681
500.1986363837236
500.1171009061083
499.7684838299604
499.2359633383978
499.3126305377677
499.5958902054804
500.4318229341096
501.7790735747502
501.5327636002199
499.8166460375723
500.0108727491527
501.0256446878773
499.016780725147
503.122937996018
501.0444841051222
500.1332012038949
499.0513249005722
500.2285469119881
500.0335532400664
500.1574827115411
501.3902780885238
500.0695234510206
501.4460075469513
507.0911623430555
500.1102184404608
499.2853798528768
499.4533330953577
499.0580164010167
501.5378498210216
503.8490062945293
500.0162778747485
499.0792128869099
500.0487665233958
500.5740390109838
499.273982450225
500.4320323007306
499.0613675913348
499.0306470694525
503.3856528155736
503.0686351581232
499.6968955034336
503.3676808067272
503.1960238503621
503.207210758579
502.492179305266
499.3213359290029
500.7043025035837
500.2706713017492
500.0092231012794
500.0956871527751
500.0837688473337
500.0325210677358
502.603476439816
501.4929693220791
503.9806570551829
500.0335232923345
499.0937426689315
507.0895240560073
500.2363066182127
505.519670921815
500.5248509667247
500.1736350286166
499.497110831208
500.1489340730265
501.5313885600544
499.0236870838321
499.6215891960164
503.0755649821876
504.11236298823
499.1115832519396
500.9227412883385
500.1813070409947
499.00882362312
504.3700914123669
505.376095013487
500.6608121557827
501.0525413733222
499.7563647707193
499.0789024335482
503.2223539960845
499.276702392094
499.5999942184815
502.1003120737602
499.2165681526432
507.3881644250428
500.4887180487785
505.2915890253169
500.137445658662
500.8000847215634
500.2182326388302
500.1648878645335
502.0765349184729
499.4443472391802
502.2681409407656
499.0554447337407
500.0421965705529
500.2273430151021
499.8285011319373
499.1531779916285
499.0073360007139
499.8133373030326
500.359472981429
499.2890832460433
500.0042939977027
500.0574314878487
500.4947970999535
506.0444256404392
501.631676172631
501.1760806297525
505.5583158753827
501.2714731908914
499.5788936422321
499.6967477192836
500.2669334140237
501.5260141415013
503.2852107814427
504.1302897042358
503.8279901472716
500.4701905237409
499.0187406461521
500.0561575990043
502.1765975251697
500.0300496543591
499.7235381259339
504.5677147536442
502.4876079888473
505.2433187652632
500.1584661978413
499.0738681806841
501.0700019361613
500.237647309798
499.0583152349852
502.6375002741293
505.0188105299322
502.1385716866194
500.2527037590753
501.2091263953932
501.7270767100033
503.160066881477
504.9167102053675
499.7807123529889
503.0157680556832
499.0318638809222
499.6548925282257
503.0876495656761
500.1287499687083
500.4385661063002
499.3356582088567
500.001084768467
501.1141195122777
499.3573012550557
506.0267954008312
501.1431707347938
503.5078308780106
503.3249223740904
499.217025115256
499.0078653856498
502.2659163725663
499.2561525308389
501.169285190092
500.082709333918
502.0077765616624
500.2165583020512
499.2038451910414
499.449634818889
500.0279813969502
499.2069077661815
500.4175864336326
501.3177569694587
502.05617309159
500.4064341960888
503.0101587495469
499.1211711149434
500.0536966401826
504.0047693881716
503.0296695354504
504.7171036208957
500.3820778600336
500.0724725558741
502.0556710720803
499.0135697197209
500.0667393652552
499.1091104648479
500.1676035162012
502.0431396211225
500.1776110330089
504.0739183315326
501.1412478466045
499.143306561263
499.0568018880979
501.1858909746974
500.5686186588931
502.1014281650462
501.308769482877
500.0215477976191
501.3641379135873
500.0784848984571
500.004071519652
505.3698047010424
500.0150801012135
503.004367761069
499.0984663753687
504.2805215965955
499.1113889062688
499.3943160553363
500.1934523012744
505.4599014016261
503.4590906898184
499.0443533737399
501.2719949328272
500.4344862389696
499.7605179734481
499.1087224141173
499.6116295755818
499.2420146878077
500.4481824885476
503.5732481383061
502.9824473799323
500.2741787909301
502.5577105944409
500.8772004114887
502.4626139904818
500.1625508713728
500.0639858534857
499.2006377438839
499.4918619889852
499.0805944231948
504.0153580937661
502.4978550174101
500.7156119384184
501.5633476564269
504.2687840776157
503.0959626454884
499.3142552153579
500.2320343908522
503.0824637442176
499.890897749923
502.2307882828055
501.123083781112
503.0413173922146
499.6147499658936
503.3469404502003
499.7260795716643
499.0772964925279
501.0603034295954
499.9456037456437
499.6561068581218
501.2091380769184
502.0489797820993
502.1299672682069
499.7645540166557
504.055109318659
503.4559839818567
500.0012619949
504.3094145374739
499.6380283230028
502.0304295120433
501.2249982485378
499.0446875976069
502.2613032590524
499.1917645966841
499.0160667517001
501.8580192972646
500.1978278253662
500.1175411150575
499.0853238096408
501.1418757723986
501.6869187358004
500.1080244080719
499.2240680425267
499.3555395975358
501.7245391542544
499.0096904382275
499.0569162001126
501.367570257676
501.0119934310162
499.9466836867416
501.6212022921457
500.6770161220948
499.0474383770442
501.432660533769
501.3912028137753
501.411409137415
502.3249603449782
504.9159679443844
499.5235412838034
499.1225037412832
500.2626293524418
499.110320158326
503.0446599695603
502.7607941288962
499.4569465641006
499.1120786358059
500.0921453109773
504.058527242224
499.0703144729925
502.3297916071383
503.0095791264516
499.3154633413421
500.2902702360178
500.6238878749184
499.8464373925271
502.2649674919831
503.1143201642799
499.0975211912634
500.5506860779593
501.101711461193
503.2310946160498
499.224882434892
501.4062992362528
499.3227849296893
500.0108908013837
503.0709704179234
502.0677795013026
500.2984729989672
499.0789659365809
502.4444151899737
501.1429023387639
507.2721279492075
502.3310220127075
500.2070115687387
499.2811938043185
503.0003339565431
503.0693918420747
500.0388962423441
499.6939669058379
500.0651190695646
499.0812632691005
500.1561112924381
500.2119314435585
503.0800152981308
501.4760737599425
501.1154467925168
502.3207762867107
504.204594762524
499.1344812153485
500.0124327239598
502.1885305318615
502.1411077175337
503.2738212947197
503.8088371671731
499.1704283502226
499.1061961076547
502.2878633682744
502.478341281146
501.0400116964574
500.5830500029945
502.5535252238203
499.3031150017646
499.0758020459211
499.0885934804052
501.2364306409319
502.0411478857221
501.2210393791388
499.1385156777467
507.200871720092
499.3713658074531
499.0081979053429
502.1238550938762
504.0448487005957
499.8670584126704
501.0420285387241
501.1082886287522
499.3754928434959
501.5560886030166
502.1493264679904
499.45916127764
500.5814749236108
500.2647084635565
499.1326511361324
500.0656071049777
499.2413767357306
500.0031071551049
499.3370877903309
501.494641332109
499.2275464358605
499.0350510302671
501.0141775578159
502.2314566481593
502.0652395026937
505.2053572621675
499.0854293960554
502.2492519040665
503.6798903672943
502.0196284730396
500.1765357212991
500.0044539047699
501.5375283867861
501.1116684355071
500.2122144900923
499.2636448310975
500.4540096207696
499.3273717953502
503.6812328783506
499.3829888808307
502.4583073721053
504.0469028336618
500.088823214634
504.051082547539
499.375888238982
500.1462963085345
499.1358020974487
500.6797098304166
502.0646700892808
503.3220742224988
499.3980774965732
500.0535581724665
500.3000477797306
499.1698283237664
499.0477092387923
505.1566002127188
502.4571589457579
504.5205062058105
500.0734170751506
504.2513388951089
500.3389503450703
504.1756406957702
503.1822384615619
504.3339504753468
500.1220811272889
504.1783558767195
501.093388491104
500.0044938054298
502.5006972681527
500.1764120330411
499.5656372059008
500.2838294488943
500.0538316344584
500.2710937483362
503.2009758509785
499.1130967360521
503.0965858854449
499.5852041106303
503.3052741289264
499.0518544122465
500.2336733473872
507.0476937857688
499.0067503637653
502.525964500268
504.2359310929467
500.3810748434632
499.0351758380245
499.4337943299586
502.1924315064777
504.2962650972717
500.6991960796929
499.2361515266834
502.0754791165729
501.0466487440182
504.2146657127259
500.7861872694574
499.4969552044218
500.0196391552978
502.0185005857713
500.0277605709488
502.2830916412709
502.2610082829347
502.0212043892731
501.0035015210805
499.4459196103884
501.0623757722229
503.1787504319677
502.1090541831719
507.2195195354944
500.0964821036052
507.5506423894562
500.1642966477879
500.9720113933182
505.6798284757369
499.5040655529705
501.5442063867549
501.0866503578414
501.3930735977352
506.1287686468617
503.3757453271857
502.2040411401918
499.603133921227
499.0333869126043
501.1426525778127
500.3439547820126
500.0856804772924
499.0082654721768
501.3096419888162
499.1259095761029
499.517974927745
500.4213768324444
499.0481405315177
499.2632965290497
502.4840972773665
507.1410096947131
499.3331122585323
504.2834939426549
499.0832940680099
505.1056698706145
500.2632288460088
500.5854355213107
500.9131656270407
499.3331496935589
500.0326417090767
499.0516474863074
499.2017788818816
503.0176613678407
499.7819253548226
500.4623433717106
500.1980811925774
501.3536850923801
499.0021624305987
500.157568336746
502.2864339481635
499.0299571079558
500.0538046991454
500.1693741393505
500.048048455818
503.0768224752388
503.3825619527652
502.2269920650016
503.3014993419971
502.2465210577528
500.4834001560918
501.1119489383246
500.0666226147574
500.4444656539775
502.2735176918393
506.0811896121082
499.127509817048
499.3400844829101
500.8877846710951
507.4284465748058
499.3782818996123
500.2021967075408
499.2390148083657
501.4486030079557
499.3026473829355
500.0080540795063
500.598134836617
502.0186819471895
500.1336044421777
499.1318133991988
499.0819969727275
500.0474592940667
502.0835942423802
503.6170416983275
499.5481561232138
503.127460520915
502.6309489803203
502.2622058254918
499.4222354633064
499.7462598025708
500.7337763832987
501.7772448648502
500.4273891570874
499.4061050435732
502.8700642993099
500.0770215857158
501.2894304639818
499.1531045634221
507.3266406223714
499.1519818849801
499.3493343518959
499.1051533966335
504.0881571897723
499.9835274491002
500.1079486402127
504.188210635538
501.001940231811
500.9572126934705
501.898846925122
500.0120194826433
501.1519816305345
500.0367926349769
499.00178849937
499.093694344985
501.0542672458497
499.3097318510498
501.1603399537153
501.217586370301
499.5580340317707
503.0033983972034
504.1059369423151
501.5361836912929
504.8042214953669
502.7870259811531
500.3871799277503
500.1353133600188
501.460033177516
499.1829485251333
510.1294248569129
500.3250326131275
500.0085708162803
500.6129584126546
500.0016565469301
500.0594309564954
503.3988833302101
501.165330234474
502.2358816831688
499.2659670414459
500.0379463133032
503.0684735725021
499.2117258075701
501.1854813132068
500.0245105800314
500.0137687938914
500.5107304216509
500.0350239212042
500.130593702915
500.0517991573972
504.1878618629371
499.3472140467686
500.7496806678
502.3807136435395
502.280242272427
499.4965335759143
500.2109217871133
500.3794658240784
500.309255968293
505.574518946611
503.3273239947495
503.2343991492126
499.0137766448171
499.0210945596002
500.0689922289148
500.0742822191859
501.2542935818893
499.3648666268114
501.0167831196305
500.3733986199789
501.7307020598734
501.4119066882004
501.0466367645972
499.927921298462
502.5332004629312
501.0245037515003
505.3656398061107
500.0533695054081
503.3774180686346
507.002562024512
499.3154736796757
499.0848642120313
499.0648473688573
499.5330793422016
499.1858381851643
502.0161657433461
499.2159314680705
499.0332441354585
500.2758355163887
500.0106073531659
500.2923234649374
501.4024518063383
499.5865948822791
499.3266344903518
500.1131634612321
501.027718815162
499.720883595062
500.8105278762275
502.10219804492
500.1984663746712
500.593972545216
500.5402864712112
505.5654042750224
502.0609397584097
500.4307089128121
505.5429591307993
499.5504849687801
502.4350217445892
500.3035512690489
500.3658097111483
499.6076168694795
499.2844271244136
502.0080024649301
502.8041928351332
503.344613782328
503.8884538059101
499.1429513903852
500.1256584048749
499.3996422020261
501.5344011271587
500.2319077524573
507.6505486035847
501.0795894620813
500.0204342212068
499.3861424416467
500.8168532872849
500.8112493523211
502.5628643704297
500.0902972609346
500.2723230055859
504.5416049138687
499.5784874094648
502.2310542902635
503.6983061463049
500.2290945222746
502.0375469605175
503.813290561339
500.004139192578
507.0012742761804
500.1278084713026
501.7685898208966
500.3485440647502
502.3265775637802
502.6773274398807
499.0486667591754
501.2244080471721
499.3961086025373
499.3335222891267
500.0222506075586
502.0442453769809
499.5656278697688
503.2478843847138
499.4689738427591
499.239826649683
501.7140879396446
499.2173084267297
501.0757250744732
504.1612362529871
500.8769132960759
499.2196855937158
500.9748263925192
499.0597471626503
500.3062243310176
499.1980996916803
501.361316157954
499.2251358241587
500.2174379660808
499.1892248281935
501.3774060256249
502.4132604948225
499.0035157935703
501.0159419589591
500.2303348872481
499.0109030828263
501.556363832411
501.0349877892668
502.0809122679489
499.0124049501391
500.137498690405
500.3011676077626
502.8672209958884
503.424404841606
503.6501728944982
500.6549210439355
504.1111137474869
499.0595146103842
499.3813923665021
499.0011642988153
500.123944218864
502.2634120639292
506.2093753173625
500.1334578698227
502.2247620105321
500.0013815478689
504.2191254289979
499.2057797713842
499.4982123215638
501.0634034824606
503.4144852871918
499.1523312914629
500.1434387717152
499.0940155973262
499.2137116133839
502.9993680651181
504.2972720473991
505.0884823221526
500.9588718127239
504.0626531029015
504.5850376451089
506.2187712167446
500.3376485427744
500.6250063901674
499.2285396956107
507.3703811220054
503.1250161437131
504.4262778806059
499.0258721397615
499.9999493812351
499.3516421029045
505.2640194287598
499.3685196000407
500.0565566666412
499.0291545464296
502.2013360145386
500.1132142711758
501.1239529657387
