157.8474695590907
157.022840527765
158.0516092023533
157.0095296608942
157.1888027926139
157.0170386102974
157.2098356096653
157.1766868585029
157.4131608988688
157.3271220412699
157.923100520287
157.0818306659027
157.0613883151499
157.0384227926179
157.7378526853846
157.0171503418196
157.0767641695062
157.8811342761198
157.3363193751847
157.2757123023714
157.2089097384661
157.6349697218544
157.5466451968338
157.4668744577427
157.1904955520174
157.0544873901302
157.0333593953338
157.2433326848784
157.1097019627798
157.0058844871926
157.0748036332311
157.4579462568319
157.1771321936401
157.7983281697408
157.0851458181108
157.0184012449064
158.2738636261598
157.827802955255
157.1123053756702
157.1993420153819
157.1846938575611
157.5198711793127
157.5061222775951
157.0563682209097
157.3475129239677
157.500483201408
157.1817475084231
157.0591450199285
157.1092667589608
157.0702730322831
157.5174981380823
157.9993305738919
157.4329420454258
157.0412310476729
157.2493092213099
157.0579427459817
157.0958471090835
157.1958897109124
158.1139973238938
157.8300570203504
157.5991467446325
157.1407279308126
157.0053084224711
160.3630350838957
157.0777323195735
157.3286414342248
157.1361407321203
157.5630286217523
157.1733807940497
157.2790119311466
157.4267855925432
157.4395845337253
157.1999264441509
157.2866902716527
161.0227303932555
157.0527109780825
157.3231009827861
157.2808226225259
157.161816266098
157.0617149040015
157.0457823574166
157.5281451382644
157.0860386332907
157.4847044428769
157.9024744160001
157.4030668452172
157.1639436184374
157.0822636631713
157.0685125747683
157.0260135806845
157.6861199992634
161.0617947494992
157.8872070179128
157.0381815062382
157.0775681079647
157.1049254998524
157.2841589832571
157.0907090111338
157.0724583398336
157.0772437813643
157.2397674216913
157.2108132813831
157.2302886767204
157.3655059842753
157.1440494547931
157.2851402830682
157.2833823659521
157.5616272054016
157.3832384843462
157.0827149823059
157.1785280067639
157.7059203664724
157.3009814579265
157.0762156696402
157.400985973832
157.9320124910024
157.4490617577203
157.0959909162316
157.9931034895398
157.2673142531346
157.6380977291309
158.4154533194001
160.186785475844
157.0722167703464
157.2282012238036
157.2750012338124
157.3446762203271
160.773681998687
157.0599937049277
157.0925560459828
157.1632792237324
157.0135573059608
157.9976021498861
157.1622117865276
157.117511108393
157.6343957578413
157.0756189626536
157.0266598203533
157.3405654192035
157.1801959875295
157.5918006610611
157.0480525023253
157.0516457373671
157.8446181973099
157.4883595660832
157.2589071453146
157.348274481579
157.0524314099488
157.085547947177
157.5623718978849
157.1081711647213
157.2328754539695
157.1193453595121
157.0898240183584
157.0244546946197
157.0244677929501
158.5081813547326
157.2420457979445
157.4423787737989
157.2711319029265
157.0403542346125
157.2595597925582
157.4729670174294
157.0040841228536
157.0852887388394
157.0834166522922
157.0470442170837
157.1296288375789
157.3654113561447
157.3742435704327
158.8026579565376
157.1863002805986
157.909351081868
157.5216020811057
157.1291807434944
157.2134653166947
157.113112053724
158.6719109827009
157.0660059505969
157.1218384467158
157.1865591075781
157.3857079226911
157.279303518324
157.0720650982174
157.5731936873167
157.0075253530998
157.0091115747978
157.1270844530706
157.0897190960108
157.8024730379711
158.0140693233527
157.4711962842564
157.0384991163243
157.2189083443303
158.1586698977404
157.3590898440807
157.2039970667228
157.0962029644166
157.2377355933813
157.450793005135
157.0947809154629
157.2280673976538
157.0615050945044
157.1744668762204
157.7074444160107
157.5585517412485
157.0469238851699
157.8638303847817
157.0464530732084
157.2665233999908
157.8174130879949
157.1082119730837
157.1184203467816
157.3406060978777
157.3428171737568
157.0174999206846
157.6023328207539
157.0332991313954
157.4804372667242
157.3911861283468
157.2215685424767
157.764238397736
157.2677077955274
157.0137527764966
158.0284239269145
157.0305915772127
157.2518607413585
157.0401059328652
157.2227349217651
157.1942043361863
157.0348735740029
157.3328147366598
158.8563320027428
157.0289494299542
157.0200209260755
157.0026206963851
157.0178562371794
160.2111932841786
157.4351403037903
157.6007546836436
158.0227358993482
157.022131106149
157.2142154811204
157.2900445949787
157.6829180627583
157.0495957169637
157.438031607172
157.0583824791462
157.072758556056
157.4421485172656
157.1347362904346
157.1833632194586
157.0461783006396
157.7694993261474
157.5553001045669
157.0589267420456
157.7139083547358
157.1789164460471
157.128351191556
157.1191895770263
157.2617282984248
157.0779973352495
157.0700437238897
157.4026577785235
157.9232890154362
157.1574500909247
160.0377337027834
157.2406728132737
157.0404444098714
157.0940404690942
157.0585752219253
157.4460925101508
157.4048793381789
157.145218698567
157.455022956154
157.202745583205
157.4562036525846
157.2578737186625
157.5795330362286
157.7731685133165
157.0826783599239
157.1293602542779
157.1162150481265
157.5107731704981
157.5534490083941
157.1441515131847
157.3424612818938
157.0780975979702
158.4738809912826
157.1566988485276
157.0725948363418
160.2916182268616
157.0493780990458
157.4291549589255
157.2716745621065
157.1779887167627
157.0108310016354
157.2592216780604
157.1219688790385
157.0017658975995
157.0167540412999
157.2008656614699
157.3839029196477
158.3262182620498
160.0500278187689
157.0516561010147
157.225120632905
159.0363631022021
158.033545731327
157.0487874374974
157.0001051093676
157.2268874073126
157.9323867201113
158.1672837114361
157.06255393422
157.150330793139
157.3847017687713
157.1225512469074
157.0809639961982
157.1175032918813
157.1822489086896
157.0957542167434
158.1666836778442
157.8150785046255
157.1911352617981
158.1069893550401
157.8688107822319
157.7904363312931
157.3498981027469
157.48645973545
157.0097507503071
157.0069585196825
157.068769689443
157.3443475173728
157.0671610438232
157.0283265320924
157.1878182079106
157.4727619323657
157.1612222141025
157.3056500011468
157.3763984982966
157.1985616659794
157.7892106890698
157.3264514737906
157.0797004874368
157.2406241655556
157.4020610959043
157.1276542022806
157.0396556278888
157.7119796689517
157.1489478750046
157.201978743608
157.7190408001182
157.0488300727401
157.0960196392834
157.1619986400914
158.2029863851936
157.0737816986986
157.0374422169216
157.0584985405403
157.0803725790258
157.2544859930175
157.0610120028216
157.301726424469
157.1773541017913
158.245497733557
157.3370118346489
157.2314056862501
157.2345387041007
157.0608376598267
157.1014133306897
157.3104851397866
160.3659334233103
157.1083085682558
157.2041375971804
157.3836131425666
157.6244900044416
157.122435246329
157.8093975422361
157.0163344185006
157.4460126437121
157.5875465961686
157.3470993209503
157.407305668247
157.223117875001
157.0619731764275
157.5773070069732
157.1567558781145
157.0635840388989
157.2276507218474
157.6307432140886
157.0416729375575
157.0130595001531
157.3251888972627
157.4637458454692
157.0788257106216
157.2312436649386
157.1253219465325
157.1303351236066
157.4137416676644
158.1087105556441
157.5311358725035
157.2830983340402
157.3479412290262
157.1118065175291
157.863141165839
157.1022315512352
158.5668582040429
157.8742740077312
157.0009926293341
157.1397488730341
157.0936121220329
157.0933401049454
157.0862853300245
157.6486931868781
157.3630930916077
157.2053875289139
158.0120928467284
157.1697469560381
157.3751759407783
157.2350919827821
158.8784610169639
158.5540247011213
157.0411861527434
157.1899997213794
157.0420949022053
157.1117612331054
159.0510058806233
157.8831773360851
157.0202334832464
157.0007503989609
157.1010823103997
157.1881951712845
157.0647693548618
157.0609997618504
157.0733679380374
157.0544572457283
158.0137275877873
157.0502770416789
157.0450996227435
157.1687910436361
157.2551359502067
157.8496659319651
157.2885820177182
157.1111376408143
157.764754565375
157.1729746191033
157.4503695759012
157.2361059707943
157.9073033258765
157.0929458310407
157.1462608346474
157.044686420692
157.1863904612654
157.4650564981507
157.1076093009406
157.1112229453965
158.3410705329645
157.187901008484
157.1737627675391
158.2438810967903
157.1769100971817
157.2213756316676
157.0052350470428
157.399754610628
157.0623673109343
157.014982727912
158.0781139291908
157.5149908550726
157.9111472815598
157.5363080515465
157.1783132785455
157.0338487906299
157.1216391312461
157.1569311668093
157.0459916181427
157.2661539450672
157.058518542069
157.9829066066336
157.4182421450917
157.3088485803797
157.1077557850567
157.0064586697757
157.0501472034094
157.4109916235193
157.3767058480375
157.6906041606021
157.6394783906677
157.7108441050454
157.1850658344007
157.2077764990352
157.4170252190295
157.1985382718167
157.2065304269676
157.3150374461043
157.8525028235958
157.0013917686529
157.074784570317
158.2277257789012
157.3095572284831
158.2576853735222
157.707111377155
157.7708667031992
157.1619250451694
157.3201746607822
157.0749981310776
157.1588192339002
157.377912224832
157.1976848170822
157.2589858409347
157.891821846306
157.133130482426
157.0258305927025
157.3308548748954
157.410618434183
157.0822674831201
158.0942035727557
157.4455816441391
158.5332639994674
157.5387726924422
157.0405156554815
157.0023489535519
157.0935668358101
157.1570809221318
157.0698655274542
158.6172691732857
157.1888807190763
157.1199305611665
157.5804297570174
157.0613734095967
157.6023731552176
159.3534366561093
157.3863162347923
157.0479800397524
157.5722950752016
157.3228160214687
157.0296546270129
157.1430476994489
157.2778711228465
157.1138122554601
157.5086405248993
158.5125232590576
157.3432365960972
157.1007447623464
157.1927138701813
157.4334764203225
157.1470943553544
157.8455927166411
157.628256514213
157.0582993398117
157.0791112609454
158.0601582875833
157.0651206740322
157.338677145925
157.2015758191633
157.5573958272881
157.2637030285365
157.1811922596701
157.087701379366
157.25450713083
157.3144909537182
157.0841287959862
157.9969762053964
157.1279926807039
157.0670450694591
157.0631874396631
157.4094738578302
157.0935795255967
157.0280281363897
158.1765111321361
158.1478890462288
157.2125779304834
157.5246632562275
157.0450126900416
157.2941877425893
157.19588365998
157.004570169525
157.0106848184552
157.0592305706392
157.4918920508659
157.0153044834433
157.1101607909359
157.4565444340843
157.0603882813413
158.6657157256692
157.0754515911911
157.36901224794
157.2659781267396
158.0881989976718
157.3009724602271
160.3221376168317
157.2105360958133
157.0061923683169
157.3730059897779
157.1025700745377
157.7363730512968
157.0369884938388
157.0603294993872
160.0832225523826
157.4510962531032
157.1062264624817
157.1221582515845
157.0587502144251
158.2078858452389
158.2208478574875
157.1769791689468
157.3114663138295
157.1606390006758
157.167043673684
160.8109885485131
157.0396014697507
157.4928297696711
157.2574159101873
157.62331624504
157.7992592297178
157.1559336397975
157.595295867953
157.6443950271511
157.1189854276925
157.6345059086026
158.0442064339483
157.494868822528
157.2957228507181
157.4338999188755
157.1454504886612
157.2866248107448
157.5822055996926
157.0791611168037
157.3694044844049
157.1660142117852
157.6962769372237
157.1047753843419
157.028429774233
157.0514206628355
158.1912977052324
157.3250081609634
157.067252725433
157.4101555230376
157.178641964774
157.2976496503547
157.054034964489
157.3918222257749
157.6731650831442
157.1285987543575
157.3461469588434
157.2603278387933
157.0405855514082
157.8779759858476
157.6575577389468
157.0464320426539
157.6183248120263
157.8197381128436
157.6871009985565
157.1112109037581
157.207968577815
157.2550569110483
157.582412904744
158.019408264469
157.1240004397298
157.6443913747063
157.1947533872049
157.0344583721997
157.1883422577287
157.056994529205
158.7005625286761
157.7833174768762
157.1037812741167
157.2173239048356
157.6376599590328
157.7072322956823
157.1357954731025
157.0422412447615
157.1442690206953
157.6210645216261
157.8654072023953
157.4496367506406
157.1256200263585
157.7070865268799
157.0327614983451
158.2780189822334
157.4814047374615
157.0083984098775
157.0560191004085
157.2922164377998
157.0627479604605
157.0446254706413
157.3889142242121
157.0862027034147
157.066510109945
157.9522583282168
157.0404758791294
157.1356489046674
157.0742172439794
157.6049561157067
157.1104822009099
157.1065905715995
157.5137418614972
160.0507870271378
157.1484971679958
158.3966292842809
157.0414198599761
157.0088122590207
157.1165439624716
158.0505717246607
157.1346160514002
157.9005518000403
157.4840742209814
157.3908248866422
157.3095957500553
157.434988564438
157.2425804941241
157.0128172356111
157.0076284862063
157.0752935769842
157.1179492081141
157.6070152854341
157.6437565484412
157.3327489692613
157.3347656275699
157.5709669908964
157.849454742171
157.2724050417286
157.1089400613964
157.4809313163104
157.6711882688934
157.0947646211439
157.2062348897344
157.4631721161747
157.5539237046331
157.4785038061224
157.400344521305
157.4915839580327
157.1889131901517
157.6107240491098
157.3696701983287
157.1976714460648
158.0971392485514
157.2483141391782
157.4868092224075
157.3535458292882
157.663138164309
157.2180872454834
157.0289746322647
157.3612960668324
157.9706217272579
157.7409481947158
157.5430557198569
157.0523009986775
157.4268427089413
157.0399599389111
157.2534175420184
158.0778353643031
157.3206123646778
157.0102534740313
157.0288020591647
158.1013781341686
157.1534234701757
157.8317630799306
157.4711632603824
157.4256233720892
157.1054539147218
157.2057852461384
157.7761686083051
157.601375905899
157.79627156387
157.1571672590861
157.8868300702969
157.1469637169837
157.3042572917373
157.5840533796321
157.0615901898869
157.2289145927139
157.2576308163819
158.4412735723174
157.2094907364162
157.1160087887703
157.1852556029506
157.1541828234595
157.1459653714641
157.5269224967319
157.1381713800467
157.3221584100375
157.3638201805314
158.0144448606658
157.2418537992032
157.7630695793823
157.27657148316
157.7828329397229
158.2046641218143
157.2715725855834
158.2686906674591
157.8973119192373
157.1240014532064
157.9845371654635
157.0555175093987
157.861226038086
157.1737047537645
157.1944662154216
157.4126002497081
157.4426266645227
157.3040830749699
157.2307410820567
157.5016017716256
158.2347106740289
157.2380384701981
157.4461613758858
157.0070732306492
157.3442532347527
157.0707155823785
157.0340433567762
160.9537231729517
157.3052816169495
157.3489069128104
157.2988704902656
158.431471727981
157.1402028575113
157.1436393484641
157.8448796120831
157.3989683467134
157.2223176174585
157.5964426439379
157.7014287612131
157.4738749286564
157.9165671596982
157.0420768215648
157.3317163238712
157.1218844427257
157.1261253389388
157.1602914209958
157.7579210396379
157.1224320750977
157.0531525746563
157.1218187145114
157.3749510875543
157.2430377081088
157.2798895213279
157.2021598812892
157.1216507508234
157.2333858136837
157.4798236881244
157.1834014237386
157.1977870215493
157.090845926456
157.0622908365804
157.1120405590196
157.0711816461653
157.2509712601698
157.5373732489309
160.0073553963247
157.4003748492555
157.1668853800968
157.2757757486762
157.0471077067799
157.0925709578307
157.1821382968682
157.0364432509411
158.117693574583
157.107775181358
157.304561512676
157.0075971056502
157.928322175512
157.3026131209686
157.2177244028442
157.0155766921101
157.4575059451381
157.7575162651961
157.021192863711
157.1122200616466
157.2346699591236
157.1634356192409
157.4568121896396
157.3146265270786
157.6860885807147
157.1028543271771
157.1500753153004
157.9417959179456
157.64855401676
157.4056026906443
157.0371915148673
157.4194464534941
157.1625494829301
157.6170516457835
157.0536324745311
157.4101548712987
157.8427918126584
157.539631602612
158.1689931225312
157.087703029369
160.2762421235188
157.2201429554475
157.0551388822971
157.1534769004677
157.1082277697211
157.5155947313898
157.2260401233443
157.335559814987
157.0391767035013
157.0301904699145
157.22267414615
157.0100340725992
157.1307215824896
157.3129468846531
157.0732909199668
157.2585572728718
157.0447649823726
157.2659441073243
157.3827525864206
157.4820293775385
157.0277596100208
158.5431066322185
157.3798942168786
157.0044910012601
157.3282623604341
157.95914531223
157.0352932623509
157.022716794669
157.2867328167139
157.0310901162752
157.3666572350559
157.0351062459086
157.3338540309536
157.3052634908224
157.0943866484652
157.0139699068986
157.0470831311111
157.0359574627479
157.0010429463152
157.0145361948206
157.6399287617377
157.1784712642712
157.0138163177163
157.1367794398993
157.1320610644435
157.6459436184807
157.6464463890796
157.2757545636367
157.3448924859664
157.3010174622077
157.4610670527858
160.270272856276
157.3139035827506
158.2344001592399
157.1704217987729
157.0004305087883
158.2077252789822
157.1442748990384
157.0000179149057
157.0144151466544
157.1401222092165
158.357742245466
157.0871448277793
157.0967208666929
157.4032818116562
157.0024589116011
157.0946904814544
157.1905361511994
157.1918522738348
157.936474016277
157.1006756587178
157.0302062593525
157.2403425839291
157.6287253595835
157.1504545012718
157.0404688311212
158.5999358567035
157.0640216702408
158.2838576755144
157.6922199612058
157.3499931100868
157.1544747218846
157.3277996792038
157.3473574216149
157.638101563733
157.3941969845527
157.3113935430622
157.2361146418174
157.8721617300664
157.1044543313575
158.971598047923
157.1192959784133
157.8770087353788
157.6938915273926
157.4068461630389
157.1295729603321
157.1088798154273
157.1814491958642
157.6876152048019
157.1143599498509
157.5908794154203
157.4193650435509
157.0419149087731
157.3869995749665
157.1255968411266
157.8112578824952
157.1143299590616
157.3279679099607
157.1576926067717
157.1098285036238
157.0115332225785
157.5773177207124
157.715878288239
157.1575019856438
157.2722145446076
157.0751141893708
157.1231157533676
157.2489319352804
157.1229408354713
157.0201899355897
157.2287440977908
157.4536912726816
157.2617018114124
158.3789908771827
157.490854374094
157.0828840671543
157.0710988743774
157.0785525503647
157.2963979337763
157.2639107523075
157.8427969950152
157.1550115360947
157.2887029034108
157.0725185202044
157.0710709976711
157.3408560497865
157.0870390427137
157.2870728269624
157.3512351869809
157.1902424741706
157.4881297507728
157.517281598074
157.73600369831
157.5277636695706
158.7168703761805
157.1975129862799
157.4607392130576
157.2465389503543
157.2158656160634
157.2898608110793
157.637717237635
157.0196371164472
157.371847056557
158.4717775748313
157.2381012358374
157.3312995444472
158.0971970584669
157.5970156163494
157.2892178516024
157.5334574523712
157.1715094860119
160.2669626956049
157.429622251064
157.0144465171578
157.092352534032
158.1355656950315
157.2852362201233
157.1791999934104
160.4170966834472
157.8054825997819
157.0559717598125
157.074177817073
157.6665718616067
157.0315262448653
157.0897966276353
157.2164242548154
157.4859606061482
157.0207722023745
157.0148998845341
157.4402910816678
157.1807176172854
157.0914457909988
157.0068083700445
157.7368480037008
157.8909387282026
157.6577718678755
157.0908765885149
157.280151158233
158.1005044489259
157.0301093121111
157.1068253174762
159.2637011711892
157.3263490553369
158.0062314680018
157.4055236603799
157.0460024842665
157.8918795557634
157.0880373744587
157.1227100350535
158.3003602612234
157.5316489996642
157.2533161728688
157.3334220074309
157.1346253199143
157.4600031464996
157.7885152204029
157.4389205625003
157.0365398978165
157.0584761394691
157.3000994886595
157.2797392746418
157.6103951579383
157.609302922454
157.5401461059905
157.6860963877897
157.0384203367476
157.4170199782716
157.0622109926148
157.4452004864301
157.0550951565294
157.0173807806064
157.9917099965473
157.0280882055143
157.6532590814372
157.9225210383623
157.5285689467695
157.493134669326
157.871822734566
157.0517038463
160.0695192818355
157.8264517203455
157.0288659615094
158.345557731733
157.0936358268726
157.4071453708175
157.2079298558176
157.0977108156815
157.4287512437917
157.2327772073865
157.9210877139573
157.1653726732891
157.0726535341269
157.0195460314823
157.2162336860779
157.1996791155995
157.0191462205835
157.2463463426077
157.0958206371363
157.0527969882163
157.8002767890474
157.1968448299973
157.0201310730159
157.298614434886
157.6575470660892
157.8030323632799
157.3163303541334
157.6148851466333
157.1713741342033
157.1449939700304
157.1478813709346
157.4610859672232
158.4543007383871
157.4194555820118
158.2019262220744
157.0859566960631
157.3971229216132
157.3162701677559
157.2944202728745
157.1573079255392
157.7012703559178
157.1863528207625
160.0231634074743
157.1109645608112
157.1212578981928
157.2287519295371
160.0846946290927
157.2375454300302
157.5326604832331
157.4096825694962
157.1151150675091
157.0556581796156
157.5496766982876
157.2764080471608
157.2970076501336
157.0754250432227
158.1148744043102
157.0427385077372
157.0567719941121
157.3930061593279
157.1963912263554
157.6620177776944
157.019578632134
157.7812659648289
157.8050550718183
157.2608886006351
157.0159328351685
157.5108488049699
157.0883188496457
157.4243061111944
157.5527431671719
157.8109763577055
157.4780469660951
157.013249727487
157.2194382677477
157.257934514724
157.2519334484664
157.4585681382187
157.203940507435
157.0010403588674
158.2317533254693
157.2178861919549
157.2537821594701
157.0108329857875
157.1609523573514
157.0072734285096
157.0816361324175
157.8923490313283
157.3932324514848
157.1779993946783
157.2677325944726
157.0823509652039
157.042769677679
157.2047552118562
157.4414707214828
157.4111853375883
157.0068671953248
157.0273174365929
157.1039952555689
157.1573141221025
157.7272353480893
157.3282826334167
157.3710669690944
157.0350441599946
157.0453503996048
157.5530068537257
157.5378307627275
157.6758792955384
157.0185402528828
157.9210575093633
157.1747856668742
158.0905296850356
157.0103161085776
157.5550051889529
157.2085958277713
158.4506294012933
157.0384519843847
157.1294373063177
157.504061062449
157.2364225203353
157.3620348114103
157.4240886939619
157.4556755423878
157.2745477725009
157.0463050516908
157.3529566322082
157.0157213453353
158.0269522165971
157.1062657892611
157.0967322970899
157.0767824352253
157.0739181607186
157.1587332869569
157.6054249516212
158.2828909452885
157.8556994263033
157.7296725057486
157.0907044339856
157.2789779699727
157.1314104270379
157.2126737706377
157.1960252152927
157.8122385362028
157.3416961826744
158.2002043270346
157.3614377714706
157.0316982668361
157.1696119508294
157.133023709519
157.0264361084406
157.0758767622431
157.0975648886424
157.6558831150518
157.1885630596755
157.1267813844772
157.4715659504906
157.5959213694891
157.2481889487564
157.057773942287
158.733517834615
157.3113230136701
157.2897386884919
157.3594843755457
157.5260993782226
157.4710879000382
157.1709758641947
157.6292703719734
157.015863997471
157.0861189136249
157.0501197236209
157.5622833267454
157.2729801593326
157.2703272222744
157.3878228133749
157.0796868341688
157.1927543907431
157.1231936553779
157.131790147602
157.6927775879261
157.0106277609442
157.2678689205788
157.0629478251385
157.4386000502693
157.1006080763369
157.7651541571621
157.2026839526699
157.2495611595671
157.5453196356459
157.0174241333132
157.0810022650323
157.4174944915941
157.2014919964175
157.8060782562528
157.5676324766055
157.3101664464596
157.6706528098732
158.035823750951
157.5090118889908
157.1747033803328
157.749333944807
157.1025158570054
157.095754831804
157.450673681782
157.4651147332936
157.6519301658339
157.0528835730047
157.729146021699
157.7415371266483
158.1250759876079
157.1415042144962
157.9450307207189
157.0926357933333
157.8222284835088
157.4991810101205
157.0992488740219
157.0653262410815
157.1292888368039
157.4850664397305
157.2533467795354
157.3250986065549
157.2066431227267
157.566849012819
157.1400849788342
158.056165791205
157.1123551781819
158.7473085418671
157.1152110907294
157.2014293467305
157.7667474275281
157.0252198229524
157.2364361570196
157.6048629734105
157.157706897716
157.1640710322009
157.0491824415403
157.0572973000149
157.6128254901394
157.4349005271307
157.0341612120192
157.0362949222747
157.1720204906321
157.3775285805183
157.2014196459796
157.7606028140473
157.0650095026099
158.071483312895
157.4197088873547
157.6282815184452
157.004554671207
157.0193156858169
157.2285402164289
157.0029555510113
157.2139629408261
157.0976968413859
157.4865000126437
157.2339621951338
157.3523780093679
157.7278972983329
157.0690965591373
157.3388432806967
158.0586059327369
157.4083830974213
158.1713910689336
157.1394026238449
157.8634425817196
157.1548579773779
157.1976095769566
157.2895741583598
157.0896224405895
157.1266489198696
160.6613789043394
157.125782556092
157.5733725681106
157.9957101653359
157.2382240554936
158.2156642804123
157.5972964496582
157.5943829317648
157.0883427534816
157.0509115848191
157.1438580624603
157.5169566900828
157.0882027957147
157.0378391411103
157.1124855272284
157.115841741636
157.2191832550117
157.9260554311786
157.0136736297324
157.7833663077358
157.3934269608825
158.18887083175
157.042345243987
157.1769520014821
157.3183028781841
157.2785548335573
157.1096513036566
157.9999971277377
158.9964546385258
157.1159919629015
157.095880758065
157.1384792821821
157.2585837544882
157.0526329590685
157.2032265480738
157.1987516908565
157.403543635296
157.2468437727505
157.0967837316719
157.4997820820572
157.157952183455
157.1665358287638
158.7253813994657
157.872891851369
157.1795581127467
157.0429902230188
157.195174282052
157.3669427098873
157.6210829131873
157.128403800109
157.5080333225844
157.0444395654519
157.5112596296055
157.3351750027917
157.3182088734107
157.5391008178655
157.0604449785373
160.0517644321931
157.1446848149572
157.2911725208371
157.0662489898894
157.018353852104
157.0573087342034
157.4351013508536
158.2429020232081
157.084267389693
157.0178905706319
157.5034148715888
157.3694221105892
157.1475560690861
157.1335335601167
157.0802389330095
157.3555549400021
157.0142664641804
157.5881975326212
157.6388977325615
157.1794188315972
157.0841944125432
157.0092667237941
157.3089511869505
157.2099602780989
158.0146197890738
157.0072169546683
157.0621917725569
157.224698748673
157.4757815281333
160.4161615693456
157.0255232235127
157.5403631246676
157.2333234914131
158.0189845610115
160.114212252794
157.1577561759735
157.2782673936611
157.0726191761521
158.0290601282662
157.1799914880954
157.6575364551742
157.0548361081633
157.4809661533814
157.2068655486786
157.0292131238986
157.9256415624098
157.424414888241
157.7759701886829
157.1436929664393
157.2015710425347
157.5520958117383
157.420004546316
157.3099540867358
157.4290969339765
157.2701998524801
157.5955191083295
157.026721528179
157.0829390074003
157.26088456227
157.3745913365841
157.0995143508116
157.1815654274403
157.6390759699651
157.2389440896038
157.0174465198282
157.1264829413162
157.3151663109919
157.4860604755549
157.0935072726824
157.0027822320566
157.8224721349868
157.4433848457487
160.7329870840195
157.3334207869917
157.5304039380686
157.140785795182
157.3995180206855
159.10196540576
157.0116465310358
157.6722662509481
157.0465785757193
157.0490261752134
157.100250182525
157.6686624515568
157.4731069459427
157.4114615613662
160.1237782678284
157.8056120183146
160.4019026763222
157.0680932734644
157.6062830907146
157.3761416325984
157.2517803952746
157.6864268431918
157.411720655148
157.5767375520434
157.0307215749998
157.1204941453612
157.0559551248236
157.143767357547
157.4994203871169
157.095334140915
158.3541057647051
157.0478823704885
157.0401023077546
161.4437819722479
157.0310362404038
157.2937115011889
157.6761510599155
160.6724661751684
157.1464765980344
157.6201434495029
157.712443626328
157.0136312458439
157.5270222353557
157.9620030597363
157.459268475422
157.311200454406
157.3818357962758
157.2492519090276
157.025087037378
157.3311590445663
157.0980493372422
159.027473558101
157.5739955995495
157.122381453871
157.025109945695
157.4578674735076
157.3603119824571
157.3370729362331
157.2308114454115
157.158703470625
157.0756098185159
157.2362238612845
157.2443672462849
157.15397287027
157.1803851184864
157.1744383647209
157.5955437639078
157.615771099574
157.3415713041043
157.1023701977839
157.8408118965835
157.083375828212
157.6392593222992
157.1589804509902
157.1609165494905
157.2917974942335
157.0065566734812
157.0467471128984
157.0398973170164
157.1074086141388
157.064293338061
157.1662257901301
157.5939251064634
157.3884695571157
157.6402978185617
157.3904640143143
157.0264845929489
157.2367618226858
157.1930265088008
159.5342540335615
158.048726773181
157.6593575511802
157.3542990957161
157.021033950694
157.098504858876
157.1471852362992
157.1648244711523
157.9193923091383
157.1393487259303
157.3804177193221
157.3137508716085
157.1724206215026
157.1433238464517
157.0625972102528
157.176753704756
157.4594453200736
157.3072686197941
157.3293874759213
157.4630994844536
157.0549405275796
158.030271020309
157.9000222017109
157.350496192142
157.148120792193
158.0147276974504
157.435419866874
157.0188288603175
157.0218431389169
157.1707282823358
157.7602396959527
157.16594444363
160.5079690270975
157.3060780451153
157.3606755192417
157.1468665966105
157.7805569893597
157.101825158569
157.1119073877177
157.1272351885072
157.0307084854223
157.0897771551757
157.5672851906095
157.2646791306269
157.2056084118746
157.0647827270712
158.1404198256044
157.0128218588889
157.4577784623319
157.1996801367598
157.0032033930637
157.345616283003
157.5932755022534
157.0118496591002
157.1786457208218
157.268949937864
157.0326173558165
157.6018541424185
157.9786203570427
157.0304596097866
157.0120453768751
157.0192369870145
158.073332688635
157.2281731712927
157.4143362801848
157.7426130533967
157.7710889399297
157.0347476051222
158.5199835734104
157.2658885375494
157.5789083530354
158.5998266351771
157.339873940882
157.5774795915205
157.1643389461623
157.0068388698032
158.0786451386209
157.0952400146238
157.0867017525147
157.6230070273427
157.1758721724111
157.7063912962786
157.5602876523122
157.38934594739
157.0523442178767
157.1550406295238
157.3053484820899
157.676652679084
157.1371262954273
157.0088504328623
157.1040467759482
157.3682178470435
157.0772539708416
157.3031310646389
158.1936732232574
157.4548832040519
157.0472193423485
157.7591115742782
157.6492877254152
157.1214272438762
157.1973752383905
160.426812859169
157.4350306475694
157.9174161563031
157.1307376523773
157.0849670856222
157.2675652876737
157.1243842403912
157.0610352411037
157.1356654848558
157.4277565916726
157.8609631378108
157.1075548242987
157.1082535783437
157.1651995051617
158.7082876425673
158.1113647686679
158.2229640527854
157.0699383205781
157.1424512745945
157.2055504842384
157.1512421289597
157.0898949637533
157.0304802328685
157.8420766924177
157.063999168767
157.3690883981816
158.2122180020828
157.0563981850991
157.0321326184933
157.2323904468005
157.6032821968498
157.0055439390758
157.3951711222907
157.0175523100555
157.2035232080763
157.2378286508259
157.0654076787106
157.0555544069323
157.5161229027439
157.3499603507261
157.1500213546179
157.3701899330762
157.0332053087955
157.7936371734155
157.3221181931777
157.4653013302568
157.0613179685844
157.090822534746
159.5705708468242
157.5319881679908
157.7331008635988
157.1294822910877
157.4434725675213
157.1345643811251
157.1277544463466
157.0674234516809
157.7873130115502
157.2344134962106
157.2937858267632
157.181606373159
157.628585752816
157.1822822157103
157.1898204828533
157.0288944595626
157.9156046156014
157.4918584787147
157.0319291203896
157.4728196493217
157.1620160144617
157.0699276857669
157.1460702581245
157.1589819093098
157.6502979618196
157.2039460313571
157.0811667165109
157.6379424418718
157.7158482437403
157.1285252333474
157.3430907160121
157.7123389251649
157.131191108347
158.3292094671255
157.1620270820763
157.0181329414488
157.3218690015781
157.2362224539783
157.2226646051357
157.1032694047136
157.0366808048332
157.1932260058232
157.1196257596601
157.1263506190125
157.2254934698476
157.1041652776427
157.0873819263983
157.2978402842132
158.0602903322339
158.0152859057764
157.2190335544938
157.2129936021828
157.3099451465889
157.0215084465624
157.0867702209627
157.0039791020847
157.1951163624776
157.4028811874043
157.1345311615588
157.2850308473695
157.2401685473837
157.0510699165487
157.110793320767
157.0599156671117
157.0893582725504
157.1105006625241
157.4475214311128
157.1989006744053
157.179119211953
158.5911296664945
157.587814814113
157.8431180882664
157.2255668796136
157.2847954826439
157.0179966990956
157.0667200374489
157.8546470487344
157.0490703634885
157.2385723129948
157.4041226255272
157.0825341665812
157.0861562488338
157.7764550166147
157.1362926187833
157.1760985316423
157.2697189606864
157.1286095783469
157.7496158856009
157.631864938753
157.153395184474
157.1178066520881
158.3879732310347
157.3138589595975
160.2259575156864
157.0722176127177
157.0935478700066
157.3097868221182
157.0255613014342
157.5816381830736
157.9881785738147
157.5408833676655
157.2379490786355
157.2676813279275
157.1662214832733
157.15756122149
157.0315381473705
157.4937560102981
157.1454344767008
157.5681428393086
157.315235429096
157.1470663163808
158.3415251574845
157.1713690819028
157.5163149517734
157.0973901069987
160.3317710522527
157.6905711858641
157.1846703322155
157.1245005963874
157.4575257189106
157.2559699474087
157.0649296144906
157.0620065583662
157.0111846180316
157.0533299761247
157.3653627891473
157.4829479471842
157.1090668275032
158.4676323894377
157.1046543137634
157.4319432243475
157.7660246706458
157.1040465944483
160.5253773885689
157.2019767692579
157.2717561821112
157.6678648508391
157.2136613681662
157.4647472236573
157.3533097800419
158.3605346910336
157.1088233045764
157.2540870660798
157.1809107638446
157.4596439626942
157.6821432882914
157.3536674440408
157.4838942957458
157.6127950194836
157.0135906180437
157.5102279272446
157.4276187407194
157.4950466987518
157.0219284654343
157.0994913685245
157.327945918958
157.2279588617024
157.0004038925869
157.3485148624727
157.3642911356497
157.6364880297126
157.7930803587399
157.5129225597395
157.1272250995123
157.7904051542103
157.4346621331656
157.0139455209659
157.0482056305676
157.1993302278327
157.4830467004036
157.4666987832796
157.257207431811
157.581129324487
157.5595196173729
157.4989043723721
157.0055964842026
157.0490062433313
157.1273171375674
157.0643147382912
157.0683673974176
157.3683378352253
157.1328297737702
157.4361513987355
157.0143995627764
157.9002224641474
157.2998129846246
157.0726321897812
157.0690437109566
157.0469446679727
158.8149119105518
158.1076523866068
157.6828552323264
157.1189737040216
157.0736597548487
158.1413272438951
157.0871851687126
157.3323136622641
157.1088232625336
158.0616932246872
157.8260838470021
157.4734525634321
157.1934161955563
157.4848397659216
157.457933352441
157.3608274316223
157.1232901866651
157.5202088859942
157.081262781089
158.0156371228686
157.3163768350585
158.070124254388
157.3516419039766
157.9211212167534
157.4924847429277
157.1853854825613
160.7438366967683
157.3070279008386
158.1863820523886
157.0640755825262
157.3839962315348
157.6962245586494
158.1916024255143
160.0023929056162
157.533547217199
157.384708870125
157.8638347299199
158.0631364184456
157.1147708342859
157.2238538439171
157.1682259061558
157.1132608181805
158.0667568035412
157.0861452411524
157.3209453123213
157.3246023454343
158.0069318646316
157.2366797060556
157.0449716514949
157.4514207240756
157.5409137508218
157.0259417758798
157.5229611864296
157.1207581117911
157.1393163235106
157.353049848653
