268.5386584487697
268.1499353671874
268.0463904294622
266.3630256978341
269.054665371587
263.4602851803743
266.2077260132628
265.9742676722877
273.5466966577804
265.9243195714664
268.1431622128933
266.5010937228291
270.1575784559516
268.236076343752
272.7650619292281
263.555143302417
266.1430591373697
266.60994298034
264.4765362260553
263.230805539672
264.6909296801192
267.5548998060405
265.0776803651054
267.2638416219999
266.4622124905835
266.0590135732132
263.4556022535013
265.0580230109408
268.0075192904725
266.0358500255902
265.5202579244021
272.1250061707569
266.9435846694449
264.0510242621399
264.1842450238975
264.2527499836381
267.174289379267
275.0425408087164
264.1450984884808
266.2296535385389
266.0034521132525
267.2970138461372
267.0764972260063
275.7164794570206
270.1973689427288
265.0400358897812
268.0067053616619
266.5369438426068
265.2849130476747
268.1931272841672
266.9787060696384
270.2583868801666
265.210404701437
263.3982750625491
262.9577085715505
265.8423990556482
264.0038369678256
270.5810007516137
265.5446752090678
265.2216780605037
264.1528086185667
267.7908742902741
265.1277643250439
263.303487038251
266.4883753220265
267.2238144385762
267.6521651165575
272.2510620293049
268.0717530919218
263.2469100521874
267.020776416095
266.072956946578
264.5595800244357
267.1003679515903
269.2287555623882
267.5984594682334
265.1221189761834
267.0645206743705
265.6525560976384
264.2276891243017
268.7150325768786
269.5551991871905
264.3267940367263
266.179124667717
265.8965168994887
263.3900851849916
263.0833363960989
267.3436601041854
265.6455910261386
268.6138367830878
263.5156178746142
264.479887913435
264.6445507826732
264.0576370807684
263.5516488040276
271.2303072724665
266.0256976491366
274.1610838202575
267.0910870399674
270.063897684911
265.3491564583987
269.0479598940444
265.3826061111258
267.0087398549707
269.8467097568918
266.1551472091439
264.1701461399886
263.0355116881486
266.9435384828599
265.415350443922
267.3932168938481
271.1603705193029
265.3159496603342
266.5463656633912
264.0140817311115
268.0832653118143
264.4503641411617
265.027261842125
269.2302631201815
267.7264053057158
265.0326116754247
266.3078496282931
269.4860938183725
264.1594223295161
265.0438750235435
271.0845098987646
265.2408415805056
267.4960572406105
265.1697597690184
268.7405638251191
264.1968923703298
266.9857866206968
272.1531439828578
270.4202768079117
268.2795114925366
264.4450533924044
267.1326294907203
269.007548240393
263.4996264245477
269.2892870473071
267.072208222583
268.1088006435584
269.5045943709198
267.8273751129845
264.242043345091
264.4138560795216
265.0237146809627
270.1442387754252
265.0952074885731
264.0454482243416
270.0550367768483
265.0052211385745
265.4616016303107
263.3489310536974
264.279522521701
264.8437378847348
268.3748965542014
264.2009939246157
265.266104588104
265.0310044019209
264.312096053477
268.0188651573044
269.2650855179212
270.7045428726385
270.0589967610055
268.7263634899485
267.2279408468381
265.5903099434641
269.0301024379702
270.2178535273098
264.7119502277554
268.3540955686133
266.3986461115143
268.0200665957938
266.1079737103827
270.3260948724409
266.128043887711
266.3196633555108
269.1093447384855
264.2076375216938
266.281219130906
265.0741951492035
268.0607263575714
265.2323446698925
265.0374781556728
264.1601331739812
269.0491276383162
266.1149348585222
264.0999840093538
274.2830197167978
263.1680083810132
268.0542527523501
263.1272473053309
266.3412938440432
266.026055214151
266.9786053158309
268.3608841606265
264.8578667832322
265.2660075047517
275.0476670635047
265.4371458406385
269.513995942903
271.323824739213
262.0831389652276
266.0641227238144
268.2287192121122
268.0709228531299
274.2219343130542
270.1249773874212
264.4394020466759
267.1304105532101
263.1939743602704
264.0260807212323
263.1354667949164
262.8225220903126
263.0119422375929
268.6937673202018
267.267596079663
264.0597640342447
263.5193389548012
266.0451900802304
265.2993247906357
264.1615852576219
267.8185653535753
266.3117329757772
263.5584174072513
263.5213027213689
268.3625301728361
266.7430731609966
269.0976088854079
265.1770755552878
267.3305687052708
268.0251974640339
264.4994983539285
263.6585887436944
269.0174312622348
263.5973817836042
269.1988836971648
269.3509685795386
271.0254287860782
266.3057295662195
270.7608720279906
264.3019567278584
266.2986029270093
264.0504366468684
263.2855794077026
270.5839306534603
268.1935981913905
264.516083445383
266.5866476114358
266.1059059474778
270.1464278321865
264.059784895361
267.2040889643019
265.2718535654494
268.1163552647716
269.5689667173934
265.0949844767861
267.5565114517062
263.223847584702
266.1807155310066
269.3275383191208
269.429784860956
268.3122793217589
263.6348842583666
264.0705544253804
267.250530273001
266.4533077112053
265.7287873819956
265.0038416324613
264.1272630639236
265.2967253114709
265.0362341280441
263.053276583621
267.443647841941
268.2590769570244
268.1342904293359
265.160267784709
265.4052209342954
263.1408515009961
264.0549438079757
265.0771852371828
270.1748761148156
264.0352120613657
268.3346724151625
265.8571772576302
266.0141692313259
266.3517225762127
265.2397889756663
269.1925311689034
266.165794030822
265.0796861990286
264.1680755545737
265.0578698226668
265.0033629724828
268.392987049904
274.0669730222124
267.3252165730044
266.1355863308363
265.2127474246469
265.2784681926942
270.0475779844331
269.1204814197566
265.7243177789692
268.4740823841286
269.6937407904992
267.3655194083084
270.3164124546811
267.2355694917066
268.6914488434218
267.0341581686061
265.5730889338715
272.2118364606221
263.5203704091351
266.0692594522402
266.2598202433016
263.3311556447418
263.2560450950384
267.397393397779
267.7098465200319
266.0946017510955
275.5828292117437
265.1573874743281
265.6723000750804
267.4534778520251
266.4396194851192
266.8241316714319
267.1204873891747
266.1467510499883
266.2288209019816
266.1385425724069
263.5508003702686
267.090369175943
265.3111061634046
266.1020829502835
264.4328613410998
268.1396747795251
276.0088590183469
265.9296420049533
264.2473827657862
269.0707075992975
265.0615271647505
269.1078975553425
270.183900847859
264.0490182187171
263.6088764303901
267.3826440382242
267.2251237439177
266.5241033925953
265.0704560650564
263.3108957673505
266.1231178532196
264.110905093595
269.3785721743372
264.276678058945
269.5058250394868
266.4127430148623
265.13858417184
265.1351810845105
268.310455856449
263.0949658189276
267.0490229350345
265.394364339331
264.2586081946496
264.3625901043123
267.2453414954532
266.5260920839528
266.5834797274946
268.7471086849491
267.1722787095675
265.8348409217061
265.2532339293639
267.2903311700634
267.3079015051391
266.754302450467
267.0465960881958
266.0237010205576
269.0569873636583
263.6179420150341
268.5814336307349
267.4366061175807
266.530358394865
265.9782103236545
264.4231348075709
267.7536362171465
264.4311682118457
269.5245960070133
263.7349061767644
265.0206292754635
264.6287860637797
263.6575187712959
264.2739551453356
262.1607278851437
266.4040773886873
263.4256955262786
268.2477250627257
271.2791073663362
267.5549729810888
264.1649759620611
267.5224849670911
265.4549600934887
266.579285998541
267.1737642791676
264.1397074319598
265.3906338544139
268.8165668428032
265.6553383371254
266.4392579355565
267.5146003961531
269.6302333052164
265.5480382803794
269.1112658235664
269.1245719729729
264.1849524554007
268.0548473820845
264.0006986496498
263.1352548741857
264.0079732555872
265.2054579371129
265.0820359871239
264.4038257012763
266.6478642665178
266.4606123729509
265.6924996384303
264.3489068818967
269.0480224248511
268.2120233426558
264.1279339645803
268.2190616465085
266.4074532414683
264.1168902648395
265.5474920414308
269.2066711159283
267.2784249159761
265.3835514157278
267.4563130966817
264.0439818264351
269.0387112006608
268.1791516111454
264.8417989193277
268.1124755036528
266.0918761806046
267.0039589932568
268.0043351028902
266.0180171657854
264.2403106993928
267.6991470331558
276.1990213795463
269.9306697936702
268.1513261918315
268.2755662701927
263.9210347297447
265.2290550135452
265.3658307746622
270.7350511959339
264.0142175410527
266.2210279768078
265.0824126816896
265.2979513243946
267.0546876448976
273.0833521230509
263.2019525988942
265.0172400088561
269.0590671390229
264.0112857293759
264.7954632711154
267.1032188388731
266.4763982662115
267.0965194216122
272.0731817620859
268.0267023886418
263.0198874815701
267.4352434777449
268.1387673808632
265.1098330994882
265.2084829297474
264.0615573374272
264.0083471892202
268.4930747062003
265.5749901500263
265.0358875492448
269.5439827427095
264.0915999888673
266.0008282524619
271.4556438787676
266.1239354472883
266.3528526864716
267.1294878518558
267.4583588573635
266.3954363951225
265.6085054432914
264.6464788290365
267.0258954015552
265.0793798964411
263.1655878380255
265.4066570048489
266.1507305591331
267.4902842278736
264.0351326781196
267.0496230858201
274.2750528651149
265.2573796847399
270.0806116245737
264.6224872629309
266.2552831913013
265.6267780713046
266.2022507722399
266.133311339641
265.026000771538
278.4672083653221
265.6477095201831
265.3927619872747
267.0424462056156
263.074563911019
266.2061243304562
272.7187371931363
263.3794226643986
265.339298049443
267.2925479989692
266.2967650862523
265.6919663353669
264.1354652273019
265.2359910728525
266.4414591464335
264.4262368507247
266.1602947640687
267.0441584707913
263.0525314815886
268.5299152038163
265.173776143473
265.0771720992581
265.0086134297529
264.0753815992377
265.1294857693039
265.6333069533358
267.5068291379071
270.2803489425043
267.0870099662659
263.6894567034078
266.0049064523196
266.5176183699108
265.5244380674766
268.4863938407574
270.3096994220626
267.037400859192
268.0152010490762
269.370566805319
264.3967352462629
265.0069249464858
269.1426855643863
267.0822140140863
267.094819862438
265.2089055939799
268.0694754643992
266.0398894543912
268.1136574325616
267.0406676055572
264.1253000946052
264.3453080806527
268.0586912548347
267.0540138066786
265.0026356725482
264.0819555803798
264.8687376127679
263.4261878485886
263.5898074559636
265.4368470141021
262.9131317814541
265.2539343098621
266.0804462058622
269.1693016699754
265.4077631328936
267.8101842964317
264.9982599517703
264.4625482951284
266.0277313526152
266.212797142289
265.2399968457411
264.2347488075479
268.7673864930647
265.3737373207688
268.1347965081417
265.0506446048253
263.6811198788623
267.389106359771
269.2377839862703
265.6094258973316
267.3165932829011
265.0106536480429
272.2448904919607
264.2947604559228
266.0968836481587
269.5537497249342
264.0378911986723
266.0604269575034
263.223779115028
265.0541029927272
269.1419900073703
263.9865643408967
264.6298699795409
270.6788492839577
264.1704420730562
264.4337098164042
264.2501085434336
265.7850217662924
266.7121474025657
267.0424225053728
266.3680945281647
265.2942920085854
268.9475650555042
269.0526003222291
268.3619121087379
269.0051899074044
268.5247231688342
266.1759656913928
268.146350929435
266.4217216809798
262.2817959031051
264.6032368014459
267.0863320535757
267.274707184483
264.6127625477714
264.2234095545991
267.0567304954567
266.2503953890529
266.0846947814616
268.0757794341243
269.4859099818422
262.7764827509298
266.5293335520049
269.7214721912765
269.7794349552573
267.075687558265
265.1500608648079
267.1159085993376
268.1322217363767
264.0818697192417
268.3725280063726
266.0191594316801
264.0365655479454
265.9805259686207
267.8278031809448
267.6379374640088
267.7544673782851
274.116248119789
268.9921934464386
268.2349909940993
264.819375544246
264.1525880638931
270.2999999735153
266.5280922925294
267.1522068972821
264.2767124694467
266.9145770255647
267.1677545327934
266.2846892480764
268.3276388394963
263.0720359228303
264.1103846353936
264.1727236056518
266.5281932048966
264.2341606243417
265.5186214650419
266.1871117395425
264.5108186032875
265.3496559271117
264.1557614389567
267.3613121701339
264.1839463344593
268.2142237982193
264.2067196478717
267.2150267653618
265.5704459574081
267.1937954641068
265.1949324541542
264.1930139328538
264.2152078238581
266.3335727636024
266.3471000202139
267.0706022950417
265.8336795789099
265.6293982640696
266.0625209424131
263.0546442402589
268.4402277201604
267.1398668950615
267.0382936418089
267.0656595042936
262.5743551814351
266.0893334984394
264.1299026778588
268.0384770209839
265.3960467835939
265.0079630378519
266.2082596532362
263.0785488665765
269.8157139535878
276.1198746067435
269.426625641874
265.2964590008265
264.1664312142645
267.0395371964651
265.61125648828
265.0863476035462
266.1894299199039
264.3188276451451
266.3575459201992
263.7353304798613
266.0793959804759
268.2051588335051
266.2997172490729
265.6550986179423
264.120910518535
264.0790059055
270.6691844129127
267.3230159861475
269.0326190630328
265.2088725006774
269.1586766197526
269.4757669877859
264.1027633588638
265.034663145268
265.2978352622832
268.1028414679332
265.0475035142455
265.9490648114431
264.0713862417565
266.0991259919015
270.1295406915903
265.2946508078332
265.2214545741967
264.027829387425
265.3906851232842
265.4220643351453
266.1179608685247
267.0026804960157
272.160596915689
264.2703843877916
265.1723849584694
268.715890129259
269.0529821427099
264.2373693575453
266.1459182176254
272.2443621441911
264.429244845587
267.0726356502367
276.2049697572779
266.1675369105298
265.0828390769702
267.1127215215685
266.7289943455542
265.1537912736168
266.1701905410171
265.2685818173723
264.1223610609497
265.1684685750484
267.6912025755934
269.087073380852
264.0774268675792
273.3584929101257
274.0436328912963
264.5694861664136
265.2348876804882
264.3610371124495
267.535864066791
264.3646634841692
269.118197188452
268.5443764115845
265.3037392550988
272.1520436916084
268.7610161672731
264.4382062410712
269.0120570830725
271.3075524370473
268.356653842415
266.1180162530032
267.48242397525
263.4647928861236
271.1403303727715
266.7256380914045
267.0656022033677
269.149970654413
267.5570572901286
268.6211833692942
268.5239496149024
268.3421760460886
266.0476951329931
266.5178587742545
267.5934549730531
262.7672049285363
268.6855409114028
266.1046339683293
268.2734852208165
264.5903192599587
266.6298218868226
269.3045194871671
276.1542214830189
265.1309939061391
264.099081931042
266.0447414615239
267.377187143558
264.0939533583047
264.2345758366097
276.5694161753013
265.0471712143606
270.1097201615535
267.7131093025043
266.8122281932704
267.0986581548153
269.7184789220614
269.1945695373462
264.259313138066
266.5145334753936
269.5059134545414
264.1971330607575
265.0399355607046
266.1871366582217
264.3229401196177
266.4403863225725
267.042600678806
267.0823582735712
265.0002039618522
267.7380683986569
265.2581149516645
265.4758581812057
266.2345998695549
264.0013815611437
264.1625372584735
269.1659109348967
272.1878669402697
268.9157176613406
265.0946434675109
263.5581101957247
274.5958655896028
264.3538620853034
266.0824781475711
271.5191577266854
266.380120872933
265.0262117253486
270.0868406649637
269.9824495608082
265.3859007152336
266.3114014466518
263.5438599892522
265.0112190833895
266.9184503944928
270.1012364235018
268.2640484047193
264.4394794652265
267.4422625556383
263.9889976574902
264.1488386404634
268.0193127960711
265.388738127985
270.3537612325254
268.0348612409804
267.9201478253264
266.6587879286476
266.1219780280169
264.4180341181763
268.184970224563
264.0883318661797
267.5105418198958
267.2482777902624
269.5739221648578
264.1341454487449
265.5047639162213
265.2151145749105
268.3305914263398
264.1501741705043
265.0731769798226
263.1398915019028
265.3819883652304
265.063820452808
269.2608855056812
265.1842677550141
271.0588223093046
264.7200915319813
268.2889535311148
264.0824904428478
265.2183709309529
270.9245777275718
264.7049108250106
265.177548851388
265.5974113462962
271.7495115525335
265.3783858786673
265.5167718101206
265.5190562112531
265.2385055493938
265.1478709680314
269.0529554199535
267.2654736911886
264.0931853830991
267.0855833501878
267.1187058348644
269.1064178144547
264.9996332295545
265.0156920332431
270.1031737978106
269.969638390232
274.7693523279218
268.2562931115006
263.1014211651418
265.6976448045559
264.2725985373533
265.1748202737674
266.2821884736595
268.3709523093138
265.4651973133173
264.2679298150746
268.2856635390787
266.2052178181835
270.2946696181889
267.2396647961949
267.3349679335154
269.0938182104629
264.1835080922038
263.1781109402206
264.712974943266
265.7201928300257
265.0169029021764
265.0154020695921
268.2173268666854
264.5340298004112
271.0865723257529
266.0424732010408
266.4505297698198
266.0175057866848
264.2478038220689
264.3603632444369
270.4962292117752
263.6447869358697
268.0821893703809
267.0083258304434
266.1518727303742
264.3471503359972
267.0245556039217
263.0682956000684
268.9645375484086
265.195081428458
263.3159473870779
275.0821626067446
265.1130186380688
265.4748160711002
265.2303829950525
267.7654167203457
264.4531040911043
268.2434358261146
266.0363931913017
268.1449139292391
264.1300994764284
267.0833664674734
264.5656429989056
264.479370617908
263.1611352872779
265.3546417011717
265.956133226356
263.2671913832979
269.0988244888661
264.0589315339702
263.2828880086706
268.0492168013225
263.4200957738764
269.0036276913437
267.1647335496977
264.403713634418
266.0333725918034
271.1227320510454
265.4048097389247
269.0007860788685
268.2618099290389
263.9363692791827
265.1678378167676
265.2305564845842
266.3547505344774
268.0816884027278
269.026478284415
264.6709217620351
265.3355559776012
265.3840708269884
269.0842793438389
267.1063191552495
270.3998272702732
267.3592762757646
262.592023050638
266.1695458437005
272.3620126188568
267.1820852224083
265.6102127098221
266.1695697023363
267.0902449913976
267.2637710605317
264.9426069708705
266.2685385057869
264.5839001859716
267.0615771996322
263.2443154109494
270.1006486517924
264.4948069265116
265.1873535552081
269.1790698176724
266.0357027174679
263.0696559844949
269.0977435139827
267.5222436201234
264.5837322171324
264.5859606822852
269.0478940575034
266.62097570791
267.1180623830772
264.4391277424409
265.2425143185192
267.0170988722118
265.3477747339081
272.0856492821711
278.1499797694165
266.3648175470393
267.7316438058233
269.3031181313127
266.0339633684351
269.1245529385791
263.3697006262522
264.8402387127821
269.2437835576383
266.1814076243687
265.3712039011948
263.0762794090263
266.0770600715207
264.6844839674616
270.374489259818
270.1216739234723
266.4088940885262
266.4970368794288
265.0993326025819
266.3634963312182
263.2431348398478
267.3035841947686
267.4127669823039
264.4639755944696
267.9215820572052
270.7499220844236
266.1732965174364
267.2532750355426
264.9176219831948
270.1964182915553
269.6504427559054
266.6108537472637
264.3981896044292
263.0573802061718
264.3946821273713
264.6468568331925
278.608089048254
268.2519315413945
269.0354097801764
265.0528149089054
267.2664392305151
265.3432026445333
263.2407132033635
270.0391396354208
272.3437626202899
265.5244905919145
265.7149298731862
264.0833241648761
264.3533597241198
263.3290826124386
269.1052251761751
264.1371677479564
265.0884261181786
265.1823428395407
272.2091245693983
270.3309926472575
265.7533875179886
266.2955928237103
265.4929569981103
272.3956499713122
269.0146954056975
268.1665303334837
263.3038143122912
268.3505201356058
265.0259595458666
265.4925905938318
265.1666661782144
267.9803028313743
272.3735851784402
264.5106626743546
266.6997099079865
265.0704033162477
265.3305115888375
266.2238414119854
266.553175427198
264.2162867513657
265.1368308060339
269.0540288835879
265.1806018995363
267.2356759951539
265.3439725551388
265.1270325298289
265.1361103565166
265.2829688374722
265.0542030268858
264.3622265811962
265.3247410994887
269.5104975604798
268.6503579077926
270.3867632078152
266.4480309991037
267.0518633004419
268.3043026785952
263.6048943964096
264.5740970316726
263.9597717192698
264.0876980261464
264.9611295330107
267.1940282116932
264.8938979417138
265.050629630675
264.3027425132352
267.1026904822526
267.6728645148208
267.0959951873029
265.6937344342361
266.1833807959815
264.1457916425722
265.5125571145367
268.1262747078118
265.3142516462003
265.1063381984704
266.0704213066893
264.4034836724747
266.2775269712625
267.1317885616739
268.3811523373893
265.2911425058278
267.0993131583358
268.1970853292459
268.6036199326231
270.646900946804
268.3989789361372
266.5369690592105
265.104630681832
265.2883626091084
264.0174617288834
269.3043029481701
267.0042480816902
264.0455431336331
268.5074474364533
270.0336129361056
266.1123422116694
265.1850099313067
263.2401646037467
264.1895040208486
268.28729178349
264.1261383316228
265.0442301063923
265.0060751863622
274.3948430347889
265.4573571425455
265.6889633575947
265.536440380331
267.4462777726733
265.92083747762
266.0048621998947
268.3446495484527
267.6761147920492
266.3632391140659
264.2897069599507
266.8756472823401
270.3239726640221
267.3836887288321
267.5620330667801
267.3375916751857
268.8419490432378
266.9626537861534
269.6061456624473
266.2165615333851
266.3108285996983
265.7747066286687
268.2019354523142
266.0517298223873
266.0787169542772
267.2208620831196
267.2055785381715
269.0406058935354
265.4835350983916
267.0707208726017
266.3556059634626
264.3173229575906
270.2418721493466
270.4599869861038
265.1324267495121
266.0027420670209
267.0524123516399
269.1795230364684
264.1953039146805
264.1494717918471
266.0655834876563
268.1069577169093
266.0435415159441
266.8516040743326
269.1704290315801
266.7809921307258
267.2008841458402
266.2565002761518
265.1930407665644
267.4782609853352
265.7689236550614
266.3155283372247
267.1132593522556
267.724077059719
264.3983036340366
267.0688082679336
269.9490744741356
265.0597255261121
267.4289497678599
264.368137396694
269.4236428080764
267.0573859423681
267.3347250613656
267.3766429107366
269.8709456609814
265.0286253255293
265.3941572728559
267.2111613759903
265.0360731259068
266.176137269127
266.5563686755219
265.0045077826978
263.3113199387235
266.0801319622893
273.2090307053933
272.0576009693822
269.2732491905169
265.0356733519076
263.2441876115746
270.9441303562518
265.6519589309127
266.2525982927709
271.2019673054721
270.4896635372664
267.3005755005317
264.0439014689513
265.1534705209804
265.591436952418
270.0167408100347
268.2555547946992
268.1371094690396
267.8444791841094
268.8355470372727
263.6821968313997
265.2952062714455
264.1346542091475
264.0479085709494
265.3451206592139
267.2048664982808
265.0087320520408
264.2471348861286
270.4015476806795
265.1459284491179
263.4581247707543
266.0042338467801
265.0672302664342
266.6400047963161
274.0309592765919
268.0563931005269
263.3069338927532
265.0869881104049
263.6337133259116
264.1988043467223
265.7948958468031
267.0787473094865
274.1735214314774
263.1870686505212
265.1922345488691
266.1581512859237
269.080735444112
266.2360740642951
265.2905974913951
266.0837725780407
268.1863212051231
272.7702438517884
265.557621551037
269.2818218793702
266.6014933037077
265.6145499969033
266.1341234217314
269.6536880648699
265.3102692198659
264.7512822658275
265.017587648871
267.1203260699952
263.100256842321
264.1823389001962
266.6634895065097
265.0606662506747
264.0329425615986
264.1277879778165
263.2712256868638
265.8143595754657
267.2887574216741
266.1526508335013
265.3654565152887
262.387295335912
265.1994081378112
265.3112181583948
264.0246625541531
265.6107287503984
271.2432127717309
270.2180451471568
264.2144240717232
269.0335517287619
265.1083506977637
265.0640846226894
266.2121650404553
269.2507604679118
264.8854525202737
265.2708977443319
267.1613086303744
272.0762202089382
268.2217193841373
263.4475223754001
266.5247585622635
263.1933909288714
269.0542345343198
269.1528363751637
267.4894370449742
267.1722918184229
264.2456795133592
267.1153821257665
266.2406842348167
265.3463675902081
270.1671843699085
266.1567326548611
265.152440625548
265.5114969678664
265.69392806872
268.3958458162101
265.6292741542255
267.0857225171176
263.3143439484473
271.2985478309226
268.3796813199668
268.1433094954782
266.6374710443156
265.8625520727863
263.4456002598223
265.2363921978144
264.0162057287384
266.353546624315
267.6106082416189
263.5059033453927
265.3425019634142
265.1016968487208
266.2185691638898
265.3757516557819
270.9859970563205
266.7039635400975
264.1172958553725
267.9002100109805
274.3061799811952
265.1976124228403
276.6438039114498
265.1153055102729
265.31111599594
266.0869693837092
267.3507105465634
266.0528355819585
266.1953496981887
266.3422148370721
265.8234102497446
265.0244900653763
267.1690402381557
263.3749195449513
268.4620588223767
263.0024137303818
268.1464304928206
271.5358200852758
264.0319170743014
267.2912966085995
265.0027122395681
265.3508844273242
265.9981990271454
266.4247165150319
264.0327744191668
264.5330611323359
266.1909155445435
265.2296971811996
263.5561619013367
268.2467960543123
270.0569011307143
264.0623835909703
266.3722712820535
268.1243826783597
266.1445784357319
268.059311375807
264.3876481331061
263.7710866998265
267.3466976464396
263.6804204656559
268.5956227988236
271.6846578285752
273.1331522012894
266.0421342065798
270.3653406473443
265.7325712363544
264.3866437387567
265.6441706676708
267.4583096844376
267.1279682857517
272.3632885877655
265.3496316551211
266.071840345374
264.0682967886892
263.1256079879434
264.9942964293979
264.5229740379814
268.0131727502045
265.0909917784088
269.2520809967027
265.0523174121778
268.781309357419
264.4005293143077
265.0326887193074
270.1022628148962
266.546023440941
265.3889706806349
265.0267632805611
266.2403898500041
266.2010683682505
265.2072617358204
267.5137847802358
263.0581210532185
263.0671637045207
265.1295915567887
266.665701952277
263.0825400799596
265.1423858460336
268.1414693786934
264.0315231691098
269.1101779708088
267.1296339746164
264.484585963021
267.2907159204215
264.2517808910922
267.0254237157321
265.0822001999552
269.6402589023749
268.09311649993
265.0021053721468
266.1909671135857
263.4604069679333
268.0112218484908
264.1188972695837
267.3653001451522
267.0895185053272
266.0834765909557
269.4225510144944
267.5986202454711
266.3850024153131
265.1063791303059
264.2317685090173
265.0809598086554
269.1235640134693
265.8289252568583
266.0837299939141
266.359013379821
266.1528478795232
267.3826678143442
267.0037406524733
265.2583076427366
266.1970832438788
267.539102017687
264.9643276722381
265.1148778989801
265.0466169859564
267.0150114540271
266.0943356667999
272.5315177553514
273.1109082623229
267.9536877997892
263.0586970240761
268.3271580717513
266.2733442092408
265.1572923403763
263.5890630433327
265.0465722587082
269.3720286069649
268.0522751515763
265.2734757392981
265.4187688549303
264.3279147341402
265.7940509563319
267.3158364691968
264.0621781342276
266.0531603093261
270.4124982040369
267.4579037019798
264.1926579273932
270.2527424542258
268.011431645389
266.2510222543036
274.196544776263
265.9226606227371
264.0346408765889
265.3686356484733
262.3026292900611
264.2162403433023
265.0702090966471
267.0155369536576
266.2497511901203
266.5603516838891
265.3425186049063
266.5706777076124
265.6065865953977
265.128316727231
265.2613251702894
267.6540557090876
266.3178935623955
268.3212413863324
265.1332231378969
269.2640675678832
265.4005761006997
266.0193782604958
264.2337484412564
266.3085593229355
264.585656427204
269.2666583197358
267.5524603918267
266.1260372266946
264.0513703249377
269.202598505686
265.0803826288434
267.2737449928894
265.3655151794259
266.0517406128046
266.3655239559824
267.349679072589
268.2387239343528
267.1821801649305
266.1813535522516
264.0828119290351
267.1598044991379
272.3235030793127
266.270447263267
267.058397392517
265.4936731561094
265.2885083496957
263.2335986997805
266.022421099573
266.0300704275827
266.2300526482045
263.0732382290873
265.1297564498445
264.2458648951378
265.0231968241898
265.5014631789838
265.2535606173405
265.9312208456655
264.0980204301012
268.5974845883516
264.5539363374429
265.7541813248366
265.3853869107911
263.8135381640435
263.3466312622242
267.3895928324467
264.663163346294
268.6256423316552
266.048359254748
263.0074027833759
266.3800396826373
272.8060035270855
263.7267102589142
267.716640111484
268.5710745737384
263.3572788631081
264.0010712439828
265.2698603447637
270.5048144450028
265.1349539677528
265.2952964855182
264.4458211878602
264.0869450524015
264.3210070429311
269.6031599034631
268.0870303537517
266.2728821540268
270.4621498751489
268.4486376983241
266.1090988323825
269.2762764849786
265.6161315190323
266.8272961814067
267.5318807449144
265.0428519321197
266.3239991001508
268.2854836553639
262.0321865961379
265.0935472333069
265.4878217146626
266.1757855977693
269.8952723148419
270.7410873843477
266.3950393133052
263.0070175411665
270.0825636487824
267.0268264114441
267.3237294637836
264.2765609816849
265.5636328703998
268.1631767956101
270.0864965485111
266.2975877988056
266.3275270116494
268.5788580172785
267.3551154946501
269.143350180806
266.7593560076569
268.0938671514784
266.2604827969533
268.3748457099932
267.9868548299547
268.1746208553802
269.5975918257311
265.0802109048786
268.0428550003466
264.6289339428798
265.3967483939406
269.3598635556789
274.3877187710361
267.2801285113462
265.1996369949895
268.0378183053739
268.5060975482573
264.147481168803
263.5276985333521
266.8329002909219
264.567344949965
267.1578953585212
267.1075151963054
269.0037466511766
266.4932828214103
267.2217281372862
268.0291761868147
271.2657786720876
264.3951098837357
264.2961345331257
264.4041915643579
264.7652399594743
264.015109328684
271.7472558910818
265.2749132283315
267.4548003848764
265.3369491943516
269.0476014811266
262.3045810075509
266.2359256320676
265.0240333583709
264.1544596812067
265.5687670603405
269.4472241001935
265.2807859109536
264.4741522785953
266.1803284860185
264.8477898752867
265.3567019596252
265.4107138684535
266.0078904594018
268.0451903077746
266.3091147645645
266.475505889372
262.4280385118906
268.08086471349
268.7229615875157
264.5574048999771
263.7246425151155
267.0109281287504
266.2514673604846
265.2132491153833
267.2615008390481
263.1539204170323
268.2837539107366
264.1593259711033
266.3292866526833
268.1057682854267
266.1110035576543
266.1806007574567
264.4504213883633
264.8340495794321
266.5352007531529
262.8917575260917
270.5741133855485
270.1791031455767
264.4768827016313
268.0999394512361
268.5342489641262
266.5054242296396
269.0482465675403
264.1353521871019
266.1079698072433
265.0461605342213
269.7734549788606
263.3184907236723
265.4092814133693
266.7363012930849
266.1287532718124
267.103194996565
265.0079048478555
267.5195528038539
263.7089408697083
264.650751484051
268.0565331433177
265.0313391655845
264.1902584203299
267.404959087512
266.0004481158164
270.4153843845173
268.3080961578151
269.2076334449864
266.7534424637353
268.0562245655535
266.1137860257073
264.3355725099317
265.2026200359041
264.4823932878214
267.2525049079034
266.4591059485465
271.0897983121655
265.7900235995929
263.02235611899
267.9032736121832
268.7614814463398
264.3220135569542
263.1963585969561
270.2563955834929
268.9103791293225
266.0199633358149
264.1518178257444
265.5286552954428
269.2862719848495
271.15036736805
266.3188390841639
267.3576107643183
270.2408921619945
268.8027365707503
270.0395915769623
265.3474454196614
264.356577315525
267.258371984043
268.1627804940711
271.0967975113082
264.240455210048
265.2380076283364
276.1398649047208
265.1389891502403
266.300576786513
266.4017955184088
266.2843359567519
268.2417809024394
266.7570724370794
270.163481049456
269.1162427922981
265.2234903902043
271.1347640833933
267.0810151134346
265.3922100362181
264.3788436209722
266.7406895134287
264.0653741620966
268.2173398942337
265.4141343303804
266.0471615553903
268.0679023177185
263.9081796434412
271.113324461264
263.9708587491809
266.5974443776665
264.5637309607714
264.3221116934753
268.3916560286484
268.4290281228731
264.1136027662284
270.0541436037343
265.8904287119338
269.0085343596728
265.0337429007425
264.5407055014246
266.061861821569
266.7643728621586
268.3744483405497
270.5912579435658
264.4502528295347
264.1537228666281
267.1051422879974
266.1713029722825
268.2844189297051
268.3160566711628
266.9038294427111
264.1460179175135
265.2227485739016
268.0078190744412
264.2063509684677
264.384566310927
265.2417339306897
268.3576898883325
268.2971430987452
267.266331442773
267.9401331099424
266.0733248599127
272.0074811951877
269.0943965701317
269.1401439185687
267.1480021607942
274.0456826114863
267.3026820643211
263.1000577817307
266.4995889715061
268.0391140037744
274.1253519103359
269.0630361025397
270.2564261536053
264.3296738525198
263.7055083499371
264.3211658376326
267.0012141404353
265.6480691151219
267.5025990916352
267.0083380086134
273.3976644736896
265.081444996246
263.1444111395646
266.0046643903157
263.5676368533944
264.5779774579088
267.1164329114956
269.089669243871
264.4544105593289
265.432355359196
264.171914496029
265.1415584725949
265.2512580130758
269.7933747549436
266.076002698592
266.0168739256773
263.7953773582138
272.3752411329659
269.0036351391037
267.4034909291371
267.599600610517
265.0416578226173
265.2018216727218
264.1001819075793
265.0552449030887
263.0596717610793
267.1974537004799
266.3500434148329
265.0468789461924
266.3830259180327
268.5299948270658
267.7017623533707
269.3764776109114
269.253127011932
266.0164830846795
267.1630777144866
264.2546541446192
264.688943450817
266.6163300923495
269.1516660806834
265.2154618426046
267.2969852677625
272.4267090594479
267.1398267502514
275.0587761414508
267.635307948542
266.1049371348207
265.037714101892
266.1488511518115
266.5812678035138
268.5563158272357
265.6587685686756
271.1320087643275
268.3049572070377
267.22197533046
267.3696086700598
268.9070564273068
263.176596040669
264.0583983015162
265.1836746215162
266.1370841439718
267.42262850639
276.0229887844845
267.2673519729031
269.0581145005141
265.1726601462744
269.6631469161501
265.0117160261247
263.6281679447413
264.0064959545977
272.6659082495136
266.055643840608
268.0265168856978
270.7330791237413
265.5127986480662
263.1236887897607
266.8380184866086
270.0468451514978
269.2017329116269
265.6956170345362
265.7121201829851
264.070162998752
268.2836609945173
266.5352528255802
264.0459989911878
267.1002184656196
269.8625808104092
266.1036669279888
271.7547721394958
264.5963810365826
266.9565580425655
266.0036005333513
266.0586622676294
266.086028486653
265.2825257328976
267.5624149229873
263.2047109287224
268.043259158876
264.2772168608547
264.7108895862146
268.1876410768735
268.0806581870128
265.1370130427873
267.3115798933981
265.7277722947251
268.8128067500742
264.1076142220595
267.0685955930733
265.0746305272054
267.5233714540253
263.8615994493485
270.3060027382373
266.2527347266719
267.1919748740427
266.0847782054838
266.270814884965
267.5973011455811
272.140608307563
266.3593096430806
268.143594877548
266.3724449013588
264.0093957327181
265.6105249613333
265.6001660817819
266.4720564778343
266.2182207030301
267.0256039559036
267.0603893707664
265.338531981155
267.0374528269457
264.1859128457756
269.0694387835344
263.4472006289775
267.0979630899892
269.1574512408148
270.3398310699149
270.038266567533
266.3692847693836
270.0717294842118
269.6356007690509
266.2995109061438
264.0422675536295
265.1094501138468
264.0373620513254
266.613748819606
265.0942165099182
265.3172068141449
268.1760481812114
265.0350931367769
269.9580506008358
263.4321620581494
265.4388371790182
271.2412483958868
268.4617949648562
265.0482605408702
271.0006330462664
265.9721457380516
268.2004945855954
272.293750109562
264.0018578385686
269.5021924249053
267.0614145783736
265.0807430511964
267.2333579629574
269.3005277653992
265.1850894463402
267.3380611406616
265.5718708803265
268.4827867209394
265.8359871900651
266.7317375560533
