69.20717302531949
69.20114184796316
68.20905566886779
69.10209177008524
68.19851624397693
68.30499663259212
68.5058248768939
68.08286814031212
68.32368462573753
68.00677935545241
68.38780851102071
68.05752826385674
68.2579905386682
68.0412948317504
68.05112208215563
68.22985360224051
68.05919654218187
68.9261956368113
69.40114260926791
68.07860666237349
68.3983491324615
68.11191878212931
68.87105418276009
68.22703897909376
68.22601888924
68.02847793147548
68.05689834269974
68.70633224316153
68.12717652329486
68.03486427225913
68.12693600365989
68.33684244854109
68.4106856523076
68.04379581562924
68.26806502683489
68.08567963110013
68.61182399848013
68.67522012917195
68.81932417556168
68.17883912893261
68.43650074214375
68.31517325522024
68.1951136613546
68.15848937788579
68.66828834994335
68.03805369145167
68.34477292598888
68.16999008278214
68.5175835124295
69.04086722165181
68.17963250516121
68.15534421955282
68.05106227588625
69.08546994234763
68.0217078691249
68.01333304143377
68.11539864237683
68.25175472780563
68.45824744635289
68.91837652369203
68.64510053434658
68.015524044735
68.10490788419757
68.93829566451461
68.15266154682048
68.0006613728702
68.32093768696039
68.05506928416196
68.49830732941963
68.02648487631215
68.2240892790324
68.69195314356602
68.08740597114682
68.6552873462105
68.08142731361411
68.06831446289496
68.15098022052999
69.20278734440727
68.39919781876971
68.31410535568855
68.40821853782147
68.1028054428526
68.11640920055602
68.37145950583505
68.04158013699113
68.00101578722338
68.16005251380417
68.2093123336699
68.15412446502522
69.32810545552148
68.39653464773274
68.25071640293449
68.27935117250043
68.0351063550685
68.03779554889445
68.22580145271125
68.15014264374186
68.37442055670128
68.02574356948715
68.79710951197207
68.17437677546961
68.45603677344977
68.27542408842375
68.00313872042135
68.02700631754509
68.1867637162852
68.08850840842662
68.18437217591544
68.45071025060952
68.25657549516936
68.44833515487122
68.4858658423031
68.01429819490671
68.09422320166252
68.25571518750019
68.66961352865283
68.29190495817433
68.17526912404594
68.5883237271994
68.08544871847289
68.06812895558512
68.18024709019382
68.46200361954763
68.20937107401433
68.64991271616827
68.82388084702993
68.17166700927649
68.31668629742012
68.3347468669462
68.38170821577563
68.20611701619171
68.1593803032412
68.18922339087928
68.29266973008527
68.10632478430011
68.02608413960732
68.5039530734874
68.03505361457823
68.23188965180923
68.13268620048294
68.03351489613368
69.06001571276862
68.31209662850718
68.33047032129234
68.50269372781298
68.06603178480218
68.13170325832009
68.58235058750282
68.23416112201063
68.4688589752311
68.05755916269918
68.26836904101164
68.20924449351557
68.42094656878366
68.2972801885058
68.46972655994966
68.5155544589103
68.65504630261955
68.02425646817714
68.62642071330735
68.67490004408889
68.21616333973574
68.29590382909295
68.52676046294783
68.29588370282637
68.21063701942708
68.09887636170359
68.00932379698952
68.04677884690709
68.09110919443766
68.13873987644452
68.0386993975928
68.2849579873301
68.20188864597466
68.39294737118202
68.18018257896577
68.71126523136924
68.24095723047354
68.02282673750193
68.43071825439218
68.34952216847029
68.18326801255394
68.2721068051502
68.4821981502226
68.15672103708297
68.61209366530034
68.56372037416943
68.05871172566901
68.14505324189456
68.37811866335055
68.5087149865005
68.44266966716927
68.05674151024934
68.2004923862077
68.23669833828771
68.15814082519461
68.15914433461015
68.16251261126625
68.23628660711785
68.40503403016655
68.17539215534715
68.11107900858617
68.4355256076806
68.214115141434
68.32853473566823
68.08907372176199
68.00991327976777
68.22865896715419
68.15830530305158
68.50490925814718
68.46510507456698
68.21415918782105
68.62966523927447
68.49786422468327
68.44687643157957
68.49242032035
68.9099227222832
68.2022137040848
68.18771627855482
68.80462206894683
68.07941744355465
68.15919893898091
68.143442856935
68.3215578656335
68.74957070549871
68.10799877664489
68.27285843707723
68.08883942833111
68.15040429180654
68.39086574703796
68.14485045723164
68.16098653736643
68.2465791435201
68.10372516510607
68.34252988582372
68.1122497625071
68.04607554909225
68.01677945611463
68.21418017492398
68.38382982937645
68.43514861674353
68.17985028129098
68.01853531472362
68.92224622089681
68.12543523451671
68.53994605554152
68.65900701328084
68.19059455954992
68.08221349599809
68.06021405966449
68.99521869226069
68.12668200385234
68.52588329043904
68.34990819660476
68.13974101590111
68.05547378861448
68.14599846379986
68.45898795086093
68.32549116293151
68.46645521230936
68.38722757501226
68.04210884076099
68.0161479402707
68.52063223275627
68.60166610099274
68.39258385752552
68.0478218313438
68.52695489992662
68.09355148216152
68.25929712098107
68.05470877028058
68.19673981791479
68.18502180456052
68.05704310157424
68.31674930541598
68.06196723313325
68.36223649307543
68.05172216271905
68.10330867651696
68.57985680317563
68.07616178284133
68.13463845307501
68.00981537820518
68.00612871672763
68.16352384197664
68.27889158489747
68.27813048463577
68.0216900948366
68.0051373641144
68.67243852663702
68.27359911699278
68.31006162282372
68.27532223072912
68.3833938220675
68.175142672266
68.0206988615119
68.21983633439496
68.31783318359696
68.07103696304534
68.63649585123495
68.1236470707876
68.27701406197919
68.04638077627611
68.1019584842909
68.17266596235463
68.11405034320504
69.25346089666628
68.90610228366151
68.42170371664889
68.97862553690335
68.03568166484332
68.3187271343662
68.01667841032685
68.2947513209905
68.36343553569871
68.61917389052698
68.27242164553907
68.6446969446766
68.50972531131643
68.42051213609383
68.26292760412629
68.1600845900258
68.29228667730601
68.37158230438467
68.0785644870253
68.58130376127671
68.02664426584235
68.24561776777665
68.0362574850413
68.5610366743267
68.04504799952961
68.04562648262824
68.10649337750668
68.06445166168298
68.40333994083133
68.23509307123244
68.04553041929907
68.3586223464355
68.56364419076716
68.14428132705868
68.2138445773705
68.05666424786962
68.74768631752865
68.27298914841991
68.2552320741556
68.02663590188038
68.17991392108608
68.0929624350069
68.06742307396658
68.18915641262548
68.31824509964387
69.43718125164423
68.22365681059483
68.35763720906824
68.01142354549809
68.47340074437206
68.24350254351181
68.04100565016742
68.54564729757173
68.06360014329056
68.52239973966294
68.40323748795025
68.10937108022924
68.09229112802731
68.40014138686848
68.90131044715032
68.48473660015704
68.00779509777306
68.26009905694488
68.30844390966517
68.24451880379331
68.38522223186567
68.4725393919228
68.1838834976432
68.2804918452017
68.35325540480042
68.40623969182023
68.15012324508848
68.05314245732842
68.423953345549
68.29372152189123
68.44585080688015
68.02975943295692
68.04266387850882
68.8344571938987
68.45316047474466
68.17806427005625
68.0408963969706
68.07937093261486
69.3270002470628
68.19009532274026
68.22467636569269
68.06441847716196
69.35428660571027
68.41049062695078
68.2807411059114
68.02561588064574
68.32186985128918
68.90476208920887
68.75244839846441
68.22212287383614
69.78136434142885
68.03392660216964
68.97540383424987
68.13922481514226
68.47255955841833
68.08019132276152
68.03376294520571
68.46091347787164
68.18804294959783
68.00864887048617
68.08851059527616
68.36790263119399
68.1505284505347
68.68848474119434
68.07958129777225
68.01292656659189
68.07998985810778
68.15361863031151
68.00632982969636
68.02353146508176
68.57703658898838
68.26725714336202
68.20685356635917
68.14842223912488
68.19447301093957
68.27658543023387
68.03498327826242
68.00460988896624
68.4226291902445
69.2054234432655
68.20287285469014
68.42133765044301
68.9063947815707
68.27055639556903
68.00601455688752
68.38427261244605
68.46938104677339
68.16366823043505
68.04190996943086
68.02875158337397
68.26552301866062
68.03113741440612
68.16566862643433
68.24069956611933
68.17173088729439
69.01171838753642
68.18314074766386
68.07734915134061
68.18584696062851
68.64340678503048
68.01701992500331
68.37521392889231
68.45890921647779
68.15544495685855
68.21756559465211
68.27526962108008
68.30501304764282
69.40119549984978
68.30097658841666
68.1065071605539
68.15801877609609
68.32235009867853
68.7283408119923
68.54838130169261
68.52878383793428
68.19044988577794
68.3985734850894
68.08855402068976
68.44868164523679
68.3878998138567
68.1825349367262
68.323756280918
68.26060668523252
68.00953313625973
68.03781701910077
68.01646589620759
68.17216036898417
68.00474100731878
68.23977362710477
68.14089803242089
68.16004897661938
68.15091276885624
68.01448565410182
68.11550512288963
68.29023672127482
68.34873736465987
68.46546873479402
68.64404840935877
68.06452707025228
68.6419862080014
68.0385972620203
68.26188186355229
68.53693886031135
69.43021529778036
68.05064976503473
68.25267914049881
68.11084485697477
68.03566742542095
68.90886804384836
68.09219935421714
68.71551100544171
68.63269008444952
68.3559767986667
68.05777214268124
68.15892806964213
68.44475578369989
68.0742779092744
68.35156688177884
68.61110546975198
68.17017052384125
68.07645038253195
68.24842252576367
68.36216418172528
68.4615040149843
68.22641797792487
68.29320908090466
68.58979257182783
68.05614514466086
68.00533230786876
68.04267665762549
68.14882088080387
68.89262531258395
68.16524369912226
68.65102735648053
68.04200694590615
68.01361561359931
68.15797513850984
68.6259553881472
68.42997107307852
68.09486950996822
68.26238333795462
68.2487348132391
68.03364433340641
68.89016661059628
68.01846314005779
68.47049854714327
68.79971805435042
68.48421586909183
68.09882753123365
68.1094115765331
68.37550383604871
68.39624035098748
68.01597557578138
68.52124513385988
68.1609333268882
68.42253040787188
68.17365029680393
68.22119932088351
68.04681754740734
68.59209067191594
68.37088741405515
68.29682567628025
68.14251489716402
68.16312492389201
68.87628744877486
68.01776325051124
68.92010350824867
68.1951731520294
68.46249762678036
68.18147647927981
68.30197545639882
68.44154242888669
68.07113978674255
68.03606722876076
68.49352920271056
68.01730335479854
68.56622569127833
68.62326215254063
68.07962501143412
68.60017252381049
68.03339133122519
68.50751479663379
68.04067264103107
68.2383097731166
68.24308897294291
68.49685375939696
68.2202320799851
68.04177614341782
68.60445640468679
68.11673064114451
68.18121574676893
68.06716485480165
68.5376717106707
68.937452415109
68.28737845001743
69.30054711590927
68.09007545587225
68.276018273927
68.02457634290772
68.52863791740688
68.29344711264113
68.02348957371814
68.61649815309158
68.37849841155416
68.54402790023519
68.00506694589942
68.07887212781964
68.52589208050217
68.01406094827459
68.04784898525503
68.52722286025217
68.44772381837932
68.60863796219664
68.00505870179298
68.12233375196496
68.05014454969643
68.298304197379
68.51058239020254
68.8058632034063
68.47416516576845
68.19885161422717
68.64269314491567
69.3325801416168
68.32093087671973
68.05180353742631
68.48434118250022
68.31614858708568
69.3730378618085
68.21448732507889
68.52027159783783
68.93654519090603
68.25339853946701
68.15146572479478
68.18807589769673
68.1258423561659
68.09813779570693
68.0224335204258
69.07605831325209
68.59465451782822
68.01880837303472
68.02962982070179
68.70748115638334
68.08657960464694
68.38507824881795
68.21457929277763
68.347912382165
68.87226021677641
68.67235102082854
68.39593679840594
68.06660548838741
69.20080443283311
68.11132350431124
68.20454131059563
68.01375492693681
68.29947438750315
68.30573370303406
68.00632439876344
68.0148069151833
68.39881200816596
68.73202524684302
68.03035704938844
68.4894464523359
68.29055999149253
68.17054192813565
68.08417558516486
68.29704209218384
68.06722581479167
68.44102609869744
68.2083339181219
68.72178829223843
68.0048173174129
68.00710475774171
68.14475913102666
68.11093720478091
68.12092511586357
68.9688339346421
68.3816842910146
68.73205008941333
68.01868759263226
68.68227328453234
68.57657450471102
68.16632993463665
68.18377337811249
68.2100766818088
68.26787972499673
68.0318296290829
68.26135146170222
68.39891888702361
68.05448270813947
68.28045517101391
68.24452782484329
68.3948797330814
68.6497638008876
68.13656462191969
68.17565397177488
68.9265552266061
68.22169866762893
68.50418079093004
68.27447292274924
68.82635707096645
68.01169881529317
69.23193915257323
68.11745248583445
68.47888751724324
68.63281148566563
68.34046075003381
68.93100610467421
68.97672823468925
68.01500552736923
68.59263992160164
68.5058914272851
68.25522899873312
68.03736741283143
68.07714214603251
68.12311478793849
68.43129964395085
68.28406974875813
68.04484450657962
68.26377535826667
68.26129513588356
68.2395245226592
68.08204129944149
68.2334964676796
68.02424106297624
68.81029846188702
68.07468939017603
68.09990859615955
68.12333366758696
68.53900258722649
68.97633670324021
69.35401823436396
68.21035402369093
68.29911227263678
68.20269518257022
68.23418070297699
68.06250727184471
68.26878727189852
68.03661140493732
69.03126730210451
68.11086544368598
68.02741951304847
68.33999882603963
68.02749266054045
68.32536354066607
68.0279732187812
68.62260097700582
68.19689112875928
68.0867398158281
68.67592704225156
68.35750482391036
68.11672533230835
68.53343215407179
68.23023210136631
68.0376896192874
68.1805196208214
69.35939664533292
68.0203898207687
68.00186731451963
68.07998797112612
68.10617378913143
68.09337900294423
68.40038740015589
68.03690770114409
69.17982984128008
68.14948697039128
68.42019061663899
68.76349435884825
68.13744785978353
68.70593942003623
68.07596658152632
68.17737858264783
68.07971158754835
68.35368228208299
68.51442418846342
68.08571062208138
68.22360483925675
68.49082106896023
68.40287254711299
68.2682036272848
68.28906407693007
68.48740449353062
68.02365098281399
68.24477946011328
68.06253918830157
68.24547568865233
68.14695792096028
68.01378052584892
68.3028935918328
68.27803091144882
68.27586242255343
68.43032376085888
68.37566807085688
68.99486187946384
68.13385076923235
68.60232108409203
69.11863439262896
68.19255966872278
68.49876913995378
68.23414407566293
68.56481801849408
68.92895790730228
68.09152917164768
68.14637476594865
68.69253064268804
68.02477764854302
68.0366133432059
68.44563384202884
68.3014196501601
68.03646825957054
68.02426733073074
68.17501746016018
68.19571408246496
68.07625523676141
68.07493945509141
68.08295747052107
68.50198665673953
68.28747307864275
68.35810676605865
68.31626194193193
68.20652902443469
68.00749043455315
68.026281176656
68.23809516539937
68.27611652902057
68.2672727174671
68.53160632763516
68.27722210837491
68.0321470660015
68.29709976651871
68.01744379149902
68.00560443840578
68.35688982076722
68.93518909615527
68.2293514880141
68.04802279814498
68.36138725688562
68.16374609819458
68.08897925877733
68.27099662333904
68.3567409726163
68.90065375909224
69.58343989094939
69.2069208406092
68.98520699095883
68.0071995501211
69.70273366692992
68.4583457615645
68.07212430373484
68.19411375014273
68.4718679508096
68.27799120600181
68.01329653961892
68.80341946691058
68.76128691625473
68.73739735777085
68.23897873606822
68.07775123951242
68.05166443437741
68.00318239337795
68.70349399509917
68.08240755725903
68.22225772698076
68.16615001483395
68.24660232765564
68.21669816584121
68.67044793714841
68.44583641848077
68.54242739565042
68.38149889753703
68.7162418926738
68.19244567897181
68.10205886696603
68.03862337553932
68.1473464515243
68.99797117969626
68.45174430901211
68.30301998998648
68.05967636246602
68.1192210877559
68.18794976590993
68.16466124211749
68.88868336655293
68.28572000753005
68.32800791735438
68.56637112022393
68.23032572847177
68.01939183846146
68.30679380717635
68.22340270560768
68.2064089117547
68.26007227944866
68.0580839930332
68.03731737431596
68.52590940459929
68.9015706603691
68.9577675226267
68.33192012856054
68.5696678302422
68.00942816743084
68.04612046927777
68.22042269904293
68.18719991322602
68.00424267331489
68.36325528575048
68.00748544157094
68.09933347467006
68.02245352258932
68.17539926756858
70.00438080264969
68.26626041520265
68.24951267012598
68.02592676904317
68.09655453729653
68.76088705154487
68.17974471504286
68.61066018249963
68.30813367868511
68.38148351276372
68.01952070221365
68.22611149758521
68.34978117219724
68.62476242793448
68.09783595534321
68.14056176143347
68.10479617575668
68.33181382310151
68.04499658881733
68.91015618764393
68.22462085176102
68.6263763443241
68.60150911495622
68.0151899708344
68.19121507675008
68.09369489813182
68.03552710034248
68.16158383661148
68.24027049928138
68.04807970193072
68.53483431517118
68.09198975421728
68.49946989188217
68.39732899627712
68.2868653545026
68.16866880356477
68.40088848581377
68.18191440281768
68.08368739947635
68.2289305190575
68.19795967406456
68.24919494649473
68.63114775174812
68.56459527560237
68.23454484630071
68.03277399161243
68.56553134871531
69.11952268141815
68.1362527146585
68.73817038590754
68.07843997664108
68.56041829193012
68.04868768138067
68.00607252486861
68.01986259200075
68.20564591280755
68.09559018510545
68.05353158321228
68.38779058080162
68.10276306727572
68.43026477332975
68.29134910558788
68.17388617099893
68.87084269469808
68.6490536450122
68.20974159035141
68.46055308160905
68.27851946018572
68.35695484545118
68.42644015729039
68.42359863789603
68.34502738339908
68.12312318262032
68.72898265478585
68.0992949879084
68.5020676545038
68.28444456600731
68.11102794050304
68.67740731813004
69.22395977821603
68.02510097491208
68.16825155276095
68.43800899843467
68.10186391115171
68.41397455414474
68.18927777561264
68.15230605345077
68.05793411839218
68.49938075995638
68.02182818699033
68.17720800055721
68.75960411663532
68.1995512931384
68.23853884002281
69.30960522635311
68.19363818965853
68.15576563800403
68.00671562253943
68.07737117772119
68.07534385754303
68.2677041958032
69.18092626274594
68.72914566157836
68.12557178734083
68.30842559170726
68.04443705924767
68.64434495398054
68.10569539607586
68.27934833640089
68.2602098186716
68.15821989409359
68.22043399256556
68.1817528456716
68.4010556913235
68.00550103416468
69.47799794516835
68.4131661348902
68.66500352636209
68.06739980911182
68.69499538747534
68.08374696261018
68.1307389388144
68.09933776796944
68.04214436348138
68.7431340343625
68.0992133191955
68.40419494790912
68.52459060225058
69.32899334506186
68.63027836728583
68.42658978924479
68.3744638131904
68.13244885916225
68.60471037154413
68.49062354033025
68.07104728941272
68.0047557559043
68.3100953634381
68.12749745278131
68.15878057044777
68.04821295665953
68.85855315683375
68.73059070318999
68.1725256486007
68.35906400830793
68.72939365768141
68.28688725035332
68.24449201445456
68.03030551455277
68.03829054351388
68.69324071357072
68.39054480768124
68.1020723224653
68.03007579395171
68.23860905199466
68.07233739386389
68.2627007334861
68.57174983590697
68.16679838708761
68.06975906422764
68.52472165873313
68.42945472399188
68.01831824655349
69.49707105553752
68.1298492291446
68.21746323837424
68.3110362125691
68.14149736438692
68.34224491015812
68.15719164500638
68.67482981533962
68.15693936082093
68.71475357744768
68.65397318914344
68.06367919770592
68.1485027288553
68.2243709308693
68.43374905397155
68.71445346602495
68.37152354502797
68.0100131782796
68.46089584276382
68.53009550954302
68.22651374180425
68.02294188552301
68.61422906420732
68.23981062563061
68.00702917403666
68.19326779092555
69.09064215016677
68.77248406076436
68.16926731127225
68.342140288723
68.09241894271958
68.62320998314647
68.05576717983894
68.28961312677183
68.43291185425686
68.46598892353153
68.09174162116183
68.27777908301081
68.1287756733152
68.2828055142308
68.37444736623596
68.00889659484538
68.2979277122719
68.66046412055718
68.26005241407003
68.35342874708748
68.99343172864232
68.14461035787936
68.00008767501912
68.32131788549826
68.05214772232122
68.15738317684067
68.29140242501681
68.83910690743065
68.10370815350907
68.08446179999632
68.06682882187638
68.1628141341999
68.0784360508119
68.03995344258183
68.82562316912076
68.23267329350361
68.08355507409553
69.43715359863484
68.10046506343306
69.39827973314941
68.17177181089538
68.03435968747455
68.81931951433263
68.01011860540635
68.74589665540472
68.59757690804621
68.5940513798979
68.10255060628432
68.65490195865301
68.02593722652742
68.00180053735707
68.04944568963492
68.92750893939198
68.00298737560053
68.19796348242265
68.05004268099879
68.36124612734282
68.44675674560425
68.54784818600584
68.47107831655575
68.1851503279722
68.12997684251742
68.58393542035836
68.3142115521687
68.19038234475504
68.93000708316933
68.41939153119624
68.35766075010382
68.22291899439378
68.54468576393054
68.04398666161418
68.00009873193426
68.70307786910715
68.05002491400967
68.41415058513338
68.07200897488164
68.21644419292474
68.14848531717402
68.31928771351983
68.22459926811092
68.02737652122114
68.04232572270416
68.3682310267947
68.26999144154277
68.02905185035523
68.13990082997114
68.3296570917643
68.24220218137961
68.56220234351532
68.07948692091296
68.30249233705413
68.64840236294681
68.74263801151203
68.02456008198992
68.05367223542423
68.49444410370232
68.02655482354636
69.28625949811838
68.06791044144352
68.28868621145814
68.17190505470498
68.09594851703842
68.4096229566708
68.18423994827656
68.37284819440798
68.43140033235545
68.44500464046166
68.1589018253258
68.12442432106896
68.0732945983933
68.03625557016976
68.26016953845554
68.3618388547445
68.73033809066436
68.11466871023303
68.32029081939895
68.41355401570145
68.00015548623412
68.22264107105671
68.1607892059524
68.12587239176217
68.62810401894127
68.18730696810823
68.35374545498475
68.14024339496194
68.8471768531667
68.72090979238763
68.1322610502485
69.12819631271125
68.32992535125457
68.17501727327745
68.10234519058481
68.11719148718839
68.57659793115104
68.08365470107749
68.10964968579164
68.21791694493254
68.70762816113431
69.35719440569503
68.0558005922539
68.27802261188046
68.00855395485206
68.6431253753274
68.18372727595198
68.30734486560516
68.02278058364065
68.27323512264218
68.1085175182734
68.14853812976348
68.7180321668404
68.66340231409215
68.15247663120945
68.0747716088675
68.121971060124
68.28147822388938
68.28870789846606
68.26807839615823
68.33139088899034
68.41161674839921
68.03811107165005
68.00743604819354
68.29228266565175
68.2866531029583
68.03890081194355
68.20489713167963
68.19643241086833
68.5318400788776
68.14504001752518
68.1073482389758
68.29688398078852
68.26186246567605
69.60619504540364
68.43386784743234
68.45985739243034
68.44854073301191
68.30446772739242
68.00875497270604
68.19014299973034
68.44283356741192
69.28593106137156
68.0593491373675
68.59069856768775
68.27463482433282
68.01440832575297
68.12245021475873
68.80050492933563
68.70557922762583
68.25279708299706
68.06491978024683
68.02389855452832
69.2235891040619
68.28381965718016
68.06561970600302
68.15381101769933
68.13337514698681
68.72447769830902
68.13568823642504
68.41352260578313
68.49654343529126
68.28081191230186
68.27395576663932
68.29354169747104
68.0686332752691
68.00218836734994
68.29463872429827
68.70649020724717
68.48561048448448
68.37733273823368
68.23601599911554
68.92191983678067
68.30863886727384
68.73304813216343
68.2504184973439
68.21120103763813
68.19211950084288
68.32068166070195
68.90278052623181
68.03349458668393
68.26840475132019
68.58440292373616
68.25341895398789
68.01246064265219
68.22690700356172
68.19188351824234
68.43196254621512
68.0091168857541
68.11099290958214
68.4649761461739
68.22800003060257
68.04126121455207
68.05956995156806
68.5647894311413
68.2217856164582
68.31532763602584
68.59895800683584
68.35164191523299
68.08747030036707
68.15689571944256
68.13950766570119
68.03135204868417
68.05078922498953
68.03723831212605
68.6938742403517
68.58020488180829
68.19653285596019
68.09786197267215
68.30428213370804
68.16517183003604
68.0276825672804
68.24984866800041
68.03417568776403
68.15335415026647
68.49222322446005
68.12890914194625
68.38392737563422
68.10866435310936
68.30915967878833
68.15535120839796
68.38438735113441
68.06427109828051
69.02155855589159
68.10827618482995
68.67117184582928
68.10854646662307
68.03640691280175
68.07896128135808
68.10923463333953
68.02663970820798
68.15781383604022
68.15640620314907
68.07016962982766
68.30958079939373
69.31042079537745
68.02491154718955
68.62684325156835
68.14064165577396
68.80261823220842
68.13566310832532
68.07951000850768
68.26025182176878
68.20097875018237
68.46727407255769
68.08497244563492
68.04856188739477
68.43036754774437
68.12860823835108
68.13621645334914
68.91504701993222
68.01783702373902
68.05067936832768
69.19058142640938
68.52872525009397
68.75549131641235
68.3458357427585
68.13233251741778
68.0782627669853
68.2013076338043
68.27495400173429
68.14545779385307
69.37724487900682
68.30473100940603
69.02112906386185
68.03813223178838
69.07889747113992
68.02631162255432
68.08557699607445
70.00699259755886
68.04238503274706
68.12578539623047
68.00442020890462
68.21760481363343
68.07031841765652
68.10949253540181
69.27848714327246
68.29332894204126
68.01404040676353
69.27541373523141
68.26163426150632
69.07304297908365
68.30837335811762
69.00061177658175
68.29774858758948
68.2734880317911
68.56823386075652
68.3888541530114
68.99132019975066
68.00116888260543
68.02101212581479
68.03068245600376
68.05877473071531
68.02089461518958
68.15230757217827
68.0083532520416
68.6956762968017
68.32297794661095
68.16006453291837
68.46979627743431
68.39773630508316
68.3793082122927
68.28008678470201
68.54260935161774
68.00294890962091
68.91607932539524
68.54141089151977
68.20753990797854
68.79115770411227
68.14693038861168
68.07209938543365
68.70475081624478
69.39121366519076
68.02128759956534
68.61193722849218
68.11988903487318
68.79757492557142
68.35190533334794
68.08710172102437
68.22021525008924
68.08103768553995
68.97962551786573
68.11680976460072
68.02455118804289
68.25726917253455
68.22889974007329
68.20511350636694
68.3584998754138
68.95355558314267
68.5839681378613
68.23455503047848
68.34232422915126
68.18043171252151
68.24086342960645
68.1641698781955
68.7582374335749
68.5128894226143
68.57569064537562
68.01488350581252
68.11767257140514
68.13055696246805
68.36405902944985
68.06005727554414
68.46082923568433
69.06728273039327
68.04584096127667
68.27073361162127
69.33170256913007
68.01409168967348
68.4080654586072
68.15535724296427
68.26763454331336
68.09121147176815
68.3950546981392
68.00863694161771
68.49613286568338
68.38378572542153
68.46209429784341
68.33787289421102
68.32432963253278
68.18157371461442
68.44886817893112
68.50860885535539
68.03947970190752
68.22926228602167
68.06801996168674
68.18941133077234
68.6418757152634
68.33947938284612
68.17484373958727
68.18668628387404
68.07527632477463
68.07726016112348
69.1201226841579
68.07902831434637
68.20856720368344
68.32248896124935
68.43124046824975
68.71203770994966
68.0434156617838
68.37834213783356
68.33833110887888
68.25776032438755
68.47575801871137
68.03388093455735
68.24726978351414
68.3527541657516
68.02398115957557
68.04347423147382
68.88953249814668
68.24532441726315
68.26511124885168
68.47680010236382
68.12560742207425
68.40026740944909
68.07835586674628
68.01481650757087
68.08460061718105
68.1325129312712
68.09135121093321
68.44847979223977
68.083609560558
68.54069744143699
68.21466938542211
68.32179673289468
68.29251235178101
68.03663844037727
68.0776815111827
68.1495070135763
68.21735298411762
68.48559942198082
68.09567989524403
68.12454652897179
68.9429599912815
68.05899699998359
68.57887272805904
68.27377257938359
68.14507972588532
68.19225943500787
68.4933032470504
68.04722602222252
68.40168336873977
68.16671528356883
68.29979220997267
68.66988582033937
68.00942410151468
68.06636963313801
68.49167852479985
68.21180047364929
68.04388284452168
68.07522604989157
68.14447805097738
68.09163743697583
68.07747445766398
68.18592299153595
68.01190966248907
68.71058839391527
68.25402611676715
68.02819510139416
68.33756843326289
68.59671542637263
68.0604430033573
68.32489484632929
68.06231717560811
68.08027542896052
68.00237147230646
68.40757378089084
68.38729585804575
68.0787256523199
68.799723705211
68.28187007596931
68.18008175206883
68.9921188494304
68.1938162908365
68.74568253313066
68.81484650992753
68.44805592595786
68.34147905884059
68.71752002631595
68.43842206313309
68.26383600505531
68.53643653268784
68.10422746966081
68.32442323802638
68.42917302600111
68.05786533433755
68.27790491450487
68.01761653590555
68.4619445556426
68.153929768971
68.16555513082106
68.0380363331734
68.0559849121314
68.45531738801796
68.98739244779951
68.04272207209141
68.19354923152588
68.2686419760591
68.17238580141594
68.56777436535386
68.26558018741304
68.00636072211329
68.16316971638481
68.19870170854709
68.22347975815825
68.22025707146169
68.06998616349826
68.13134894551929
69.03465797638844
68.00683211459528
68.0094955506105
68.79482053368511
68.01138385630681
68.75741424361532
68.50110423848267
68.68241011963747
68.21707373132486
68.09581277000466
68.3996112051552
68.22728278248583
68.97276294657819
68.07280426372535
68.01638924921566
68.62878084009391
68.29092447966798
68.0133173183074
68.15102684818517
68.06739965942228
68.0732955067172
68.21351221588795
68.12148247046242
68.22303466132668
68.3436619318823
68.13062013209671
68.58291011825574
68.64469754821036
68.77515531659442
69.35769473132706
68.76041451980831
68.11568556023502
68.09192831915144
68.24396644427166
68.16683276689278
68.1091320487372
68.11600598835466
68.03907404879982
68.86820265013705
68.02931394037518
68.05939185839932
68.08085711456083
68.06628864036375
68.32235614656385
68.34773261483988
68.04136426255171
69.01325216252167
68.32391830986933
68.37525948891646
68.03718018671194
68.31207966574469
68.5136903883588
68.0666534381779
68.09081848395294
68.04329273589971
68.09211855368098
68.14265257991832
68.01236079999063
68.01246266908979
68.03755827155688
68.74631297177447
68.22321848799318
68.05001435218628
68.39503430155929
68.02994469002188
68.20737521501466
68.46788474877133
68.13003821289114
68.20021491421983
68.03844057700009
68.16426932540104
68.3839989392159
68.4609433361644
68.14938897724382
68.36264383137836
68.0618870832355
68.83159450230681
68.29095408943536
68.1368398620245
68.16820126633621
68.73584765077896
68.2874552030635
68.13180518466537
68.30707502773117
68.01503497604692
68.42699813483333
68.10920070566185
68.09693428817067
68.11632345430272
68.20221050833368
68.10872158643386
68.45508354121304
68.8577689037374
68.08461453336892
68.23161039506942
68.39013512968414
68.41466536075124
68.33635904722982
69.24138039591008
68.70168032749508
68.18413426494384
68.09434901036613
68.55392232064055
68.03475151355504
68.10212568710978
68.63758799352706
68.22606269693762
68.20864811583738
68.37167753213339
68.44886725797637
68.02407469099204
68.00337890270019
68.2350834619859
68.14536669052636
68.39971447160897
68.03487442913493
68.5462085686814
68.22990722036552
68.03867867162917
68.00059166570745
68.20828932137641
68.32145010489197
68.01178725939933
68.13658732301748
68.01260765586721
68.03732128916337
68.86691863045291
68.51889481688725
68.56359721616819
69.32426219576665
68.08843516354959
68.54623557174827
68.03124405211422
68.68097390112135
68.58006284994917
68.36023996757059
68.54500258056801
68.99348780311311
68.1731270386574
68.14965844179086
68.83481714715708
68.53602203673994
68.67351531580115
68.40887972828767
68.05915864043322
68.44576399850871
68.48366310530342
68.72109921130354
68.3444259931661
68.31624275058482
68.17010929839029
68.36382972504056
68.32238244496979
69.0497916500907
68.12288622154426
68.2016483183746
68.32265516415478
68.54314968547008
68.45202943786397
68.27525461275464
68.24914682818941
68.29073840707181
68.12955768563886
68.28868615579988
68.36393258192695
68.04383553856069
68.39190210513917
68.76992679690171
68.01202696895211
68.18743916713656
68.06329440568511
68.03187342589018
68.20136861781161
68.07262374185389
68.05406228398803
68.15932961914622
68.43425239757138
68.11242941732522
68.0517247554354
68.3318320962305
68.6216392754807
68.41547186403173
68.08169827241382
68.46381860769033
68.27399156751405
68.3659605283231
68.13290880754681
68.26017941659669
68.30690903401799
68.23925311086504
68.19865495070822
68.01716387831883
68.64145897209232
68.20252042115192
68.56670527747357
68.19114172773092
68.11173400278155
68.17027628780122
68.88457828374104
68.02915222626251
68.21083078764428
69.25163852241592
68.05651029502972
68.14197242548384
68.12024262202229
68.27496842468588
68.09691521073
68.20943322303727
68.05322034750678
68.09490935721914
68.45413190060086
68.48880032801728
69.20113975011893
68.94200174540269
68.57933975512242
68.03907767748181
68.41538484304954
68.43081896662967
69.00550788554358
68.02678572734497
68.06216333826258
68.16894635898248
68.01626836790454
68.04981329570393
68.01774001460186
68.23776814796261
68.03778263922226
68.3278584956493
68.51973728499802
68.02059913978697
68.32018476706043
68.22539170450874
68.18813441650116
68.10354892761332
68.34941338217281
68.36708912315639
69.17930907775882
68.10447396192095
68.17075904130137
68.33177196507502
68.09006097391742
68.29841308563668
69.14611015507705
68.44568967669781
68.08794332101
68.01492830410254
68.22310360210264
68.22831090657924
68.37014695257403
68.21592428772274
68.71990399051812
69.18467303079755
68.77170326957794
68.1117831712125
68.50136250550992
68.01434795048867
68.0569474103709
68.0710619427807
68.17155971827312
68.21547134427556
68.00941627206002
68.27160282564488
68.04334615525121
68.71841987304559
68.2502875611965
68.00987978200187
69.48603205539582
68.35212604835574
68.14730685807675
68.358143004666
68.2791264246087
68.006467312102
68.61804784921925
68.09001957210094
68.40057478707955
68.1665260471536
68.1696010488891
68.54542955094385
68.21104808467632
68.21831597102613
68.62988097795072
69.21004115478986
68.31052472205069
68.37512634369847
68.02098989137549
68.01728311854141
68.14124388244149
68.1762483315143
68.13793243251283
68.17217711529216
68.55514308616122
68.15654668660206
69.03359135292938
68.28526127174987
68.00563347348262
68.1377494592201
68.45566280120173
69.24954127068087
68.35385027981275
68.08127903649962
68.6838598651564
68.53836573753422
68.51475906661241
68.18233616670283
68.8289371928145
68.09342091347716
68.17193042007925
68.13672098424273
68.06940748213543
68.15926558283823
68.0619186820366
68.48896996870148
68.23295545125846
68.22936441460064
68.04619828857797
68.29797913439299
68.46501778589231
68.20224095498243
68.24060951899907
68.01219645580701
68.8265916983275
68.3498337202058
68.11937419862974
68.14358456634245
68.0185420805218
68.1339658704754
68.06016105382177
68.08354682813807
68.36458972816055
68.39458607447698
68.08625526688803
68.10039609064074
68.09448086476341
68.5983651906933
68.08184754087463
68.47780002799816
68.22846263341965
69.00230578081464
68.09512120723431
68.53870361633129
68.28391089693886
68.24964248667006
68.0121392590262
68.08546297764673
68.15181249641927
68.10962828412741
68.11250086514727
68.01742664010186
68.45176797943985
68.5138158162178
68.27559004384625
68.18132740327262
68.58159645504705
68.99173523502304
68.1290571602932
68.25405410152358
68.03939883658572
68.39795112238863
68.27384039450301
68.39264225908178
68.72008258855182
68.12938666661682
68.40358193583441
68.27192225622218
68.56176016530762
68.18861069613841
68.52893146524434
68.00677860949563
68.46474880649515
68.08301186856455
68.01362165147393
68.39826790689233
68.7303632670711
68.30868945327636
68.08556077521463
68.22676823087039
68.45257978614674
68.2162129973645
68.62269795452963
68.6994974576557
68.02703053827804
68.07334259919732
68.38399272250453
68.17351811463708
68.32751103336888
68.52364256803698
