279.0129032383388
279.4656195479785
279.3309651005267
279.3659153034071
278.3848284408218
278.0975649182953
278.5518208515858
278.0049594287005
278.5337550379437
279.0175097708203
278.1699092247719
278.0102146354712
279.1228735655
279.0590911789882
279.1166239806738
281.0690885869165
278.0337833262788
278.2972773688327
279.4723521400275
278.3693484988381
278.2327545760818
279.250156809913
279.0869280140535
279.1641047421897
279.1653230445157
279.3943996352638
279.5250632063278
279.882981829352
279.0468631816902
279.5271752424839
279.2725962682953
278.2945775429775
279.1006614897113
279.7629854724506
278.5509948642951
279.3033523518026
279.8007685568875
278.0256658587012
279.0991698048293
279.8151685298509
279.0766824973209
278.1791763150076
278.8781739277052
279.477734762742
278.0618029953018
279.1348422009706
279.1764158809772
278.1210810759562
279.2907782212047
279.7536465482503
279.9616496211235
279.1950801546992
278.0193466684775
279.7136853370175
278.413120795372
279.0559951124192
279.0389902031286
279.255329622749
279.3583542985787
278.0290658468351
279.0245896330255
278.4112848999367
278.5176942448404
278.5345171740203
279.1957166671152
279.0147110826832
278.164666606317
279.3029948071793
278.0358923249459
278.1991336130112
279.6278160410469
279.0161234759811
278.2396352916716
278.2214175026454
279.1199113629129
278.4222186842496
278.2448988645781
278.1863154559528
279.2684299541104
280.0773927188596
279.4686879663504
280.2570638648411
278.5919034100783
279.1690454594186
278.0275160200042
279.3679563153623
278.0761580981142
278.4703421064135
279.3896514015644
279.4340017395738
278.95910118165
278.0750789891919
279.4961754914958
279.3883494308158
279.1024986602239
279.0610843760952
279.2599160410109
278.1997596488391
279.6060487593154
278.0122332398939
279.7979054087731
280.1080919982146
279.5070789212725
279.2039855620761
279.1476437373038
279.1368115580997
278.1405374614581
278.1286762739042
279.1762004357146
278.1836146563541
279.035400543445
279.1798248189074
279.2244666572293
279.0596968249844
279.2619174539285
278.5434764549516
278.149418681066
279.7924665387686
278.0170782733237
278.1309488548765
279.5552197143464
279.0039992533004
279.000913244861
278.2716050146602
279.1092910296189
279.3465722236523
278.1491748563749
278.5954274933891
279.138767274991
279.2610706938223
279.26125703432
279.0237396186282
278.2699753766723
279.4796267804496
278.3898167843593
279.156812103908
279.5568257009606
278.0906217722929
278.0229881442253
279.0720425854275
278.1155106220592
278.2690868699312
280.3013448545578
279.3840340271713
278.5318384609831
279.1538168257166
279.2144310848017
279.1068426503842
278.4811010396432
278.1242063901561
279.6978657575438
279.9586370762335
278.1346439248208
278.0211284450122
278.3923963533496
279.0243244892202
279.2037873287524
279.5341281323736
279.7791595961796
279.1241617092015
278.1854212861817
278.3504820801805
279.6020280339226
279.1611596082925
279.8419677921534
279.1728468900457
278.1033019342429
279.0787688276424
279.0233451882216
278.0511152125524
279.4194503907485
278.004738926524
279.6669772517419
278.2252630235656
279.8245434354101
280.3098305540869
279.1221972554079
278.2119278771938
279.0695411321917
278.2249971296229
279.5708693145299
278.5139682985154
279.3566083346436
278.2713036605427
279.1230840460901
278.052627088344
278.0716551314166
278.2423420947278
279.11182706295
279.1702588176631
278.5783097152787
279.5002066191998
279.2102158827795
279.4087289344537
278.2638197162714
279.3468567545244
279.1511842995143
279.3525297330797
278.9160337120535
278.4538413050312
278.047135404052
279.0632684028022
278.1022846223415
279.2868482065707
279.0305700226243
279.5230106756433
278.5805874376122
278.5844100845312
279.3733433460339
279.233235963075
278.0322745978166
278.042654557608
279.2764568265838
279.6145832282959
278.3287809992625
278.5455990799562
279.0860610979145
279.072122402816
279.7074901413233
278.5353288764402
278.2232610148532
278.4270339143531
279.5130590675475
279.2746389125866
279.375346599589
279.1725062011432
279.5923238208226
279.0296655053644
279.2104433605136
279.3905237521227
278.3434721429506
278.0856597589384
279.1177602017498
279.9412304481277
279.3067959548183
279.0052015691329
279.1842879022224
279.0479420441524
278.6638367375001
279.0143791399239
278.1389246463796
278.2146759009474
278.0500760461341
279.0421018593226
279.0610271091637
278.1133057646117
279.2907499375613
278.4243891802405
278.4816858749401
278.0089125328477
279.2861268055872
278.3292603467082
280.0998068580999
279.947004669493
279.2746244696074
279.0465895925388
278.1010314837779
279.1120301635816
279.4683559723303
278.1967260466726
279.4136018460802
278.1192351424028
278.5713020909409
279.3937599797626
279.3110977122386
279.386992705179
278.2009273130992
279.4129928266608
278.9532179890025
278.4577974948517
280.191619322261
279.5213323018656
279.8853904737988
280.2665308327345
279.2326599735279
279.0527830163871
279.1623979172276
278.4520158511204
278.2652307531197
281.1479102393363
279.2265211133632
279.8990362438713
278.1160332700194
278.4026487436629
279.2036838441552
279.1007733094941
279.1719351649464
278.219676764642
279.288043083604
278.1052861222693
279.157849115872
279.4949264839486
279.0410262630906
279.5116379848109
279.6266105881441
278.3456496594134
278.3843983674826
279.5622933832307
278.7025129110856
279.0954639728146
279.5625865259
278.0805411054657
279.1434922284205
279.4859857605787
279.1184640456457
278.5022680000322
280.0852829780475
279.0629800815444
278.0195551486651
279.001859951011
278.0701366005576
278.2835132542634
279.2667255680088
279.7121935539608
279.0231082150808
278.209336084358
279.2126271723167
278.1980307655335
278.7438832639544
278.0181293720445
279.9051690890334
279.2148213401072
278.5440462031218
279.0691379056538
279.1215190030846
279.2603090581771
278.4882613973467
279.4253715864875
279.1397032536946
279.186686290822
281.7738086493628
279.3581650180857
279.0545449411314
279.4307202042077
279.0553850273189
279.841530545458
278.351262186148
279.1848833820844
278.6040613876839
278.4947315763561
279.0991592944825
279.711636641856
279.2333880700219
278.2013861398847
279.0254968710873
278.0112088954119
279.1940633589992
279.0703330624288
278.1422170846422
278.2387041732955
279.495285415244
278.0892805554373
278.5518237006568
279.2493732295307
279.0295888263171
279.1303103234436
279.0497387530012
279.7059832809232
279.0324033681318
279.0242492349867
279.4783022188802
278.4355057978959
279.2277657595038
279.2465699853041
278.3416290952817
279.5650233143611
278.4906053880263
278.5841077356505
279.0741351999544
279.6066357083555
278.270702215844
279.364573236033
279.1303425566197
279.0710373883052
279.3422836487832
279.5369380766379
278.1785211046551
279.1675609053288
278.4399782367004
279.1482063504353
279.3119789591976
278.4076682767515
279.6023983464472
279.12744433555
278.2335612572714
279.148332843674
278.4668077146667
279.5107865210899
280.0367451495929
279.4550854299377
279.3037439756802
279.4778297362891
279.2820683262227
279.1634505365097
279.1922991121422
279.02055872301
279.0174241186224
279.4086946142078
279.1423473184771
279.1486837551577
278.2426240397787
278.1838626924955
279.0934296191171
279.3027994075709
279.4844241280611
279.2014517279177
279.4151971808639
278.252898056858
279.0069780804883
279.1601728648954
278.0094646242738
278.1131192043518
279.4461389597647
279.0803124082047
278.3318093189801
279.0248235922788
278.4000988106649
278.190952906741
278.198214487537
278.1245168393559
278.1292254028145
278.5762743222925
278.5206577610341
279.0403519418384
278.15720734106
278.9230078227944
279.1338185589485
279.5988121264272
279.2927377029576
278.0998153490137
279.0837466016928
278.0175948320853
278.2020284418355
278.238753820873
279.4099533439252
278.50305823463
278.8492951134921
279.0717505895688
279.2876572455336
279.1356454180217
278.0544903684806
279.8130287388246
279.3342935251714
279.2128228040957
279.0757898387507
279.0792897137022
279.0122523789622
279.4556846142489
279.1218737637976
278.0442204472715
279.0701850232883
279.4207691796348
279.472825783925
279.2185598990858
279.486393541477
279.5650542049385
278.4056254446081
278.0747145916044
279.7664050369379
279.587499697244
278.1359833022366
278.0711042773253
279.5999960654983
279.5694528477805
279.3886872187578
280.2304838562638
279.3922395199642
280.1270929644179
279.1031016841741
279.2744682054111
279.5976355631657
279.6237606375963
279.2579398619666
278.1469234752334
278.0357028938519
279.1583588849853
279.156818345568
279.3047622323912
279.0113323091302
278.0423522814754
279.6115820588976
278.1609768424731
280.2724156962166
279.1246223962896
279.1903639218729
278.1312492785262
278.2116612056067
278.0614198586744
278.0570803905744
278.7160748974587
278.23619383312
279.4907423055691
279.4261390606971
278.1522111531175
278.0189685252784
279.0014750796597
279.0591878792947
279.1112538247176
279.130477756902
280.0048088331509
279.3351990828626
279.7559238104387
279.0273088914029
278.0398611727585
278.0340842935927
279.2198433927747
278.1655774153994
278.1845039219976
279.860100974178
279.698533718619
279.1148707840671
278.375970989834
279.251258183712
279.3611830288934
279.0436677985435
279.2283099186874
278.0231888017023
279.7216093011599
278.1177602672478
278.3704508425288
278.2075532429646
278.3685207659984
279.1555092794018
279.0808415213896
278.3884378508309
278.0284904185445
279.3619905784475
279.3183284246264
278.1385756358012
280.0203569074384
278.0309607877746
279.0559786994774
279.2114405227233
278.3986017648709
279.0262867453174
279.1727268669917
279.2537385656641
279.0342722240812
279.1105415585118
279.7325045912361
279.0390866059925
280.1579501754895
278.3201949156873
279.3102675359614
278.4433365153337
278.2747378170713
278.7320587355234
279.5773779960955
278.0766218831764
278.5610009680532
278.5180915842498
279.4451370373951
279.0769970682974
279.03505670964
279.0244468009313
279.2002712199188
278.041262165745
278.3433362028329
279.1864604817432
278.4129210978236
279.4281606858573
279.2258228098472
279.5489959466694
279.3404137897356
279.110142623246
278.3211382993261
279.0314572482594
280.4438116697967
278.1459055029146
279.1172544829874
278.036221330742
278.9658919162459
279.0413851716965
278.0289730807222
278.0375447640876
278.8151531534507
279.4463708764525
279.0215189480891
278.0403421982018
278.4533890172975
278.0480351681496
279.4656860712446
279.1297115834884
278.6982015634385
279.6369073338919
279.8475516448842
279.1765238490828
279.2739841146483
278.0221385818599
278.3285821037275
279.5446014614255
278.2301621715384
278.724333701005
279.0255951220742
278.0406312500536
279.0536933212049
279.1534652126301
279.1880328743192
281.0221882693915
279.2077382095458
279.1570125412171
278.05166379362
279.0938677387709
279.1723883068968
279.117155847623
279.0909151937863
279.0817285600188
278.1508927357232
278.2526212497211
278.1749955537613
279.0115139499236
279.082853463207
279.0005222049273
278.3064884304966
278.0905823510876
279.1800305314924
279.6382330012614
278.5990726125122
278.471492850067
279.0356627373675
278.2799462814812
279.130433004415
280.1836998618177
279.2402370823816
279.1478515245841
278.5199487548923
280.5431327439968
279.175718555221
279.0917103384029
279.0551909796581
279.1232483929357
278.4296630716891
278.5970623700977
278.3161638057011
279.4374750238518
279.4911459601166
278.7739981484517
279.1966179861998
279.1267617866616
279.172238587718
279.2688586759366
279.1181464244605
279.1345700182119
279.0050925124821
278.2954304398722
278.17673749805
278.447662778939
279.1306267312492
278.0454331576623
278.8009088892274
278.0120865909231
279.0805604239344
279.0928797944483
278.0716883257602
279.9787521190609
279.2415772949475
279.0841132086722
278.0143277247557
279.4590809979991
278.2034732441182
278.2212387599303
279.0287071853893
279.5304580511976
279.3740229888019
278.2447244178871
278.5008764949093
279.2221054675721
279.0500114255906
279.0049745284371
279.124296763466
278.9567939015695
278.096923332452
280.0431567057981
278.605638126865
278.2843474952653
278.1003439371606
279.1506046933642
279.2235084795357
278.0316791760515
279.254318440132
280.1400513581883
278.8540389695996
279.6749674732669
278.0798198820848
279.0020649048474
278.4574164105657
279.2072599019641
279.0973619850961
278.8278411709443
278.0936440532462
279.0968329462783
278.0483916795458
278.0377130461101
278.3279065363003
279.6376171612955
279.8379008353569
278.3430711379037
279.1029836938658
279.2486372236432
279.1204107683332
279.0036361420563
278.0384878160522
278.0477078308206
279.0506633161764
279.1441175049998
279.0701751350232
278.3928288625456
279.185690558081
278.5602359833708
279.0664593597438
279.1106017454916
278.1560005960829
278.1578524460276
278.180308752467
278.030090518455
279.065118708128
278.3205271397156
279.3056827559444
279.3976531656091
279.804619303839
278.1981012309976
278.0153052921791
279.6314227510196
279.0386045247334
278.0390149615708
278.0375971324393
279.0843960554977
278.2237794862933
278.159546919557
279.4871927989211
279.0679081067569
278.5284139116218
279.3198091527339
278.259563252449
279.0069299977957
279.2925241133686
278.2749435880847
280.8428559498885
279.2739006351721
278.2485928202277
279.2094483852217
279.4697166027769
278.0945952808483
279.2597348213238
279.5762657647751
278.0631539533367
279.0254846177926
279.1737513349286
279.2383245643151
278.1126512812833
279.1294628683534
278.3559242686471
279.4113965612088
279.0479061532752
279.0403742720309
278.6456494321411
279.0914386866289
279.4528320653392
278.3013154742097
279.3093670921682
278.2553230154058
278.298197420572
278.7519614260921
278.1123125708032
279.6692025050629
279.8324759150092
279.1950114231881
279.5976415665332
279.3686385410352
278.1568742297853
278.251686168662
279.7410813834348
279.0953754234972
278.0940624899555
279.003441752541
278.0499176168354
279.1986245541963
278.1923229544671
279.0146260924857
278.459203875661
278.2557751506
278.3375479898785
279.176369393798
279.2142942910426
280.4501272247857
279.1213084687129
278.6094532553709
279.1082873580546
279.200394967829
278.2018404518217
278.0422458383516
279.0619971787333
278.5731224906255
278.131783000438
279.0907400369654
279.1033053293979
278.2274686956235
279.1282148759877
279.0651000755072
278.0754985071218
278.0104273459921
279.3191414480576
279.1039854560039
279.3048447487272
278.1796811897032
279.4254150271201
280.017663548184
279.1801099058709
278.0608217136239
279.1597133166259
279.0530364992085
279.0445678535742
279.0761597311416
279.1941506675384
279.0106710035221
279.0496775617263
279.8186557511925
278.0773174772615
279.0750274279883
278.2130362952066
279.0047644520552
279.1242183727788
278.5024140465554
279.0991317149375
279.5750125527056
280.6915997077637
278.1417560707922
279.1935576579359
278.0806754991918
278.0434703578887
278.2546735881254
279.3228414444445
279.0285706578474
279.097082749883
279.2067624546512
279.0349056024872
278.1102307387835
279.9114801885398
279.0769499183772
279.3597232549736
279.6036809023643
278.2509837423691
279.5293716229319
279.3860462909175
279.5215710857178
279.4806083941952
278.2077396422812
279.0699784657714
279.1515134646447
279.0678178816058
278.4196447249753
279.7071639289891
279.2687564815145
278.0866737328131
279.4433672910176
279.3248670603136
278.1134846258716
279.4293926941221
279.9221589618415
279.2127947917124
278.0353317156941
278.3132324078862
278.0799771542606
278.2916398291001
279.107156789532
278.726347575211
279.1014542492331
279.2525516813014
278.268185671041
279.2798224712146
279.0785017911851
279.0784950583224
279.4697206780759
279.1641310563496
279.4058757697319
279.0303489612974
278.3855320264916
279.6270728927793
278.2071654821468
279.2341384333964
278.0463135440455
279.1567655892601
279.183564012755
279.1058264827168
279.5428332946774
279.1753029280659
279.0099117646699
279.5987700687285
280.1683722277206
279.2987606174958
278.5215863015779
279.2704976976078
279.2603521717484
279.3138951062955
279.3562565682036
279.7953636006915
278.2425496835139
279.3244037841184
279.6102083177252
279.0265727238266
279.0107810211915
278.1232650529423
279.6547692034441
279.4148153912143
278.2057109925234
278.1149297490983
278.2333786261663
279.5744627746919
279.1765475207404
279.032954339656
279.9510801993182
278.7918652190626
279.1993266685345
279.560348849715
279.2921996818001
278.266768863765
281.5309801791024
279.2786506713074
278.0192913945095
279.2598355901944
279.5045426225668
278.1758688063925
278.0819961296607
279.0736065235708
279.4929125959176
279.9390273280328
278.0729452836078
279.285055362478
279.7662841239035
279.5506721958798
279.1226540935865
278.1136853253368
279.5274853999676
278.4884667196745
279.6013999492665
278.1332564930801
280.4128464521606
280.7960865270321
278.4015853993229
278.1702260428551
279.0081336201346
279.0402229307108
278.1371011680552
279.1128071053445
279.452042327479
278.183717401462
280.2235251239653
278.1104560207424
279.156689675627
279.4084665083005
278.3497386311776
279.2797029432052
279.0212395748292
278.0660540353015
278.0401690900388
279.4191655865814
279.2972905452688
279.2399998174489
279.2442759675328
279.141502185707
279.0511695717129
279.0188749404509
278.3301308536835
279.0086570940957
278.1344734189393
279.1408495783227
278.2465724124412
279.0724704746863
279.0110219577158
279.0342024233099
278.6904117281077
279.1293892955529
279.3254102952488
279.329671154407
278.3072994033413
279.1873817672513
278.0561361606767
279.0445689127989
279.248460739672
278.0824702267956
279.1108426356324
279.0469726170992
278.3959708179726
278.4870707833165
279.1862817523495
278.1902964307735
279.0097831508099
278.2238882997825
279.1190118624631
278.0603635570582
278.1098012326037
278.0718776418085
279.2555008114427
279.1558038617125
279.0894525695782
279.1909706243562
278.5399145553682
279.7319465707064
278.3045185513201
279.2083527423536
279.3691998284463
279.375396239893
278.266914467506
279.2290630199752
279.1562382898827
279.454274777823
278.5069776516261
278.2968063837912
278.018738984367
279.1419994617166
278.0511257585386
279.3457391379463
279.3036455649948
278.0625830484552
279.0067210909043
279.0001850170055
279.2443453010135
281.0166477261467
278.3297109326545
278.4073039448002
278.1938077226836
279.009763999419
278.0227064359149
278.130323063559
278.263687441529
279.0156235233875
278.2012938807559
279.358176080434
279.4880897252959
278.3796027750076
278.7689931186036
279.2956259281466
278.1493411090399
279.7559979338201
279.1009618950529
279.1759250628224
279.2089487893401
280.7186928608288
279.2277708202761
279.1562514203923
279.2041240520085
279.0783024936106
278.1513723277175
279.0797748422176
279.7191471800571
279.277056499177
278.0418823846819
279.7969239822824
278.5335299607942
278.3871272730925
278.0069629154079
279.0859717557814
279.0169265627246
279.2801577115306
279.2631624859985
279.1965070263106
280.7048217927859
278.2514546864356
278.0581976769143
279.0077863530209
279.402277780645
279.0182371133048
279.016500919746
279.3739198584821
279.3595808227747
278.0112826786351
279.2593436722298
279.2685157374634
278.2070126588673
280.037358243277
279.0072245156404
279.0563257492988
279.0208099526674
279.4702617849024
279.0549692515211
278.1625833146207
279.689126077544
279.0058670593662
278.0863696842821
278.9688115412241
279.5854625290413
279.0056278480276
278.2841098388643
279.8331052066548
278.4158045442549
278.6731872321329
279.1316588177979
278.010225169614
279.2517754932583
278.1641177765983
279.3395301770335
279.0567521685239
279.1049141571441
279.2699217818964
278.3419826642362
279.2681727162571
278.2957869549614
279.1064343327674
279.0484404525174
279.8567150065882
279.2997399788312
279.1123691039294
279.379956718471
279.1089844832495
278.0098727743708
279.0579475508966
279.1763814099533
279.0094451439651
279.0678966984285
279.0101942068072
279.1246188293184
278.0399069676312
279.4607625076382
278.5160705432023
279.6866084426106
279.0819865069423
279.6227287218649
279.3320893715374
279.4846280183256
278.0586766450228
278.0642662117914
279.0867788355245
280.0338452065013
278.8850755088796
279.2135005139756
278.7119044755185
278.0525463483879
278.3058852836715
279.0303517038679
279.0417223257144
279.0255456556105
278.0130601929862
278.0615309189596
278.6822979187634
278.0057624224279
280.0416614509373
279.3846652404476
278.388060096884
279.2930441534514
279.0029499739583
278.885160436215
278.2375299186579
279.2126632895553
279.4511127700507
279.8235906076715
280.0790297054211
279.1758603042666
279.0823841991764
279.1201525594735
278.1219102432501
279.0869394436959
278.6453309742747
279.293695264114
279.3571274294946
279.2775828964103
278.2215784279008
279.2266408757015
278.1479091852643
279.5954480880903
279.0037852206078
279.2719626700666
279.3870400882535
278.2931984967055
278.1517475799386
279.4867733273003
279.2427315544501
279.6459043651338
278.453935913223
278.0077724351178
278.0530694403068
278.1497107102824
278.1446253513955
279.422577720673
280.314089734095
281.2855129780592
279.6429401797056
278.3481888167339
279.2638896301473
278.2819367648646
279.4710960452518
278.0109909725004
279.0560636656704
279.2337072470987
279.2252734098086
278.1489338814792
278.1374905639047
279.4489489380396
279.228124907822
279.2249237770419
278.2661696928694
279.1752629976489
279.0747673366907
278.210364850203
279.0340210573014
278.1132245029476
278.2267509152558
278.4217732841967
279.1369941710093
278.3069910923346
278.0109451944084
278.1226685891397
278.0339342291744
278.9131778871491
279.687748985097
278.6793880627746
279.1587916483803
279.7002064061423
279.794654657904
279.0966748833733
278.2670423828849
279.1696586893974
279.1242358874295
278.009852741578
279.0958498040018
278.5131359937557
278.0381483678377
279.5086094133929
278.0848667112506
278.1246958893655
278.4468862745736
279.2342154543395
278.1623903718008
279.8599206438882
278.3418997482514
278.2506870690859
279.1993954990795
278.2341803290702
279.0733899327446
278.2206650222025
280.1165092112112
278.4007260196577
279.2054682780748
279.0643057358735
279.8001268765931
279.9539063293112
279.484016398383
279.1768992827296
279.1013364701864
279.4671687587464
279.8200202403235
279.4655443115479
279.2796005702798
279.229154834825
278.383763819546
279.0574745572413
278.1587701716583
278.136898584862
278.0524377176216
279.1894567589277
278.0108624498187
279.0367140000735
278.3896936414832
278.095439285481
279.0246754429399
279.020316256278
279.1861174223051
278.9323387191366
279.106680569001
278.4603525780381
278.2547125311759
278.1950063777016
279.3159630876826
279.1617515688508
279.0351177968382
279.016507091496
279.0109415646974
278.4306232100593
279.3675990425943
279.0325430862958
279.685562320328
280.2525832359532
279.4637884152961
279.0903183165683
278.8328580572982
279.0806781791185
279.2379799999993
279.5458682118098
279.8223231464887
279.5585291719179
278.470610140039
278.3178124908635
279.2024221917639
278.7015146289347
278.2014485619587
279.1085380800151
278.2770419318548
279.2735523738107
278.0918625704962
278.2117247620727
279.1082625322829
279.2470034523816
279.3633147763223
279.2913855856517
279.2337825975034
279.8827093644288
278.5235889782869
279.3289998363247
279.3318747803337
278.1441911841534
279.1816806805265
280.1095433605857
278.0920439707884
279.281518084606
278.1961523497147
279.3460528793916
279.2180563560556
279.7377381332677
279.0177646442358
278.0514910299787
278.1365842802213
278.23423752194
279.0058630326087
278.311931236363
278.3970224849604
280.0262237305443
278.3330882289803
279.1659968110761
279.1689040804058
278.1597430872438
279.0600761395424
278.3392686547552
278.2781316470179
278.0053357530898
279.0023292126133
278.0331172785304
279.5521430622488
279.4158834481109
279.5788082803548
278.4126042773859
279.7831559396917
279.6375001403033
278.4034150895121
280.0503376600841
278.083912097077
279.5583960012181
278.2418231276138
279.0086661339485
279.4174099413846
279.1308776297431
280.0077264637594
278.2572841301739
279.0528073211002
279.9621739848457
278.1313867056209
278.3648042481171
279.1435992410143
279.0541577091522
279.0231240462392
278.0725762736588
279.1435825595142
279.16316191803
279.0378769717661
279.6024391136
279.4633073096045
278.4597458496335
279.1553665054464
279.078900016232
279.1592650789389
279.5894540050135
278.01437304718
281.1416373535998
279.3452169526472
278.5488007709142
279.2147980199559
279.3863502309744
278.126733848223
278.7993610012367
279.2870424395657
279.3115552888922
278.2943164502011
279.1151332509714
278.1390503358615
279.1598835274764
279.0413975596792
279.3141361257605
278.8636837367
279.2192898011143
279.1830542006018
279.0978601061951
279.8112893566181
279.5252021990553
278.2539135319554
279.2587557787323
279.3741599566441
280.0972514075987
279.0473085884494
279.0729788552002
279.5085954475389
278.1651420322821
278.027833597122
278.2127595418781
279.3933942379382
279.2646929683847
279.0720917291902
279.2103336278404
279.1875731248317
279.1035159485862
279.3681139399935
279.5113653914797
279.6132061199975
279.1944272089593
279.1583473717554
279.0643144180836
279.5369587593668
278.2731100910677
279.3146698959544
279.126769484823
279.0431683583033
278.1997280436606
279.25510412915
278.0732633483024
278.3518647332492
279.3594838539839
279.1901485073689
279.2236390688763
279.0340266009479
278.4861692851059
278.0280941081907
279.0249424610939
279.1502470003667
279.8215285854434
278.015730347105
279.2273255158909
280.3044850042127
279.1259077909392
279.0309252946897
278.2426596282941
280.018759504018
278.402364237572
278.4953067041843
278.2606215132095
279.3562254401123
279.288130779676
279.0771591091247
279.03408470967
278.4307913460779
279.0231372872327
278.1199019649067
278.2363368380828
279.0227751598842
278.0124895492531
279.0426440610248
279.6642049464908
279.6352724966742
278.4418171323082
280.5572604884117
279.1977455862179
278.3966567654188
279.1098725391233
278.263475673379
278.503426297361
279.1797071411991
279.1448597071731
278.0156469969023
278.3262577989346
278.0189542046371
278.1110805460331
278.0060025323943
279.0380109871068
279.2290407247335
279.1688237765339
279.8469942732804
279.5244950305213
278.1636881961562
278.0700163332257
279.2652294122255
279.4512194755626
279.189588692523
278.048239669664
279.082844027838
279.197528761675
279.1984587289444
279.3228585292707
278.046593077808
278.0561727050714
279.0712801327921
279.5207811378909
278.4931192189121
279.0227530257626
279.6993636816282
279.0772607596546
279.1393536399911
279.1386474148633
279.1183314814256
279.0170263360001
280.3691839424058
279.4615013353605
279.2688386581784
279.0417268501991
279.4108316561912
279.070352131801
279.2254614323826
278.1302566552853
279.4246447395589
278.2546020729307
278.017444130109
279.3001196084824
278.6975397545099
278.1985402626212
278.1964289978878
279.0740074669133
279.1049676686443
279.3514365792001
279.2312615662187
279.1042564422924
278.0228097923352
278.0535022370482
279.5034099409792
279.2377980557831
279.7881476025071
279.429600732433
278.050177477615
278.5254787125145
279.3150510732474
278.1208591601311
278.060085804794
279.0363306304245
279.1773790930357
279.0311847290022
279.2373600245693
279.1181663691024
278.433622371684
279.1405558966896
278.5646391432553
279.1001856905379
278.5648937048275
279.0741960738054
279.2825651701536
279.3509981917905
279.2801069162732
278.0555344789238
280.0794194474943
278.1721414939131
278.27748772349
279.3284645204525
279.9543749973203
280.3076779338925
279.3490142394831
279.8054612479468
278.317058214993
278.0572903745662
279.2852496366779
279.1270771456908
279.1435654114143
279.1913612747651
278.0915819461732
278.8423464271663
280.8693618743938
278.1201593351681
279.2686180983881
280.3498800380571
279.3929772339458
279.0320914719405
278.3816417425833
278.1146504072928
278.0836524591886
279.0098355225595
278.5450240507221
278.8197846359009
279.0151477725391
279.8359119918991
279.3727334262152
278.3833730206999
279.3291189000731
278.4541198200641
279.3736885521668
281.3264421596301
279.1938091630226
279.2065701972688
279.0344850559433
278.1704146598236
279.0366444726023
278.0568234415161
280.0742419391022
279.1045464189801
279.0316043355817
279.0421681008734
279.0985942645069
280.0216981215006
279.2941905777945
278.4724025578674
278.1181161310906
278.7099145999094
278.1652085439738
279.3449847245638
279.3734383610633
279.3242667189832
278.0436438124141
279.5611324017199
279.6432854670974
278.1265152082007
279.031295496342
278.1577294928702
279.1676746194847
279.2638762410159
279.0232854896515
279.4187830410863
279.2871645559341
279.0758498988128
279.1210233653913
278.1944273152785
279.5068439658093
279.5944089455754
279.5823255679053
278.543580461783
278.200168208865
278.0552176074567
279.1877317092511
278.4921103562693
279.3353267608753
278.0735756315719
279.7638225737228
279.4732701532634
279.873714391153
278.0038039394397
278.5833954731262
279.2366968477337
279.2708550610465
279.1584819668533
278.0036977719357
278.1461626002061
278.1111916372398
278.905326366801
278.0307405938345
279.3525088898714
278.2223784825608
279.7789341674784
279.8617976635446
279.1867189658094
279.0434594099326
279.4613245942215
279.2159088299133
279.5172540942315
278.0910031724168
279.1665523678749
279.0292343102987
279.6164102929031
279.5029491126913
279.0117991871561
279.2875776200431
278.0461543751442
278.6918742662447
279.6026942453773
279.048384608385
282.1482427625882
278.2202107178871
279.4020868079731
279.3088197047563
279.3649342629591
279.0856886862451
279.0151741891004
278.3896975987165
278.060485170642
279.100220976187
278.0083049038442
279.3042466662602
279.1389332200386
278.1195190179976
279.2277334831165
279.4925225598939
279.3638209223068
278.1504517803282
279.4745818973824
278.4303759542719
279.6589088255018
278.0641180579614
279.8011398198965
279.086317796178
279.4996650053997
279.3410284191794
279.1716398898894
278.0112954633954
279.4867492190331
278.2003882308962
278.0037251676119
280.0159998384515
279.4053956338558
278.0400586533644
279.6775268760979
279.5429209463292
278.1418195638901
278.9277876458173
279.0057685737364
278.0967850966745
278.1919900299962
279.2924716703114
279.2321140243468
278.1663086724199
279.8936939259099
281.0526702387588
279.407534952315
278.0563649925627
279.2147071189603
279.2509410670341
279.5387445046256
279.0881210507071
278.797209967528
278.0830597895675
278.5438628452135
279.0725013571052
278.5092222939622
279.0268852245328
279.1300739713473
278.6852139555849
278.0432082441754
279.064744252303
278.0428256818307
279.0238835441403
279.7541585597808
278.7428577919861
279.2499465862696
279.5128019706099
278.4394246333698
279.4633574742246
281.6003149883271
279.2562070542356
279.1133505023836
279.8262900212642
280.0236521415963
279.19559276047
279.540348467921
279.034521229708
279.0068251557801
278.5488466739093
279.25886542457
279.6976210590445
279.1785534906661
278.7123813813308
278.2394157851099
279.3180294457954
278.4726853981755
281.6287982569516
279.0303261515633
278.4312600878804
279.5805013906619
279.1430101020508
278.6214214408218
278.2065335412145
279.0527421998837
278.0519767246835
278.0693029956747
279.3847680184244
279.6293721359042
279.5383178966079
279.104103180858
278.7355514151471
279.0787172664835
278.2657363380421
279.0833199894069
279.0144665945371
278.3905534662128
279.0138241960692
278.0357532524391
279.0571855988306
279.3778789029756
279.0235962315547
278.5989121256823
279.2828823528625
279.3113241400582
279.0509237729344
279.0019401643243
279.1714564425134
278.0016428473156
279.2102078630192
279.0912266961714
278.2940886929698
279.0917580755285
278.5816087827172
278.4144235452118
278.1354657008761
283.1783673454482
279.5161347601835
279.2287367218233
279.307657742904
278.2841996500298
279.3684799266425
279.156054384162
278.3391773101852
278.1686950464048
278.1866242893515
279.3010744005306
278.1041854967794
279.441293576495
278.0783960479847
279.1619792715193
279.1230301357321
279.0727361776325
278.8929326537037
278.021027167337
279.1810592135219
278.4492557790666
278.6937623635069
278.0262364584628
279.7777746780489
278.089605412976
279.604352356958
279.781493099133
279.3787859742737
279.002917808556
278.1482752868087
279.4436194086407
279.3049738297422
279.2625780134603
280.0331341049551
279.0486826430069
279.0566194371173
278.0630419335662
278.2934740860562
278.77077787622
279.2474276443547
279.2316590772361
279.3902044971603
279.1265750644115
279.7918699709326
278.7347479272767
279.2230458251047
279.6249929445858
279.1842697098301
279.5361999943982
279.1158733697297
279.9086914877278
278.6331988508662
278.4100573492594
279.3497223871329
278.2570127309925
278.0513923037706
279.0086536825641
279.0997829504081
278.2242145663836
279.1933644347557
279.024272368046
278.1815322464953
279.0012985285915
278.8472879952689
279.9166708158419
279.5474202910476
279.2836791388712
279.0533887575822
278.05767631554
278.0395164672632
280.5687883558007
278.3232678735498
279.0800635077145
278.070079588349
279.0160687862282
279.1356027977932
278.0437320012354
279.1619739242179
278.2256980591596
279.158128446986
279.0495923523462
278.2314642385963
278.1360507137138
279.2190887916145
279.1466754835561
279.5500294977237
279.1193840755022
278.2134788098132
278.0207932826987
278.6977553430971
279.0197187992519
281.6116108723231
279.701657401395
280.0961532946922
279.3022905492959
279.1812219792502
281.5678085305337
279.1818119087324
279.0065393240457
279.7034716273844
278.0689885865731
279.0413337557465
279.0630824445032
279.2513429141097
279.2856934846924
278.6814990546488
279.2717286249073
279.2368423617156
279.6050065290718
279.1651188053461
279.203700638788
279.3694687302674
279.5900468332563
279.1763724151962
279.1045046579563
279.0159471731903
278.166164467386
279.3883769426718
278.0232531654948
279.1045940593103
279.0312800597961
278.3876075428088
279.2152643738416
278.7403976114166
279.1607394682108
279.8334597513896
279.081007213405
278.8261504958227
278.4477849727915
278.0663444799425
278.4841108143928
278.3370148905266
279.2298192774564
279.1004006766377
278.1691148903474
278.1049215071704
279.1453864443305
279.0664112016057
279.2672478527111
279.0992080161889
279.6956594297166
279.5830244574381
278.2517764839361
279.0597178148479
279.9053497243867
278.3005749487681
280.1278913446903
278.3918910590306
279.0914435626938
279.0276420075076
278.1406438885384
279.6066224865898
278.5697045596145
278.3157707597152
278.3393327921914
279.4011441626253
279.0843576251202
278.6333753745646
279.6605813826308
279.300481707449
279.0035514271917
278.1146193746365
279.0917162411702
279.2259110599269
279.0146265496102
279.2140264886114
279.4290527381693
281.8360342492355
279.1675968881349
279.1595811174594
279.3973853461565
279.0413365343767
279.3967566760683
279.5164786943147
278.0071211435999
281.3834923151011
278.0026085331785
279.4825220325459
279.198205740075
279.5076967187483
279.2591172791024
279.0078333139623
278.2810422951313
279.6050830549254
278.2798102847157
279.0620977393708
278.8680668607236
278.0206966753381
279.2973364237549
278.2280847874665
278.126005018297
279.0076146164789
278.2119544743829
278.0131492026505
279.021468447327
279.0015904206531
278.0226299516531
279.3042755337974
280.1243850555749
278.3857472787121
279.0319914055668
278.0392901186979
279.3604745693496
278.1638622912146
278.0791137140423
279.1934734344219
279.0019982609454
279.2813262150299
278.1345452047118
279.0235085778244
278.111067111734
279.9670342817404
280.0135560359136
278.5702581939931
279.8252458054474
279.1199150603144
279.4865668956334
278.3533272590875
278.3581535411985
279.1497736635061
279.484782993592
279.1556943291309
278.0731884555556
279.7449658347674
279.1452908442636
278.0041369360291
279.1516811394532
279.1310411982091
278.0451038750911
