99.03847053639873
99.05245156298575
99.6602641769308
99.57552390491891
99.03287672929386
99.40715507055943
99.43550174419437
99.27273543051032
99.49926799308012
99.18973823354176
100.0676491171528
99.27476634101876
99.0848323692015
99.91208824607037
99.25484968910921
99.05312311769521
99.3224452496339
99.25733142329929
99.59041689888785
99.50669877502568
99.14597071234326
99.45041243355011
99.00113632751845
99.60873734554431
99.84393696424749
99.18585153103834
99.14209170581364
99.52203777841413
99.01459853941125
99.67197279090044
99.64291866108606
99.02315086324715
99.34146008144012
99.79566156354082
99.5836665272839
99.59661589605585
99.19477174852892
99.1304390876282
99.27484221386665
99.1969983717013
99.04668981675927
99.45544084895282
99.06869683161486
99.01754560245789
99.80934683235608
99.36415745181904
99.41755838251642
99.37169345403639
99.02157706882662
99.15045642915037
99.04706943777056
99.21510601098728
99.11325216710173
99.64425899707807
99.34525493234626
99.40256059173525
99.1289823333662
99.39990908085093
99.1906511805679
99.18023717761291
99.74613817282629
99.35462530897706
99.13033156018372
99.02012845098017
99.43778027446517
99.13560731831149
99.02687991455511
99.51570894373808
99.03926605040267
99.0913256352959
99.71864412855108
99.62918451801808
99.51797803632148
99.19474339216494
99.5296569722533
99.09729724140601
99.22952308547593
99.1556888540717
99.19571017882245
99.11592604390287
99.03824222630439
99.19008999516893
99.10339617644115
99.0294032848637
100.0433135116975
99.06501995335567
99.01819306660987
99.18661255060266
99.04713972016091
99.03277441104983
99.17614675884778
99.64145443967527
99.12306771945082
99.20735029420995
99.26295697666517
99.54857872957297
99.06239082810905
99.03178410840204
99.81376332258552
99.55086000565522
99.07468246099651
99.3875547168351
99.30776667125463
99.00176803501321
99.2614019156973
99.14368458174371
99.18214758243293
99.66810476156553
100.0925329269625
99.08779529856965
100.0150318199727
99.35981689288242
99.20325118887169
100.2819278324647
100.3193222574153
99.17834965713047
99.08914544654353
99.05685230680746
99.14772382030341
99.27551157931755
99.95482825069476
99.81637235987316
99.23059776723574
99.07909109554312
99.079114136421
99.6333663761979
99.12184247662486
99.41966942913324
99.11432860892141
99.58947202816383
99.13836542996093
99.1471781821778
99.48016412624338
99.18614233991866
99.58570467183682
99.40176452074444
99.68971643416621
99.04646890281812
99.18377124852728
99.1599993528276
99.76443888110289
99.06603862673529
99.23793906402446
99.69652750221908
99.21021368142793
99.49350594675562
99.9652227973148
99.26799064752277
99.41134126489789
99.1123089850737
99.25975691185522
99.0148161265636
99.36425999611674
99.09378290799324
99.50348101823272
99.41047463558385
99.2822880841486
99.0547412683068
99.3580696933352
99.49558391487112
99.26482857962999
99.11961169635694
99.0115947675431
99.18564355672213
99.01118130714426
99.27271341087457
99.10740340827915
99.51570664598023
99.00441111890592
99.3400073261061
99.18851907150221
99.15220370855688
99.4843798645582
99.20932400505085
99.48526570460967
99.43236690469367
100.3286897407144
99.03351192233374
99.78688297108584
99.36470665657689
99.20785793303932
99.8320162904823
99.31418092293315
99.17708846120514
99.27878125407074
99.1337892786294
100.0394179416335
99.03086218865432
99.09349019946814
99.05736635677064
99.14512539278735
99.31035221390164
99.12881979181999
99.40913928043024
99.13908816800057
99.03960902969658
99.07737407219771
99.08948412234992
99.13834848556111
99.06607364429756
99.26200059818109
99.88363732318636
99.0931451450261
99.66786983065536
99.41903470016888
99.01792391811661
99.12863247482451
99.3378346747654
99.09698445748764
99.24790118127046
99.34857539440074
99.49872667991383
99.99494990347272
99.33529680805074
99.06133625763175
99.07921235278485
99.20057164502691
99.04473807415633
99.18509522283486
99.38737696997055
99.00856543664393
99.02989537571355
99.26007380932103
99.06115482574926
99.52773802941098
99.27487252710425
99.34668546564859
99.18282343034663
99.33963750122497
99.28754080983592
99.37242149551587
99.02036158277551
99.1883012715722
99.05515437377478
99.04529049672517
99.17472983418841
99.32827944255556
99.03953664073096
99.0987839602597
99.23637516177217
99.94397685700234
99.30462998680704
99.16996420448885
99.18631970941057
99.28082093478507
99.08950583447313
99.03775698280087
99.0593180486104
100.2014671847895
99.01605209919252
99.47959658373227
99.4096304598912
99.2153995912178
99.45041140066192
99.02586807347828
99.02552809641311
99.15544530227147
99.23868330358223
99.33779747548371
99.06804781441822
99.15076884553325
99.05192585034779
99.06610247078926
99.14885837541675
99.2055434898602
99.02403027247233
99.45414720995751
99.01564838766635
99.27967603270409
99.18199966511912
100.6075366491884
99.05938628807672
99.18412289253709
99.16468936123185
99.60690095261215
100.4471730237511
99.37311678165948
99.18293458896332
101.8563790723664
99.50334863488985
99.64542878010575
99.16132528707887
99.00594155832559
99.1464162804384
99.36537577971362
99.10425595205979
99.14852067346992
99.20167135750009
99.59718908572061
100.0118952556451
99.25369033545762
99.18387845652681
99.56816462001541
99.06734291171243
99.91124133073262
99.35790508716974
99.1902098944615
99.81256649601418
99.69127098340964
99.70950005397273
99.02141999022206
99.21773455079493
99.1579190112241
99.36952986393534
99.19928227552924
99.27349514062428
99.26242672556744
100.7183827519107
99.19167997919872
99.01791619844887
99.06551168913015
99.0767989139648
99.15738847669178
99.10351020278749
99.2378373605095
99.02297972766237
99.32039386577674
99.24539601885539
99.5901053164655
99.03022671182664
99.20042311095791
99.75981064481527
99.01372846095838
99.23584105477971
99.00843895607532
99.05816360925353
99.48562431659181
99.0505800899767
99.08098081158762
99.03848539182748
99.18892431230756
99.14661806366207
99.36441082390267
99.32442615172886
100.2692143250742
99.0282619535047
99.09649320462198
99.0210292377773
99.33759944782197
99.13482630195587
99.02636618897394
99.0073406393532
99.20243712213133
99.01702488465502
99.01551138174071
99.62017931220906
99.43030588602396
99.71172908467564
99.0481292445495
99.04981832175463
99.21570225009086
99.07252317425538
99.29882920281099
99.06825130938009
99.28277058563036
99.29103500171026
99.42800873481058
99.51177925590548
99.2184846097162
99.08383681725255
99.0998668782472
99.03765301924504
99.06683215914698
99.39978655061964
99.27261765796327
99.11271332378615
99.323400633349
99.25518243813725
99.28509850352998
99.78586816107881
99.04983111226602
99.05707552056664
100.3723680048874
99.33555754421447
99.82447913830947
99.38948247768745
99.08978478017774
99.03619759616636
99.3438848137144
100.1126470441494
99.09379726098216
99.31440522053792
99.20146616249247
99.50199737000749
99.63448830333009
99.240004867375
99.08420103113332
99.20166183858372
99.06078700055681
99.12753301596497
99.15255379035521
99.3016753222937
99.11993757548449
99.35678682497343
99.71552811777468
99.30897653721763
99.25506786060011
99.18604178627498
99.03711341411989
99.01262837859083
99.13532370772886
99.76045230431339
99.32819456755398
99.01960792450157
99.9896688269509
99.15185542883992
99.27592723457963
99.2867171277735
99.12055669632556
99.06030917618784
99.19205382979277
99.76733860022692
99.02378359547914
99.05632263664697
99.11230999967772
99.15360110567326
99.2112171788494
99.165045130293
99.09274588520864
99.00665120063671
99.02121629017549
99.03588407228699
99.06711233911552
99.5737115666641
99.75063265855736
99.42877493203609
99.29108827498364
99.06098561708858
99.42635230580558
99.15692333200073
99.11268047838372
99.01521629233639
99.07108179647244
99.52100843268579
99.45692880125621
99.07633731076517
99.06113961585474
99.05975596052548
99.42119928328837
99.72265620257353
99.58505586695438
99.2798837063084
99.04830486941844
99.17820159306137
99.06496911972336
99.3501888727578
99.50174558321139
99.03705618940016
99.34084259797241
99.21248986108485
99.16015188424988
99.77083759057221
99.14492985641446
99.01339461983838
99.14232667991706
99.41779590144762
100.4814650177051
99.35388655444739
99.43909132057524
99.29431281029973
99.04749839455351
99.47478007582255
99.42856487361038
99.02060073081702
99.16716583647428
99.58472063085371
99.30600222656325
99.34960144035674
99.24569872304984
99.56988480136252
99.37898314889443
99.1068080338711
99.04635150801975
99.14818838383458
99.12163664350997
99.3346549310019
99.23504309217263
99.2916038935435
99.1193631840538
99.77035999692582
99.09603168656541
99.3822063607999
99.11951374066538
99.37617720934436
99.57537672893447
99.54005034747637
100.3655005466294
99.04911115070324
99.76433247101603
99.5543931179146
99.2703925628739
99.67062820519156
99.01097877966532
99.25084270316216
99.97295548672314
99.09770004254653
99.22141740146338
99.2952323809788
99.28566919615031
99.1876241372607
100.1242718770594
99.3775040215372
99.74347238920596
99.05854597973943
99.21457328837397
99.21063466938872
100.4434102135223
99.15586682104728
99.26789719484849
99.82719301450473
99.0843598006742
99.43303005857476
99.32239290310395
99.0633497616676
99.16582404231242
99.05071166463406
99.1952393499989
99.19146647894478
99.31575999741065
99.22556474462233
99.0407948153454
99.55261015607034
99.10834625365335
99.20612065243681
99.249523319268
99.23995871624862
99.17015549385064
99.37586534998309
99.50035374838619
99.77055622823381
99.00839718495692
99.5382266288354
99.34913343360833
99.68690595512618
99.32568378637484
99.026809442978
99.42230702794978
99.25543224342256
99.09951013961087
99.5407885996097
99.01001680402877
99.24116649811421
99.29098740976575
99.47033108696738
99.14478352242035
99.02681965176582
99.12105215945594
99.34313404976366
99.22086352714821
99.5084061361245
99.01128122393658
99.85939637532601
100.0020089622876
99.26175676125804
99.18431380521139
99.0890136119203
99.02005845983874
99.08927511303466
99.03269500984918
99.73320442667303
99.27558318915214
99.16683009247156
99.02229755449709
99.28831798646593
99.52602734489344
99.3706136182112
99.27682770576227
99.10620409592043
99.36440329397013
99.03126013711942
99.18982182135618
99.02053253375601
99.17528517319896
99.54318783035792
99.5810466952572
99.00379489483568
99.80610260595404
99.14994135626974
99.11883811063267
99.47964465220792
99.04863235403809
99.44453932201641
99.06081160628287
99.04869645074626
99.00869970241186
99.28086799824182
99.0773585064576
99.34294845097742
99.52293479971082
99.37974247564289
99.0037355936992
99.48546850815912
99.34688703534995
99.05046091391627
99.08955138105
99.25997936247175
99.13869893256015
99.33438385322013
99.4305537446879
99.50487881410332
99.64286206593722
99.27965274928721
99.65316659665137
99.39173811155834
99.10789874919193
99.15668670234629
99.14102070930328
99.94968757979856
100.1315392577384
99.22198492936164
99.40931592353795
99.21394851235938
99.13718298620732
99.09484828877059
99.1131878679064
99.7413475509325
99.7678844702382
99.61667989491153
99.03343200189977
99.5592525063393
100.0327266696926
99.08742575053645
99.23264403142218
99.24397763658064
99.46939391892305
99.60175579841659
99.56434244500863
99.2112988534655
99.12471633008903
99.96453156791661
99.12524197066645
99.16516180441542
99.32556806170747
99.23630713694092
99.21484882195874
99.31096686019225
99.12516652077197
99.05262530519761
99.16223315285312
99.24929555892686
99.31310315089208
99.12147930347466
99.17911309573962
99.30796096877528
99.58532042151002
99.24973328668105
100.1056065162492
99.51930235307425
99.33712105910995
99.90847205228269
99.10936431429369
99.1641209371209
99.12232523183751
99.59837375137474
99.0088123846989
99.28657965260389
99.03192604618577
99.78293887056068
99.0745060898225
99.42289926059503
99.33538203368344
99.05710144038098
99.0054236801775
99.36671747028316
99.49854426963651
99.53211723314892
99.3144550503159
99.54164617407896
99.43659482655346
99.30200650165752
99.51252703058421
99.1259525769796
99.50021116926447
99.16454705250061
99.37516826411628
99.03366566514934
99.21088119175371
99.75814840614387
99.3119526886421
99.24203694796704
99.16890994410653
99.47809310371646
99.04344075833022
99.36277415094658
99.24868579615305
99.07839491362418
99.56332558085784
99.17080699909219
99.01759454627023
100.0808302202421
99.25869572266907
99.10059179358385
99.48532071563339
99.13846581294123
99.71295575887069
99.38861491251566
99.02694138999229
99.09970437843495
99.3970772432015
99.08587052248319
99.4083167019948
99.25747176177478
99.53408725868903
99.21370253529324
99.60449035788386
99.1770762519529
99.06574709999903
100.4254893160314
99.41712168127194
99.22432778443103
99.16640995952407
99.39977442768779
99.1469167545398
99.12313851933929
99.84480864028664
99.00441244654884
99.52326694472872
99.01899285163209
99.29431288257766
99.42133915889546
99.55961522734661
99.09414754689021
99.19641997546044
99.40785873162166
99.51003007994278
99.34721776852092
100.0641382591402
99.00024844419853
100.5984959556695
99.57105364225568
99.376996591181
99.56692058727162
100.1648788901906
99.02292354357691
99.02693598625603
100.1958801122844
99.0757677844006
99.11426491130528
99.17233910261706
99.12431388842208
99.00087952869059
99.01603264460438
99.04908088338688
99.18032505774372
99.27047883526369
99.29646269056849
99.66607148655159
99.08822350810644
99.63404924085484
99.56248671702265
99.17837750951215
99.4840270605284
99.07573360433378
99.16291910015984
99.50549387258468
99.54246587105243
99.20175722110491
99.57006074149675
99.56367374304912
100.4855302465529
99.04537528174568
99.03175798677299
99.02492201200725
99.3029818919789
99.2605765602413
99.09859992911517
99.00358626466159
99.41591407821913
99.48979289461523
99.3162114533855
99.09065373968667
99.02765021703195
99.07075207179582
99.42310198035615
99.00001748092362
99.3124469981745
99.18061249743641
99.15706505323233
99.14357639848991
99.1470432583927
99.54056179803716
99.08949205261396
99.1199634496195
99.06550922687866
99.13804896014814
99.41724088523635
99.13454015562769
99.65462969312128
99.1887455985491
99.36498180172384
99.40779799833501
99.15333963861966
99.07802680836289
99.2379634574237
99.28170526168729
99.01219212613745
99.17463285092238
99.06127220824231
99.63626532211116
99.19420607176237
99.77079137429769
99.04139605137763
99.67248243629466
99.10543455318516
99.02506064389944
99.36299629712802
99.03132432927461
99.3130022485289
99.34239156546685
99.07506555895513
99.18109093679405
99.18442882050569
99.10824382351406
99.60826223337287
99.64469175281108
99.19618540756815
99.81727145993054
99.33018475145411
99.1912081531539
99.0147848662771
99.47527342279244
99.15676603149466
99.20358483887122
99.47859857220459
99.30304328637641
99.51345426563503
99.16401783743635
99.48822843912832
99.19866130514691
99.16105964897211
99.08933920950471
99.15203985332113
99.15002224559471
99.31431445656656
99.10819973879143
99.1923388894193
99.07572619998805
100.0118603582036
100.4521998202157
99.25056451617198
100.4562090696766
99.57685128115345
99.03523132780657
99.45867000419572
99.65316032049193
100.07985784032
99.79649505268837
100.0620581027513
99.01860571365033
99.46952131792325
99.19955579613223
100.0316770727027
99.15756281846049
99.38221262114209
99.75291986620843
99.05168027438047
99.0042093922327
99.23330931309637
99.10037776866032
99.174053996579
99.14722819219683
99.98256216625605
99.02837495075923
100.052141258203
99.7267991595609
99.28389334870883
99.16630127799439
99.36203664310989
99.32237649439054
99.08678509002026
99.32082509871962
99.39178497104767
99.01490566832075
99.22755315702562
99.08336400526072
99.06540108477996
99.63199651641105
99.37188785812162
100.6920720901814
99.06925714048525
99.67867835793734
99.47693649883259
99.19818391970118
99.23436172254537
99.8153273212605
99.19211882693396
99.41351135866215
99.30103397653534
99.05838930162105
99.35127203657596
99.14019175103194
99.0060111495162
99.88028399747161
99.68982243215785
99.46852761700194
99.11570423065862
99.01370822125806
99.78984647788037
99.21634365720283
99.05031711981746
99.66774766220138
99.2843358515304
99.27141039512031
99.19621103464024
99.32451384949465
99.04079475977926
99.20437687168962
99.89263198056199
99.2623394217001
99.08144692349482
99.09634987555566
99.99261508169656
99.08114889596092
99.04569429777362
99.16992304295137
99.00158153914212
99.4736405112576
99.14182244005418
100.1570404702759
100.5550379586898
99.06112237263109
99.14423944930083
99.2125583491342
99.7473171073351
99.11479437646562
99.26861592721275
99.01245931491107
99.06768419241861
99.25398186478463
99.24583421526928
99.06217789262422
99.02845247348225
99.95517206126753
99.60396365344289
99.52695296759515
99.28046047059902
99.04642477441945
99.38338550578446
99.25791539995012
99.64584530627539
99.08397154260065
99.14705887296915
99.13775881836906
99.57102063453127
99.05005996441561
99.07693083261071
99.5002750392156
99.5791081873657
99.70638899248974
99.09740931070547
99.25413638249965
99.26843195790744
99.03215571001843
99.34043994852215
99.09591853731695
99.16061649091009
99.14149608711367
99.18407752653178
99.49391407072358
99.9269665916414
99.75151184258839
99.21690603050254
99.3619790934338
99.15555393924996
99.26235984153976
99.10173340597652
99.77036447651011
99.3710628132112
99.40913220135677
99.22420170076873
99.00209916052722
99.35118644726641
99.72312973245792
99.19527731273271
99.1471653309547
99.23223351560647
99.49663726349574
99.15111669121403
99.13027375762553
99.3025527833423
99.04141789125724
99.38349412892403
99.20333964603206
99.0798537549316
99.37632030631381
99.2127833966411
99.160199107986
99.0925869911839
99.0773754199941
99.16035206041879
100.2408197857307
99.29203183517113
99.29998002122754
99.83279048530594
99.17119437292732
99.77905649776267
99.23120675232052
99.35637339912086
99.08708185227371
99.00793518608675
99.2101256809916
99.3239822526426
99.43568374224542
99.24207813289765
99.08023562785853
99.1379359705747
99.33215383367556
99.06032327105973
99.3024452696952
99.64179821458883
99.33137119228046
99.70849377286393
99.45131057752576
99.47273084888779
99.04453896030581
100.0424792204339
99.38714915917073
100.3012268280797
99.03084470522154
99.15826008243093
99.22290840875786
99.39358300501328
99.43306580969701
99.16728748073466
99.21021205003753
99.02228942536607
99.78360002805654
99.24930563070718
99.09187587140268
99.17239698557401
99.62275618591691
99.54246565871242
99.39693781213194
99.48439204656786
99.01916207685991
99.14218471409345
99.03645121969441
99.12824969156037
99.4477037702553
99.10300072917889
99.18992297930146
100.3947318901709
99.16479646259135
99.47614291686179
99.28724363991778
99.08505524469186
100.0744166112793
99.22583449710248
99.0561035395766
99.06831383422025
99.27264377455349
99.6753799057028
99.80362509033021
99.12421442875183
99.62340333006493
99.3868632798164
99.79111019400698
99.51172976109265
100.1186139182958
99.24064004141287
99.4325229113805
99.24938387922661
100.3053986892066
99.86329320575182
99.01213491578942
99.09515797034786
100.6754343218967
99.17294364319068
99.61640231030613
99.63155682094039
99.40848162494824
99.21388482591188
99.67726768392221
99.06518365618236
99.11760036777675
99.79206168348959
99.24856995854877
99.3575399137085
99.3789957996096
99.18279948028649
99.38426672474537
99.22111296180522
99.00649718180837
99.24891866414502
99.14705998243501
99.50722871891386
99.53661999018186
99.20726637466149
99.31995923925012
99.54497937085519
99.20230411774052
99.11716438845839
99.10309913045532
99.18247744087338
100.2139337362244
99.79826963396906
99.43150179003234
100.0585799677855
99.00272549293686
99.3750268940701
99.46358520903073
99.01618143877931
99.66774579781944
99.23628696924902
99.27263233181642
99.1687706967463
99.18328579736394
99.17154839762193
99.35130659230231
100.3627495893643
99.0438754814361
99.00523214558255
99.00457403364815
99.03172542109802
99.07389770182454
99.25739026779655
99.0688172852013
99.06734947762939
99.37942148448208
99.06245521603118
99.08946966606833
99.26332865729368
100.8297589271363
99.29696166753199
99.4112528603343
99.00644604854865
99.07273425297346
99.28334697667803
99.21029307605465
99.45298680969681
99.03012417369283
99.59049601967023
99.12134428658631
99.4364764291378
99.62997649895655
99.28336901248167
99.249377942625
99.27957598529615
99.23271431420467
99.3880371413232
99.5834639717989
99.08096476463318
99.7456200078397
99.64489852271666
99.63214759230962
99.16271453313095
99.18799698000471
99.9975532000682
99.06404305416784
99.05710267104756
99.71894671444291
99.50710507396168
99.59047624888099
99.17103954293269
99.5923355769276
99.24466366631731
100.0198065819444
99.53177091787926
99.13871840647711
99.59748759666623
99.46640540504406
100.617222474718
99.05620951443473
99.24510899573959
99.55421430274752
99.61980591874028
99.0979386999367
99.35846194470531
99.21038668242842
99.55067433862887
99.3855934104249
99.23296755019615
99.32450773655917
99.10038051338101
99.1547348766555
100.9636000403361
99.42175745022256
99.05770998859754
99.16677886280384
99.04691728597085
99.1924024858542
99.61633397208162
99.08994775434516
99.37910532730778
99.77302785365727
99.00012529750389
99.46300566699787
100.2971491601008
99.0548617357996
99.20094816755878
99.03426893222812
99.19189211202664
99.38224485162033
100.114900789602
99.69619735578323
99.03264241860718
99.20119779687528
99.14024482407004
99.812929442208
99.49913267820571
99.06349131198382
99.24402033634802
99.64190195814383
99.0282217960104
99.54720070170441
99.13022194888401
99.25500991275494
99.16906891326276
99.11951047765967
99.5884986913381
99.51763904562429
99.7340396106704
99.50963059016561
99.55763965436067
99.519748520933
99.63812774811382
99.29425249250109
99.01037385961133
99.10874085641963
99.59812949629706
99.68879629943197
99.03889676579847
99.05024000576184
99.2829905340198
99.23853034723442
99.54930414683064
99.08095686542613
101.2933784438832
99.19576421922744
99.40472542153897
99.14874841468472
99.93235828340963
99.11837369579536
99.55409349810957
99.03508343891941
99.40981777760726
99.37957570384462
99.22171477449012
99.09211115987976
100.228183005415
99.40939167207844
99.55804675069143
99.53784286804914
99.15655105509366
99.2005476765513
99.56530381590053
99.41420471126844
99.13615514437528
99.069314329375
99.00728769470965
100.1209297179152
99.20893606292282
99.55638645201769
99.18640400388611
99.14510253123278
99.00463374790361
99.72147090182195
100.3865616617817
99.52072649166243
99.02279924631794
100.1009338819885
99.19716255912415
99.198392959924
99.0348521488283
99.12194296645605
100.9208360260943
99.35981003622314
99.19236940496558
99.06981324112915
99.51311271192675
99.10296787461512
99.21286580562628
99.05276674022184
99.19233502941672
99.151825434177
99.2291177712368
99.36484327509312
99.1350434198409
99.03866498105732
99.19196195093897
99.44264669801576
99.0079232251124
99.4351608862955
99.18768768059087
99.19068350537351
99.41434163729299
99.19438358710431
100.5241354609456
99.02220293911436
99.12035350920341
99.4158463187195
99.30692339934012
99.18268715379118
99.13428524141322
99.21105505240514
99.35288158095359
99.07240730800555
99.17324166652409
99.1102525369075
99.09499678890633
99.03670797975175
99.05007974792346
99.02165650862734
99.12232604155254
99.3787078447271
99.13091011146241
99.52153230544563
99.0961673246101
99.24056060151972
99.13012016814876
99.51255167047356
99.26186299923367
99.22160122789947
99.26755305236532
99.08808236340286
99.53477493772559
99.55292396581115
99.23778042440158
99.02788726909283
101.3986177381782
99.36809147209804
99.09773914270907
99.35695007769208
99.16082271661202
99.01987938646624
99.04505434813622
99.01892935035582
99.75765699055466
99.31826455071406
99.5162436101544
99.1158565205541
99.21985389603388
99.14173138110606
99.69849017033006
99.77707821998315
99.21832281495797
99.19617568478192
99.10571122724328
99.29372616769993
99.02611724069072
99.27805208186383
99.3002455772602
99.10054891952144
99.45434954000206
99.04922444342574
99.5312847767523
99.16396068952636
99.71992250615988
99.14524237926307
99.4036331171171
99.49692347126668
99.43016055718199
99.20331021786524
99.23949343171604
99.37595184858986
99.03278033611782
99.14062113342753
99.29993532759714
99.54188062009901
99.08935286168688
99.32767409325159
99.13481528276057
99.23898253678584
99.3551455312501
100.7838920737341
99.51910815823223
99.1054358463139
99.35656996726622
99.00222938511924
99.54407134730855
99.01825819173018
99.41399866350588
99.31093067504578
99.67265688672961
99.23966375821267
99.13742002829487
99.11591313450613
99.07650896883949
99.30447698133202
99.26457867402374
99.08806596309395
99.16154075255864
99.56193121564165
99.28715586584386
99.09825169019969
99.62421534705001
99.02800593400913
99.59222653245581
99.54028168065634
99.07658442718193
99.09444434303877
99.64143330287403
99.14094928903499
99.27068155597557
99.43411406082247
99.38985346842551
99.58588319267771
99.11402672909351
99.08186553404862
99.45393968377695
99.15521911445792
99.03202008733174
100.0762341626732
99.12076125784343
99.90036519247603
99.90336036919507
99.0442839983601
99.35174370914537
99.00653827575043
99.23030097202017
99.19535295837132
99.11977368283272
99.46397538599541
99.27912157531964
99.14205656620211
99.12174936096949
99.18374454245618
99.03113979464703
99.39164693543479
99.57582457915886
100.2171711391711
99.32212452426877
99.22202370630549
99.0164998312977
99.24216365818523
99.21887630436504
99.2182543214102
99.75478649040686
99.16294616443002
100.0053261048005
99.45588060453714
99.00530986574188
99.92934443927469
99.0060044912627
99.28236769278703
99.04190561482636
99.5463645717995
99.00606772082588
99.99335039107093
99.2144101230701
99.30063158284612
99.01660375590262
99.02042546146622
99.55788652285194
99.1536170336849
99.84196652506567
99.1518263329812
99.02297666957178
99.38083216601333
99.05931542535016
99.33787349066705
99.14227496027577
99.25463342706495
100.1740582636465
99.6308720136627
99.76519386322855
99.44458647358749
99.25933685862529
99.2591839561887
99.90396321681723
99.12117510498064
99.02359371170871
99.48274492805477
99.60126368151099
99.03741587938279
99.11005973232113
100.0668267556128
99.1823734942365
99.28107878532454
99.04522973542772
99.61120640935846
99.35269992894679
99.5535081602187
99.04145195584137
99.16137281910433
99.01639863343642
99.43716267841617
99.8973440958506
99.43969901191014
99.18158222473184
99.49988290400417
99.19730509809165
99.24071518914549
99.5729530531238
99.72326956944767
99.33150885893376
99.07393031220572
99.73784771596603
99.08337094878019
99.06732377455188
99.08041687634109
99.0765201415236
99.2831542885525
99.11556365147402
99.59806947367612
99.66815808866797
99.40028718507307
99.15637227720761
99.36866018728765
99.18613059903403
99.44302574842123
99.01159427963209
99.10165019521085
99.24453796111699
99.1489299181406
99.75658831456924
99.10079441773348
99.39682528757153
99.66717651424344
99.3602812651573
99.44274923249739
100.0656827290518
99.14296935597761
99.48370751709786
99.70317595837366
99.16761167506787
99.39056063906285
99.07209912598154
99.51099194345421
99.12111317512466
99.35166088544622
99.41390079585264
99.19718364217312
99.41470324844099
99.36721713695782
99.42879682457391
99.51654232488526
99.23471299710029
99.02901333523215
99.06528538124327
99.75637106695315
99.33529387871806
99.11203129619918
99.14214801369114
99.97006102022648
99.40310918180596
99.38737395654263
99.51315642585341
99.45219006782641
99.63345979967424
99.02457100635334
99.43088014804809
99.19305502287526
99.59320786940914
99.0140747723833
99.46710317837511
99.19476953627974
99.07339462522901
99.08839090800059
99.17039594461683
99.15883428172324
99.37849708867635
99.78814687859061
99.44706877960147
99.28781484124593
99.126010753317
99.00095787254342
99.05751110758156
99.07114657913097
99.25026342756884
99.05398714602424
99.20802490122179
99.17118989725141
99.48552321713262
99.05075704193048
99.00829923661695
99.54001147200044
99.15606868700395
99.78491109672969
99.01591171780292
99.061634017563
99.14721526999513
99.05292595902928
99.19266017895035
99.43376552244344
99.31802263021484
99.00404611977943
99.10221849397439
99.11360017516267
99.10719145680181
99.29465116750457
99.20086384273492
99.45711739020693
99.69756426493052
99.01187359998744
99.0803290766621
99.1763003045642
99.57113687949875
99.26309964222044
99.46615248486042
99.04255695793418
99.00557327558472
99.13905433702898
99.44620868954806
99.11150661912689
100.0463128457349
99.8257513109997
100.3994268819985
99.08652281393177
99.05530188625914
99.50434669011742
99.31664999341878
99.02469853289436
99.81501351956307
99.36967279871973
99.17274344574199
99.67044784150464
99.40885846754819
99.03580872869702
99.20423859155234
99.19418008764684
99.03123327533423
99.35372947358195
99.14114082273368
99.40952323001324
99.54903539070501
99.01379910947496
99.4061444903405
99.0463848651853
99.45378397188318
99.0870195906942
99.31718809689626
99.74678138504248
99.09920850923574
99.58245518607698
99.0530007833741
99.89296565476425
99.91203892772202
99.00479169256205
99.82068138549869
99.05021230357272
99.75783972515259
99.10918833824233
99.45395298519863
99.11846238825531
99.3299835464046
99.14598942782297
99.17008801058323
99.02989349122397
99.3860585604244
99.8206828573111
100.4653553133117
99.27490208351955
99.06014221441625
99.56862284180444
99.25172108843857
99.2193165648438
99.43524762173338
99.00198948766416
99.73720674851971
99.27371326226023
99.07244907981585
99.11134871116151
99.70987935044293
99.86890516446066
99.0451031945618
99.03836634645792
99.0709203279991
99.48256021956647
99.04102265910235
100.6504193648664
99.29877015006586
99.25806044612479
99.01057082848885
99.52736140836858
99.203942146741
99.40144748526245
99.11616806073575
99.05391770102499
99.1568970358125
99.22708743100006
99.05566807765048
99.16305767712466
99.18159883701848
99.12042966872922
99.36353320010394
99.2869311687128
99.30352050417551
100.3843932086367
99.13345162203579
100.9277317233079
99.02964643907987
99.01852543137005
99.57342530412267
100.1353844271676
100.258024959031
99.11087972760663
99.15058091523976
99.97986510392643
99.0607615633189
99.03694390151485
99.39721211033144
99.73838016225626
99.44212479313855
99.14519404875983
99.11010478879311
99.17305349124379
99.07302135289181
99.26268952607006
99.82131489602921
99.28316632135468
99.11819133364354
99.12369070290292
99.71964083698711
99.40313721234452
99.00584729369162
99.06362179092416
99.64779736651434
99.12606472778614
99.43387909227519
99.41625085622682
99.1749971607728
99.09910901828204
100.0259879637097
99.33043785356107
99.0083410190291
99.07544785519165
99.03248169647189
99.18177977684749
99.08127210441187
99.54556771602931
99.54609109644824
99.49271512118176
99.04874894870872
99.06310223646418
99.1623736496997
99.23364844759688
99.37310830254373
99.07091099466928
99.22501755414258
99.35147046847499
99.82140300540802
99.96590133927693
99.02423368536923
99.34934393249955
99.15408809339003
99.16711388313956
99.13439012286925
99.0378498146467
99.10698995713915
99.71530202228826
99.02324008066503
99.65210971601715
99.3561651184099
99.26115150853889
99.15735537774816
99.19243433707541
99.1154810359003
99.47995356048955
99.25351132762157
99.7858362681512
99.2401574610053
99.52617777498668
99.74145229598722
100.1967373755787
99.22053397245482
99.30357056804648
99.11764125193459
99.3266316195993
99.12816933901273
99.9685391400959
99.09914977469263
100.4823870296003
99.11347100978278
99.09825883641149
99.75096763844229
99.55934216368212
99.60076830864664
99.19829200864369
99.3044206361437
99.37729074427017
99.06180488627544
99.47611374864488
99.01005115372996
99.19207059454958
99.12484047036762
99.22689295759092
99.21670502043331
99.08456740452716
99.3089907772264
99.0068749905351
99.48614659523578
101.3430048196036
99.03569169147424
99.19111431820973
99.12869915608387
99.0640057912133
99.403922073737
99.8146880234231
99.13357561891942
99.32306053137646
99.24648106237794
99.61507021918817
99.17297222607495
99.26756369328105
99.05663785054753
99.63825631515657
99.2815196065966
99.17343688422112
99.30426495314452
99.40607279806873
99.6606276078643
99.21207869912746
99.38969989426724
99.00131238723718
99.02637950146888
99.68781340645391
99.58666664588533
99.15927124335185
99.52967140654653
100.1976858949394
100.1019160727842
99.16710336110128
99.00171961869194
99.40625784376736
99.06696809285508
99.38953321355353
100.2748731348392
99.55641210906151
99.0041333905415
99.0623918341207
99.2697602926627
100.1828585935692
100.149876683717
99.15093768503291
99.18039254875193
99.62895208194116
99.71385220778214
99.58691298226447
99.10325357693355
99.58402894676976
99.93438411584572
99.04651725690961
99.14456425740505
99.0417206929587
99.03458521464493
99.05942612606127
99.00896950248222
99.51843595199892
99.17510603840338
99.38679726790414
99.49909441034272
99.23846149491722
99.1359559404332
99.41817158691852
99.01728263749256
99.12494551499738
99.00430892463753
99.09355131088924
99.08113150722704
99.2031406666645
99.12129988866212
99.49115004163383
99.40241772675782
99.00226460192914
99.11859405979499
99.11736966492504
99.02396403924966
99.05818717032516
99.12295872100357
99.21462019152246
99.08201762049056
100.1114775091269
99.11426490835929
99.0682047303291
99.48847610701769
99.36152333395445
99.4785104832193
99.22355182721952
99.12666473228994
100.5925164423469
99.30317250119144
99.68008334035099
99.21334225870137
99.79695530294772
99.0932300818056
99.40789038376136
99.09783959704151
99.41697623740612
99.25306970623356
99.0458100934764
99.23454903787488
99.34849728387123
99.45926120652354
99.56776431202032
99.43058396385135
99.28034723473202
99.28981350940929
99.65084763639507
99.08629291739105
99.10824412669997
99.02453807383554
99.4127452545448
99.1351369157234
99.280944895179
99.97139313157233
99.14283179000707
99.47008494257472
99.0288049895371
99.16532591629743
99.28926975778215
99.05618012357722
99.25433041519497
99.11292183617132
99.41235726684188
99.84156573162602
99.01003092279493
99.2351860261386
99.342125077275
99.63991901529562
99.56248382487253
99.02470217908916
99.58107810455125
99.67224385642386
99.26969602231733
99.00718963097071
99.48617647362758
99.03590612265445
99.01262368796885
99.00250522268135
99.32223628145907
99.09180561473987
99.52060644166212
99.09019027794383
100.0978623002588
99.04175957210771
100.4916510979398
99.26170938553895
99.30666289261006
99.06098913665487
99.12602261213875
99.19997885830867
100.3168058836961
99.13156743614508
99.72057202361263
99.01153333165938
99.78275916252038
99.23331554508238
99.17885334314674
99.25424833493217
99.25194678218784
99.73122280916051
99.32353471116454
99.06618367913288
99.1093502585049
99.51370227671637
99.07764148254947
99.03631774126059
99.11631770897603
99.19698095948877
99.54344566624043
99.06123514103766
99.16464943995119
99.97509317307984
99.04824356202244
99.06203125202036
99.28538883775946
99.54183473815117
99.78657815940193
99.07810407700111
99.1440345917481
99.3068910729549
99.36696888016083
99.59722111721817
99.024894763163
99.03229332380742
100.1042667867948
99.05496340942128
99.28504209948699
99.24353161784771
99.45668860569181
99.37493412207724
99.36195651528283
99.76142502214793
99.13737665340138
99.36523983185772
99.16059753845043
99.5215470160606
99.12277577270383
99.54621236121935
99.0895640547092
99.44404661912584
99.09354988478968
99.19783397802506
99.0875731159732
99.31540755059622
99.7025482392209
99.01018827015916
99.18631888405987
99.25983712129468
99.57366797849052
99.35656597053874
99.30459590434263
99.09789581363314
99.03927094834494
99.19016921731411
99.09830895791856
99.04090555242007
99.35734432376726
