48.04535182448187
48.44091723857424
48.07368742576158
48.42193180885195
48.47792713898713
48.30380206446864
48.14569565290606
48.12126241797369
48.27809216442169
48.20546685448375
48.0735924407327
48.4087103236855
48.10027461306291
48.40533414176807
48.38251987932772
48.60101188590902
48.45186814770867
48.00620568478823
48.12284454460849
48.19500375621409
48.05063549779204
48.12451143905434
48.4036939456991
48.01511383442688
48.18655124198987
48.3935563467254
48.36475311595719
48.60804250577055
48.13111274385896
48.4667521433304
48.0497193447674
48.85074211892588
48.03228488368279
48.24176560068945
48.08842598754684
48.30550392210841
48.09398516921719
48.50501186528161
48.93179603480975
48.45898503605034
48.32036850526633
48.04745571711415
48.39574345082818
48.27214858965458
49.55101649995722
48.06943861366266
48.00547552134508
48.62441174480657
48.77484119708972
48.15765104735707
48.90610679684534
49.11296387279024
48.51678903473832
48.00653783883992
48.25077667203723
48.14508338274095
48.66397256376442
48.26399210040586
48.04197400740274
49.12449905199664
48.75417828158249
48.06178166517321
48.59082716083355
48.28875294123446
48.10162141214119
48.10733577069136
48.31950521413742
48.84343905846002
48.3316361976726
48.18284241674161
48.05295231969836
48.03772005400075
48.00243088569533
48.28377140874277
48.02756220620049
48.18647020745752
48.17835532084823
48.18328615930206
48.10058084034432
49.0966444371705
48.46182317475255
48.21043107803369
48.8277503649632
48.22622539642225
48.53102701783042
48.11180766784886
48.63271891557673
48.61076911322947
48.18873921898157
48.04710294399192
48.08780363850846
48.01401111703129
48.21549862914417
48.850367165535
48.66552904514595
48.43206700731357
48.12350228763668
48.36977478459143
48.06677969615596
48.507917588544
48.16109814177729
48.12179944750893
48.52059890499837
48.07083542682304
48.29668612492381
48.47554413920091
48.64539688531859
48.61363237998743
48.04384198500315
48.00444884948435
48.46294262850022
48.6064782965568
48.12121263969023
49.37105510589441
48.31348076184008
48.43383715594501
48.155225080145
48.00350357665462
48.26563954157064
48.36260930989539
48.05215684351209
48.12866938976124
48.07395944729301
48.23436900840075
48.23459653100707
48.3574244985446
48.61075006776331
48.29802809517374
48.16488040432463
48.25010582945835
48.27050465357942
48.50993752955213
48.15911649030986
48.21722403187578
48.28862286748414
48.28722574315213
48.32950923089239
48.12304026234349
48.18047985251
48.22520360258456
48.32514187932882
48.0427418805081
48.74740346234407
48.10930623351803
48.2072271940044
48.04268488475279
48.22042684586083
48.38381955834541
48.00169185469393
48.18309630675564
49.05533283871426
48.34968873606576
48.70456507402363
48.57207097021345
48.00971291129553
48.24501156801514
48.35559804401867
48.41311548855815
48.08508413448633
48.96570144684696
48.10097372812282
48.01668555200531
48.19209189145747
49.0652339348817
48.01260890321066
49.23367110187192
48.62688825326759
48.10417989867052
48.19108713881061
48.41608685330903
48.1519407364989
48.14636868084524
48.17687045323414
48.46869235363156
48.57661240865694
48.79936665602711
49.00374799131527
48.11953197692991
48.25647170685228
48.09767614427245
48.27408184063688
48.32156787417352
48.50804651987706
48.28052339238666
48.07783555173122
48.10241758003782
48.31429299581336
48.09769350772066
48.24576270439251
48.23326332231691
48.18247652711981
48.13465527646198
48.1303005541032
48.01361601673986
49.43527210204276
48.01897009113625
48.83224694978815
48.36605518704262
48.63208495217403
48.15518806826835
48.03942824979173
48.01824332743665
48.38508447195984
48.22608908668582
48.12532880400369
48.079926858067
48.07918324140401
48.45641362297179
48.93388074359727
48.73347097451962
48.5215897194801
48.11441733874774
48.22893942750262
48.93625073384643
48.02386492660266
48.60386905213286
48.30244827781782
48.78715392802562
48.51239878068691
48.17362282379255
48.02767484936904
48.06152365633697
48.23575844905305
48.0876835841187
48.27615266351968
48.28853671195562
48.02939419474062
48.16086863912897
48.27062700520906
48.38393646641348
48.32325672202588
48.2568766029232
48.33890860287869
48.74385727768653
48.00943201369059
48.06277304581332
48.17450758128994
48.03257227786315
48.30906638755668
48.0617590981504
48.06890201291666
48.35832701623672
48.04681314704502
48.09070695727736
48.03919997905482
48.87217981205285
48.00480601492539
48.51312172864174
48.3837206062958
48.06721275950666
49.32584973061702
48.07176740191894
48.14309198880041
48.38712752240723
48.0228844086052
48.55431336786318
48.01391686384817
48.10246615510349
48.9249142353296
48.03198044484299
48.50415234877816
48.78568207440651
48.3525819810937
48.07421971207607
48.31895153597456
48.27557283136102
48.1231499327309
48.00990036850867
48.00143784622858
48.41922791619067
48.02200308635798
48.09747281891402
48.42444837482829
48.68433105861576
48.38359688015904
48.23802002634842
48.32511605826323
48.14347520250074
48.05756810547209
48.02077935421847
48.49045546812197
48.08743591265654
48.03049723271466
48.36057651571655
48.96464579710149
48.30705606120935
48.1120714587958
48.1024413399015
48.18862464635626
48.09787831588459
48.29756426217303
48.47641942477854
48.43707641073557
48.24829588388187
49.128845599401
48.23074441664459
48.55555643475663
48.0977886280461
48.29660606854731
48.89864155019695
48.2089754754962
48.15018338966635
48.08979044404519
49.17486315894065
48.09005470798645
49.01372113947775
48.4846543232606
48.01204281738627
48.24150148205225
48.89617414826489
48.12629591208755
48.15576023892753
48.27887512155033
48.07209416433656
48.48354201689371
48.20021248684735
48.05645057808528
48.46379031622294
48.04632545491585
48.03549251297501
48.14347147181
48.5856723819169
48.95516667273911
48.37940932105712
48.21693436372828
48.17421054645009
48.06941477171642
48.01966050854067
49.32883499160624
48.42213205228501
48.30264374042437
48.23637066068836
48.12798257050881
48.65242520963616
48.30013599323638
48.00868046805201
48.40389074784781
48.12660978922217
48.08595945879608
48.0328300251516
48.23345993013594
48.12253698176908
48.6348882242492
48.40695758973656
48.28782991575316
48.51780666222508
48.09288500367592
48.23473722865398
48.63025270209537
48.08403602858822
48.04479667625054
48.55163226281641
48.04643120352039
48.12111023682363
48.16221659407308
48.15211674841313
48.25661795485699
48.80442798975424
48.16637596840813
48.10624764946262
48.25026105241115
48.15905449965368
48.40312147047153
48.04873054029579
48.40188918492833
48.55824204707115
48.33774251233962
50.54602493914311
48.21012054709341
48.06544009275066
48.51539256040638
48.22235924824767
48.02844910710174
48.18980203767472
48.12557814344741
48.4220447801985
48.16082904801892
48.48018967259832
48.12005006514285
48.26813781174592
49.08610619782363
48.09858018450822
48.20704369629595
48.53476848412651
48.11104435153005
48.18199598818298
48.08584465785196
48.38237519459052
48.33196680462454
48.72469538112047
48.38168080370765
48.01005262936081
48.95636728186837
48.57485577601491
48.30961511225075
48.15684054952189
48.00655906494311
48.05581064259951
48.14280982237061
48.18411513066011
48.23733886114811
48.16518638979046
48.24921498876259
48.10122599768348
48.05659319278772
48.07252150424545
48.28826169005927
48.13015601122651
48.76298783768262
48.20975865608538
48.07367625817731
48.09371524011298
48.28620586581066
48.29849142787415
48.40753477450091
48.51430889533178
48.06357420070064
48.47144296714635
48.14036863524417
48.03935973994054
48.48450970852875
48.29381416418155
48.14885754104415
48.65134096077095
48.53770442851108
48.00634845972544
48.14928655234971
48.3248041641194
48.58588125162343
48.33009466882603
48.98888147931312
48.40410618669171
48.14790769055421
48.48102040532335
48.52827479644874
48.21089729803901
48.25782899262312
49.29624391348433
48.46214853445498
49.6789961512268
48.18465305952783
48.12071139449092
48.17648231206931
48.38424924319119
48.36150647517284
48.05702728464416
48.59399681230942
48.27452831470858
48.65138944098843
48.09081863158936
48.10374407014276
48.31457575446495
48.15753481454754
48.04175506288084
48.33252979572282
48.20504590803208
48.60865587928755
48.13755039123465
48.12296939290006
48.4302846261965
48.29764889332846
48.19412245460463
48.00276186390642
48.2780068845106
48.07417246440748
48.59679742605513
48.08760800621329
48.79745085370995
48.10661521794657
48.46443307861126
48.48977179371714
48.14756430352936
48.59534450799744
48.0880431314782
48.16604822285059
48.30500838698093
48.36914005314684
48.3744551694376
48.08554222721698
48.0770904039116
48.03950294871277
48.00151588359757
48.98668314568879
48.42483935744698
48.30161101729546
48.34809037685458
48.16100152832502
48.45173451055889
48.09496465147095
48.44421105219405
48.13728513261899
48.26181411138464
48.51096209808605
48.26554333893591
48.06034077414416
48.11190678273541
48.33404825417261
48.39793249962789
48.08272189732465
48.45206362993713
48.58773010931309
48.37742730977889
48.29496737439491
48.16514154578915
49.06425160304213
48.32983341829253
49.54689513766166
48.04826782187229
48.15012983773607
48.23446047377562
48.05382701244569
48.18634746691512
48.06444887924513
49.00409788399879
48.49085943782762
48.03227443646563
48.26119317480133
48.01847338636578
48.04506906918181
48.70640570745799
48.32254131039311
48.09396640572005
48.25182906974551
48.06227810455917
48.10046065770885
48.04333806704035
48.64484776786716
49.27590776562194
48.35698887321458
48.01252902712798
48.04457120663432
48.38413297728779
48.12732915351124
48.01231257463443
48.09015801265021
48.04556280782277
48.53639718247293
48.96882879560123
48.22516130299079
48.01753800365511
48.03695601200807
48.44060730126149
49.09504784237822
48.05515459462687
48.38634050947952
48.62468594541227
48.09537651987956
49.05680266599989
48.23320064201361
48.39802925324662
48.64199708915297
48.46936274069738
48.00017194847902
48.22643667496998
48.11270627348554
48.59874083018745
48.38464950526181
48.50245710465258
48.95843421831027
48.12381500543108
48.06910236035726
48.33614429182694
48.33537663527365
48.53909365718529
48.19621176134749
49.13726748125769
48.47902880707321
48.73649428404905
48.04888630165883
48.41950664215415
48.04304480789247
48.10633630155817
48.05895256194555
48.38318789642352
49.23285038183676
48.26424336846014
48.07003376741331
48.51127185740513
49.31022115997319
48.53905069525284
48.60876978302659
48.20077132219408
48.35699357752793
48.28069731258174
48.28333106647089
48.10758514150724
48.1277844926981
48.05828088094372
48.36356962089317
48.1933937492812
48.43998565865419
48.16962835769016
48.39739424186129
48.4927964541413
48.03924889104216
48.39337030389333
48.98695800773689
48.12166737723
48.18825721522413
48.05568702579836
50.13479784471029
48.42176700682565
48.24092613733598
48.0975309091981
48.4054955466548
49.20290111662261
48.41593641199568
49.17810131713419
48.21756685060687
48.69446859508004
48.46069079282292
48.35877551483409
48.15714267867216
48.20141215945681
48.30519278316851
48.32496895571123
49.22248277635635
48.02993043826917
48.2021245514724
48.03885251382676
48.62904525322003
48.77366312341625
48.38876392633898
48.90567022636478
48.44779523993233
48.0286050769004
48.11532985640367
48.34864886118527
48.10387258450896
48.04865278223674
48.2315125391461
48.07763361576265
48.1022250614049
48.36341584907851
48.29519548894428
48.20657698414235
48.0073102979932
48.49188929852162
48.70048866008653
49.85966304011247
48.03043800290536
48.30356062475894
48.06057071220871
48.68057498161243
48.58275720219517
48.14321090339191
48.64024603065295
48.09655109966811
48.95038763860718
48.31458505568368
48.23431525844347
48.47543861765312
48.24058356909248
48.16305878419963
48.22320280244669
48.16227707307937
48.37610859366299
48.62611532300591
48.62862180560292
48.32102554691277
48.08950561916779
48.01975642018962
48.33985831368442
48.76308181803404
48.22557704009164
48.16499644069937
49.16956253858817
48.16444096723481
48.11081359156761
48.58958394243337
48.10553225095838
48.38257046781386
48.38072870943472
48.10784770492028
48.11261826562669
48.03584673129545
49.48474295834963
48.36154918033336
48.49697518313663
48.18075514228349
48.13539890482555
48.19090374127856
48.16318363729871
48.65983241195407
48.09483462904679
48.74943945897007
48.17322612248466
48.90557204882366
48.4192269981585
48.48457146017505
48.18363075822176
48.07248280262923
48.21944290952001
48.24171619088243
48.22777760198029
48.14087308005248
48.16989582322464
48.36257009376842
48.32341208610296
48.17187427638344
48.05113449942215
48.04085522501584
48.03738481040732
48.22956230093202
48.39474109492019
48.34084567505702
48.27996002503772
48.07391199947248
48.57034257392618
48.86783289824822
48.22644391025054
48.08942631709416
48.1081951274329
48.17366572304137
48.3106333327567
48.16725909283308
48.48552079195536
48.04750246984701
48.1666185837928
48.78554131648383
48.82417196265916
48.36913130690752
48.11567499180519
48.03315166042121
48.05940512690369
48.01377690373102
48.09550374376663
48.85653177695703
48.45513169193546
48.39556289708237
48.6364783665705
48.71969159022557
48.02205241612062
48.31107065116085
49.13788615153244
48.62037213571418
48.17825898294068
48.19744533989959
48.15978207124931
48.33545415450686
48.40266021039531
48.0261773106788
48.16671586798244
48.94220177090441
48.13726541160593
48.34626446828595
48.29913504722665
48.09821856981117
48.18126251210396
48.51606209785847
48.10216796735216
48.15207305911237
48.17994026916008
48.14734601647316
48.57583770419913
48.51434259302738
48.15674578304017
48.30395372114165
48.16675399448044
48.12729212416821
48.02326944834581
48.77632619470901
48.05240596773405
48.20284597942432
48.30234309030683
48.06548535916098
49.20997739042446
48.00092216768194
48.14193457649693
48.02522727216751
48.1428823259376
48.06426343490364
48.06183087598114
48.96414400650362
48.01270815165405
48.62551748306427
48.08095179513963
48.16069330184992
48.40196885710981
48.40545440298829
50.27837083674223
48.26889789316343
48.6222925625225
48.24613898578635
48.25432680583406
48.50902336139448
48.0695665684819
48.09001345703427
48.052441421369
48.06984488054162
48.08660871194417
48.92886389457059
48.17109979700032
48.11872656204724
49.06925151497009
48.47504196783621
48.44723862593461
48.09076535784629
48.2374939218359
48.57738038968908
48.30220623872113
48.06245814299745
48.27490998355624
48.18636057367331
48.65201607985276
48.21349346050405
48.43339127829741
48.29414405876635
48.04962562738105
49.05035457714371
48.06232638299193
48.04326463733275
48.0570129008773
48.53228321903144
48.58830329616835
48.0619255754352
48.55045302044282
48.41565549833393
48.27404343217366
48.51470362258353
48.04365084065212
48.09931305011501
48.51838537802181
48.41391346907015
48.22366224386324
48.01832705761064
48.91954573453026
48.5925858973411
48.09082147636771
48.33025846292891
48.00681505070662
48.17700568657843
48.84214777258742
48.99872572010848
48.15029699539804
48.8528462911362
48.23645137901253
48.12785662399044
48.43548947499371
48.08363794357766
48.20574542449202
48.51055304073811
48.35460939014828
48.16652545162605
48.03113901741832
48.33928391636091
48.07102643965667
48.26086980959443
48.07371008112892
48.01513123423145
48.47206333985745
48.25871229766798
48.38509413276066
48.60137076060187
48.31140161724195
48.0232253196998
48.14712309703095
48.0464315183039
48.1861852091729
48.24518199549503
48.28657638776218
48.5541703471008
48.40183441488383
48.08094421895904
48.78484533905164
48.56717142349532
48.09143461640212
48.13324122125304
48.74446029815311
48.62954573959985
48.04369396691835
48.2641571805094
48.08511781372256
48.16070995496684
48.08897262781287
48.03830286989847
48.73515864292128
48.02978387474757
48.34694800064425
48.13544199526314
48.29577994755227
48.25368318110431
48.32651477720545
48.78906842125466
48.0203894683917
48.86931926839484
48.12442645546836
48.97978309147408
48.11625290856854
48.33532025311733
48.66275773867685
48.77460545110523
48.16035297782253
48.01056381559967
48.06385526299684
48.03922770537995
49.83244640467512
48.16079689700966
48.26500603609706
48.31209114944571
48.0911510308075
48.69132948204147
48.11225862368939
48.02205607091354
48.07309898778672
48.70053887670513
48.4605912532499
48.74231358306753
48.00762962998202
48.03488941143462
48.14526922320899
48.08257509187087
48.35826773571458
48.01915331353175
48.10016232498094
48.04352359798552
48.70088025112143
48.105772011796
48.07857851215873
49.07704806245569
48.42306873888182
48.02116996933047
49.15778218771901
48.06080926196583
48.03642624774634
48.01049498581552
48.22411399024774
48.188889242839
48.40438855440286
48.27872673122907
48.11040811634207
48.50718483940532
48.40449470055766
48.00360998484435
48.29540249213143
48.45603012541553
48.22230677114496
48.25653640754149
48.33229109153878
48.10656143298162
48.55676768057951
48.72197291244919
48.31414697553033
48.04468443397955
48.20013544596888
48.80675924329576
48.16447127347945
48.0704292712916
48.15143915108575
48.83173201406022
48.18351939196173
48.36064820408365
48.03546970311593
48.2950950596343
48.59161078313924
48.24897874134617
48.22241976687307
48.26089480971744
48.09870397254301
48.3352325133146
48.45616452838293
48.13673314481715
48.09198618061181
48.46995524268101
48.05806165454189
48.21594133783834
48.2786148528161
48.00666109648584
48.29181896563871
48.50646674506136
48.088346062158
48.32136326505974
48.25349739880483
48.0572792317598
48.57652380770595
48.12307995266872
48.14905459080644
48.07959007916318
48.19660746965115
48.06837393864266
48.51854035482753
48.00016961326878
48.38870908534202
48.5976968643207
48.01093652321966
48.4786659237193
48.05263700386664
48.25189272982082
48.09550329273404
48.59913444226708
48.06032634215313
48.84765742351964
48.62563168740076
48.50290251005562
48.00124275703399
48.27281231666834
48.20268376032261
48.03354611502679
48.18547568463242
48.1582389813649
48.4313284924857
48.23412807685066
48.04189523204642
48.20977109394034
48.067605365267
48.84987192481971
48.23188083320092
48.07401496648024
48.21243193348969
48.47854128132244
48.08426496301468
48.05404020698935
48.33077744209196
48.04207951393922
48.31491529391356
48.00150515768432
48.009372731776
48.23131973280152
48.47797870117076
48.59678945897413
48.09104036542293
49.86277941154655
48.08252901671688
49.92454276496326
48.42310121208725
48.16854797251197
48.47624062420029
48.02301952990086
48.09600110306669
48.08487139649848
48.47136553491463
48.33052211594209
48.25974585349813
48.72536231401054
48.69942624845363
48.08833479086542
48.03557474472088
48.14244448159887
48.33306904447134
48.49328358110966
48.14096203854677
48.55972521901504
48.24040608798237
49.06285138096148
48.23993138299422
48.77659008171719
48.06352550017182
48.31836702935583
48.0014568416175
48.86873558378196
48.93801183619225
49.30189136894295
48.31270031459172
48.1240932667363
48.40113496183665
48.55259554207615
48.07254560022196
48.03179112228027
48.21262220216872
48.07217547432906
48.44428115199477
48.00570022799233
48.06477840594469
48.03980423342657
48.73992464717997
48.0968451128624
48.10712348964271
48.24065154102136
48.64547173456828
48.06901814177257
48.26297827994128
48.03861975637315
48.07265308235168
48.43834204029083
48.06572882570435
48.26398648945929
48.69216857097738
48.39462682405907
48.01767556381091
48.2878983579461
48.0161341240728
48.25329267915217
48.73058364188477
48.22560230532132
48.99229608732385
48.00248266988798
48.23194793721518
48.413274658551
48.16297223547064
48.32873565733495
48.24910589516285
48.39325030614366
48.13094948930789
48.17981750347074
48.19575304624767
48.38207721143512
48.02513835824558
48.16506347573241
49.00538412254208
48.59283032467685
48.35980649694771
48.10282446607671
48.32899168220831
48.2895747952966
48.98127385598458
48.10283372462956
48.18648901011948
48.42548157657671
48.04184316389808
48.6236934267078
48.31853112830175
48.72168959860696
48.31882194429151
48.40431462365651
48.01528794309906
48.19594531112737
48.0258793983261
48.50378030967751
48.36315587209464
48.00093089721976
48.08424101273911
48.08987032092556
48.21678826660378
48.08422400165118
48.69983836404418
48.32223083919716
48.2444733942591
48.04439431339608
48.06933520805742
49.4518276822696
48.55385301872196
48.22559833890401
48.19351524683775
48.23906384002572
48.55144513169429
48.76124394238621
48.06361084067484
48.08855294505619
48.33627014353745
48.18478444607553
48.35156170590772
48.12965763056663
48.38414674794652
48.00328540288918
48.24068158645835
48.26141784685589
48.36679661030644
48.04616881488822
48.85458800416303
48.03613692423567
48.03240214470851
48.06461220740913
48.19860318445953
48.35104529852291
48.19266254602731
48.58838159830151
49.27096142205342
48.18594492775249
48.95876931469219
48.49057161893883
48.00700919785651
48.26807087838257
48.3066725640938
48.41051848035872
48.51254518836963
48.04581234683572
48.06314099302575
48.03893475208467
48.01615249418801
48.36092672870341
48.39618773337661
48.17015153747836
48.19543314308185
48.08743334172173
49.41798589614319
48.02685827673169
50.33742218540987
48.12671081570956
48.01191833745247
48.42097538453901
48.23001699032569
48.15917121884073
48.17825537041708
48.05084091355742
48.57026629638175
49.12383026527102
48.09550399311398
48.65609246342086
48.37040315940322
48.1852143676554
48.07521655858058
48.07212495509429
48.32410349774973
48.27157806354526
48.93135472267515
48.08708952754198
48.04328406735098
48.77220399937717
48.25695388312216
48.37310520956781
48.1636014149255
48.07450543095295
48.08171083867021
48.22820778046125
48.01066415436943
48.33949800608066
48.47057794985323
48.00838231937856
48.19891317378954
48.4529231884438
48.50930129884942
48.39890164842343
48.07738785793227
48.38472228566793
48.32055867651935
49.60142365034854
48.21461461803492
49.70871236633629
48.54551727324674
48.25563534781068
48.24019240891887
48.12419531773811
48.20651734741985
48.35953418385618
48.19653813920488
48.44030100734469
48.1387867768698
48.50145511326598
48.45875550916393
48.09299128791716
48.36194376865779
48.14256528450309
48.17668957222361
48.0256596993296
48.62587151154458
48.29653321502639
48.21982584118409
48.02412476011468
48.01963464323598
48.18673729854986
49.79354291831998
50.70463840798623
48.1904656665631
48.28248800488642
48.06540045032578
48.26611907739691
48.31027070135584
48.34635675713888
48.19830924908933
48.07945432483752
48.06413837570466
48.61050484014744
48.08903943596032
48.77126964234157
48.12234186000717
48.25535063081328
48.30076928863782
48.02573220053379
48.07884623185781
48.63972977308592
48.07654192387111
48.5854306179229
49.20140397583783
48.18888205082467
48.16041335887648
48.17738740760925
48.26883215699922
48.52554409493131
48.68882797960337
48.15155065293578
48.49049189707183
48.02148111558682
49.1592715676442
48.05190736500008
48.1448963607555
48.19290194831644
48.01034843931682
48.01613283215994
48.30258515047991
48.19560433077594
48.36393600947641
49.19617784108173
48.17775445924248
48.58059852730617
48.22265947472533
48.3706357172729
48.10006395727723
48.17033149599238
48.36570809108034
49.38647293825603
48.39269439340392
48.13159232130452
48.47570056900507
48.11049247022018
48.00617102998255
48.32892509910803
48.76586909784277
48.32702162008785
48.11100468788115
48.00857472902022
48.44546979336862
48.67935490019602
48.14745623030885
48.16921901437912
48.12312919184821
48.70388643742236
48.04899869704951
48.58545209228776
48.38082705227746
48.40346971673305
48.0430659272681
48.30732151349588
48.85293926371209
48.43555426538391
48.2876903215186
48.20942824228073
48.25973842430949
48.53298124184492
48.47382835195979
48.61715292167209
48.104839419234
48.16119832351558
48.374393835636
48.03097565876244
48.04104557397844
48.17787093745284
48.01224531602045
48.28809515055147
48.6611073280983
48.46140941811242
48.17214547895735
48.61872392712848
48.79997302374799
48.10357486174541
48.07821289716974
48.73071314412099
48.40086716673552
48.34404028642135
48.04115486993349
48.5093787346776
48.61288699995364
48.4003032509339
48.18638374093309
48.49641775302943
48.10639498647728
48.18459877333697
48.10806834165216
48.75460659331662
48.47003837544737
48.03864792944192
48.44990277776277
48.12908638192163
48.07323269243358
48.09507509091011
48.13940770733593
48.17717623123808
48.23520167785693
48.03496076239301
48.14195410039461
48.19417902490179
48.87489906279469
48.18293379910764
48.04801335347859
48.61023067219924
48.42776433218854
48.01047157836123
48.19966308256674
48.33039118569604
48.12828301669694
48.11595889766576
48.18976846577549
49.25661597352029
48.37422872661818
48.11246885349535
48.17480281635994
48.40393026409832
48.0069881765631
48.48594049361013
48.01048280734442
48.21039099343813
48.76034451048356
48.16333298359503
48.02057114181935
48.39093958613456
48.1816792704379
48.45270767940624
48.14048973297277
48.32324583854986
48.13310931841026
50.13436459626649
48.22693410661634
48.30661754330109
48.28603981432321
48.10514640410666
48.11006228740063
48.34553025619439
48.80567405873833
48.08976845223493
48.09757365178493
49.64404099300191
48.19219198448708
48.19064022495944
49.41796100174102
48.12219165415788
48.82155269700039
48.15483969487665
48.37951004964073
49.35827265139517
48.2452420651995
48.01809862969942
48.29134202217369
48.22928683421018
49.1506665157629
48.34750246160504
48.44007132275024
48.29931488320042
48.82216269177331
48.02124866451071
48.01812153038425
48.2329046964721
48.0431296954031
48.06859478415692
48.25409770563445
48.5701506708707
48.35168605524568
48.29689724935053
48.56262241845847
48.26805980510657
48.23306435648325
48.0853044271891
48.16507071795131
48.00644485131079
48.20801860528969
48.18945443452836
48.13274682086357
48.31166027645812
48.3227449796277
48.28070865306256
48.14609307661647
48.42614226004213
48.31102954367744
48.60616427291092
48.18861054731853
48.72453441930271
48.76144852155023
48.01570759662555
48.10133969198969
48.1241990536385
48.07507390574766
48.76045469123258
48.07494662819935
48.81013577086951
48.76615046640021
49.09107718409434
48.56423437255925
48.32710351003273
48.37099088688731
48.11879903436032
48.24748071612711
49.04963894985323
48.85890254958014
48.61309660488046
48.34618127372538
48.03304955789687
48.09374181775335
48.06829749122829
49.00972269436509
49.05769824674968
48.8565571360838
48.27354731288657
48.06162163256789
48.15349368335342
48.16608064446221
48.41037539286159
48.06118529880249
48.24371784223567
48.26095984983903
48.6704491770318
48.98046924943625
50.00041166408604
48.07818584735106
48.07472902664359
48.61694243092676
48.03386037580334
48.34113540001154
48.03949862150056
48.65350546985561
48.25487050434838
48.13598542760591
48.1567672621227
48.21423648707267
48.135710617766
48.01088100959459
48.10205381918716
48.67804459162874
48.0320833779239
48.05399201598994
48.41485613166529
48.19205691119252
48.25741109727579
48.37723913325994
48.57737633966559
48.18316691548768
48.09646546278935
48.02461392990968
48.27884565701075
48.06762122806954
48.30534786866485
48.27395377972916
48.48948232905425
48.17195135906206
48.19554024835309
48.43394905505451
48.00186387443562
48.88830983151793
48.26764391310027
48.11111991250984
48.31473258253063
49.01568937954126
48.50624835183252
48.43182881300412
48.20034398292186
48.09587159197743
48.22165042716185
48.73674895203066
48.87536426668395
48.10711738643279
49.04970407705685
48.0177444391558
48.65530034288093
48.06151864020962
48.00348729065816
48.24478679526757
48.08025678161924
48.19309666819778
48.80369927053565
48.03411863617333
48.16969656473762
48.26893866801412
48.62555987051581
48.02186774179737
48.28530136328797
48.42868559865649
48.4291549882539
48.80221755090734
48.00165443216468
48.08492132325333
48.25771620821139
49.99824229081666
48.02796572699522
48.24382930693257
48.17033015441179
48.51972931436235
48.32519299284176
49.22643962364917
48.16674098164953
48.14314367271828
48.34381892682384
48.22505926083576
49.54206081282523
48.56728996957069
48.5238762223019
48.3354460732325
48.07387980234167
48.65764887612028
48.2387989087895
48.79922383657723
48.4692268007678
48.73526676733359
48.16311867905573
49.14728236167323
48.63054460929168
48.56160864035736
48.09159705400555
48.00649530123009
48.27916425140528
48.2023243631138
48.31637270269696
48.29884532862555
48.32676239954185
48.19528582163551
48.54576224583612
48.0358285912305
48.76863144153447
48.37846794407959
48.55724154452023
48.48787336937877
48.00404644536883
48.87712401405501
48.88745058226446
48.11224034521342
48.2107075803721
48.14780812424146
49.03912527465624
48.29461290539741
48.01992564935932
48.26443823825655
48.40078283623174
48.00429693638514
49.18686040372823
48.02267797414085
48.32339339801068
48.54014256719676
48.49074492408388
48.53282699546795
48.02334003076658
48.29163940549321
48.35927984891033
48.68142084595758
48.2099875875373
48.32633475830981
48.08678691703795
48.2023903009238
48.73381662552287
48.79702231085488
48.0658515097774
48.26906193054801
49.11845402494385
49.95961565147376
48.65337867923031
48.61779595948052
48.18010916664915
48.477694919981
48.06671945271395
48.05101148014775
48.03825206049348
48.38382081859955
49.01369227141875
48.32095135321073
48.32496585282065
48.18639646421304
48.02490767669912
48.1884143936879
48.01396771201274
48.37595975738189
48.00344305824195
48.21240203781813
48.52970149617118
48.07073043830515
48.07817613929205
48.00393091495103
48.59395327118366
48.45514149410732
48.27557998985591
48.01996004398764
48.84073178906232
48.67520267809066
48.09901545208361
48.4726429075272
48.04571095685682
48.34376070334443
48.46846934023874
48.11982819084393
49.46746624758504
48.07488771039061
48.12248626812657
48.1041660053418
50.178731620966
48.13961684871843
48.55118917728815
49.22039948942977
48.09221448749732
48.28305906145444
48.20431940591316
48.55991438790391
48.07186811651975
48.15586273790549
48.07338507863818
48.23462084071789
49.13694806717208
48.15444672414709
48.08312738632645
48.9291502945603
48.22812489278736
48.44793530317328
48.50432905677768
48.00010474353868
48.202956520201
48.15719019782361
48.05432615325392
48.11606190173391
48.01814905197796
48.00046908023084
48.0638370052714
48.71578163701854
48.19352163558907
48.48097128110431
48.32619577354288
48.03746136895777
48.96993950272314
48.03491886209216
48.21534468837806
49.02397418963861
48.91859071945164
48.37193697457727
48.26184914989474
48.77017926902935
48.16084141489073
48.79389689768443
49.78864129280966
48.18919702225013
49.1697317020261
48.10639555742258
48.80982480977757
48.17901327769958
48.30151535075785
48.35839864795059
48.32761409332849
48.07856977059141
48.06899792078293
48.47910190248044
48.42471818617766
48.30147341629846
48.17203327738677
48.25379705941135
48.07743634851998
48.1090249587109
48.18306194548325
48.06745058268785
48.14560226576526
48.37997994972484
48.19645512240398
48.13883835445393
48.21849479080844
48.31669574224851
48.97108340751244
48.27639662390568
48.97842721187553
48.34776536763093
48.0093505935678
48.00791493273973
48.51044583584637
48.90026892682423
48.01114159073693
48.48205217448822
48.03602274798897
48.04648508740195
48.18125154971816
48.94569898403439
48.43149793703178
48.1770587440389
48.22913518979383
48.72976577290478
48.28587652955825
48.06027958549014
48.39759265135879
48.18487674484249
48.79464876851413
48.20602904678093
48.27617732140678
48.06104211241431
48.22739248197438
48.27151682343827
48.02993138444339
49.00906299739324
48.09678482147629
48.44663604024735
49.16873637601514
48.27164971684965
48.41145099731104
48.17008692767568
48.29272207355132
50.04291265966125
49.28263883176135
48.0874471664034
48.1407092985059
48.04853370945451
48.28903270574686
48.02828613220894
48.15285561271823
48.89791022192643
48.86093279661156
48.00778919178212
48.04649585122313
49.43736829499431
48.09663561452825
48.5150123896519
48.05141750962448
48.29645394050417
48.17474700053917
48.92354051857368
48.11337270457843
48.22190685488593
48.08973252460313
48.03941776607459
48.00238093738497
48.36138858496938
48.76252594646778
48.00487084863266
48.18939280560907
48.02498343945199
48.04559520105846
48.77710665553214
48.0665196662943
48.1449907861411
48.00651899085261
48.13717006834721
48.95040310961608
48.15951798906534
49.31188386352929
48.15698873648117
48.47385098017613
48.15572655956066
48.28902265696845
48.5597938255308
48.18464305365671
48.15624394057168
48.5410511917601
48.10050562406656
48.02314091078693
48.76012878702361
48.05776002145081
48.71618051233693
48.76486211029633
48.00663831300866
48.15051683346393
48.33104061294726
48.23866678390195
48.3466873193672
49.03355289755782
48.42465186802578
48.30497758075006
48.0502961489235
48.08319905267179
48.07077196106933
48.26200866171461
48.05723332928777
48.02017122211604
48.0518010117867
48.27230723089335
48.25879304825329
48.66002153237255
48.1135109167519
48.37722223133649
48.13171819212506
48.25412717734853
48.05221969433092
48.17777583483436
48.00662498773099
48.0303642711665
49.35403267531764
48.15429455048496
48.3062858080609
48.08243024451677
48.79587812923104
48.14845509523103
48.0650277163949
48.04622564552
49.27595077162096
48.16913866239565
48.28874609646773
48.14217406134836
48.4350240314996
48.51838075690027
48.09605934971464
48.23990987149437
48.0298994305154
48.10730808030515
48.01168796008304
49.09808310930453
48.21891868636974
48.01076021213914
48.22874470133203
48.0728241382476
48.27652485009718
48.03288340215062
48.16311653182496
48.3080263166274
48.14631673905364
48.71807170421754
48.11814878338282
48.54661822548999
48.02380574191817
48.04663588605428
48.01230089834633
48.14645909584295
48.92884744238551
48.06152858985873
48.59637093787192
48.05217399722406
48.04951247047027
48.40293894683815
48.20423072536867
48.06004104908402
48.30195694371008
48.04372499616816
48.17998394189978
48.01792109119441
48.19024291358692
48.1435527689061
49.10445638765469
48.22308136588122
48.38591753542319
48.25232768146689
49.35755299918445
48.52771169696067
48.11992267853405
48.11044134254913
48.42569094765494
48.04690839162352
48.01877641694865
48.0617991183087
48.40805274931071
48.05072345333735
48.0978081490252
48.39104382691176
48.16731103989252
48.12571773305265
48.12088930905658
48.37309135436093
48.20357658177227
48.10997744152211
48.21800392593781
48.49853902166158
48.39297414601442
48.08616108322988
48.191535512907
48.07931581641415
49.26192517008232
48.18831579920089
48.20869221400155
48.56461135931689
48.00488878828882
48.21076970459035
48.76072707692482
48.54276316024075
48.33939442892814
48.07063274876599
48.52244866022862
48.06901486829997
48.03352062862908
49.60395645081418
48.8875686069412
49.22411857097227
48.02212801782233
48.24516532222958
48.1300117688647
48.25840369855906
48.31764045012521
48.2668251721114
48.10694544538546
48.68318812170709
48.05290909378561
49.23213398981662
48.0598739109718
48.12699754129093
48.24721770404908
48.3945817785097
48.68983809473664
49.20765184455598
48.27859333825457
48.00018529713527
48.45818435159747
48.17748093472115
48.1629755948091
50.77784434641734
48.1420500396975
48.2348811216556
48.07338865387599
48.07166522944608
48.57964217344895
48.66051801186496
48.02348597542802
48.12858774188491
48.18373865324063
48.9592086898522
49.00274785173536
48.14470816394024
48.78885899080581
48.00982063455745
48.25913972144954
48.16458148850919
48.00854041877919
48.13982219301886
48.04335015467718
48.23348243483959
48.51676145009391
48.30655513549365
48.0592505244101
48.26681356900803
48.03662983728416
48.07302572676577
48.09632972228285
48.08214414929341
48.9043352028504
48.13754742076412
48.02648568365288
48.23967976349187
48.21826373077182
48.34048469929437
48.29522029744918
48.01048606609352
48.03098606044265
48.05943287194794
48.29950160338859
48.24117475220297
48.11613003500128
48.27289044389774
48.41779661390665
