502.1867342762771
501.5419183313188
508.3351109498979
503.0447381408953
504.0583042989178
504.7873996577596
503.0624513985541
498.1271466279645
501.6362793563472
502.8026666768856
501.6122717529529
501.4045971015507
501.0714680944676
506.3001780218976
502.6278355083737
500.04276438784
501.0060658132004
501.2773004754731
503.1294943799205
503.3542291041935
503.440806539355
501.1779176868397
509.0608978115604
499.414223965376
503.791102370207
500.0724740387014
519.4471169642017
508.268446411248
508.6118681079763
501.4015905783631
502.4119224515397
503.5794344260057
500.0735915135201
508.2689866329525
504.82485561279
500.394828041744
508.0976057189194
503.0428882521887
509.4226465731533
501.3943452475456
503.4025337352265
505.1698017190364
508.0446939778694
498.4709329577592
507.2736828991356
503.3346489214061
498.202298136337
501.2697866358251
513.155806998103
501.0340834951623
498.1802101514475
501.27990505885
501.2464433407523
505.1132346339994
504.2267568252341
501.0237305909338
503.0224040957597
505.4525950799325
501.1479116809127
504.0032779915112
507.0925692397919
503.0541057678309
502.1682842830456
501.7087820231319
504.2191296575305
504.9436128382764
501.1037158192272
501.1622524028393
504.4476556370404
505.0788472133103
501.7320701892319
498.1865028161072
501.5810009375496
504.7387367710031
508.4366240912149
501.0675626328954
503.3874512671688
498.0579081288887
498.2695719355091
503.5714472844422
499.4204799734923
506.488880749554
507.6840489940773
503.0161089048163
508.0322212487666
516.5111686793972
498.1718612035955
498.1945998033827
498.0286071872602
504.5263137949273
504.4909578081215
501.974349160719
508.0663969130034
501.2581051363218
498.138452168106
508.1915276687558
500.086791757383
506.2162912497474
502.1700052556229
507.3838119529717
500.5519692045588
507.3872870275324
498.5148183268386
508.1804823886552
501.147085788204
501.1995893151351
506.974565440974
500.1619577733045
498.1093519710971
501.161943049798
508.6448801868044
501.1165782113838
508.0641671053914
507.6493620026761
506.0493839353259
498.2630055821465
498.1817366262142
501.0387897002728
508.5657391188148
501.1410932798514
501.3889936893916
501.0369765057344
504.0241475677048
508.6296386140151
503.4951667290075
501.5932546363499
508.4532070704332
508.3324939828288
498.6268531307302
501.3190662204942
504.2561829485781
501.0941805768999
501.1693696965943
504.2280596307913
508.0693461413252
504.0817690372292
507.0340886305547
505.3047564112981
505.2786985089881
503.3895450196612
498.2405462863973
501.2338612227261
507.0892043734684
502.0355604507286
507.0851160872865
503.0842297759549
509.0142834519564
501.8655050600706
505.6809746954985
502.1597313150781
502.1110139265697
501.236742599809
507.958151084098
503.4113848660177
504.1714572748767
507.120367184895
498.5329562076833
505.2686403823602
501.0296131499615
504.5247100311061
498.081715923453
501.1246164062607
507.3723901051596
504.1532816753372
504.2176093788765
508.0706416915111
504.0499423303558
501.3311952148247
508.0001499438351
501.9941511853519
504.6961754893501
498.273664091204
506.1633979953606
502.0432418844497
501.4975507813106
500.3710353165602
501.1718652144282
502.1032777398252
508.8713056700498
504.0516555444567
500.5516591289391
504.2336830315161
505.3304552971524
505.4026794107559
513.1366971187979
508.2924579539055
504.7881972846181
504.6349190811197
498.520917430158
502.11967632745
501.5115047037452
507.3459129426446
501.6697048076091
501.2706166314586
507.4496253963225
501.7072513822075
504.0205631976249
502.1513246661552
507.8565286916935
501.6265582267857
501.2692133525715
505.0452697345153
505.2109730519899
503.7854384988246
508.3300243872299
501.4319357652431
501.5045841649775
498.1909188599705
504.3598108323484
501.4325120387322
508.1818642157077
501.2159577579455
504.0439044138286
505.5518437555033
498.12719567599
504.4782452291689
506.1122402545946
502.8079468961141
507.2459179261402
501.3398575146616
503.6434081897474
498.1511512463249
500.3253789339615
506.2546392680487
501.2452182593032
501.5129570422611
501.142041774916
508.5311443842978
503.2829736878345
501.1203365195548
504.293907846115
501.0728951166943
504.0596801686082
498.6036310107781
507.4176625708112
504.3520511421008
502.946315733101
504.2653023189707
503.0518105106523
504.3814319800368
504.2651384459722
500.5456004553354
503.1635669591626
501.0876180798145
508.7944079349463
508.2759814538561
502.1996284744143
504.4885875849283
501.0640958623173
503.3731090316104
507.9372120124312
502.0340802970455
504.5742395196503
508.3888122096232
504.0267769239714
504.5333254392671
498.0117544595661
500.4382412880908
502.2202091801779
507.1928680678241
501.514681624198
501.1582336278268
501.1564873838112
503.096739909433
508.3239885717066
502.0575908563881
501.0758060613173
504.9800052192516
501.6558823441841
504.2413068884993
502.3025531748617
501.767883521822
502.1800910003118
503.6740205404993
504.165175240191
501.2851248963966
508.4258005435632
501.6651707234092
498.1488427651287
503.0618301896276
508.2080844136381
508.032956864548
498.3118430505724
498.1438412522951
501.4985628322925
502.2055107619817
504.1355252610523
501.0995149594741
501.1056801595468
508.0486627735957
498.2359289004885
498.0993356128998
507.6765998445831
498.3878456327834
503.0378712735063
508.1819041286498
503.0044184091875
508.1274752463117
501.1036847141517
506.0096422136687
503.2700447042734
500.1515142955268
504.5343990847107
498.3809768985138
508.1975074513234
501.2476676841507
498.0494572277617
502.1257636189537
508.2658677115095
498.0180701384733
505.9478372739802
507.1674944337279
508.2902680403077
501.0148854617448
501.3715612428926
501.1373943602929
501.4191774539233
507.3288027734204
508.2846472968645
502.0629925433155
508.3697226334332
501.0469383459517
507.1321471322432
503.4136742145081
501.5587164340006
504.1088652016761
508.0343759356958
508.2632142512844
502.3261567742097
501.4265703497892
501.368932867758
501.117868501543
508.1846060059589
504.3205579798858
508.0056641370007
508.3926765709718
498.2503269565997
504.0669707981951
508.182124082057
504.0743640250057
505.2299674392717
501.3657849609414
506.3130921363995
508.2657265964802
508.0911581485207
507.2960942008307
501.2638345725948
503.0006937729123
504.149098992214
503.6014168648625
507.5285607379272
508.2672948897803
509.1048311244828
501.1951702153555
507.8589007248368
502.6269239308569
504.2626120905853
505.4769503602325
504.3571374778617
503.7753798601659
504.0627264871964
502.2452523358909
507.0315687404006
508.0340003493554
500.0767603517522
500.5350177472349
503.1907313126543
504.270342145079
498.2858999351275
501.0466902193144
504.2098777423555
498.9891840006331
505.097266065391
501.2505785858943
508.0393689768077
508.7485521741074
500.7161441754079
501.0554398006211
508.2732981527284
503.0342188952284
504.0471369842587
504.4417890042554
498.0007448170604
508.2052718321668
515.2380008202686
507.0644282562843
503.4506026202208
508.3372137690084
498.4300142727433
501.0251886606775
504.0376827705745
498.2307351635394
498.201585751086
508.6236272684554
504.3708070560187
501.1189757010418
498.1807344828578
503.6027031747539
504.1433746743947
501.0530104865427
508.422191965594
508.5996600001727
498.0208795693214
498.0035520452246
508.1094563045057
498.492687954383
501.0518410982603
501.8767927825171
501.4261281250722
500.5862698887323
501.34774504626
501.5215431844253
502.3276747665078
507.2818247275716
508.3293002013098
503.48919338382
508.1118213778032
501.0462735905076
501.3278715258878
500.8878393483255
501.0802068527288
501.1323432109527
508.4484640273316
503.3022737679676
502.041878994512
500.0908367954161
502.0372447936788
505.0598699767803
501.1498085646372
504.1906705489176
501.0071679742226
506.0169608071258
504.0403339800855
503.1312329056232
498.1349912947439
505.0055016363305
506.1550377062165
501.1843917838237
498.1826644576397
501.1224417452271
508.1810846217242
501.0439373334374
500.0156113099148
501.3195298029252
508.2187514125553
502.5539655227357
501.0818520015973
504.0165634934623
504.1075635743086
504.4939320257742
504.7419006115817
505.8868426558906
498.3969231834483
501.1151557496246
501.7316930870928
501.2499741283315
500.3839663031335
501.3551651804941
507.1597537290281
498.9463066139182
498.2484487111655
504.3397176795755
503.1848935973583
504.0170218081733
502.8879292811922
502.9280978561283
507.1874484912231
502.1389055546885
500.9124028357714
508.2916683863175
504.0746226907766
500.2026222939264
501.1355659306248
501.1712753297393
504.2500437667191
501.7544738462738
505.9268549129987
506.0817768231022
503.0013998561962
501.0511609747754
501.351384800287
508.1201603402787
500.0590772012071
504.189924495101
501.6098539874458
508.1609416544513
498.0193197927125
503.2294788586755
508.3171570090045
500.0609220111835
508.4403135657083
506.0197596139666
502.0144371473641
502.040704570163
501.082567693609
513.3910779750992
500.3413802436454
501.1416951683421
505.1568392668288
503.1028395483281
503.2248494645873
508.0769949499208
503.9019430171976
501.3467204124324
499.2715457958069
498.2589503029867
505.0235710514978
507.0641159578234
501.1273133352408
508.2446224259961
504.337642286457
503.2889283621516
506.0241124672191
500.2569184275615
501.1601171460561
518.2373701177091
508.3771821570903
500.0437743462763
500.2335428731325
503.3029704932391
508.0471289088547
500.0041292554013
508.2658611437408
508.0095907104662
508.2130368995213
503.6035444236043
504.1136437417601
508.2795158257343
500.5590046069722
508.6721169039053
500.1188643996757
501.5468005595528
498.054885933303
502.0013519112409
503.071798502532
500.0005883767313
502.0755916445702
501.65939124921
504.1546211576965
498.2132520173982
515.3254086845199
505.4697997768567
498.010626214079
504.2025753027677
508.5659538360468
501.403893296766
506.4341728076192
502.0841823837978
501.4618422633568
501.3489928085218
502.0943040345119
508.6023640754009
507.5240792854361
501.4380687183543
498.1613229205867
498.6493712258904
503.1671193412508
508.0807224559692
498.1593508270477
508.4592027538279
504.5552218534895
502.0070965794003
502.028925057442
506.1023013056774
504.4131211272627
505.0999028615291
508.4317865397365
507.5824872614547
508.8434623147713
504.8161189602442
508.1006583250206
503.1706766158788
504.4090424075837
507.0774164228089
507.7039978489898
508.080341376078
508.5453810777223
498.3216181668794
498.3465886231432
501.0768375249859
508.8136208225202
498.1784906006843
500.3627739015454
503.1782243053334
504.1819312250555
498.289895797737
505.1113432264804
502.0798764546344
501.1368764943772
505.8140954193465
501.0448553628473
498.1921146389123
504.3310910184751
504.7063724567852
503.0100985217694
508.641950856008
503.1259161820304
501.2082546062714
503.5023875688813
502.0679217065514
509.0772974524834
500.051714496808
501.0329852059362
498.0500353400277
501.0242847971372
500.5365044934647
505.7223634901392
498.0007573161394
504.0925007685087
508.0728815035607
502.4450217871353
500.1278081056101
498.6585413403837
501.38504490919
508.1023639036142
504.8885420310134
501.6021758454017
501.3332931786073
501.1413053159032
500.2235430830438
503.4801356749816
500.1513406230415
504.5683894194125
501.2834319773817
502.1077723600366
501.2462618639437
498.2393045620019
500.4437081723913
501.1091341000177
508.1337500135409
508.6552499423595
501.4504993321422
507.2335621206762
503.3177971463554
501.9062709993433
499.6330391794716
501.0192405664064
498.7121073053289
504.3794492733353
508.038259495965
501.4311644594832
507.1079485625634
508.3455794272737
501.3307166560157
512.1609167214598
501.023400324803
501.2709738380663
506.7508551130047
501.449782868728
501.4607529515271
508.3061259246846
505.3999130580331
498.1993594890739
501.0052018315278
503.2431002478793
503.1489295434525
501.3395248656875
502.0911833696824
503.7102123221005
500.252083381663
507.4277087566315
500.5493046997164
507.2963177579702
505.0553174585203
501.1504048666321
505.0359660436733
501.5449083585243
498.3293129915894
498.0247446436068
501.2727832774023
507.4862753427229
504.0292723538326
508.2492744422017
501.107659630416
502.141833809668
501.5424856055403
501.3780212741152
502.3917949419641
508.1635535657869
508.1867028846526
503.1206500153018
501.5617917325919
501.2661733565502
504.2863736376266
503.1338949813674
503.2055727260548
504.242608592876
501.0379318364418
500.2381787302294
498.2368715327881
503.1423416939866
498.1789730278645
504.6563968449319
504.000102516018
504.0877746270841
501.5002887063201
505.0198653806223
502.2866388931034
508.1705462893622
503.279874327916
504.1416482084609
501.1297544988031
501.2685287904793
501.0028088429211
505.0267187773982
503.0167068081679
508.0193283336055
500.1769460077494
504.3189885674834
501.2760460192789
501.1640820994795
500.107003985182
503.328236925919
508.3295876432368
501.1253210492384
501.1301720946512
501.5837533228851
502.3266743175622
513.1392414894563
501.409240559265
506.0829322066161
503.0039874489772
507.2996959601404
504.3168871677948
498.834488503783
501.2783741059342
507.1043241761288
509.0687690728914
504.0478435344161
501.0635579890231
498.3335223000248
507.4374551200532
501.0134435496564
498.6016637610077
501.0538209676694
508.6483379834897
508.0888023023708
501.0249756990187
506.2903785316
508.2545423360913
502.1075958759282
504.0203765563285
507.5468048792937
503.2516646418104
498.6675987182354
503.3929997993853
504.0748118239892
508.6041920097731
500.1184996894368
508.0488417610662
501.0068021052332
508.1739123568441
501.0258029433897
504.101608682136
501.1601333800838
508.3487801355616
508.2811924335606
504.4643672975635
498.0844213835975
504.2656727345838
503.013658333988
507.2968514639398
501.026639067421
501.0541722444256
500.0343597763921
501.0570477823541
503.0701190588101
504.9174015902003
501.5240696360653
504.0176780686461
509.412174741781
508.1229521119848
501.0713853225774
501.0232434215578
501.1946232909036
507.2932318258999
502.4155821810257
498.2878296328089
508.4978849259046
500.0028884638633
500.6522052968201
501.0549403756085
498.0366323049411
501.2219113897548
503.0001617365471
508.0757475931013
502.0382931514397
508.2228478445704
501.7797117809287
507.0723852276447
505.1712829002881
506.0885952116852
501.4972394851471
502.6368579385701
501.4141812256493
504.0837828915807
500.063909185113
507.0989434979553
501.137378945989
508.5614386834491
508.074759682353
503.1800187435834
508.0526847403756
508.3653747018476
505.6105733608761
504.1261178707984
498.1283755673752
501.039529299926
508.5181472509793
501.0982665932084
504.0322149888405
508.2933997765368
500.8409412335938
501.7525482762561
498.0015781420213
501.6519450014912
503.8566323396879
501.1923245660007
504.0824014054552
503.1534809598677
506.0378951720293
500.1278931719458
508.8998572443562
501.1055092038534
502.099002694417
501.4879379229956
502.4711637936534
501.1963846198811
503.7670009594992
504.0005925779571
498.1315239643156
513.1921154845684
508.4850027380908
500.4266610573259
502.2766525567864
498.2708824160472
504.3329265638664
503.1543340416413
501.0973955516246
508.0887756196765
507.4575801362756
501.1108438829366
504.1134246836742
501.1455289560642
498.3768177601834
508.199148452272
504.0629970983954
507.1765931870768
504.3462324422328
501.202346298515
508.2668067046564
507.3653244413825
508.0547900298942
501.4820489598264
500.1505915994439
505.2400773243842
501.3725171294334
498.0480253153869
500.3196145917136
501.2342716155244
508.7639817939752
504.3428907362929
500.742986164769
506.2129644189851
506.3249344199716
501.0241063334478
501.1360200609141
503.2872866011098
502.1863240870154
503.5353798955649
508.5044896075311
507.3167814595521
504.2261254001589
503.0327287770574
500.1548873006267
501.1884029654526
504.2139365121532
507.2203911914769
508.0063591820958
501.1518192129877
498.1683214169148
505.1820974337853
501.9788856336704
508.3424533930987
508.1591806109667
501.2632556423343
498.5223129185444
504.3049497437457
500.7050851200297
501.4064071777227
501.2232647751605
501.0412699499103
504.5212486604984
515.199788658281
506.1383004188458
503.5820987602738
507.716905787243
501.0927489480566
501.2924936029869
498.9519304832148
507.0627313965988
501.6563048191259
504.2062535196288
503.7372035661124
501.1335616081772
505.1118900752441
502.0997152802782
508.307161187891
498.2961059236184
507.1359738818553
508.8235538512216
504.0118372095103
502.6038003292647
503.3122552240588
504.5263148515565
501.4958398026378
508.0281780793592
501.2706337704719
501.2152953372401
504.3352443559113
498.2557626269826
501.1027291384473
503.1640562071476
504.1080501621687
508.0704701390716
500.4436898550001
514.5753476025164
504.2682785285106
504.233184090974
501.2250198485073
501.1628063594915
504.0156285153448
502.0573353033058
498.1461397641607
501.8655170162076
503.4318042012562
501.6563392620054
504.4927989118403
509.6297039745783
505.0800530210361
511.1910006912397
498.5117849544458
501.0186769597043
503.2442151714498
503.0344267480992
498.0332903401322
504.2652015793777
506.4016071311095
508.4808795404344
500.3482570537295
498.043796179359
505.1728297870225
508.3520928511566
507.0484890727367
498.1435032237052
500.1200599436636
501.1163629544984
500.2211639086153
506.1256461568489
508.0281463044195
498.2263254744524
501.3573434763937
507.1832073567467
501.3956492725006
502.1187410157445
505.2788596737453
498.5316575820242
507.0748285459326
506.847267318254
498.0841235980013
502.0288397879044
508.7564216482359
502.0266331725649
504.0795915370953
508.1090899877153
508.2624268295083
511.1586819599671
498.0534682263132
505.2289276893233
498.1266892137594
501.3500574045205
504.7022021175518
507.1102223189787
501.2339353052048
501.0070925640101
498.1622340684021
504.0203546589792
504.4053854054672
498.0013524766366
501.4430624452411
501.4207612164558
504.4276462136504
501.4621363281501
501.2004665405604
512.2981915621302
503.3169583038216
503.0603011185276
501.1406341785383
501.1525233217355
504.0282556298847
508.1791869319888
500.0987364144288
504.2788646735002
502.9761208516684
501.2249534416445
503.3222293536002
500.2523770802677
502.1379065505364
508.7268182915097
500.4684471282191
504.0553498451421
508.5738780505948
508.75128544495
499.662845459488
508.0723325597883
507.6992766305066
503.0969092493504
503.0720197086004
507.3983395125108
500.4320231497613
501.1017756496303
508.6711054246322
498.0653708413582
508.3155536293823
509.5307381420184
506.3232859241808
501.5278935739726
501.0834208534816
498.4368408037126
502.485471454414
501.1962361636882
501.181231874502
501.487551582093
505.2538390805129
501.9228160554501
503.3656869174843
508.2592501439383
501.2607251584497
500.1887221443973
503.0919416355612
501.0693835915775
503.5017694052992
504.2917804087677
507.0800182768219
498.0952147719588
504.2680420266964
498.1869625026844
501.1152058938538
501.826680805989
504.3776682303514
503.1653455604721
500.0558940817382
503.3532639880244
503.2144684420018
503.0732819115274
504.7185308472106
498.0638802564537
508.5652315298764
503.6981809394321
502.011115216774
501.0344895775081
504.4167793875736
504.0737685227752
504.1535731668156
500.4920333239209
503.3097724067789
501.1308487937616
505.5926316025897
506.0908509350683
504.4376043784134
498.6339838152568
501.1037230385741
501.1407437812661
504.9028501080924
507.4547576795065
501.8933746477414
501.0753488092889
506.1486830347393
507.3424566628321
501.0553082013824
505.875443234872
498.0744836105278
503.2845643563425
503.1099283904016
507.2925656784229
505.0212087151147
508.1672775763413
498.1051628957812
500.2293417151809
508.0094488483333
506.1240627332908
503.6431328254657
502.3613004306517
502.1934156760552
507.3001375378714
504.4714093215909
503.5070650435757
509.4002416483268
504.3058925574377
498.0868340593235
505.4857628856705
508.1099809659564
501.8309355711682
501.2771548709989
503.0073805620347
508.0611076621506
498.0568699580843
498.030041870278
502.5050557631964
498.4044724524159
502.3727498649039
498.0689016221646
499.3962387284583
502.0815683357692
508.0847651392215
498.5088884309563
501.5536222786997
498.1246989176235
507.4801414178408
498.4114950452685
503.0984728169856
504.0355317820323
501.0969569918736
501.0982880363296
501.1250662811727
508.0243993848399
498.00104181149
507.3167069593684
503.1423886386788
502.7403673695098
508.1486494966251
503.2600038993238
523.6253978972652
501.722645697623
505.5699100450736
506.0767771853856
501.445555665142
508.0335831168087
503.2214297820472
508.234286939448
504.0332011501338
516.1476249965217
507.5949995834947
505.0946344096244
502.0580774552668
498.1134854484317
508.0490761885638
498.9385592928587
508.0299894446758
501.0378893182284
498.0787922980515
501.3581954288816
504.0182462693253
501.7872578463466
502.4705915890815
506.0013522394017
503.0038545299685
501.3856979052327
498.0130220550778
508.3402372191998
508.20206868826
498.0125708689583
501.4670325262064
508.1526089527476
505.1005228517688
504.1212429374573
503.1738482658021
501.1135275525011
501.1277655882229
504.091997924065
502.2209445669736
500.014526492285
503.461296364088
504.0355121692835
507.0072166491486
498.1687597683623
504.1132401314472
503.177780032183
500.3323451350408
507.2051047648649
523.0322253394304
502.1107405712451
501.0769411520192
504.0858494383898
508.5151599030762
504.1527651666919
503.0564433267026
504.2844833482218
504.0651918532406
508.235799645974
504.1185806687341
504.0636106948634
501.1233220260756
501.01887161943
508.5304032748667
501.0424393642062
498.1580771107739
507.1586453672435
498.2508644009094
498.3609166368982
508.161933840914
504.2694454876242
501.1063958249965
508.1106007556518
501.9646469289366
508.1424244213184
501.2386173767949
503.1635508152267
508.2135401114455
501.1113399853831
508.4261338538358
501.1060781795098
504.1845906423126
508.0274953684385
498.3643765844652
501.0374375295945
507.4890987739536
504.1285097904885
505.1401439837288
498.053919440758
501.4714862881355
503.1911600073968
508.6706572659176
504.0085725666498
501.2309727518018
504.8017037381852
503.3379840635126
504.1567436291608
501.1891917049612
498.0911101011185
504.3503708049433
504.414978725419
503.0601149846843
501.1641592863107
498.1234701677135
509.4709182527083
501.1345426218185
501.541000106075
498.574162469671
498.4515611645941
505.4202646647449
504.4412591986907
502.4834314916432
508.4336965710933
498.2080141006168
503.0707759432271
504.7870079721371
501.0620198605822
504.4735643277112
508.3781518308962
503.0888166352819
508.11881699513
502.0873512537004
501.2531824551332
507.0870987745563
501.0630154670391
508.0322996009228
503.1136660559951
501.0038246358536
503.1505834231892
504.0010106077493
505.0504130819676
499.2462141538462
501.440899274411
507.031190584962
508.4987121257117
505.3813376468454
501.0357224445567
504.9668930360939
504.3793088592047
503.1253854340999
501.1649144676447
503.0722812602642
498.032089129445
498.3010244961081
504.0797276958413
501.287897732172
502.2443652023974
504.1735713855695
503.0570845235802
508.3323895830578
498.3331468002689
498.2452235870398
508.1819682159089
510.2608828928302
503.1739435482157
501.0079080040945
508.6417868095587
499.0479788615231
504.9085234753497
501.4204191289945
501.5705521998272
508.1624373838574
502.5808274189891
501.7211705969412
508.1609877992441
503.0994210330351
501.5446059728949
508.4686589617981
508.8648010936121
500.0418289565335
503.541699331249
501.0012601712103
501.1544040996998
500.0438356330054
508.0626146167112
503.387326806793
506.216037014629
503.1621473389326
501.1933199814428
503.1901091346087
504.067648493259
498.6836404063112
502.0823330060225
508.2703940877951
501.4441898320401
508.0704557368994
505.1018220621214
507.1641119432306
503.0515102147424
498.1450985656464
508.6742660622601
498.367755346441
502.6173795484612
498.03243728874
500.805678755251
501.708374817063
501.3383365503782
503.917421417505
506.0026006509213
498.1945392991073
502.0053842792418
503.4511212460831
504.0549710648256
504.7318840600767
501.2114363384051
501.1339341180206
501.1578384375073
501.1516830269507
504.0222241072041
508.1045282074537
501.2212089685464
500.0010201133017
508.0433505947197
505.3508164701119
498.3233765847771
508.4917739634211
502.158615088007
502.007322254772
505.3081835343084
501.6537719133786
501.4102233894283
501.433316152642
501.1595665368725
504.609686580668
501.0960571924822
501.0423275370313
499.2868385742034
498.6935223074559
505.6500778777653
504.2644195789365
507.1511698093609
501.1064208006191
508.1512450734886
503.0021337169034
503.187070815436
501.0591898884111
503.1602610271979
508.6943956770747
498.369132057881
507.001462485986
506.3174261046536
503.3036480159146
498.0746618509966
507.0363270858309
502.1671276472553
498.1930404062595
501.2191151274302
498.2639480753166
501.1941962193811
506.6995763159499
504.0733396273246
501.0345828659257
504.6209380602374
503.3683752083032
503.1286322797976
508.0956812844984
498.1316815664819
503.0802613853886
503.495497577269
504.3673679486977
505.20071261876
507.2321889676861
500.0321948412334
509.1106630379909
508.1495781342618
504.2825938927173
512.1302113970767
507.0328572252321
501.5613354477761
501.7754901620229
503.4068430145683
502.2560014036904
501.663461149796
504.8921146769062
501.5588829078622
498.2201353249825
498.1249981920787
502.1956826411134
504.6765460720784
508.4172763136438
508.6310278990134
508.2637011508916
501.1922863864527
500.5348449486102
508.1957837609207
508.3481205445415
509.0590272774618
503.1155898511462
498.1177776528265
498.4745472604592
502.0244935631743
505.2278796052832
504.2624219572594
508.310932022205
504.0137569049652
505.3967583519972
505.4530229936107
501.0032972337713
501.1164401383854
503.3364037805282
501.3592709488497
501.2241102687469
503.5795013993664
508.2550913357733
501.0525059604867
498.8646036411026
508.0870756900109
503.667230435345
501.033935518962
499.0701853703167
500.0519586312026
508.1156259303088
501.2798830654897
503.2239122702764
500.1313019122306
500.0159974540777
506.0261364750202
501.7490201742586
501.6934829433231
508.0262527983333
508.268447995127
506.1738154694526
506.0064378030509
504.7384926058799
508.0239969737598
500.6061307200426
498.082512039326
504.4271910846259
508.2550341358371
503.3984936112789
503.007565229812
503.1396651437861
503.1825373047286
503.2733217322526
514.0927590504408
507.2804344188631
498.2521931167226
502.0630505315595
506.0375513594362
498.1853196782921
501.0871351109495
503.0660882855549
504.1625594756949
501.908104803361
506.3043668495171
504.0092909547172
500.2920005678059
504.0744157612202
501.7252257259624
502.3677195685578
509.1094541614784
498.3415811402991
508.5325831927109
501.2082866654152
500.0486620907443
508.0953883507597
501.4157652754755
498.124002780986
507.3754615396607
503.1654740321557
503.1873220386781
507.9513117631371
507.0692929556578
498.2719443745453
503.0913100067713
502.781390966828
500.1284341698606
509.2597132547476
505.23276246954
507.3025367811834
500.0184204483905
501.0138539036981
505.0306367177748
507.4835687483288
504.3054292366775
501.9531706278439
507.2705468820857
505.0034733703932
499.7498582081631
501.4838591268983
507.2229329826408
498.2455468139622
523.012887415537
501.0927244401155
503.2468930637042
504.1633232980429
501.2920267252351
508.1155693968947
502.5461459889764
504.4331738832938
503.3758872621094
504.4249748378232
503.2360544941195
503.0417770828828
501.1704075721139
501.1457305904718
501.1457327623264
508.5719492339456
507.878083280687
507.2261644416134
505.0173839393073
500.0461382237173
502.1499687956958
508.2451734903491
505.5262184491464
506.325896861241
503.4218960015003
504.776341263337
498.0666021246459
504.7372235729505
507.0736983037852
502.1143418729519
501.0049311699029
508.5789021765447
498.2844462965044
503.1495229581737
504.1139688290321
508.5023921545544
505.3903595381007
502.2697098874596
500.0952711414614
501.7552717652378
507.3252939157351
508.1844711492895
502.4280857207123
498.3458727953104
498.0505835194414
501.344156640022
503.0739313005498
500.2714252865105
502.2416460265321
498.4092343647984
503.5935104625358
498.0300547786421
506.3169562455284
503.0978805809389
501.20198528304
508.0759286323055
503.1003600246423
501.0791530402094
507.2537314748566
503.2958727474224
506.0261590475387
508.0231233535776
498.0313801857625
502.3532687496005
501.0113669746913
504.2155705127391
504.0079739608782
502.1987438065511
500.2660313569991
498.1143686002342
503.3752613541749
501.1305487243193
501.2384596283338
504.0665502300676
504.6646579795801
501.0340431031788
503.7118617246549
501.4284502950553
501.9066160968748
498.0745460378803
498.0369474344297
503.1171740030966
501.1335809345994
498.2253436285538
501.3933871125665
508.2268324838288
498.0086755607849
500.081275794918
501.0877233014812
498.9996256639885
498.5305962215249
505.1800763586314
503.3675857842909
501.0835570045198
502.4679189696497
507.6912487114118
501.3600340962623
502.2767490890733
502.0863622543749
504.4799730727068
503.1360970979795
502.1924000323353
501.1568987510528
501.0726845694546
508.0359702336136
508.0946610061159
503.3193134317598
505.1174817334622
501.1442344697632
505.175458154387
504.3600685395077
501.2202216552377
504.2664318959001
498.1954579262638
505.380688030622
503.0244041350469
501.0131192974874
503.2003292220362
508.3385796286891
502.1349530345506
508.3990025787766
504.5907417771205
508.0575673924788
500.0106926229627
505.2210826036375
508.0442146560924
505.6104505740443
506.1041527344751
502.8365527579732
506.5799288197406
505.0482517453759
507.0097377284729
504.5243733445839
502.1055818200292
503.6771019084201
500.2200176983326
508.5099130848936
498.5206644255418
508.8405007525686
498.1454173357458
508.0556457010227
508.3792821636171
507.2258584712467
501.1739727271919
501.018063199222
503.1032479842318
508.0805743544635
501.0014334760693
503.17995122672
498.3161444065032
505.5084684632931
501.2567772213039
501.1237389872678
500.0147307264125
508.1628772794325
504.0714906970938
506.1773665357969
500.0493550538048
503.6181501774916
498.1618499243158
504.7077226619293
501.0206013238729
501.0425048036919
508.4055593115804
503.1462114569134
501.0383198626271
498.2595762517875
507.2172619984645
498.8704123406436
501.1083097206505
498.2460348615432
508.1249184463682
498.1795626953395
500.061047137856
501.3162991238602
503.1144222390315
501.1095247110474
501.0637635664768
501.2143747422166
502.7875208344317
503.1441607574237
501.2047976946918
502.3477244143916
501.2965144063944
500.2571521724849
503.5228204513571
504.6775399013207
504.0891867876562
501.3502049581109
501.0188384007559
502.1770695167181
505.9486162375659
508.1128817067651
501.3041318139071
508.848965216231
503.1114784011893
505.3902041489022
501.5457230786315
503.1297470136988
508.4227130969848
503.0891748051081
502.1251281908712
504.0672922797434
498.2393964709418
501.1777162032898
503.0942820132021
501.2507422260013
506.1457805049176
505.1313356521852
501.0051092367145
501.2130782215739
507.2866143587085
501.5795073712102
501.4452633684513
498.0688913878237
501.0271187988761
506.262931188578
502.0096843931382
501.2684124881962
501.6331271148651
501.4967226323063
498.4516614727738
504.0990350529602
503.0178249430011
501.1165802706515
501.0012814757129
503.2269954946559
501.0116337401873
507.7910801926956
501.4843943454553
498.0188504501435
500.2015275458123
505.5764203226427
502.0605800193309
501.1443978509893
508.5961306501498
502.2323303591256
501.0441914666761
505.0656153253242
508.2131334380621
501.1605503144795
508.1390509532713
500.0496219868273
501.2065048842033
501.2180336125679
501.2365590099209
502.0826464593886
503.5143946180221
501.2904913159589
505.0888148660885
508.0723046178204
507.3612452669443
498.3981676148686
507.3238361490385
502.2312598529344
501.1323175952807
508.2431642760217
507.0868832299379
503.0749451362889
501.1188614391191
503.0664619445226
505.1703880288985
501.1390996252816
503.827821562647
500.5162788432394
503.2567109878084
502.0917578616214
500.4543249435961
501.5085264911213
502.0797454997271
500.565359267778
503.8604152057635
500.3605203031807
504.1250624686223
508.255008832289
504.0177090452873
503.0980518842332
504.0115818428377
501.2285605353902
502.0786985538252
507.0467487905065
504.4502744667666
501.2319949622142
501.2548185463858
502.7236615169257
498.6599851304672
501.1687414656558
501.1377736338475
503.0278571928037
503.1005615520133
504.0377801724768
501.1684013161312
498.3488224319996
502.0036230163228
501.1014987404101
501.0475920268009
503.0304595912273
504.339615733464
501.2266370094604
498.5760256139594
503.2061712671142
507.1771570990513
498.1730154694253
500.1989228089162
501.2262366115831
503.1442087836777
507.2408722368986
508.1510824128165
503.2212358423357
503.2332542540829
501.1611785433735
498.0908221488343
505.1228869646155
501.1278139689418
501.2313871384456
511.1999713247611
501.1750453416628
504.0464256151004
502.1953707631005
500.5256082608839
501.4768897835808
502.0012107549005
501.2941105689481
508.4939207365603
504.9205766585446
503.1470319584321
503.059790245309
502.5644305482293
501.1452793363501
503.063395157962
505.514066512468
504.2889361416143
508.1664305533404
504.1185949242067
504.6396552095463
507.614737926677
508.8890471374841
508.3563905431029
507.2386183050036
508.3855370663923
502.2087243233838
506.7417296346808
505.1887787190314
501.0955649848871
501.0529608697037
508.0225342682097
501.0588330995805
504.4508604454978
504.4344502770614
508.1420546353776
505.8443711558471
508.0281990625726
508.0739602378626
503.8605012281622
501.0320225146594
501.3325747332857
501.2002919495464
498.6593881300072
505.0094936336287
502.1277051001059
502.4575841749137
508.2997010300827
508.5047272802327
508.0937271522265
506.0443917107743
504.6148314388352
508.1673287421198
501.0322006233563
501.1204025578537
508.7774758050272
498.3450277430977
501.0083488756042
501.2730353167017
504.0354109979604
505.4526910136165
498.1627542218416
505.1933259151505
506.0950564690682
501.0010958129069
508.6854041741686
503.0543745041869
504.4368269567042
504.2933723360986
501.0408467058042
507.1020058245091
508.3498400441094
501.1290796502686
501.0032514545303
501.984177957088
501.5023868258805
508.1558949111684
503.4990355635668
508.0599369004817
507.5901430263174
500.1093989730865
505.0257179315752
498.1717240756815
508.8752571875346
506.2176562204934
506.2752509653993
501.2971824526552
498.1462747009847
503.0198089377388
498.0721472171383
508.0738095891324
498.5441025498468
508.0408459626473
501.0234476298883
501.2805468001748
507.0348396026176
501.2399367211568
503.011327278278
504.2001602856633
503.1936268335497
501.2441181515291
502.9278993500388
501.0681909530902
507.3696303079832
504.2635829198543
508.0723749015926
507.7034952337418
498.2585789246388
504.1580792318494
498.1564312144257
506.4824175526048
501.3102868413338
502.1366269056335
502.43152293968
507.09568723084
498.9569394672252
500.2003281251152
503.0537935139446
501.3114193899993
498.3511585846137
501.585086829704
502.589221201696
502.0737498929772
501.1972977267493
504.2036749593914
498.1579456466721
508.2350732343218
508.1600036443687
501.0423924491064
505.0760658944063
498.4417856621939
502.1731479852747
501.3991997989905
498.0923418383836
508.028809757898
501.3099522769659
501.2961684898719
503.3897189626143
500.3186557878817
501.6741313435329
502.0277015818382
505.1027969311344
508.4750163690094
508.0916428411268
504.2498006065838
504.0085724711606
498.0582539727209
503.1848180094823
505.3124023372791
502.1960359900657
505.4165665373182
501.6282723032094
501.1973893186134
501.393541298389
503.0417190744915
504.3668344434579
504.0219469290162
504.5719406325576
498.205399465527
504.5777794365942
498.4147108521615
498.1979262230262
503.0501288734061
500.1952633058462
508.1099399983135
503.9636662181359
501.2567677467661
500.1700900724304
501.2386982870182
508.1704637946597
508.0196950431277
502.0506486335589
