193.1255183564467
194.3150140501703
191.7441160893251
192.0474595023309
194.0760747648698
192.0980802336916
201.6999519126846
191.0030083128618
192.8093073986691
203.8004919234376
196.8534369186807
191.6457195861096
200.3140872787242
193.0046222812281
191.5710181166617
191.3970453482365
191.3342468092976
196.0161630760018
204.0379139598202
193.3401636481198
198.0386595899075
191.0582297001214
192.0839833559943
194.3250671385666
193.1862818688103
192.7238390925021
192.1870847307626
193.0975993402532
196.1618982320211
196.7837801339413
191.0021184761141
192.7303559118943
191.0387837752354
196.358490730473
194.9192871382254
196.2310017581353
193.1225279986508
197.4844843341376
190.2881400057856
195.3671386393209
192.0006624278741
192.2491391315058
194.0872809682421
191.2249453146514
193.1736607927934
193.3218231709915
192.2921012936534
192.7553163443092
192.2241342047223
194.5871102974747
192.1526738315326
195.1825128394643
193.0120223806993
194.4211319348243
197.0585865649387
196.913325072008
194.0228546450082
193.1073721504559
196.0988569592656
194.0209158546745
197.1198828877823
192.2365324598204
192.0585095169325
195.1986187294512
197.0180018109584
192.1171630520498
190.2991152672888
190.1411140280459
193.6089678432505
191.0393089348258
190.5947871715888
191.5080497807975
192.2157546624367
193.2225057764468
191.1526301726639
192.03812546128
194.0525107959839
192.0577690030737
200.0629033212301
199.2964426788218
194.2201812025624
193.1418965717438
190.5585082330992
192.0416997109093
199.510705769421
194.2763234345815
193.4725965817796
196.021934875205
194.2770782968147
197.0145735606
195.2863906443209
191.0660185903587
191.1551319045107
198.1523357096486
192.0295210918097
192.1236051648902
190.640144645565
194.3259972939322
192.4476585892503
191.1419853953982
192.0974661983457
197.3533527692799
196.3151255661584
194.1433989390807
192.296623837454
193.3496550645872
195.2103238015455
190.2656716973329
195.4976005434069
192.4239818216861
196.2523279954957
191.9880414966183
192.2347280291726
191.4717879213922
195.8132898776327
197.3809308624326
191.0237661754035
192.6769493210393
193.5549141375991
191.0087879222753
191.2478487847364
192.6810449665548
192.0200584694793
196.4137060065478
195.1766845520079
191.5456184394881
196.8042457864017
194.2125245913096
191.5927300791369
194.294187086923
195.9063376652446
194.2005600490687
192.2276326713286
191.1167301624325
194.1548562994874
198.4881317728206
192.8973883980415
198.2034556538545
198.347116592929
195.2089117344621
191.7884675593656
197.7384350507419
196.1646594362634
191.0044077887532
191.159914192865
195.014709766481
198.353200413728
194.2763752201299
195.005861346013
192.7617201394567
193.4245400325054
192.1600693890606
191.732797528652
194.0954489887735
195.8072031233832
193.8939790860031
195.0877020438381
194.0662047689537
198.0277666626229
198.0250201404008
193.6331415811404
196.1954345718501
195.1810840453972
191.3080689812587
194.3485044584193
197.1673425423129
196.3110204492452
196.0027975749556
196.3825411510318
195.225572118978
191.1967307396973
190.5582415999831
194.2795683971348
193.2982334070295
193.2414578757472
192.2227819156297
196.5462418719071
199.336475804895
196.1662725943431
197.1922700990332
199.1225511010594
192.0779700991885
197.3438911646725
194.258585056021
197.2991114428075
193.0429276691229
192.827815473611
198.3063844468059
194.1068429348101
193.2165329264816
192.0500367836456
195.0945424830632
192.123859154474
191.3632580708107
196.2764336597163
196.0383107711453
193.618616661077
191.8706990506325
191.2186226537967
193.117391764077
196.1558125233647
191.6916690553583
192.2484510459395
191.0269738001803
201.6191705297132
195.0776116793824
199.3506664946823
196.9873309122543
199.1741857780574
193.2620724123573
193.0248529298283
197.089858465146
196.1962609425624
195.2730636125144
192.2032148101483
190.2111526062964
202.1569992542565
194.2107216779107
191.3913432622036
191.1938418151087
191.2903940364467
193.1176526412956
194.2239060150058
195.1724025697861
192.1935223008961
196.0560684541128
192.1337443307489
194.592404477898
199.0813930634573
192.7668411194359
190.0239273259212
195.0116097015156
199.8218534123837
198.3998638987913
191.7837518019081
191.056007883056
193.1728701320525
195.1721158192035
190.3260446475242
192.2271447690462
193.0163183737462
193.3799831730319
196.0059738388459
195.1331450001356
194.1912675316859
194.17254822354
192.3164745058145
192.0309688632817
199.0557561967379
195.1166353022513
192.5627156153865
191.4887177146797
199.1690782964368
191.0226021595495
195.0910597904211
194.2545975313352
193.0155482437796
191.2904101086635
193.1537340983255
192.2517909025442
200.2774114161267
191.392697458839
194.3996422491226
192.1374862427134
193.3302602311908
190.885160658094
191.2982848791091
191.2816258612253
200.4438558979978
195.0796166025732
194.5133767970132
190.1845447039933
202.7042633485553
199.0174666914643
191.3684343447733
191.361435472201
192.3313926263858
190.4593360868972
194.499318677228
194.0324926753753
196.091435902973
192.1239272917381
194.2613915766497
196.4246345399098
192.0091905286481
194.158737190122
192.7010545904994
193.1065328677134
195.4669594515658
196.0196327026857
195.2121415825611
190.948260441666
196.0915538185623
195.1286489699994
200.7089637369334
197.0934797991428
191.2147525794098
194.2177870976155
195.4738540279933
191.1672087294052
196.2119048819471
192.1659069937428
193.2308765894425
196.6950212354616
194.4117860418613
191.6691095578877
197.1179874724601
191.4984847303206
194.5053501616648
198.7157970611119
196.391810067962
198.0312895887578
192.0153915323602
192.1303739157802
195.4707083075239
191.1042035721226
189.417537952496
192.3300198992667
193.1030556263059
191.4671669054276
193.8447172337846
192.3924965947843
191.6786452646133
193.1222897275932
193.2462629681929
196.5311387905246
196.3414870994073
190.0888672455379
191.8288662527144
192.073927791129
196.1662846580262
191.0626737428453
194.6236287938767
190.9688950979497
193.4090250593929
196.2373708359826
194.7315889391805
195.5339543057729
196.056550530227
195.6717247148222
192.322492696671
194.4954623717788
193.3616480695981
193.2387901965575
194.2561926278767
194.6659300419755
195.4113385657256
192.0270329502823
193.0550437361181
195.801566232479
192.3004480134746
193.0251692294324
194.0486289473237
193.412102375099
193.2229849964329
195.1887609485922
198.6301948354126
193.5059209244609
196.1283991852916
193.0484429234395
193.1735270637112
201.1102468957299
193.1799247674265
198.8515014573016
192.0988818650724
193.3252880725994
192.3562977216214
193.4850865106263
192.7382803226331
196.734844011562
196.2283911093319
192.5967625993524
199.3302663214198
195.1805858053399
203.0623322709176
193.8390801425867
196.1823754881008
194.3886337487776
195.0348486817242
195.1997125606382
191.4631814220722
196.5073778721492
195.4036674345797
197.5337463678587
192.0479296526873
195.5480224240725
193.0179532071771
195.6271497289454
193.6559556125155
194.5604465978617
193.0942981861158
196.0779361968507
191.1202551676017
193.0446597367456
196.1621088190675
191.0339384874024
191.1716932358556
191.1299970034102
197.1028692013237
194.3484359224103
196.2466643818182
191.6453120174562
194.0297350370823
193.6279490390181
193.2274984131864
196.9685500900255
190.2243270458122
190.1741538790717
194.3273308657101
196.0628740777157
192.0986647361843
196.1380875718874
192.0875623822611
191.2793613032891
201.3854022806613
196.0814719096331
191.1172603165546
191.3430060616057
192.3915318245655
194.3046431041653
192.258080751916
194.2815214955704
193.3447443062139
194.2070159989147
192.1341319902873
198.5663337181514
191.9170297881342
201.3237515720118
196.3724652314998
197.9611726664368
193.4343380495154
194.0954673038941
192.6882500001305
191.1806230135753
192.1081986884294
192.4724694519164
192.1540908201635
192.8965644552612
192.0415728900457
195.1145263737086
199.1960535414681
196.2707736120275
193.1676128823687
198.410709402724
192.0868833226653
193.0293729973069
191.1887013114951
194.0522510131833
193.0971513881063
193.1649169702693
195.2918020150956
190.2147298916676
193.1414006853396
195.0702217031405
194.5636701116287
197.8863053382806
194.3469642085982
202.0248472094527
192.0340696991513
196.2290313100588
192.1705641716091
195.0642443129064
194.3732243381675
193.1229289168982
193.3261671861328
192.3104636729877
191.3409347995397
192.6503936635123
193.6814162991772
191.6602417179868
192.1710901390977
192.0140449836041
193.2517417597366
195.0298770900773
194.0338250619928
194.0708064303666
192.0971182224104
193.2864962894694
192.0859645083736
196.3203850879398
193.2474922463388
193.2349172572315
193.1072739281587
196.4475678652756
191.4086557263635
193.0135722091619
194.5018102113788
193.2357773539828
196.1774698728585
194.5203853633409
194.0097641158748
196.0268887292855
200.013463126034
193.0688903401781
190.0604240041321
198.0416755419962
191.0036458076155
193.0812845562122
202.3258218105321
196.9354913510034
199.0207521096134
193.0060503938608
192.0180898535443
192.0986990549009
192.1944172132071
193.0212115770062
197.1748679670735
195.2776957424392
191.4466248426565
192.5794239689667
193.1640595248887
190.4434145911678
194.0127010037942
202.3732826663931
190.5894823610037
195.2212621566307
193.733861031182
196.6378523893013
195.1018463141364
194.150110607335
196.9546374427763
194.4193179818224
196.0558702138817
196.6644580844793
194.4445656580805
196.5306660559447
193.0478925001191
194.1993115426101
194.2615225260468
191.2144911317036
191.1772732358173
196.0166725965288
196.9654314582973
195.013916392656
194.9232840064995
193.0128179573584
194.5143004897706
194.2743936967562
192.236397241797
195.3752166111772
191.8512370439101
196.1408498280586
199.870861753301
191.0404950405783
193.3498090821419
196.0002146423109
194.4945284970268
196.2816941766332
194.2971100846527
193.1105896063022
195.942303185386
191.122184670882
191.0541008062993
192.5649404891108
198.2421123237887
194.0526435636968
195.3470874197381
199.4114613271175
194.3672394298706
191.0708774721695
197.0276294386182
196.1054081747017
192.5029329712924
193.481418524724
194.1874659304661
192.0221190304572
193.1557822452616
193.4593883038978
192.2463888261599
193.1331650570674
193.1675732880275
198.8729290833569
191.0046169051226
194.0910448452699
192.0462084841125
191.0539580213229
193.1651568697189
192.3219776473155
192.3112625771595
192.1330728666319
197.1603480655041
192.7511774104131
194.2113171126104
192.9054031853428
196.0440974973311
196.0213520976268
194.1127652294168
190.2107019722673
198.3302497884208
194.0760934399123
197.1729221630723
196.6658962517126
192.1392803697759
195.0119307262801
194.1206894137374
192.3142436745162
191.0343315794235
193.1721124930924
202.1808455385841
194.0437815383088
193.0637838546652
203.1032299879849
191.3099984364469
193.0924779051805
191.0942178866221
193.0201007070693
196.0547912904615
193.2933343530596
193.4125342973865
193.2411479731992
195.0648752347454
194.5610873948326
198.1431495232259
192.3089118988012
200.2937372219585
190.8169535458918
192.0960984998065
197.0688023065158
192.0107033960144
199.3742655285446
193.0502204994244
194.0638210473087
193.027213805438
193.0826838461405
192.1592921231762
194.2894750270722
193.0265953408473
197.2201612083616
195.1516653865647
194.1614732997094
192.0775151663376
194.28357650557
196.211222667065
194.0370238235074
193.1296954487424
196.3752910818204
201.256671458106
196.3413382674115
195.0251276038332
193.861541068037
193.5782315537089
191.6387007415317
195.9707715203618
196.3132421172655
192.2478322810025
196.0086460637465
194.2382213538093
194.283015510024
195.7826979245508
194.2847052192057
197.2082670843827
195.3327856223541
195.2372236469645
191.1050474449816
192.4687388307121
191.5713225199401
193.1744555036567
197.2648064166602
194.3826391427881
195.1237860484097
194.3854265800362
199.3148622746349
194.3027141448492
191.9458826313884
195.0421075121654
198.1175235047249
191.1320273355308
194.4441300100419
194.0066618680042
195.1862411121269
194.4971576990687
195.1158143770617
193.1909655038978
199.1616253874254
199.2997189977757
195.566941838138
191.0391812108344
191.1612093243148
193.0211721985372
195.1605436440101
202.1193361574815
194.129454123182
196.0668491301645
198.1563652612643
190.1569765027583
190.1975181975138
192.2518020674746
194.0641737011246
192.0063775416722
193.8397974572139
192.6600254048776
193.1727317391369
195.9567998507821
190.0327873563912
198.0825483025543
192.6263838159259
193.1207150988199
192.2195366450475
196.3158031918432
198.1626769587443
193.9333078238825
195.3700745764831
192.3434279870153
198.2860008509451
192.0932685824252
193.2113140206236
195.3774609617324
190.5843723880179
194.3602843907235
196.0625131309822
195.1677872320557
193.0061136626964
194.5542559586776
196.0609709367608
196.0358916258041
197.3958405350409
194.073405409279
191.0998161255061
193.2166820999806
195.1427357681319
193.6079684405106
194.1451025450863
192.4427940260611
190.1200085199285
194.1033836338793
196.1093510769894
192.2002245299589
193.4232686507336
196.1474102854912
192.2121691606725
196.0396338293343
194.1453445588866
195.0428869537059
192.0512824809094
195.4561294041623
197.3983773505814
195.2118413247967
200.2910081715793
202.128845414255
194.6003900063838
191.064549345027
193.4805705037708
195.0757694933151
198.1573427310605
192.1450820958346
193.3842928671926
195.1851083176242
193.5984837475024
191.0511154010656
200.2307263956513
193.0047177221298
193.0117819384768
192.0888317854534
198.1182026492158
196.1163094980882
191.8692111414752
194.2910356112755
191.8982696410544
191.2146699769903
195.3506156241138
197.0725295796217
192.2777546580244
192.0204355164168
192.0264498531724
200.3332421462423
190.9093746247762
191.4117681000019
197.3989353182005
195.1645068173279
195.0564077549139
199.2115733651669
194.7949796331677
197.0118971387059
192.2435193408412
193.0779954873008
198.2996486504609
197.1644296751929
191.0111443086095
195.3522526421038
194.7741480258953
198.2570986109228
192.0733990926269
191.3424218614066
197.2834121700108
191.3768237211913
193.0524251413246
192.2317565450923
194.4191041189621
193.3088566048135
191.813550641794
191.0807723988297
193.0071020924744
193.0565344678022
200.012514094745
191.0944668870372
196.0308526318284
191.0531268164684
192.5934428303649
193.0341411061029
194.7418190501433
191.1018805857609
192.1226934780439
197.0033552123408
193.0445739827803
196.5172577303656
201.0202485246172
189.2518801203005
194.9429259442081
191.6075015495729
191.3155816688599
197.5630421869473
193.0040201342662
195.2736594589163
196.1507668886682
196.2513913291142
194.7424634725901
193.4064431986357
194.2873069676172
191.0923989545278
195.1227734604776
194.2492289172178
194.0314319297588
195.2261506544949
193.749677318148
199.1324012665275
190.2278161069824
193.0639554117938
198.0024344263647
192.070373861107
194.6279317298577
193.0825582654418
195.0508938384386
192.0856563113958
190.3889267474547
205.8714913820721
193.0404239393526
195.316024907297
192.3417984479013
194.1522694693532
191.2117661839985
191.4439918705631
192.3327140510856
194.0236119033777
196.4534839710612
196.5359495609118
200.0057852673091
192.6693797866256
192.4882843300512
190.0694336689628
191.3155375247033
191.3060498776656
192.0465857490547
193.0966037280483
195.0560704865266
193.4691100918183
190.5307404241185
196.0242153976913
195.1746971839639
192.2337488338787
191.2369236449187
200.0244459905916
192.3225221644004
192.0770115245199
192.1778897672432
197.2146853402229
194.338296131086
192.1566195782098
199.130525307154
193.0301358522488
196.5401006689457
193.2085976081597
193.1992673515785
194.0374588192763
191.1470884719381
194.2585443317838
192.3307708488616
191.2475010536315
199.3099640869344
192.2557582211924
193.160293534115
194.1949457236135
191.5008117040437
199.012956419915
193.4003313445433
193.03690391565
202.6493781840185
192.2700470844169
192.5111815468582
195.1422946632349
194.4723805341958
193.0578731301843
200.2021324022829
194.3457647164768
198.1698650411591
192.0882808272044
196.0971338145786
195.6244298248015
193.2936717762455
195.0523190767125
197.0347967819939
191.0878544549929
193.6496942877799
193.0831695944149
191.0379192321492
193.1943149885148
195.254658490839
193.1246261993858
196.2045208900159
196.0628036519545
191.3223073929662
198.3451579182435
191.0857664901438
192.6980573369113
191.0436700653359
192.6819416975468
197.3375661944231
200.5847442881931
196.3150617638471
195.5525111605893
196.3542360792318
198.2336774142632
192.5175550028595
192.0481889983243
196.0227461479763
193.8198538115563
194.0729738064755
195.9810884920886
194.0150890512239
194.5165905558545
195.1086166580536
192.7386856552592
194.7606290772837
194.4844108626291
192.3083962988053
193.2759493773738
193.1563064789158
196.0808267651657
192.6811912138123
193.3213428722439
190.269616320637
195.4892202335991
193.2395733202597
191.9653402337784
195.0424029625849
197.2536787702044
195.2890203899273
196.0064556796561
197.7469433052231
192.1464082575629
197.2304391441429
193.1371900763732
191.7000974654204
195.4324165227389
194.014763686742
193.886196624846
192.2000940792515
192.6805483239539
190.3238808973348
194.1838317308324
199.5993424627651
202.4407720666589
197.1413232366101
193.0816693994791
192.2939566352721
195.133842619958
193.2422257953105
193.1862547479842
196.6774077886906
192.113358543663
193.1901234318283
193.1573831728245
191.3697342862774
191.2482685913684
192.305585098072
193.2143362183887
192.5525581792394
192.0273112101983
197.0320812960685
195.1150089891897
194.123578303636
194.1165796901353
193.037595030216
195.1144437318963
193.2304227666712
196.2586558917308
192.5124477929922
193.5675651864147
196.4581304563301
191.0957842284457
193.4078196268649
192.6141186007387
189.5153481277857
192.6372327343771
191.1464194345867
193.4935066106952
193.6163464113968
195.4681433400053
194.185933391393
192.0468607585405
193.9814261480743
190.1345240554602
193.2523082307748
199.339122673441
194.4576341426395
192.3794281065602
193.1549217249889
194.5497214670996
193.1411140793231
193.0128840532899
197.2660570540544
193.0401020913562
200.6996296403216
191.6788486532904
196.1480282781043
196.4423461611685
193.1190842482435
197.5124267285068
191.2545609328394
193.3589557525312
193.1106193125496
193.2828544278096
191.3755826866142
194.2514749122248
197.0312859954558
196.0599757255421
194.1790141127312
193.6004574525342
191.1989531570482
192.05296662749
190.5141774895507
192.0200477440263
192.1454359913367
192.3124281204509
192.3447933349736
195.413715794776
201.3420557053184
191.3098545051183
190.7137208466301
192.2091545168016
196.0160951472805
198.3487715698894
197.1256370690595
198.113662523129
192.1812690213823
192.2887297176174
190.5676002659213
193.0920232538271
193.2065431793266
193.1398241298953
193.0113154946451
193.0911259527483
194.1459778926943
190.2269515360482
193.3030553566861
198.6993683555919
196.0901201757105
194.0991846248616
192.1416228221896
193.9662036820022
191.5953770782954
192.53491313309
192.6224409411248
190.3445114668945
195.9090478594204
192.2198751426419
192.7348164444734
196.522220569458
195.6725730975127
193.7907464167459
195.4084878668328
194.3470674909946
196.6565114765554
192.2603531186309
193.3188297690922
201.2456338191946
196.7717974101516
192.8488922413561
196.0998400380531
192.5826790524035
194.082536642194
200.1235349458722
194.145333647856
195.0932311631361
192.0370035294935
195.016457629855
194.1619088086522
190.0259170086604
191.2039685701963
192.2335009115013
196.1667914977486
192.3375953666712
193.2539847798407
194.2182935177962
194.1430598779685
191.1945063088592
190.1526915170015
200.1191803847439
194.0075988368102
194.0647572872522
192.2540264644122
190.2278657458303
195.1597057671279
196.1429395616464
191.9457315803626
195.3168263671077
195.0687573955613
194.1426558492035
192.6919618401232
191.4178848187068
191.6635717703099
191.6350979171245
191.6167951850121
195.0438269807131
194.259350538835
191.0147235902762
192.5444007358761
196.7353812936088
197.5619106520115
192.7315729023518
192.3352094617998
199.7448865498117
192.0893887155038
193.056733665867
192.1632745659233
200.5407189385354
192.0497790942386
193.1704621884047
194.175046010512
190.3421507763385
192.3676114690206
192.2878197381782
193.5410102211635
197.7051406838346
192.3865237814546
190.5570338272535
194.7181893879093
190.3774083134004
193.3525609093401
195.1553390498952
192.6500667629241
191.1132907696327
192.0988200414726
196.276321366792
193.1196922533389
196.5291535238187
192.1439177549308
201.8360301629818
198.4414274713027
197.3834962975124
193.0315442749549
194.1736518155964
198.1378001979486
193.5768785119387
194.0399751555726
192.254766283368
192.0839001515672
194.0597910090852
196.8011022427553
197.3902300943835
191.0646448144068
195.3789070444508
192.0719085015567
190.5186541672894
194.0529641951172
200.2845457295926
195.3398678190043
193.2604813392252
192.0969073722218
194.2298506237858
197.3222653473767
191.5565679562606
193.1469606687133
191.4859847555288
191.4287531705455
198.0916658770439
192.7123336648278
198.5081311350827
192.5783962006714
193.4851486528825
195.1988097723433
193.0753040295961
193.0706966948235
195.2052081148888
193.1984197782816
194.5654138510274
190.8747515698438
191.6622148155554
195.044114949952
196.0765778413786
193.0435042513614
194.2156261997351
190.070597688502
191.1843574881293
194.1211784279689
190.0403516654461
193.0330457364747
194.7938297578651
199.7630571296631
199.1071735813337
195.0008202628754
191.1661341067053
193.689231916327
193.0743759254657
195.3292439062861
192.0433322190638
194.0420813426737
194.755750395849
194.1871777215318
192.5633016508691
197.1503215038079
192.2911207012938
190.3389258988953
193.2139505183221
200.5076431674803
198.0332641887626
194.1810192425233
191.4183213466313
197.583517228652
191.0155415641318
196.4806764818001
193.0111898715911
195.0589741019029
192.2020147599419
195.2758089518364
194.2757717490491
193.6212492300373
193.0940337750526
192.6535613163655
194.3322251433518
190.0422857411176
192.762179445887
192.4338344283279
193.4527305699681
199.2378635622466
192.2903705903911
192.4357709761316
190.6376853724671
192.3874734769673
195.1430296855098
194.0087839579648
191.055669676138
191.3112783425351
196.3545212150441
197.628448762755
194.1784432066542
194.4569782813927
193.4820015348957
193.0590633600998
195.2870729328076
190.347899453359
197.386638786292
195.4209313188833
193.0729794477622
190.0620048648025
195.2978821756751
192.4944892454849
195.3629271583581
192.0555570395602
194.0345026494531
191.542949531465
194.41095363986
193.1287844225019
193.5616332787703
195.3366660273328
197.1683622398749
193.5823859622807
191.2229508696063
196.1535271389992
194.664019406102
193.0894022747714
192.0519484254389
193.4064053191219
192.6318464739511
192.0141039838298
191.3195349042527
193.0008114454381
198.0234918499782
195.1300933320068
194.1695087318065
194.3241310699457
201.0141919879189
193.0858106002647
194.1152577873593
193.0807964107041
192.0580961051689
193.1043748278603
195.1267553817295
190.8002769167524
195.0355429711058
196.7154505112274
194.2433420876936
193.0066700490662
192.5470512677474
192.9170714316718
190.034925766094
194.0602502974897
190.1752102784478
193.0929375810707
191.9583751649579
193.2685715065435
194.4458242825039
193.1626676075704
191.6152432912576
200.3604372617656
193.1143352438047
191.0368727147886
191.8350989910033
194.0458213261288
195.8821580323833
198.202431260712
197.2738080075846
194.2963436835328
191.2225619007165
198.3898165997992
193.2901270450148
193.3668154552702
193.5916079030073
191.1835265469695
193.534479113774
193.1294494769039
192.0637121951671
199.1720720894759
193.0677191436923
196.6301823683889
194.3105811366113
195.0115394318108
192.4026586366735
195.3207317888146
195.5803172374262
198.6337754292261
191.1557172941432
192.0549606037498
195.2509403618376
192.4779846883576
194.9770484509382
195.0885668757973
191.8873577140145
200.1200047734958
194.0678305635728
193.1021814892373
193.371494412597
201.2560538496726
191.2985520523354
195.1834302057856
191.9219621895985
197.798363022473
192.1459279504832
192.1206374919676
203.0700170511751
192.0794158013495
193.5466342331199
194.340424866041
197.2855848383789
192.0707337271677
192.3251531294439
193.4522537936987
192.0304533960534
194.125858637156
194.362472095395
194.1379641196104
196.0696409967012
198.2804970877327
193.0438959710787
194.2064026219381
197.0330249535083
191.344173878047
196.0060058205112
197.1331995535778
195.00348230698
190.0153335374974
193.1439096516836
194.0502738406365
196.5892118318014
196.0041348140803
193.1038322319729
195.1216871377502
191.4244927520016
193.1329539305837
193.6077260253035
191.0727004749525
195.1769644390449
195.5726169239547
199.1053854193819
190.1567523309917
192.1430539047639
194.0084837426149
195.7896928513979
192.1770123432952
192.1093813497704
190.6588467943172
195.1515012810266
192.0222235663558
200.4647155242167
193.3237843684743
193.0899681212503
195.2366706560972
191.7538178511527
194.0575257653842
195.2135818406665
192.033373877261
191.2264187665304
196.4066360272708
197.0524531051961
196.0037858726679
194.6622739479697
192.1008232475921
192.3700233038574
190.1483306041555
197.3802617338115
191.2841389306522
192.3211360760103
191.291269089616
193.0474843560392
191.4587022330903
191.479891952234
195.311060417262
193.1843668245236
190.099645294042
193.1509779331888
192.1769486947169
190.4929956706843
200.1059024436027
200.1929370770675
194.003208500281
191.6340203516608
200.8809695339191
193.0685400708682
193.3614935314803
190.3008968092357
191.6564756443595
194.130332671917
193.1193718321987
199.2698162249422
200.0125827171825
192.566104562494
192.3244224032045
190.3560772492415
195.0918766235629
192.1175708146116
192.064794556152
193.0022346363411
195.0086272749762
193.1997854033106
195.4050599827604
198.4131880558031
197.9936608840117
197.1438032769288
191.4960979887101
192.3036866293266
194.0966562946734
192.1586300526188
195.1656613595769
197.6143452043973
195.4401173093851
194.9060664917747
194.1787103456343
192.4055998810699
195.0036500385961
194.5877806283715
194.3424484200717
194.0510887068923
197.038287003645
195.0594983694188
194.0585918647092
197.0266318626647
193.0241707333083
194.5583911323101
194.3907414727971
190.058875644389
192.4572613868267
194.2249660745468
194.2279533484466
193.2928034743665
197.4579659914642
190.0124885188847
192.0340703823621
195.8371720296134
194.2191806027869
191.0870152904332
192.0024803171782
192.4262841069652
193.2881036218203
194.2136109486279
196.0428614805009
196.1678197645404
196.1898960903728
192.9322060005432
195.0271707776305
197.8876933317315
191.1892682310414
193.0838172208694
194.1125548958093
190.4935393856064
190.2487695952451
193.2824956593066
193.0210403993263
194.5037520568903
194.0873750269758
198.1967361093946
193.2302619083146
193.001177507835
195.2262379259988
197.3625497499412
200.0338659074914
194.0753772679776
197.8632049597021
195.2921378681327
191.258064154043
191.1789581828903
196.3099489145931
198.1803792266068
194.0599264266338
192.0672977463229
194.489519703789
193.9500376439119
193.3670013525342
193.3195016163112
202.8442061305559
196.0428482238511
192.9953650042783
194.152982361351
194.0035057658095
191.6409587348756
194.1567951141886
192.0721880148536
192.233214541178
192.0126035391657
196.3345506560075
195.3250564343304
193.1848329466273
194.140109510604
195.2024724149957
195.5289316103961
191.408620366622
194.0168674266186
193.0205662465456
193.0912573094662
190.4695231932249
199.3761493510816
190.1775213633299
192.280907934491
191.302729734942
190.1920792356953
191.0343961941153
194.0518237558048
196.0948269368323
191.2973091866084
194.0484174077641
193.1880330765783
194.0467677795012
192.2441356628841
193.320416840986
192.1804455805457
191.2280269224598
195.0629216368784
195.1970920816752
198.0320761817788
198.2162847453949
197.2254409014898
195.1456390875902
189.4750348659415
196.2488596666036
192.4893428048696
195.4208147339569
193.6307248836051
192.4000523155278
195.4526289657732
196.1584133435822
192.0249361714797
196.5530085639288
195.1336306618614
193.3637182747227
192.3135830446822
191.2487874306694
194.6846491322479
192.2205712238516
199.0773130387052
191.0086806675327
191.6753815620906
194.6443877503447
199.0190493030778
193.5541991585529
198.1057574711205
192.0305245583658
194.0565711396556
193.2144926999592
195.1320125657726
192.0976600244728
196.035480435508
192.1486877316841
192.1568655180985
190.0887188417691
191.0425676511007
201.1821191706245
198.2309830001165
196.233279043675
193.1390869167325
193.210050435109
191.3097957334625
197.0886979201783
197.0703514344295
196.854123300764
193.7389503977492
193.5220817149041
190.4911145329312
195.1148463859867
192.1294258930506
193.1058728394187
194.1184883836594
201.1906142632737
197.2797717442537
192.4350794005363
196.0907924696949
196.1874926751946
193.2872737506172
201.0753381033879
194.0802972227225
190.7930026236557
191.0636494713888
192.1177345446117
192.0916027335821
195.1528373654719
194.7169634129619
191.1413444386727
193.0539714551171
195.0763973117569
192.0996278123064
194.2798017854963
194.0097079797289
191.1581144087057
192.1116329821411
194.0233051685437
197.2535060013354
195.5557722470631
194.1290690519508
192.075875001828
192.9003164894235
194.0757714317303
202.1546447683963
196.2804014732839
193.9222991979393
196.0318362317425
194.5296099537516
192.0281354423918
192.361195100054
193.017251545843
193.2827362648144
191.885168699704
193.014798672709
192.250957543873
197.2619281215083
198.0998757498411
195.2746520577939
196.2855746893388
190.7054093174758
194.0734852309184
193.4583840807973
197.0560982537313
191.0351226443038
195.8360442842431
192.0620130237157
196.0041058007153
197.5580181444222
191.8049949436379
193.0852731749362
191.3327053763603
190.3235740059861
193.0979811557526
192.1526392352895
192.7747075132844
193.9310442104631
192.0791197646436
191.1251442927658
190.0315035945816
196.1836627175898
192.724937556776
194.049485773008
192.1808174328762
195.1513123695757
194.1430610039724
195.4862580553195
194.3897978721324
193.0546601370887
192.8419681485591
193.6567841368143
196.0589396570403
194.9664623373866
192.1560353884823
191.0401502844909
193.5133391971892
195.11139676427
196.1897511310866
194.2174898527807
193.0696952303371
199.4738874299932
192.2409288618885
195.5951691139932
191.3205768652462
194.1758024771323
199.0932913115626
195.5600653155115
194.4752106574994
199.4037366442175
193.1977830796075
194.268791197488
189.2782497239648
193.013515642463
193.6791932316591
193.5212617613258
194.3253362935521
197.276687685924
195.5348070070189
193.957899157402
193.2596152648112
192.1371016034219
200.3262899550882
192.6123451063658
199.0226310065144
194.2958076273177
191.0302759560615
195.0411178657358
192.8284213245867
191.3196794052378
191.0545779023548
195.4940901728584
196.8473940208741
194.0996721893262
192.3134483465254
194.1878029233172
197.2322945284706
192.2995230878572
191.660544813374
195.0419059992393
191.5985893881912
195.1816274976511
199.0852429537379
190.8034637941359
191.1160306462768
192.7339627603855
193.2872005752492
190.8764774682834
195.2742340757821
193.1584156179572
204.1380214345442
195.2632215558296
194.2702202570875
190.4264587025277
192.3583104901027
192.4347034415683
191.211763002565
193.3966258098436
191.9683146911938
194.0232171433322
193.3335539623227
192.7324385592307
197.0434877506391
195.1553604515489
198.1610628974578
193.0576312159347
192.0179469947537
199.0407498320848
192.2864085608103
195.1654587560743
192.0373167868168
194.010780567589
193.100439277462
193.2526447005317
191.9687646576519
194.337812533808
201.2174362301816
192.3244749208608
194.379323224714
194.5710747579944
192.0956656816832
196.1268441030861
193.8245479641824
201.4094961892183
192.1034785494122
195.5562809368828
195.1499075539055
193.4608624402939
194.0455795476001
194.0350344559756
192.2843682488859
195.0064557755926
193.0964187694095
190.0192353855889
192.7292901041735
192.39394164272
204.0232624958635
200.2944976166185
197.1575825492824
192.0759570462685
193.7325632393262
193.1424509406641
194.0440216043944
195.223884664153
196.1387711645596
194.0251394570331
198.8664075331849
193.2705396891922
197.7000275248386
199.358363817458
193.8009077972414
194.2329986379874
192.3622395945147
190.5054938214039
192.3041276004155
191.3152866027114
197.0344059892037
191.5221995033293
192.0804567671378
190.843078894955
190.1351297705658
194.0901425330614
193.0149836939077
195.3464503468636
195.0409994680035
193.045736773028
193.0439675550739
195.1309727394369
190.3077522619558
193.2050990707735
190.769451054959
196.6031049597316
193.2846421289052
197.5056482647867
197.0818959055169
194.3344152219935
194.0119793144377
197.2811928530526
193.8384113933137
191.0023046647533
193.3630587989354
194.2250523356422
192.0155164549758
197.2578126019157
193.7308583273864
200.1286955351993
193.375670080335
194.127105520185
191.5811412970502
193.0352866883304
193.5616441940787
197.4451955016252
193.2963864873792
194.3029234310325
193.0336820785124
196.2361648804463
190.2619735233978
191.0613626097407
192.5740727271786
196.2513378069199
192.1014962892428
190.6317786565199
193.7873301753649
192.3455789358042
192.3444405275293
193.450348593518
192.2562110157675
198.5646206154738
195.0178841194561
194.0618929304518
191.3036070198877
191.3493389801981
195.4796786221756
198.4953613947599
195.1837057689938
194.2826290002997
191.081261521332
195.1494267652158
193.8612609342988
195.9495866392967
192.0572322869644
194.1215643293601
196.2647210881498
197.1227838680729
194.4754245403262
196.0040696698206
196.0912172705635
195.2788436840326
193.0284241341986
192.2536038809025
193.2614876424875
192.0040419372457
197.0357064340906
195.2547829906098
193.1474938949725
193.442046690444
192.0289647842853
198.121778454995
191.064937418406
195.2755860172982
195.730576326699
194.1578600978655
193.0266921611897
192.1016855934338
195.0207041756337
190.2456892983846
194.103504397081
192.2018698054634
201.1174678813717
192.0883453931112
193.1106410107696
194.1881385483997
195.1809315237776
195.3671952908075
192.2037540056602
192.1306555367383
191.4000790896837
192.2357746129497
190.199887045681
192.2604752907295
190.2134747248739
193.5147171056246
193.0714859500987
193.1631862022129
196.1590428494565
191.1300774615366
195.0346010627104
192.0032933437542
196.0123282374203
195.2316701522175
194.0872422423473
194.0728034456974
195.1244457805394
199.1414964195147
192.98148160412
193.3664343016571
194.6410688648345
195.0978654252646
195.0850114785963
190.0673176600961
194.3817635645431
198.0641199238529
194.1965661636141
193.0751996628157
192.1769297872886
192.3789415228935
192.1006758269319
194.0781530351784
191.3544736861679
190.3422849343696
193.482332896463
199.0513534652767
190.3361145892636
191.4728776049795
194.0457190259931
191.0826267686554
197.3800768335146
192.9291424935675
195.1923535007215
190.2496320545287
193.5541223982355
196.1136143793613
195.0839041002965
196.0809823605317
191.6016619113373
191.2905260557782
194.2892153632229
190.8913900209648
192.0043445724416
195.4765901072602
195.0580111978201
194.0193021908804
196.1357442525362
197.0829490222075
191.6101170778471
192.3659731642989
193.0495857523318
194.0700563286455
199.0090883470165
194.0137450865097
194.3117862361703
195.6530577613925
194.0398716766047
191.33303898832
194.2123044332793
197.3967980390658
193.5777263646017
198.0055483091811
196.0594209952226
192.9480279151653
196.2810608204605
192.3555902638724
192.4051288601292
200.036666735531
193.1780931357179
191.1396863703087
191.2444976263185
191.1518328457245
190.1345049897531
192.2505511626736
196.1799754721188
190.3164751659862
194.1492338226421
195.0080943564191
191.2385141618198
192.0361093710948
