180.298247457445
173.1168547012389
174.0338479726541
175.475481506598
177.059928652482
176.0609716930877
180.2325736642824
173.1663853076155
172.0341265771028
177.3644423539784
173.1705151451652
179.083630277207
170.7245346724701
170.0542783740543
171.499658352896
168.019015661648
178.8736818194264
172.1572214071674
176.193855705523
174.233346271108
171.5049542388573
174.0928101686082
173.0413518546133
172.2687772131631
176.015446280837
174.9272118218091
176.3662565781453
175.20780042443
171.0346327640083
174.7988548186566
173.4234311066625
170.4941295313604
175.0278193586285
183.3791350459416
173.1319038155973
172.0085493714855
172.0115053357581
174.0221031031963
174.4718540561442
171.3580515576125
175.656773683717
174.2537190964696
172.4287793696408
173.3314431440512
180.1039587257168
174.1816216012633
176.4075065852396
174.3165282714044
172.0641269443143
173.0088130594895
171.7632178235058
173.0689931149874
179.4148229162194
170.6955330967111
172.0244264543082
174.0290609245866
172.202750474578
176.1330447151969
181.1250686865715
174.1026058937632
177.5922592907293
177.2357919001963
168.3201616025529
179.0895727358617
179.3724359976224
170.1424709512486
174.2597450490663
171.0246910322234
172.3411846866765
169.3584187140831
173.0078022172748
177.2538571227324
184.2793478185739
172.4611666351612
177.2030377691443
173.049539661508
174.8716603515701
183.3137576901924
174.4076046045172
175.0054440687341
171.1705729317246
176.3783173417146
172.1332489701433
177.170123506613
178.1297272637488
175.6973926339274
176.3644505329226
178.2224895658354
169.3092059545096
174.5079647389615
173.4921133802613
172.4489626620588
171.0265838856177
172.0188565800839
178.9203564663924
173.189411465768
171.0774473707403
171.8616442859392
175.0671288663767
174.1710057135807
177.2901807260624
170.6578867815973
173.0768525231624
171.748077556443
172.1333224598517
174.032527764506
173.0319078811972
176.2389160705912
170.2270291838045
176.1457755524598
170.374448143234
172.4314034076761
169.2458106237757
176.3628669343634
172.0087253276678
170.2578198762147
175.3501770780401
178.1144437291715
177.3860184925178
179.3015955107595
170.4154690958799
171.21185667664
172.5955724579373
176.1895769317592
169.2520491285164
172.0188198193037
175.0219135871537
171.0504030915349
176.6398959410896
176.6605025598448
172.2873416961143
173.3793648372816
175.0589615507395
172.3938441925701
170.4748167977175
173.1718051810714
173.2333213158039
171.0047004754175
179.6453885124467
173.3929693404879
171.1150177461771
176.6772066719065
178.5919036383751
182.0139020875716
177.1251104670919
175.177385003285
171.6138661361467
173.4818657476122
175.3398173242912
173.3213712650117
173.1379112443742
174.7808073232995
173.194636075579
172.1480480946762
171.1865191555602
171.0061480273204
173.3065553905694
171.0664703619858
174.1773592594024
176.0557753077366
170.2658543883594
172.3855461829136
179.2281912098398
171.8209804233339
173.5389925380923
172.339645631821
169.6116837951938
171.1126799368625
170.0814779808113
175.0272817272412
177.498494666944
172.4450014503622
173.8783827790787
176.3655064443502
178.129884137872
177.2586717438774
172.171526802662
173.0799103036579
170.297639342248
171.1375446975847
172.5058998162577
171.1486393721958
174.1893958255506
172.0683220433769
169.2630761072025
174.5678347646254
181.2411860192312
175.021220611255
170.5260198757992
174.3075995918055
174.2263934328373
184.1536696605932
178.0748336541903
181.4832011892298
174.7560786662417
177.014714809958
178.6135303795841
176.4880723530017
179.0108994228588
173.6240401918071
174.136985412766
173.2856855544204
177.2513187795051
171.0547495818493
173.4924503679991
171.6108912965377
177.3866362601338
172.0785527009109
174.2319021710675
175.0742297382208
176.1320612935536
176.4805360100313
172.2021428860255
176.7703007919942
174.1089515076278
171.3177810650509
174.3544576917516
174.1107776882474
177.0156226619143
178.2215473827356
174.3555846876489
171.258579104087
171.3873407684956
172.2352115758589
171.2813410009246
171.3812360274106
173.2128273802891
179.049180512266
174.4760580010522
179.2549020881461
174.5373101904894
172.5089057933502
178.101203986449
179.0791695554495
170.1080344932899
174.0494039623948
172.0029160902778
173.289229309975
175.5874998558768
172.0233951210493
176.1797371773637
171.4097766390749
170.1681574902393
173.61196668617
176.067980936254
172.0586690179932
171.2984385667467
173.1279540709457
173.367064183637
175.2414483505557
170.5486155998578
172.0248590536661
173.0042802792727
174.7297689529483
173.2641134931552
175.3692278544178
179.1985399816223
173.3954180928829
175.9297372293578
176.8204311659404
173.2052442055373
173.4646225263672
176.2421543740779
177.3620586903286
174.1211238454613
170.2922858225595
175.3169272636609
175.8144209120754
175.1169238923885
174.3810668860243
168.1315977730956
179.2442225300553
174.1554055790967
176.5891921132783
171.060501129063
176.0318450279779
170.0365522432735
172.0037593581845
175.2051220184682
174.026773600116
170.4810315742779
172.2347077158991
172.5547581897828
174.0160258269025
175.0855651880903
175.766710935846
177.2104214630876
170.1885109382123
171.1536815165187
173.0773240176923
171.2512053195232
172.0659010355709
174.0997926488448
169.1230619147342
176.2039316621268
173.143466529647
172.8822951468936
174.1443859782346
172.4928131262057
175.1055237419101
179.372343982088
174.5427537287896
179.0640566428925
180.3040549224672
177.2794787915953
172.6202305505603
179.0514051440125
178.2016667880693
169.8745706411342
172.6180211554147
174.0716521227517
172.0097896642273
177.4118137438015
173.5373182069036
175.6089895588287
172.1194170202077
173.0723560112765
174.2903476284461
180.0893587371446
177.0502357312131
177.0542562227126
170.1053993504492
172.175399801851
171.594041095604
175.1410720697942
177.2632951063074
173.461694172118
171.5798835974603
176.6301709103176
176.1827736173497
174.0237024880894
176.0859567094808
176.0990337263953
170.0229993982932
178.0337439107841
174.0845242673432
174.0680998756248
176.7135322801224
176.1532599225615
172.3055676806376
176.7100013477519
176.3534209783866
174.5888552925288
172.3992935616986
171.3321483035403
170.0359094819875
176.0964286602433
173.0706436043051
171.230307937635
177.1387635960663
173.6956142624967
180.1957782019627
173.1299982166847
175.4579358575588
172.0272396650465
178.0734777408681
173.2236992507944
175.0048584518725
173.4204777879579
172.3537216008058
170.4510132825039
171.3459170379931
168.1226548035179
172.2989541197774
178.348085457869
173.1687269920777
172.3403309883477
171.1783659146539
173.0218900600622
176.0891082479363
171.4979310523989
172.2485430968633
171.6061625081703
170.2691061601572
170.2566273120613
170.569888566886
171.1601137568003
177.1269539116106
172.2799206510815
168.3505312391252
171.2387272694181
178.4769238846432
176.2481181925003
182.0632922565607
175.2119653932058
170.0916001527642
170.1945056526976
176.3406858909929
172.308930209336
174.4419643982344
180.3781524694651
178.1825192477677
169.0515950804941
178.9572454136123
176.1590447234795
177.5590132937206
179.177064637638
173.1066062913403
170.2345879873344
177.1202035657023
174.0104034396569
169.4975849485703
172.1767407753631
176.7313511545733
174.1194625132219
168.1380915563484
176.1376889246213
176.3631501439496
171.6379780836898
181.2952656399781
174.0499629421248
177.0032558262441
174.1428344011414
171.2111851850882
169.1395679782842
177.7311162347525
168.1659434553821
177.1378780354431
173.1435925323742
173.0315663342526
172.0312291977389
181.0591456240105
178.2159849757508
171.2284949688478
176.3483517984227
178.3926037544428
177.0089695507117
171.1829980932993
176.4228210735452
174.4284053506419
173.0918023231131
174.722150841203
177.0268875263482
176.8778382762171
180.212874244383
174.1736030405031
172.1362882379874
170.2846547537128
174.0505024706546
174.0866087131104
171.1489771429607
170.0102351275432
176.0262055658935
171.1489825742199
172.5223003362502
176.1794493695105
173.0202818966672
172.247727147158
174.2700896302368
174.1855269577609
171.4507861621965
183.0473554635876
175.0777280461031
173.2925941484381
173.0716006587701
172.3470532403339
181.2950709276231
170.3047292605497
175.2782385398167
177.4167116087266
170.3408021913122
172.4832039294117
172.0467942474404
173.2272546063161
174.3236883667634
179.1189238171116
172.1080020930307
175.056087978189
171.1730804761694
172.1513816675651
174.5693492716511
172.1288891840695
174.4368304951866
172.3797694023983
168.0089797272516
173.0760453970005
174.100263108878
172.0166768092782
176.4820514191888
173.5027945096963
180.1683588106839
172.1429447245058
172.0563424255365
177.1821325886094
171.1885273684354
177.123720729484
172.2371597308503
174.2321864831787
175.3294868332391
176.0597738550034
173.2591195274869
176.0568033444337
171.0204684005627
176.2917359328264
170.1151928207042
174.0507047649978
176.3745603869681
173.0861070408202
172.0387977943366
175.0484182293045
170.0965673116089
168.1007651614889
173.9000536880687
171.0740717393492
174.0942462677037
173.1282256227247
173.2116704610289
174.8813647856962
169.2165434333002
172.191666210925
172.0061244351601
174.4657640594797
176.1415367933671
174.1010039048155
173.0555048187281
172.4589469763494
179.5311156823088
172.3759613911489
176.3119570629303
172.1001630935205
174.2344694961504
171.4489737796657
177.0288542721868
175.0506483477512
176.0579856654328
175.3614946957523
169.182354224317
174.0633765932018
173.1673903375825
177.1814248752508
178.2055227006386
170.0756409621009
172.0480578477072
175.3005665218388
173.1228254718077
178.6832400295994
173.0601221901383
176.2433845734106
170.4757026975604
172.0714864039996
171.0657594380982
175.1429244714677
170.1317917766669
174.600392167481
174.0838391632134
175.6346819073479
172.2002341592672
180.51718978881
172.5088537018702
178.1861167690482
178.0235037453294
171.2645545955869
179.2520373744433
173.4904343067076
173.3721468596141
172.2921619315848
174.384538045836
180.1660692223043
175.3294500652515
172.432613853008
177.6104624018909
169.4327338144354
173.1287374766003
179.7518332820587
171.0558864150341
173.0400148042267
174.0093026683637
171.3523497069251
172.2845330070478
175.0679683348169
171.1036946112265
176.0218387910606
175.1395850911064
170.1218606403739
169.2081697158727
172.3378540355654
170.428043733884
171.0088741830525
174.0896870387151
172.2263873887366
174.4292172027264
185.1456157203206
173.2655293225433
171.1682754531498
178.3938203609594
174.6930072734721
173.0890150913099
172.3130664219443
173.3007221900884
173.3864318846776
185.1042710341497
171.5544936853683
177.7517342382453
174.1293724237987
171.5294923388859
176.0030892948525
174.0737504853381
173.002569787427
175.4346364561386
172.0452212882921
173.4756435662785
171.5241214895333
175.2511855637526
172.4708251105951
172.0674173801418
176.2724610836919
177.0264884314377
180.3761206040386
175.1419956785511
172.2586170952752
176.1294978915954
177.1556614627138
172.5130850692738
172.1790759539686
179.5715807828654
175.0537506704702
171.5755631404977
176.108404966312
178.1820099928142
172.3065202519676
171.216803450552
172.0094375850006
181.0274039653285
171.017158411212
171.3201729295958
172.322352446116
175.2672643361719
176.1430643128181
173.2451768417999
178.023199215229
174.4308421180762
176.003877392164
173.4549852454088
177.5673817160364
173.6903235002775
178.0390432693365
172.8242423802476
172.0781479446768
179.2874526728379
173.2476313874058
175.1634053423937
170.4081743742757
171.3352253369582
174.9662247692381
175.3370974943615
179.2394293650133
173.809485126137
176.1043209395448
181.0308856151224
173.0406256982717
173.0518147243058
170.1610777515903
179.0974007743021
179.5857323027159
178.0109713590987
175.1267574778838
173.5455329473453
175.1723671499141
172.0619159761385
174.1560792943505
173.1260881942922
174.2662591602983
169.5356943942961
175.6403958341338
182.0153342947344
175.4586844760894
174.7562675591808
169.7404039140148
171.5023953976842
175.1180613699109
172.0773739024597
176.8273648352293
175.2108412188613
176.1578627183202
173.5277514308298
172.1211145920037
181.1219383645585
172.5178965071366
172.5333027756081
175.0407457295259
171.4337991874338
179.1302855710013
170.1848829134388
172.0568212542732
172.2785862186323
178.0715878471763
174.1153534345087
171.1490245560966
177.1644770064406
173.221189257881
175.0130781017431
180.9561087193648
175.2372756741939
174.1121455813191
173.1777523946528
171.1297851175485
172.0622114447208
177.0366571127405
175.2019694405373
177.1303959489198
170.0379842575975
174.0427965458241
170.0592521504842
168.165656469855
170.4680395320456
172.6584935915986
169.0281347205141
172.7657691834341
174.9825123638927
176.0253202588506
171.7077109417243
176.7631852601587
174.0015378785946
173.0062903895477
172.0033249171693
173.3115834619428
171.104113474622
173.3109025988183
173.0517412723378
174.4071024994824
178.0358561807567
173.5293239018921
172.175725834905
171.2174167012902
170.8726536896372
176.0597701678646
184.1023583218863
173.160618260816
180.5735837250205
173.7800821828575
173.1881418931842
177.0509095814476
172.0375989928276
173.1382729909973
176.0292672140812
173.3573991825161
175.2256963900965
172.7918904590007
171.875033902663
171.3655201616515
174.1826632574155
173.8336851194435
178.1583114599582
173.4377476641289
177.2495342417904
177.2877751782242
178.8663578409167
171.3886081528429
176.2255623648398
172.1742417018786
174.0231317520025
169.3334729488742
175.4382008470236
172.0877164646743
176.1583295715801
173.25284086645
177.0728228883816
173.3554341456787
176.0818454127458
177.4770683742537
172.0887386172379
177.1636491376326
176.0089387434218
169.1079926294283
171.2035061825993
172.0987030370374
178.0153507770749
177.1466462732082
175.4121186600187
173.1283637130792
175.7390267213358
173.1496540711222
169.2794740693717
171.4529691351504
169.2772608368591
172.2211124522622
175.4429185727685
172.0216153082992
175.2324163469242
173.5991377251242
175.1208332348299
172.3657329045908
177.0629737997793
173.0260253630768
175.4565739950135
173.1090110880312
174.4550766669432
174.0585761297914
174.8155856873381
174.6030057840669
170.0896139554734
174.3883371218779
178.1034921592383
173.0476878496756
182.8607780759248
176.7112438882927
169.4248148550879
179.2493108755708
172.2873758176753
172.0908186217198
176.1828066499006
171.4197906565599
177.0645583216932
175.3903950337734
172.1095601583082
184.2214945932094
175.1896127756796
171.0879073553109
173.0641284280784
174.1520963781905
170.2158832589958
182.0470760737534
175.217692124777
176.0872037369337
173.4278867739092
176.1487387451789
170.0116274932574
172.7616587831301
173.0189451856696
177.2984683530574
174.3067847479809
169.2484591283824
177.2145223392885
172.103756507915
171.1882134088999
172.0173613178464
179.0257907109986
175.1781039384692
174.5804140289162
177.4001035823003
174.3995720455065
175.0560428148799
174.1921499943199
173.5756521745987
173.1155110880912
170.2208289220748
172.08828332954
175.2908219012818
173.1035885340498
172.1283805593998
170.4214535154047
172.6369095826894
175.1033236644527
174.4379103542923
174.3060302446468
174.1370928463861
174.170876131956
174.0003930888255
179.6505153350641
172.0539375926146
178.0567783026896
175.1727689843169
172.0983692150788
174.1020208299926
176.1909046471077
172.2269030177625
176.046863570991
177.0671958112084
175.1609502339759
172.0130682193519
170.0867410379905
172.5961181408966
174.068819734885
172.6629159488678
175.0413174236634
177.3191644774003
170.006350938405
176.0289673506726
172.0853503171639
173.0006241410719
173.2183057307151
174.1113547468702
176.3384235930409
178.1455256354847
175.1030722208441
175.6554390969032
176.4723506221214
176.0110016780815
176.2909332107974
174.5957114202568
176.0283443515107
172.0952305166451
173.0093965126657
174.0685267730336
172.2987927554761
173.392665795245
173.0274246821556
171.2916202756056
173.077954997048
179.6970898278075
180.0182923582188
172.1266487588865
169.0128197714008
171.1443061094447
177.8742038988843
178.6455496547769
179.8286472316647
170.1405092169935
179.0656712832386
179.2545414663366
170.0786923486632
170.103694829853
178.0162987518055
171.1487566204548
173.377693583533
173.7472378517626
173.5392161486263
174.3073620615277
170.3368666570192
169.2671547282335
177.0143242585798
172.8717771334991
179.7253220569071
172.042921398102
176.2145628890293
173.0974247590896
171.0968872866675
171.0759903830307
170.1832183279164
170.1056345589353
172.3909213962247
172.3325215396295
174.392740699647
173.0018266961218
175.2027173927515
173.2155254625365
177.0190353973412
174.2437274406545
173.0951018847285
170.2749520137764
169.4016443865643
173.8504380971523
175.278035072593
173.2423713602711
175.0058596155552
175.0335397600771
170.7467246074871
172.7207122337296
174.0220359208915
174.8284397139622
173.3189008333195
171.0369763819962
185.0641179096718
168.3053193759144
176.3855703196496
172.0814106134076
177.8778396332063
170.1828366611501
174.1982389439656
170.1480991695139
169.480604426317
181.246799821305
171.2598563554235
173.5345461480509
169.2405431024694
173.0032474006988
169.2583129930143
173.1476535948038
175.1875448076131
175.141730262106
171.3811626503322
174.0275267035481
172.5970222779026
176.0351239731908
176.5984710379556
173.2101282794226
176.1013472595529
173.0374616527673
171.1116346169392
172.1954984501036
179.1267625985151
177.0888164207157
173.4507219430981
174.15755163005
175.1969300011343
173.0646740417864
176.5293754277523
171.3881491254947
174.3197298915644
173.1456243101868
171.0342934511854
175.5698330822046
176.5706311556721
170.1601874129457
172.3838170271888
172.0729629386657
175.343302191758
177.3262266032924
169.8680866706939
176.1506030239328
170.0171853817999
171.0208614409414
174.0002329675287
171.2859712548111
173.0241775234447
173.2089372832636
169.2697984846052
174.5208097117946
174.2442573818514
176.0024908728511
179.5344673098031
176.2069292265301
171.5099373520576
174.0150326556059
174.3254115162549
179.076712073753
176.2805788822637
174.2993774561018
173.4146988275791
180.132071403377
172.0192907143914
176.3543824807001
170.5711356389994
179.1371354574939
171.2538546719493
176.1208476567917
176.1017895003743
169.0128475712524
172.0880026183137
180.1653817220272
174.9497586945159
171.0067690966118
176.0640814098953
174.1473487804817
172.0850622954181
174.6090513076306
170.0265197377401
178.7253903972797
180.1791740484256
175.0691921208134
170.4630020147386
172.0499389124159
174.4897926434183
172.517275191304
175.0350903042237
177.0748665310393
172.2929366978442
173.5306521252154
173.2451040996638
174.4926293118588
173.0245672066162
170.2812565089937
174.8762142150051
174.6170058877241
177.1031664361451
174.109521592744
179.6333045644136
171.0529952579217
180.1780461357571
177.0009065403272
173.7017634572921
173.7613924805457
170.522643042552
176.4780062916781
177.4083371318036
173.2507436687746
171.0917468289774
180.1774991395745
169.1414711568295
174.0570844110651
173.007296769318
172.7096296233564
173.6625224174044
174.08797530122
174.5384803972773
174.4379196090622
173.195880542116
172.0128098392748
176.3532876678353
171.0481180791874
173.1398865885404
179.1020746575406
178.0845840918077
173.287086287586
177.0807572320338
173.1586602044918
174.0171831042098
176.1667564384248
176.031292056785
171.0307013497587
171.2464264728354
173.0766377549549
175.0955559127174
176.0392588869325
177.0360265466485
175.0336448524685
179.201874555366
171.0195200895056
173.1532213449833
169.2881399883411
177.3681328039161
176.100061364199
174.1788611829854
173.6819717690315
182.1070520378061
169.1506772921334
172.1887409680337
179.142699534308
171.1206847196457
175.5450880448612
171.8033077951896
171.383068241608
175.3551385335912
172.307782175973
169.4931013557204
173.5696873521279
174.3078756647462
180.2055731251443
170.0566141464322
173.0379087177292
178.8298893006989
171.1211576434731
171.248101768772
174.2533449080363
174.1569636861137
173.0022674300292
173.1382511852654
173.3894181314388
171.1527979541173
172.2207468510683
174.2292410445211
171.0455330527887
178.4014008133065
173.5150434316253
171.1378199029724
176.0096526607321
178.590341404611
177.2983894645427
175.2560054204113
170.1772095056208
182.2162062361459
175.3311939551991
174.1302668961518
170.2411241932043
177.3502540385961
174.2884919690275
171.2120985700052
176.0164938590967
174.0749802818098
173.0264791481946
172.1234965690402
175.3642759057914
176.0486225944205
177.2376753300939
173.4488147140456
173.4022279527729
172.5942435909519
175.0398644642852
176.3904683345025
170.192261042811
181.7390313776953
179.2813141541128
179.1847634943755
175.7983576147554
178.1177749973137
173.3596786374239
177.3471583510409
173.012228538047
173.619396244053
173.2004323031895
169.0977609128026
173.0380268752305
174.0500245743145
175.3879069517312
176.0947738766461
174.3460165815108
181.3984232830828
174.0197650887168
174.3500435194277
179.0238885099689
175.9945642111478
172.5275566160144
172.8705701841095
174.0039544008899
180.7152574191798
182.593539564479
173.6045447099078
174.0006886029852
174.6063714793549
169.0402079706516
175.2319803684416
172.1990819221808
171.3929444944221
176.4538244091128
182.4987574003962
175.1168583899747
174.5262384106932
172.137346739566
170.0967573936135
175.0703052320415
176.3131329698864
174.1852989595183
174.0388388262995
172.4311190424739
174.4541293197382
178.1062164447183
173.0222523340998
177.9514645837585
174.0860074630768
172.5501783820408
173.0016950927707
173.1468367196183
181.2728558285989
182.2332784746192
172.0349746140841
176.1766466710773
177.7142113804294
171.3107278078342
176.1422316844584
178.1652442402442
173.3847489818785
172.5788076115808
171.1993402437171
171.2141611241777
174.4721921856548
176.0537117270422
179.1102309211868
176.8559064392373
170.5477753683617
173.3591313217862
174.6998465799441
176.328551582912
172.0334336631383
170.3923244851023
174.2186056933438
172.1624421196442
176.0804120811636
170.0051371408344
174.3278651647113
177.1281479397675
175.8449204571704
173.2857676273501
178.2834643623231
174.6347303184556
171.7492473852894
178.7061491783323
174.042115026812
172.4224712961167
178.4046586968557
174.2467562980794
170.5243257636685
171.1262594645964
175.5143383007084
176.0586108088414
173.2255444349981
177.521955306685
172.8954994265841
171.3980734320341
171.6231145819253
173.8376478094449
169.1514584389313
174.0420938067046
172.3215717406731
171.0839399000183
172.2533168258699
176.2109240840397
180.2520092524634
172.059356199612
182.2081908908958
172.1224553402892
174.1541841298497
173.5507309622662
180.1349558343473
175.2962852339239
177.5832783641665
175.1902816365441
172.0289870966732
176.0229823569818
171.1810145748391
175.0085351643545
172.9609669493568
178.3370455691923
172.4736980457231
177.4316241340804
176.9033894001494
177.4000285457819
178.6799072689518
171.2394644854599
174.4986229480072
173.2872368004912
173.0148394885277
171.1060930551587
175.1486722641849
172.4364922546688
174.8098104970796
176.4161624465853
174.3266716342152
170.5959696331956
172.0114967866743
175.2100879660682
173.0960714792336
172.0286255926537
174.3526545948798
178.3816076783629
171.0734981475101
172.8689817883123
174.043400623997
171.0222563673334
171.4210291659344
176.2185249335267
176.0210764365324
171.0148060379215
172.0112812222987
175.2831103842764
173.5480233146939
173.7954080191769
173.0478320636159
171.1346245769664
174.756406214519
175.32911860877
170.367879109093
175.1237065258489
176.0495513968641
171.1906470730987
171.7628416978785
175.1590461493941
172.448156891894
172.196231477664
177.1265806446937
174.588016399216
171.401554662642
176.2805716573592
173.2232472834241
173.4012661057423
175.2022995058241
174.3064131241673
174.0702171282764
178.6461820543787
169.2271141271904
177.0883682463196
174.1578589560677
172.0625996845185
172.4885781562152
169.2445900043286
170.1656381901603
174.0833962802932
172.0129012431452
181.936805118521
174.068423695617
169.3360772439474
176.0209998318207
171.897431267036
173.0102835286483
174.0102784248224
175.7506922423222
174.3159017250227
172.4061583014834
177.1180501116998
172.1635018604829
176.1100244383127
170.5613239935215
174.0258753927226
172.2201551149586
175.3751588292281
174.0477549913999
181.9402606301982
173.1030340289728
173.1226972837932
174.559801284546
175.096430137936
174.1623832912662
182.8887621582278
176.1300243089838
175.0223428994018
170.3710769718112
177.4269223725018
183.5238885018553
177.6384782227197
172.2947917469617
173.1572064266934
178.1372173326041
178.6563935036931
174.2602952039112
179.498559680419
172.3289714363162
171.8764834266964
173.0766743738217
170.092259605787
173.084410908272
173.1253714334252
173.0931657660881
173.1210885890088
177.0051030843558
174.0023549479035
173.1975659542115
171.5894074231649
171.1838908629072
176.7649730817693
175.4259851878099
172.6184753664439
178.1195138895269
172.3727690933994
171.0788389694475
171.1189614037447
176.1130421235417
175.0597393910729
175.3475172131067
173.68625891985
178.0109754769672
176.1807296632491
171.1601252026325
173.107885433451
178.0191342245097
180.0430110456275
174.0746420877145
178.993218635646
173.0756655023717
175.5123108203569
176.0995312756133
169.2096501046015
171.0636129181518
172.0427481793227
182.1590125198969
173.0333544376352
172.0309275969074
172.6970376732264
173.1986761177988
180.4106156477604
171.3026647705502
174.4796169940516
172.0970323186239
172.0595597249884
172.5115948090374
179.1619629025281
174.536417214285
175.8879030163713
178.0074966854437
180.394622354151
178.2638600346708
176.2658242073417
173.2419433983188
171.338767981541
170.0979008835941
178.1995370018247
179.4520170172716
170.084683867843
175.128760831928
178.1978957756606
171.1606870135317
174.0486507038034
173.3327052907549
169.3177361890828
177.0253501851694
170.45735697956
174.1712621057776
184.4635980725085
179.2929648726663
176.0277019122307
172.1377295720228
172.7078246239541
174.1616303508943
169.4094538180113
173.1111528369005
174.1733518798296
171.0112711698978
177.1437221685388
178.0057434731039
174.0757767510638
178.326299557757
175.3213836328502
170.0404129399844
171.0203493978989
175.2169234076351
173.472968582446
174.2763418306749
179.1218511119555
173.1915135691943
169.0249026010696
173.0063009095898
174.3408865747047
180.2046338877823
175.0208612138162
169.6069184436566
173.026507819039
170.610499982129
172.3146203688636
176.1591823547986
168.5890436901925
170.3608042200788
175.1780198253016
171.212591991843
177.2731052375653
176.1393952842112
174.2417845664018
176.3672246042644
172.0418670243597
172.2238915585097
176.2179629157417
175.1281014510636
172.142909682031
176.0226803660927
177.212106136616
176.1449224863556
170.2006098987242
174.0082733256542
181.2431665659271
172.6052889463119
173.3558202933609
177.3992005602654
179.105369411417
172.1754684352261
171.0627726975045
173.2006278048304
177.1030173148831
173.1427907226795
174.47461050988
176.2482594535211
175.7527116567604
175.0029862482987
178.091115857232
173.4851976603762
173.207289174994
169.1853079959395
181.0575917837431
173.1377940936943
177.1534804923653
172.1991893497687
175.06692268479
170.3323487402497
174.1291534037138
171.0949005547136
173.0141850616582
175.2284391503779
170.2104201535472
173.410049344943
175.0991568464627
175.1937788433629
169.1128412220023
172.1181383032508
172.4054991936317
174.1408659721831
169.7104073999166
173.1006902303227
175.1360593059134
173.2144081732586
171.008909589474
184.0403997084536
178.1996156911457
173.0048615315519
182.0737255521859
171.1253083410639
174.3953405584758
171.0533397572495
172.0751335465283
181.0327552007709
181.0169191505065
168.1935763584453
171.0543494521507
176.0511180183347
173.4843860247032
172.1265333394891
177.1189476883906
175.3801792549247
174.3357193055216
178.2602946158722
174.22073165221
176.1494130633678
183.3974164852285
174.410963023051
178.116837253382
174.7175879680859
175.0183699823887
173.1912909297882
182.5119557085215
174.3760977157687
175.4431904381958
170.1179071737923
179.0343789696082
174.5113546882531
176.0817929488747
176.3282977314325
176.3500713008513
172.0092336655287
174.3108039401822
173.0199555306411
169.1451842776402
175.1474437805343
172.5751764338887
174.0907695964341
175.1036890718659
177.8395716695755
173.1408870479
169.2851736454268
170.9356819668936
170.0047101005518
179.8520703189185
178.4835076863244
175.1233455241715
172.1059333178932
173.2265013507223
173.1956367447279
176.0595312857952
178.2913348837783
178.2893925967512
180.0927541189923
170.7622505020148
175.3832797219564
182.2838390525143
175.0729568654163
179.2743739698231
172.7401705191188
178.4793953537622
177.3051426800807
173.3100792200583
174.4621343838828
173.2463691599389
177.751274623171
175.1063041773279
172.1657027151248
175.6178486771398
173.0414758399434
172.1064334945734
172.016088173741
184.4145187873641
171.2188862143299
171.1695666258499
171.4260817312081
175.2639183872516
176.1349627791406
172.5203049023904
172.5602073593277
175.311184720362
172.1309785110801
171.4620602186944
173.1401100785685
179.1720352983272
171.0504986056393
174.510806288214
175.0171519512687
174.0357792928788
177.1076553718425
175.5200736589962
173.1254633200452
177.317505004427
169.1938863861802
177.5291530136965
178.0155375763626
177.1180506796695
175.3567496123
174.2552882570611
171.018566286923
176.3204983819476
179.2435188352413
175.9643655018111
174.4969005591834
175.2290819269133
180.7610997474054
174.4961288316789
171.1210481749425
171.0936446584823
172.1745561354208
172.6317140549926
168.1869718099033
172.2276282057088
173.093656794547
174.5810777268526
176.65698190858
177.0763722946325
178.4974124196676
170.1661793333027
175.3473139641648
174.6368107679651
174.0668096787848
172.3185947994921
168.0435140132418
171.3288404804539
173.2309531917367
170.8149174600392
174.091345827745
178.3503489724401
176.2946987193182
177.0268030933097
176.8113364001116
172.6876826051894
176.3669206835889
173.2683839141683
169.0864881185585
174.3060523627649
176.1820614398705
178.8195119611188
170.192101073337
179.1897621230684
172.2279076705834
174.1852705605227
177.5233126436696
179.3806839336706
175.3434910757874
171.0655024228758
172.0073950907562
173.5834638061999
168.296513936884
171.9341089774585
169.1766643937841
175.2056864323539
175.1782451773829
170.4422824537958
174.2313111976783
174.1920545589346
170.2092491184786
173.793235189557
171.1890905582715
170.5893111706517
172.3477365918013
178.6083056419493
177.2336926316265
175.4793258461989
178.0673412803422
171.3122093391213
174.001454609055
173.9654037573151
174.0148899806826
174.2599398110976
176.0868068447615
174.3611524108107
183.0445677684527
171.0680801442993
174.063087206995
178.3457508871049
176.428964695577
174.0422934392776
179.0375585062618
171.067951846692
181.3280699750957
170.0644967556627
174.1153654169183
177.4747334934287
173.1549764976696
170.4168032376349
177.2634193295447
174.257164726326
170.3504402843673
174.4779241549738
174.1206304450548
173.4377827658058
179.1200335567872
171.1981114776367
170.2861967202143
175.433663818292
175.2721270978645
181.4288125209783
175.5701273301835
172.0347641484733
178.5632524976352
177.0444092743741
180.0342924126928
176.2385126038272
174.2447474129734
176.1906700925493
171.4918578529114
172.3914282405331
173.5323409849104
171.0738658898733
170.9029750476444
175.2921404113979
173.7510527171365
170.1372479888365
170.1044638325862
177.0176679059843
172.0449597088209
178.6679100571787
173.2516980602062
171.9093172567432
172.5885759881745
177.2041165767833
170.3581912088041
174.1825866250931
174.0138401843267
171.0163783426477
175.9808735694114
176.3346645040247
180.2770283306059
172.1229054675549
174.1444045884653
173.6208056348115
174.6400604493513
178.2907693583168
170.3301209399579
170.4464065860523
169.3534182627027
185.0531474136596
172.2919085809247
172.0170674190836
174.0461007971792
172.0023137023662
174.2785111627974
173.0925157638425
182.0592001459408
173.1755863500029
177.7187442234517
172.0845743872401
172.5360239535049
174.0355177582814
178.5740405524326
169.2508103670297
172.192595185406
169.0768482965209
178.1167702783788
177.4170207711619
183.0568007416939
172.3475494950665
175.1321037975078
171.0042401440445
172.1747134522295
179.311346559336
172.1802854395731
172.6866552218391
172.7684262943237
182.5522833977134
172.0046243780807
181.0761079102489
171.0168924045144
179.2065567570134
178.0656057170625
175.2204630781494
173.4025493577169
170.0194914833308
176.1885168488077
173.707970330973
170.0204840803883
172.9833285257806
174.0355676214025
171.2454670915394
176.1629259407056
175.2211240074018
176.5014478517351
171.0809872908684
180.3523488859653
170.1668015769783
170.5174778420026
183.3263307223063
172.2329177597379
173.028708242431
172.7931180985202
172.0381383875135
176.1622670091051
172.2631652953663
171.520616373147
172.0896527375856
173.3402777773144
173.2007088640483
173.1726274721719
175.0898021269964
175.380122692994
176.4946751967557
174.249641668989
171.4034762820192
175.9655691707082
181.5103810520553
174.222875663992
172.8385920247369
176.2923773061932
173.1621102618989
172.1458539151769
174.1147309403776
175.8787330149983
179.049807738301
171.0153157115666
179.1235426670234
176.0953516722869
171.1301551318547
174.1866394632181
173.3732921965846
177.6074569673456
173.2049655993393
181.5312708116281
176.1992412433337
177.1914450950082
172.3019766180868
176.1993902350401
170.3813198717669
170.001609434315
174.3028475455507
182.0369866666045
174.8086688938358
171.2347604475687
172.1705533378024
171.4529746604316
174.2372953756584
175.7424384546318
173.6219756937159
177.0197371607285
176.1078643195429
179.2120105436865
174.1234123369258
174.2552977195605
172.219424879149
174.3373693026436
174.1355140229739
171.2807637760709
175.0545919586163
173.1388133180929
173.439852730567
175.1057087442271
173.0875999019627
173.0535889920387
178.1185636393113
176.3579904614261
175.2382392283413
177.0204246557236
173.0122283987111
176.1176410386562
170.9289285482531
171.3479365529434
168.1779317784123
173.53151255187
179.7089809411984
179.4374205345125
171.1409859207351
180.4132087656056
174.1975825640188
180.0035581108974
173.0627598734541
170.2068602481261
176.6214438215075
172.0065857808363
170.3311396168345
179.2183149254039
170.1026350297461
170.7934791230314
173.2649022396182
175.3847541081646
172.0487894346697
176.4268683715643
169.0655156926793
177.7337908454265
171.1683373526782
171.1409318515036
175.5625109470578
179.2887537200844
172.0070217601997
172.1676661709223
179.3417101175416
172.3120164928569
174.0823930602173
172.2117908362695
181.0890228198467
173.1654774217893
171.0836043320657
170.7894501780455
172.5220085921661
174.308500320998
173.0420590528076
176.078042502935
176.855963636683
175.1218464845914
172.1870930857895
176.688288641536
176.0734082474663
173.173662913043
172.0641583921931
176.4577179210607
174.4275071186105
171.2547467824015
176.027174677786
171.2112987663473
174.0077269152476
174.4987370934876
169.1343518399427
170.2283130967288
177.1514678767023
176.1811184021111
174.4275884623263
181.366082658388
176.1912059473689
172.1338302864584
174.1095117149274
174.4300234914907
179.2678740267231
177.2983601068798
176.1067317449056
172.170356694527
173.2701890127945
176.1066797695965
174.1237932886939
172.0209073509683
177.0572803485493
175.0193472047682
172.7227370416186
175.4171983912581
172.1137808589418
172.3273648134371
173.6020865684836
174.5050634063148
171.1099248241908
175.1827521470861
171.3356746861946
170.113732882923
174.1934063275521
172.1103778972431
177.3116191406256
173.128283024042
172.0649478936581
177.733174010741
181.424024263628
173.1671136825801
177.5428550861597
176.4903334957006
179.1340150308399
171.1369494430361
