98.08064023531186
100.3525655770705
98.34135758884925
100.2012467621573
98.11557017620284
100.20565328708
100.1096673888082
101.084011981957
98.02486231758691
98.3698594577952
101.2451107743915
100.2617167995585
99.02829678257542
100.0258405120868
98.50047992907014
99.22944163134356
98.20009230564915
98.01412739216316
98.14668210366233
98.19365839350885
98.47764672358424
100.2550418201042
98.0890650087784
99.21847839892703
99.35298705277036
99.99730894131798
98.34973756186555
100.0885968037213
100.2634972705308
100.5002121770382
99.15446165659148
98.10482023516559
99.64457252387822
98.71892134075989
98.4176197656737
100.3190729473852
98.46113825679467
100.7020901646858
100.1178441620884
98.31007665802802
98.3110785981857
98.46084505812006
99.42174432955755
98.1617519132772
100.0489505893903
98.11099509047907
98.09979530312202
100.0671657037268
99.04415695700662
98.24706937772935
98.64290098340643
98.53426034179556
102.3655811161662
99.2976851861877
98.48645533022778
98.26702825253717
100.1916837260644
101.8919005571437
100.1900281328057
98.0558121587586
99.04429644175042
98.41923531145842
99.23442925157407
100.1335852172987
98.80818141863199
99.56737871100039
98.07701057033124
101.5190266352127
100.1308841258197
98.47372736161036
99.3808378639205
102.0263812698687
98.18562041957675
100.0759131540999
98.19416887778222
99.21825529538401
99.84882320245313
98.2719086911519
98.29676172883624
98.18496591424439
98.27767533048544
100.0814690743568
98.29002850259783
98.73630513033984
98.21378162478969
100.3567200694944
98.13952575759762
98.49293242964019
98.89963218224692
100.3741771927015
98.11233798347317
100.0846860497528
100.1371030827699
100.2296482575353
98.45044653817732
98.04609324270137
98.15958141247764
98.40837339989773
100.1782446478421
99.35492884256988
99.24372696005335
99.83017337419975
102.3505251230699
101.1820806718082
98.27337485102014
98.00438970318942
100.1795508923481
98.71503017529116
100.032102277576
98.00423317202707
98.00252964493
98.97555246846994
100.3173227085448
100.9574239615506
99.35545458773433
98.23418795512261
99.21802786439127
98.35075348920218
98.03322134571683
98.23253187980248
100.2465651270227
100.7313292543227
98.36297927516239
101.2042706800976
100.3178948142082
98.11542106222862
98.4947019706946
99.2669474635963
98.41686955942923
98.46741465478063
98.03586017543608
98.29375776471574
99.4575397264238
100.4211097585601
98.3422555185676
98.02700804489629
100.2156171961843
98.5042128033138
98.00372565714021
98.16778436924817
99.25339131926683
98.32241129190592
100.1458718105642
98.0698608292408
98.357974221755
98.26057226364563
99.74121716567952
100.1378228550015
99.10948079670723
98.01891536628533
98.05783352116859
100.0141321930465
100.4449521853913
98.799395673697
98.22894179469915
99.45840692821531
100.2294104609999
100.0989079765984
98.12272036023622
100.6424269158505
102.1820217584841
100.0922907687264
98.87582648784633
102.4302981019257
98.54192456306151
101.3930274378039
98.51442334364772
98.51705000790294
101.0205916431563
100.0533961227695
98.0608414438066
100.5795298191595
100.2095880815675
99.5443373965583
98.57201986295318
100.5257492323381
98.0904422747016
99.0649706450847
98.06416430032252
100.2752627200412
100.089662030435
99.39385426889442
98.35905225688805
98.16968855659819
98.1359746099326
99.33025921233701
100.6511950096455
98.05163555519589
98.5153802219785
99.36157216737499
100.0225992163525
98.54592045143924
99.07634633282484
99.80063995765306
98.02921021360972
98.38766549089209
98.2081046389301
100.0202868794171
100.364628406874
98.13702430167241
100.5531645600176
100.0334848969805
98.1409809860522
98.19458874828157
98.16707147035825
100.5899946874867
98.25735411742478
98.03187427293112
98.07722875156915
98.03409807030273
98.06705074139961
99.15699146061661
98.09932601709494
100.1705863415763
99.2026326347808
100.2777371419368
98.19471700636028
98.41784833299722
98.27516655293535
98.23746496673988
101.4075017289925
98.18717184195813
102.1590724554298
98.24009573698392
102.4560193997217
98.2205066362662
99.0560476303112
101.2983357202509
98.42807535185756
98.06234335593226
98.04347801143577
99.00958304677879
100.1177874863673
98.2659586028676
99.10353615201991
98.37823231802471
98.48592737492385
98.3268538728239
98.1957060689796
98.90986941242791
98.53855779435662
98.41334365866821
100.1224728972274
100.285673402488
99.47242287427537
100.3773655374789
98.30546630445399
98.07864726659791
100.7883109383807
98.012234857972
99.03847299522685
98.17472849640293
98.24552586793088
98.1748807522451
100.0143090387945
98.06323418580969
98.9347103628406
98.09659121165103
98.1563109974743
98.12373485432018
98.76267673643319
98.37594368366621
98.03969272906474
99.92135041779238
98.1078373117444
98.58791451181595
99.13303690132379
99.09816552954598
100.1661131918827
98.4476202110146
100.111246196593
100.1869302551526
98.1418667512621
99.1557123967279
98.27659050985396
100.1896210022914
98.38173990509142
100.4048562277055
100.2319168803685
100.1195033532102
103.4089308148095
100.03421483502
98.53391459541055
100.3929297249164
98.23691636171054
98.15205914011591
98.3656058887859
99.64068514143096
100.6649722080139
99.26187151857874
101.1099933107324
98.4774366474824
100.1779733573222
98.20724051447557
98.57960356482079
100.2387741208936
100.360612547644
100.3616861705828
100.210988262238
100.0760499447053
98.22799229335926
99.16106013021846
98.17154888370898
98.84815054282662
99.31709371552328
100.6416515098737
98.68312679901697
98.30945426768956
101.0974877973633
98.80215461565555
100.2417231746476
99.20663059068359
98.17838263367032
100.4072483415358
100.0294054537775
98.23577752238022
100.1082891285979
100.1585972384215
100.8964588773914
98.22128351090363
100.1238987593249
98.75719331606665
98.52973197739028
99.3060873771553
98.12528398402087
98.3263377036057
98.10471674682509
98.02321333124334
100.0241490010042
100.448845336213
99.21289715411343
100.04764805144
98.11663432385036
99.36378551950263
101.0083161902566
100.7643214016481
98.22723903967177
98.3772104950509
100.5246546675583
101.0365021948288
100.2872815797917
100.1214419441563
98.58553422543119
100.4255288796895
99.36124559025588
98.0698004453379
101.1184907777264
98.49546717081931
100.0018571494668
99.1420022026211
99.37364371623066
98.91239290667727
99.0032282479254
99.12849648400145
98.14282160113588
98.04118553644912
100.1388635686245
98.27651709658154
99.16077125054501
99.23677683190914
98.25441778901151
101.4302502435135
99.00089624619363
98.64652044612644
98.0916436692529
98.18941582223447
99.55618615009854
98.45152314788373
100.0428266926108
98.32407123163222
100.1543770810431
98.305971791309
98.12711820071804
98.75671427406894
100.2193415254888
100.2463926973195
98.00963297342004
99.07034558650199
98.11818724847785
101.2648423182185
99.25030258152276
98.51490292785029
99.13896700544427
98.00712859959881
98.34537728396977
100.7207573395444
100.346866634458
98.2050946337225
100.0545001806555
98.13002508689502
98.4536283203364
98.23680912165325
98.26812926856724
99.30059011365911
98.127640604903
98.57642820631615
98.06664823359249
100.2288105783878
100.1719212849707
98.20604937304094
99.0423277451444
99.35390789129698
101.5055431987217
99.00890424631352
100.4780395837287
99.09270456481887
99.41633207151968
98.49680255195256
98.23001658664751
98.00017153551057
99.98124658337146
100.3020858280788
98.11311895694907
98.20356801122169
98.69396970844144
99.4350138722024
98.30388369007399
98.06215628029233
98.50848004066205
98.85038891231011
98.37892752441738
98.36204926241392
98.03798528558644
100.3661392189765
100.0052019701757
98.10558577082533
101.3769855907151
101.24085095457
99.78723334836293
98.5401763479132
98.0090071193358
98.1147234403013
99.39207643585216
98.10744356370336
98.7974440411375
98.14729837751362
98.33566677286743
101.3873854407587
99.39329635222441
100.0957016872722
100.343392255774
98.00766352247543
98.1318269027311
99.73500016692161
99.39441267668546
100.2513862221541
98.09623957095882
99.43576090929791
100.1893250262145
98.87292553348031
99.4569774743117
98.4232090598783
100.8166844640871
98.5796938094521
98.24003805781878
99.3454994996918
98.0043270078181
98.51907275233214
98.23036739135703
98.91629603039596
100.4629294869479
98.08106089497824
99.36587942705894
98.49525011798285
98.00143577250968
99.07813235567001
98.14577589147079
100.082421636349
100.4242121741211
98.128639512576
98.40303703518411
100.003708672486
99.15203231168516
98.82484080744663
100.3340839087822
98.17463152361653
98.31522495325596
98.08134446605457
100.1805842423344
98.63885410216378
101.4069987003057
99.73176604203385
98.2176389914539
99.20613163253533
100.263092051935
98.35607999601221
98.02656035208366
98.09300390912749
98.87121993264296
100.7719723534848
98.22506661732997
99.04875361567946
98.85153771788977
99.1764504544727
99.2150187745423
101.5338004116552
101.0080287445463
98.0938561246089
98.36049403329834
101.0999638725555
98.37222589657316
98.06541376088406
98.38644888972782
98.29397958294798
98.27077066916384
100.0386066198011
99.18292426169518
100.1887514706895
102.1346022947392
98.77988262194899
101.1535541095625
98.02703517859013
98.22458151549104
100.0083004897914
98.08264086946323
99.9600192667931
98.22732928451384
98.04504844389824
98.14342307763019
98.2548479105113
99.15638005210789
98.1576966619318
100.2865094153088
98.25828507804633
98.07904571128635
100.2897958935921
101.0266665227598
100.2104540291487
98.22452805069152
99.51039625878212
99.31245900244089
98.14282733255182
98.12445363831151
98.13799877766701
98.1263389218756
98.66275581641949
98.1546679598915
100.0441767950155
100.1100872443812
98.1911678144328
100.1496726175269
100.1142030341161
99.37433275810093
98.00595608813657
98.03202526529826
98.17489497421904
101.1567331950532
100.1194690763498
98.38071583997551
102.2071135041113
98.90154605848066
98.44986629696959
100.6973246396847
100.0164825644825
100.476937745001
98.07399311510652
100.0005171679523
101.1760806198797
100.0247185093219
101.2021745572028
101.1300945833169
98.09457278971675
98.07278194433408
99.43936164767769
98.01412298484047
98.16152192348096
98.05064558621709
98.0703199240616
99.62244354734192
98.34190838967811
99.61610631284988
101.1499460829152
98.17752373293584
99.76523412695202
98.21004933679828
98.111842377305
98.2269277394332
98.33782386383638
98.15132554498851
98.2312797268437
98.53823877968338
98.02952883062615
98.03200792794154
100.2666570448858
99.324344134586
101.4064059894215
99.5005671011284
100.0545439033737
100.2105709711456
98.11130729173848
98.16166307594897
98.07658542419264
99.25876953828664
99.36927342692384
99.30075189954827
100.248671683644
98.77173450248146
98.1388423254574
98.01718653083663
100.0016069416631
98.0158258239432
100.4260506196272
98.45851721935098
98.65270335222417
100.1221687614115
98.48731589855005
99.19656645456185
98.18871893685505
100.0633755332361
98.94132363697983
98.55414435829508
98.21049892682547
98.13936194054655
98.62471345226672
100.3213315698878
98.11907230116466
98.32276841447008
98.08090756679938
98.96984611747243
98.02737642256794
98.31311297037053
99.1583758148718
98.97095725355759
99.22375411188465
98.21529924577092
101.9100955727522
99.50725750955958
99.02547488743305
99.35792313838968
101.3473061317766
100.1077927010615
102.2209810886058
98.06512310706206
98.05490349812656
98.74691402036633
99.4872511748693
99.3018110885572
100.0744228275962
98.20368941234197
98.10641221606345
98.65812149382674
100.4577461218759
100.0560707334822
98.79180382191396
98.07206039885807
98.42178372721202
100.2435756307439
99.18806805420526
98.0182701654997
98.60011050542647
99.17768293327094
98.21581113519431
98.9792198329228
98.06028066014237
98.10976348063953
99.15131459690889
98.89803858131116
98.94668218245414
98.46186815403813
99.16207345340484
101.1446936975005
98.61871474060545
98.07511484308326
98.35374348648612
99.29508931025602
100.152986442335
100.1215182367861
98.09613953419402
98.14630561962784
100.0632753997929
100.4531660672077
98.49226034709056
98.52441968538201
100.1369088551541
98.41194589810598
99.41177316858649
99.55434504006266
100.6983277351171
100.0229050812645
98.36522591211634
99.50713132303244
98.2068574922298
98.03497763569037
98.23609471183107
98.0675899894188
99.0838379223147
99.08424324151832
98.3211782676211
98.01122475298075
98.24554643496614
98.07786012098703
98.08351299371405
98.10197176079696
98.11140951119889
100.2918797452694
100.1351830603848
98.02649026383394
100.2929921210559
98.06852938876023
98.05666904366362
102.0898126342497
98.06873536796493
98.00336713418531
98.41396363578136
98.28496352647639
98.08209800123593
98.81388120690605
100.0579767354646
98.32468686345486
98.11369768221032
98.71765841632231
98.39720574369008
98.90768084075876
100.4651890128937
100.0027337151333
100.2706343206115
98.34296851313552
98.41836160209394
100.560986433244
98.12395690195909
98.64990992343448
98.48930544444889
99.2242736419716
98.54847708115267
98.74202157804179
99.09134720130979
98.17052469286878
99.84515789061533
98.38943106482478
100.1520343639339
98.1120551902003
100.8351955055328
100.368692734473
98.35843961133476
99.91650513673102
98.53162832951678
100.2699392218882
98.56731864174739
98.12831355636851
102.2833788492082
100.0237270167678
100.0856414073006
98.32659122419608
99.75211454039086
99.13269023527033
100.0416189595073
99.01436155570974
98.14763948211873
98.06684605642938
99.0148017841848
99.30864900113878
98.16799226690911
98.49139680683196
98.2376814710177
99.63665490280215
98.2405145915342
99.15789871292989
98.2214240959965
98.10097292983608
98.36120761243747
98.01610967773658
99.34877757018172
98.10256400960944
100.1441152674001
100.2918899809654
100.122416207868
99.26230359112796
98.72800992943075
100.5369388482929
98.26673021657595
98.40942351042256
99.01829852113352
98.24015829267431
99.20257383943381
100.4466340474367
98.70441707564441
98.04558733451023
100.0349043915598
99.07073241206442
100.6073888789535
100.682394200091
100.3498099145008
99.16614735522776
99.80079553843059
100.2383774943586
100.0863172389227
100.0558385639157
98.30003522799232
98.04638037597836
98.0536151806198
98.17785523153799
98.90367065234264
100.0009105338653
98.06499276354839
98.2871550831625
98.10766302561993
98.21840729194165
98.50553862732343
100.1390795236138
99.2744026744494
100.2523457231974
101.2406523796017
101.3022350909441
98.30709832784093
98.56013517617897
100.7542963598737
98.06489438724529
98.42631874647333
99.07454970417069
98.55997862110226
98.21468694199308
98.44383981110795
99.07339354265702
98.15797354805495
100.0178283543717
98.06522978989472
98.16002816417175
98.24200998252608
98.1266694210984
99.06237772935489
98.30183667068579
99.10754995630622
98.21667916526523
98.34966570241556
98.00906480421445
99.48720466391212
98.01975570145821
98.29677835807554
98.4932840465915
98.17229916775293
100.3601150147099
100.1162283592777
98.0980835916331
98.37724910959224
98.19218561780934
98.4037696589485
98.10570277095938
99.04455411109392
98.5613446934598
98.05306654746232
99.01327754301646
99.84698333209838
98.03240395180526
98.23314233250687
98.03346891841608
99.42270363888196
98.19763301711352
99.07801793076645
98.49516452279728
100.1042195954698
99.1176152982671
98.19703310369876
98.62025178240648
99.27337227785276
99.31767655345081
101.1532160798368
100.0673611900862
99.18793238734223
98.4084127787326
98.01721051911143
100.257397055189
98.963639823844
98.18897097906816
98.26239138755136
98.03405558457386
98.20636831265165
98.14929305677128
98.23619566009218
98.0640754449405
101.3039949054365
100.0690169292598
98.1452434454209
98.15662526380164
99.18773546307068
99.21964958163622
98.29128125761736
100.0686398957644
98.07251820359156
98.16276413130909
98.3625814464694
99.24262351266655
98.0285515857518
98.01412962252024
99.11406723072888
100.0105304690001
98.39446540049971
98.03007615217375
100.2125053473856
98.16216565607007
99.1252922959729
98.72389320357493
98.61043153154927
98.56858920008195
100.7106303365855
100.5372118129371
100.0324145001557
98.1271134169476
98.1895234633969
99.5192752371524
100.0323581478955
98.09376615309658
100.3259581883878
100.033375905145
98.15569546566563
98.35069565157747
98.50738049359963
98.04238747089038
100.0996616441325
100.3787982065332
98.57793917256257
98.25968456997212
98.66624338851703
99.14878136315295
98.56691069927976
98.05471246365083
98.4806926616464
100.2884850658082
99.53372296874518
98.18615127394933
98.24075361203916
100.1114708528289
98.02163415890637
98.22827371164965
98.03948604593654
102.0264637141266
100.604425929595
98.77401244421141
100.1196305295409
98.24683908825072
99.28822072915317
98.1873826614541
100.0114484228006
98.19082086028664
100.3998874133815
98.37207946421016
98.27542515162972
98.15224521997675
98.04726170221433
98.16492181129678
98.09880448846816
98.29481156255834
98.32324487971445
100.3155488868375
98.19459835443361
98.72984306140361
100.0540876103496
100.5217608104203
98.02341581017949
98.15806505008887
98.00389778589958
98.39025380854747
100.1743451243833
100.464051071435
100.3494183282387
100.1354712212056
100.2521760106899
98.91860834116531
99.0714452298146
99.27928361572606
101.1414385573246
101.2145182529929
98.03650352250752
98.09387125366986
98.06684870253662
98.31079778217924
98.95756274126488
98.0377559599588
100.5622080888817
99.17280855040069
100.3945632312093
98.12222048960587
100.1722758752404
100.4151305417487
99.11303319344236
98.18929612802492
99.13478609303652
99.00551601036842
100.7290532212369
98.00230567169244
98.16275979433273
98.01166765995889
98.10555149803997
99.03599795390807
101.0320605543365
98.0145592738978
99.22033450532518
99.64954215590932
101.6667361543945
98.49833874816828
98.40171770143209
98.28043775250009
99.18729351530445
99.30526089095451
98.45184641676818
98.70748238876348
101.7013849906408
99.20999072500963
100.4780716817575
98.42120921046335
98.20381214847
98.40253805328943
101.1465674454349
98.84552380199776
98.51527952191977
102.1153401371298
98.40236894650332
98.36947296134588
98.15056021259656
99.0099052646079
98.26112858859544
98.65869370285046
98.25389632730987
98.0742193574318
98.02572204063571
98.29672528499314
98.45777302184243
98.3244195827623
98.06863399540458
98.40437223467576
98.00126443716753
100.8603545365528
98.22352279426796
100.118970191412
98.11331495790259
100.1167272493013
98.1803295445549
98.3998301416985
99.0246957730662
100.7408370622249
98.08203908135766
99.19465256099743
98.32035066845778
101.2738628005817
99.0404161223034
100.4248174258748
100.4121873965768
98.65297693418549
98.02525559272374
100.0480208191512
98.13131234921566
98.03354924670305
98.07950893410967
98.19668197538812
98.51827091278399
100.0110520022729
98.16137437614475
98.32470057568113
100.4664824511915
100.0729504568023
98.31227695318353
100.0951578406088
98.06698836538587
98.05522871124938
98.00010975906959
99.38279024494278
98.22223339358659
98.30745211374997
98.3698905075769
98.17822110002409
98.1966479410313
98.23221771708891
98.45371416594591
98.10310071144015
99.561850805388
98.24198665409523
98.42991049167843
98.16528171548028
98.37037626479587
98.37659970260094
99.15806471099891
98.09855148949696
99.34228435780837
98.26638045420168
98.48625887248623
98.54250669457743
98.3420401666889
98.355871298569
98.74030059119664
98.54181380110546
101.232098988005
98.15936811126893
100.2508462645959
100.2651582897878
98.03459706566589
98.22506043587171
98.06113076955457
98.08092238930102
98.27188606294507
98.33352043840397
98.33807480095773
98.2617023068516
98.4775135352709
98.09288341635477
101.3284052349319
98.41984712501363
100.2747473324822
98.05363484659965
100.4557023231983
99.69522652126386
98.04243334713571
98.02441539664102
98.05482561295263
100.0491738060738
99.73811470691318
98.6293059945546
98.17431094634567
100.0266902319426
98.15329823085045
98.02764836764464
98.36808550471588
98.06164699478909
100.0840953367205
99.65999151963061
100.0461653802231
98.65664930967137
102.102737455097
100.0748361006033
98.2267084607626
98.0236578542363
98.44754316165614
98.90933815761178
99.07112729050124
101.1816271205774
98.41255083038642
100.5950252964572
99.22376137891523
98.65200215667772
98.35116494510169
99.04848065852154
98.67645071030296
98.17317634846064
98.09854709788458
98.11161089600847
99.42444299032148
98.25541177221406
98.5901738313884
99.12006794873744
98.66928287376514
98.03525842591678
98.03715006555996
98.11390875291751
98.2992323611122
101.7358041934641
100.3485962805344
99.08740807057828
100.4972399188112
98.80705252606609
98.13444678493934
100.7981530702797
100.0979478628839
98.06863999668444
98.78983498163933
100.0039534235762
100.1447610509906
98.51155572106718
98.38782859977478
98.04585669904074
98.06503462797713
100.5513362811721
100.0130354489195
98.13127777494675
100.0113749052921
98.10618385529462
98.1417376343957
99.09033513011731
99.51819172649533
98.14216846709208
98.0266103654512
98.34653063073488
98.80805232773172
98.16847562731056
99.51282161403718
99.01216876910935
99.15659553653894
100.0913292309672
98.61935812780575
98.28944597384353
101.4879193381469
100.1340101347761
98.15595827797038
98.02294820640104
100.3638711513903
100.5314109908813
101.3626688956189
100.5212686123888
98.42397640740118
101.0839283785781
98.16585383906882
100.1621552003737
99.29947680440578
100.4931547910957
99.31907192248019
98.109662705083
99.62806266160553
98.57301799527727
101.4119568545852
98.11443278222889
98.88388965451082
98.00534707515082
100.0080357666651
100.1037406752483
98.18277120799836
98.00423635904279
98.05117248309979
99.71379759851922
100.0298118456661
98.36261071972459
100.2665920154033
98.1933083090642
100.7030570203506
98.10462628620017
98.18135588460385
99.02572495676515
98.2421781717341
99.23001532201266
100.2651783393582
98.08025390709099
99.04995133206491
98.33474027730804
98.37614094155894
98.15407311850896
98.1815448380668
98.19614235719642
98.27381185537128
98.07275914453825
100.5012964646751
98.14870075854628
98.02656588735425
98.21607694322181
98.16493473370056
100.872164711727
98.01718367557008
98.1983183075253
99.1459592325402
98.49585631018529
98.26228069792586
100.0563914259541
100.1020344304387
98.57215543007024
99.12120904099389
99.4387032416607
98.00305300613144
99.03427962163367
98.76981481910389
98.02836785332018
98.04460828619847
98.12990960993427
98.03187744263445
101.5958694958598
101.1803297532093
98.75199528514993
99.0168473455461
98.09026649729857
100.0475331978994
100.275669018257
100.015572339738
98.10382056450113
98.80886163840093
99.12573911309647
98.02249355103237
99.29309426061386
98.08207334043786
98.49091269647849
98.0044914699267
98.16739493805069
100.0000540480621
98.07366211283045
100.5179121979376
99.05237710808157
100.0682139830342
98.79386146563262
98.0631363197492
100.4426380977446
98.28532989930828
99.1265993910969
100.4625410889858
98.41609743841047
98.2138587403685
98.46000305802119
98.26649263801679
99.32691789377384
98.93364987981303
98.38665177768087
98.44160119416983
100.3769431086706
98.49843076941195
98.08610092326072
98.05271129725227
100.0555149612202
98.87888952454837
98.85296431805133
102.0598932916807
98.70431014880643
98.09199100747284
100.1579990898168
98.1708078317506
102.6546562189846
98.09618669380158
100.1346901690053
98.22066793636174
98.40093823031553
100.0811799612028
99.50978856920466
100.4867428633955
99.44433993104755
100.0167206214818
98.23281015932267
99.05036906914319
100.0156825765458
100.1768008172565
100.0853491828679
100.2661886768378
98.63286587927962
98.37169030459873
98.8412188712578
101.1891518325574
100.0334580679359
100.9986414197745
98.62377083202978
100.2276151543384
98.31858014475726
100.5451556580092
98.09380076209686
98.07597042592413
98.55742887092336
98.2522841120141
98.34438414450277
98.36824551955578
101.007530253241
99.3399846895541
99.16703691205034
99.14636460939126
98.52299854774486
99.63280534696605
98.41728919110258
98.48472119204708
100.5123478852259
101.0467272960957
99.14777990738283
98.2598614790461
100.2471973778149
98.12692369327728
98.13212592558334
100.4594906602621
100.2381135483613
99.8244375423688
98.08604230679438
98.78556065978182
100.3607197897416
98.16058682898013
99.23756688144432
98.38684850518379
100.1790773200395
99.42537951203418
98.01538396489076
101.362335569175
98.79141610215721
98.24544318295406
99.35365278435363
99.27253166389738
100.3185186491764
98.15387754401385
99.2578107317153
98.43884084785503
99.47288382327713
99.06474240043849
98.31543128067577
100.2722768853796
100.027050116506
98.5997464351314
101.4375707455423
98.18693051921466
98.3900973912967
98.15394939451276
98.07107702141447
98.29983682955651
98.18781324186143
100.1946474829988
98.9409249456079
101.1550633304072
98.34820062924375
98.19737915472949
99.00433074732373
98.30974101153413
98.45039415376174
98.18720190361798
99.04489153586532
98.0777234892454
100.6490092376825
98.02238119117891
98.29416500695567
98.7511173270711
98.06454961124057
98.46139104081585
100.1844133413536
98.6884936836765
100.0382171513408
98.88628113549751
99.29249988443651
99.1151237515376
101.1742524575875
98.05022363433194
98.05405010721226
100.3687858237833
98.3738900092226
98.66257463629215
98.05575975447775
99.280646357646
98.138719401785
98.34844554347232
98.27324312063095
98.0091411702086
100.4518536524819
100.0822202862976
101.1896630002607
98.2179860188306
98.52289922764336
98.37407892771365
99.2744660347052
100.1309677051315
100.4699605779851
98.00960604524639
99.77774841407755
98.37760423516907
100.4894875298413
98.35686566693282
98.69427573946115
98.01314368196854
100.4423551937631
98.70168149844643
99.63666665136516
98.39892114079736
100.0459116379263
99.41761630042083
98.44715740562684
100.0109739934867
98.20393234797132
98.14383342711726
98.2360389213119
98.19822619490874
98.36710562847611
99.0197638746509
98.62706225480277
100.0072931662698
98.2471344223729
100.1590846121637
99.25143884577817
99.15611952517483
101.046659221167
98.12519661253896
98.47365825421379
100.0624459926653
98.17479882529803
98.66919050847935
98.0286316334722
100.128519183253
98.22197697002282
98.00853478021641
98.01841118653121
98.21146915579592
99.46449145714031
98.63480443427532
100.7188144084056
99.95883868623015
100.7572064113605
98.4144044787687
98.34490258418225
98.0600431863979
98.0258986006971
99.53117117331159
98.68533281558011
99.63397912033841
98.17640040826852
100.3214974594574
98.01189676768757
101.2144451300413
98.44199393265363
98.64530389456806
98.01113320424943
98.01772636017118
99.14079065371445
99.52640885603016
99.29147743358591
98.10096807164416
100.7095587903812
99.49345828815679
99.84381185109926
99.05039531219713
98.10343345033722
100.4029869602264
98.60361558108384
98.69456559169575
99.06816161368937
98.04685556570419
99.08949300104406
98.13745602497379
98.59308951383044
98.20022535602995
100.2161092294974
100.2022243165955
99.31574303915181
100.1641279921809
98.12881016881727
98.49609152966032
98.11809017563037
98.28850091070917
100.8308227888842
98.17236598858584
99.72837892144017
99.03247398177662
98.7054815851406
98.1097154567149
98.182969995631
98.03404225114625
98.1277346872051
98.77932107833136
98.13065546947811
98.10522582467436
100.4734576289356
98.24555193267324
98.03019593985454
98.0456052316536
98.07470459515719
102.0257111966162
98.11203270949767
100.5806340656602
98.08908520454025
100.5128943001579
101.046754257426
100.6410941327481
99.11317603318442
98.00580556738875
98.26644783325051
98.13892482808679
99.15440479621705
100.5871978448964
98.04223757416905
98.05776725285055
100.0701883105783
98.12452000520669
98.31476890481127
99.06060878397925
100.6146655414481
98.18420679064623
100.4015376980537
99.26264448459217
98.34575016942173
98.05096864857043
98.00158451505281
100.5241720540875
100.4201808100167
98.38235523333424
98.07470742531059
102.0245167935451
100.2841709207886
98.07076123415352
99.12192593938119
99.10447383766962
101.3418343888346
99.02794446142063
98.0366596261597
100.1428751963229
99.03270360483722
101.3121623748559
98.01399226527491
98.33104318036001
98.0666111395701
99.01563999219886
98.66225090986408
99.1076246090627
100.0843721094598
102.0415372230228
99.9677093470306
98.14556997601662
98.14388060488942
98.16899205803888
99.15969622448691
98.09042664636725
98.67280096240175
100.2014265684957
101.0915634104447
98.03169144801221
98.16938441258625
99.25136306045425
98.16303257885248
98.37551096809901
98.45259404344698
98.14331081138813
100.0659930923424
100.7860242944817
98.19232219269571
100.1086803998268
100.1446690452601
98.5783490575105
99.04253894401867
98.00042826414187
100.040204537334
99.19067670447906
100.007784331547
98.01281212535874
98.10620781712866
98.42112584969537
98.0126555230828
98.41518081114069
100.1643147477557
101.4051511516003
99.05103267246308
99.29061289325008
98.33142873590562
99.94785019125942
98.56145387501742
98.00033202853511
98.52838606916414
100.1395430790484
102.225098172189
98.07990569139376
98.23635738677572
99.46868063398155
98.47173410521887
98.23472938999517
98.43985198410913
100.2269881906121
98.49403542811993
100.0521901249627
100.3463716339937
101.1524611726215
100.0822860514329
98.02766482107522
100.1673369656797
98.06904880131108
101.1176507556716
99.60021123997033
100.2679966323395
98.72058933240726
98.03574676435264
101.3622440599181
100.0537447317492
100.3063077050423
98.20908935650532
98.13364824885618
98.31002484963757
98.2705448296394
98.30288920540639
99.08077233961173
98.10518486069971
98.82337698469514
99.0877067721546
98.28487703112219
101.4799534588209
98.01805666916077
102.5182045589822
101.0683995418484
100.2143854274666
98.05408769274173
101.1069003897769
98.02973448020083
98.10067990386702
98.15101876455478
99.23037816970825
100.2600326283382
99.43271781144644
98.00396036860819
100.1583129886782
99.0958593511766
100.2678819366826
98.04202207654178
100.0170676753732
98.02162764397636
98.00232211153782
98.1353483882761
98.50786366151586
100.495600766571
100.0253413742734
101.3743359074652
99.01437511323981
100.554208642987
100.2903055281414
102.4320924210003
98.42086104151792
99.20563323266376
100.5224673576474
98.48301422540604
98.04778975550879
98.2744254983613
100.0369255648678
99.17246183417078
99.19772622553982
98.10110515411813
99.61510149952751
98.26192832788392
99.35981135740714
98.01071963587977
99.14735008156144
98.56801494230034
98.58485006965297
98.02132382135366
98.89631009863267
98.42520557229383
98.74032140076636
98.88289742529561
98.02382634604677
99.5846552810889
98.41277096854445
99.71314510359096
98.37684902922265
99.05975856370392
99.83273562888151
98.12631461677812
99.32054745708619
100.3246988052372
98.11644737273227
100.430499255183
100.1214008328085
98.11613866214513
98.18611020656434
98.50737651919509
99.8258352391205
98.13470221465239
98.15915577500566
98.27152204812809
101.2484308855038
100.4718276534642
98.0893376497561
98.05183696136093
99.0843615154837
100.0527428327905
99.18308290718697
98.39497935654606
98.12125483428163
98.33661718056655
100.3681257992304
100.2576498500897
98.77861105995572
98.03995559388618
98.66840726047701
101.2366849108348
98.24204588515161
100.2522607296624
100.15341082821
98.58900415549711
100.0207221617599
98.13857890240948
98.27689431822166
99.17972835701454
101.2478735620021
100.0445046819487
98.03368561701382
98.2891612248562
100.1184536670659
98.38873911698101
98.85691500513362
98.00099570199784
100.0041490612336
101.0437153611625
98.11721274005566
99.36657700739471
99.13666407046425
98.12940399900388
100.1131365669502
98.35674935889682
101.152452343965
100.2390936182484
98.58535493541463
101.2205766244449
98.01353449940224
102.0169215228727
98.35888377723646
98.16317671575963
98.49982528403784
100.3020959756967
100.0282670573856
100.2505612177532
98.65419878211046
98.19262986552195
98.04857240771305
99.26851448017923
99.07902025481911
98.02135616526358
100.2979294962732
99.24474516184853
100.0479666872321
102.5448734546647
100.0135126865651
100.4635057308159
99.8960744123359
98.22645026412482
98.05308687769312
98.2014839989975
98.13234802441026
98.46497882313801
98.14927564436591
101.3998564639828
98.83302531695229
100.1917515226961
99.98357530386303
99.14889842889501
100.4094201130424
98.10029309846183
98.51078464558579
100.0236442875856
98.56676347913952
98.10392165354978
101.2659545674412
98.13692519546117
98.59118987243168
98.64043283550095
99.98202666012784
98.0983783600196
98.1093958898439
99.03504992345911
98.09412056390426
99.08048793162264
98.51590053465699
100.2815469729242
98.06730494805444
98.03181399070668
98.05270747661686
99.1806459019343
98.0861708780007
98.10152022630068
98.91511235412587
98.03114685671258
99.20299331871304
98.15296390507724
98.61198052698234
98.04491436596119
100.2572942966034
100.2739635786071
98.26199206011552
100.1286810700111
98.6796631710247
98.06674454566945
98.40107625663268
98.00839251738147
98.02605372148568
100.3329875209727
98.40220910517675
98.36159422776173
100.6929323127997
98.11414700375039
98.65436135301177
98.85853333262624
99.36375874319346
100.0467111602636
100.6840985594571
98.2794813449148
100.0939998203209
98.73871403054648
100.0548633933751
98.27726288785938
98.23079986782875
99.78720519101728
98.17540724350836
101.3728958624646
98.0606644004068
98.0439605278891
100.026623163743
98.3967071684536
98.2560041010658
98.17915530355795
99.27517459920685
99.2717437111514
98.31008105702976
100.1498536809228
98.04104255778279
98.67737016153056
102.0756385715282
98.02967203265675
100.9547107837704
100.1528970421214
98.60768250858065
100.0364769449588
98.2164370808179
99.20424185313858
98.39817233086393
98.03472828770772
99.53871442835752
98.09500808132438
98.62753715536091
99.04950416135672
98.2926422871755
98.47901949869684
100.573320676528
98.05735722636211
98.24194627074662
98.41573340773505
98.55353516417325
102.0499425704594
98.25554082334818
98.3439752130276
98.13734826032125
98.03094179625377
98.00127908177727
101.2027267688008
99.44078734296389
98.11536881053098
98.00676610822006
98.05543632949912
98.26195384201088
98.00808209825078
100.1124105551239
100.4844828260725
100.1160116509433
98.08130807010058
100.1865445704359
100.0493344559912
98.20189492559312
98.49113960104002
100.1041102074449
101.6969814942199
98.23279059100243
98.20352969441807
99.21479925160637
99.12074734513583
98.78630566102585
99.74140850141157
99.08655627487087
98.32557104815632
100.1233457596112
101.1027548601629
102.0116396287361
100.4050378722956
98.01309679179991
100.5572281590929
98.12826614271512
98.1721148305275
99.54622097126254
98.46536564054199
98.06473698155641
98.14356672858038
101.0937612309398
101.0981726544781
98.24471759297252
99.06631590380712
100.7902493578775
98.0817907688674
98.66431323652508
101.283953206346
100.9981608932747
98.04887852314619
98.19952481027207
98.23962617530863
100.9966573783077
100.1684815976981
98.62001005334263
100.6792561104104
98.06506221835131
102.233358981788
98.11046542249532
99.04804907563992
98.17526367586302
98.29816663473278
98.61774627865924
99.30791121638984
98.34990461242886
100.3571438933125
99.18674240092805
100.6469295861635
98.29708172629178
99.25262474825624
98.19136233261517
99.46364380683508
98.14087729789321
100.2536930531298
98.42945278908196
98.05948964108181
98.59475825141187
98.17077376781924
100.0427476096953
98.86894118216716
98.09744203225226
100.068155013912
98.3395995842646
98.16457887974106
98.25263411448655
98.2233234100341
100.0397174362835
98.00383387677078
98.78849854189305
98.3268459862487
98.1034561012543
98.059604132361
99.19635029097476
99.55265370676682
98.05932328494042
98.29582194485278
98.00209345880097
98.66418219354794
98.11061142325693
98.33103659775384
98.17827146668468
98.22615601322146
100.0259956662627
98.05754622738561
99.7302798994868
98.50134476751766
98.05295387632367
100.1654739839629
98.81129630013938
