385.5376525274196
385.4768516185214
385.2530651048356
385.1467508765198
385.0990724542738
386.4358872834426
385.3691822534886
387.109107894096
385.0587065971176
386.2170528062888
385.3365216158164
385.6431139211277
386.1660244788432
385.6375991359241
385.0489962917704
385.8107415796171
386.3962454935335
385.1203358508769
385.8380938308002
387.2041748343821
385.1237475278692
385.2962172159235
385.0453849509313
385.9127123325775
386.6048238793024
385.7156280906145
385.6949053245372
385.404687702437
385.2977888300328
385.2876325519238
385.0789650380524
385.1088762344212
385.3275866396764
385.4413696057979
385.2368876602343
387.0859123183312
385.4061871830471
385.7768805402626
385.4503708221083
385.1011175046925
385.6452269432385
386.2015125828576
386.4012151464516
385.600544946645
385.623055121129
386.0102244636397
385.8839857228055
385.6213117760782
385.101435287807
385.3092220572769
386.8470039796641
385.4629956451128
385.2199468882332
386.2434916918245
385.2314399248002
385.2959205283957
385.2739566534446
385.3846862054486
385.2269475123535
385.8259303637352
385.8808403521948
385.3573316570483
386.0574364202038
385.2821696936991
385.2585226462185
385.1720276170811
385.2634744960204
385.5020746227709
385.8575058133218
385.8833513649114
385.4832226306548
390.2030301324609
385.5022355934798
385.3110368711105
385.7801837166876
385.2040469111087
385.0485031581218
385.5376489887475
386.5860971466921
385.3570787500771
385.7011918567361
385.0913690676103
385.4415664936157
385.3104824603304
386.0962662531363
385.099027611655
385.4481585023694
388.264817144311
385.7394761980962
385.4565674036726
385.5694747337479
386.2327104563395
385.3148640558279
385.2397822107271
385.2964639179049
385.6794468086138
385.1353241098089
385.4765438906009
385.4422339583748
385.3970993140941
385.8290340774464
386.0426462608843
385.8753314087836
385.0479923437375
385.2592831536649
385.3823008251853
385.146090912775
385.2503977759335
387.2884515229533
385.204308397234
385.7742577691251
385.2353355945031
385.2775044346239
385.2343462777607
385.2412541956865
385.2367795618136
385.2028147486844
386.2488242214416
385.2517042482168
386.0543791381862
385.2491889608354
385.6742656431487
385.6511983774134
385.1792695646004
385.244454745122
385.2035924896497
391.6962498314433
385.2252338068427
385.1730897935918
385.7951900339305
385.8034745688765
385.9047320479831
386.0183495989622
385.1153908456234
385.3137499993477
385.2952999152474
385.5987050215667
385.1475835792647
385.2058607326707
385.4216362952652
385.180011699455
385.2767803584381
385.6257160433357
385.1121163733422
386.4265935204224
385.945142284039
388.0421002144431
385.1834759335696
385.2836839185081
385.1748366196958
386.3693918559563
385.5447335136984
385.4078008520949
385.2458156011665
385.0546934512939
385.2745660072436
385.5761811045243
385.7372200626607
385.487338420279
385.4303575925668
386.1679840075251
385.3528907160682
385.1768599043058
385.1474572937624
385.1297999747266
385.8150846491255
385.4671948660031
385.1221704312266
385.1901250001774
385.226455958581
385.6133897504288
385.2434832377504
385.1566243714469
385.7071638707066
385.3156172582505
385.1432885590344
385.5878676378796
385.4537240389535
385.1869845614771
385.6473767422116
385.2205870336105
385.7172614222451
385.1887874426753
385.0623616666149
385.3285581084315
390.7670527444838
385.4267191923327
385.3320400695944
385.8927212854949
385.8869739742561
385.1177238992701
385.2283791261135
385.051345677941
385.6124961180413
385.6935318415347
385.1583892004672
385.7300356199901
385.4772113907316
385.5071652341769
385.1371122226614
385.5851420490456
385.6701031453374
385.7782170792553
385.2473396236409
385.6929204678738
387.6393057210893
385.4090065795847
385.573937607328
386.0664162269475
385.1752053398993
385.5535210386697
385.388652486047
385.6032527513804
385.8482048258895
385.4481370764198
385.3534684749971
385.3070034318786
385.5634561101671
385.3927141020147
385.4258754240903
385.6069576457775
385.4872981030809
385.4861475929288
386.3637544137912
386.2614396166293
385.1943126034352
385.3918388444707
385.146087375098
385.2954597088298
385.357877062975
385.4531535611995
385.8152569000147
386.1364594673362
385.1763505227005
385.4860574045474
386.0138838254899
385.1351230891252
386.170874307889
385.6586446388201
385.2496052854655
385.2561962188941
385.2330750712698
385.1715987125395
385.2712053706969
385.1104831847885
386.9921547109319
385.7066997129448
385.3299451918686
385.3493608077606
385.1230151666076
386.2905748075356
386.5071891548598
385.6654803467019
385.7675392391017
385.2724842672729
385.0808779092893
388.1611465899862
385.7034394015676
385.2754995128341
385.1396347475917
385.0460798840721
385.1738128056892
385.1281521734388
385.1286699743171
385.578955020353
385.2334181040196
385.1983558465961
385.3038533270944
385.3033480820499
385.4177649700431
385.5841791130517
385.1745812882119
385.7315362606417
385.3560484596665
385.2633984945321
385.2890532099608
385.976035528298
385.1548621376046
385.3820826901695
385.5822826447406
385.9473466850614
385.1044780915163
387.0857865546049
385.996357198577
385.1198497524599
386.2408278347098
385.2907359837292
385.066979122613
385.1688349211682
385.5677135498506
385.4291750915526
386.1855306974084
385.6939748510115
385.3054069098372
385.5568201033689
385.2827675161278
388.1368120840928
385.1625290082212
385.2429337484172
385.6208753182908
385.403526814851
385.2900901732707
385.1632826561625
385.1541913758795
385.2810346264144
385.0467197922088
386.2040441193628
385.9989573027059
385.5938634625973
385.0513174743319
385.1528560961043
385.2705285755771
391.2197405689619
385.1802484714124
385.1296546446813
386.214325425591
385.3591184292879
385.3307389204358
385.9690062609424
386.0315934429973
385.409386577718
386.7207431609362
385.3109210599839
385.1881108708974
385.2359283280911
385.1223797555384
385.6425376169522
386.1936087706271
385.25074044942
385.3996162744315
385.6966046236252
385.1849858330519
385.5707652448763
385.1261216646135
386.3204374832216
385.1329466798703
385.6663498398028
385.2787164221949
385.0650871555544
385.6374002707802
386.080982755282
385.276625337418
385.9140347047169
385.2022753529785
385.178451958638
385.1864383519729
385.3233135921452
385.6848979665118
386.1420458934169
385.6532727838339
385.8651247998784
385.4004751308414
385.2539668236054
387.2880498288575
385.0471903845353
385.0726198828418
385.8039765289371
385.6115314730487
385.2289373566488
385.5032583508792
385.9817514193488
385.6133275895017
385.2555289911858
385.3604923643396
385.5093523121172
385.424945759465
385.3088583659027
385.2142788213517
385.2403058216445
385.811495433098
386.3988887127483
385.315521159884
385.4636041994989
385.1350835920917
385.5721002108468
385.3280363479313
385.0659300681288
385.1328395662168
385.6898793427149
387.0736701196712
386.9145219712638
385.2772152988048
385.4052760190211
385.2085258091275
385.5073057864461
385.6319994170825
385.6244262590715
385.110031720056
385.7931752242606
385.3180753938794
385.4356929863928
385.0809634329773
385.8488020562325
385.2369096319388
385.559907320637
386.2339476361965
385.2017014182005
385.4060071250762
385.7142723150275
385.6113536229442
385.1822698620985
386.1580205704572
385.4831799915643
385.2631776187505
385.2447929627457
385.3560683996965
385.1725497047502
385.1036698789673
385.1353740889381
385.2253297086037
385.1482041614153
385.3338426460118
385.2928804190518
386.0854657515637
387.0910077878762
385.4657915941005
385.1322763030169
385.1470266373506
386.1857470173579
385.2056017886572
385.6179166906031
385.0261151464212
385.1430806982889
392.0448784963406
385.2022540211104
385.4014559545197
385.545763946228
385.0581434444121
385.2450032142087
385.4718211022268
385.166213022194
385.9781538533945
385.276857948036
385.482793479448
385.4187854728011
385.206477559
385.1068074797631
385.3599303356349
385.1736994965875
386.1417896779282
385.645054264082
385.4744668466228
385.0524710724673
385.288712836697
385.2678308672085
385.5482323162633
386.2590524593421
385.0958464631033
385.2577278455454
385.5922350520159
385.1981901026462
385.1353244051588
385.1656852481185
385.8776534216807
385.0892705518064
385.5574359265534
385.4618421013838
385.5223755634049
385.3832971260678
385.754695465273
386.112127663044
385.7147984370292
385.6182050820387
385.5162564756087
385.3527502005708
385.1240665202802
388.1577847822129
386.6535816791974
385.4380966692534
385.2950654945244
385.8657629966878
385.1322397807076
385.3749008375386
385.5405810555377
385.6828718219721
386.074636044518
385.4572507773317
385.65623537607
385.4457820659604
385.206327120243
385.9691163365174
385.7583592987231
385.336444428129
385.1140583867841
385.2814227531217
385.2598096202593
385.3988688871283
385.7996252400897
385.6011769216752
385.4319499660607
385.5099116563066
385.0719566590624
385.2351919110095
385.6540559182406
386.6841499552511
385.2032596357893
385.5875776286301
385.8834280052002
385.4777270643957
385.0866901342175
385.3482330993044
386.8416640223655
385.4515797515734
385.3411370047086
385.1796461406879
385.2451614926867
385.0450591954035
385.9664558099534
385.4306208586467
388.2309509867267
385.0476085732713
387.7511705528482
385.7652185711731
385.1900768812105
386.7905318678734
385.3443512202782
385.1513845391175
385.0310579096326
385.8028628871702
385.4818822165579
385.7527195819894
385.247396624439
388.4000384740265
385.8400136925961
385.8971363713655
385.7634439501034
385.1785163721775
385.6117174146093
385.7581112222338
385.3720526523379
385.2061403488806
385.2136015981437
385.5155263218637
385.5888218265593
385.2586414807607
385.0619086599843
385.0507625676139
386.3101883137916
392.3571343312261
385.0368370089254
385.292981084063
385.08894084594
385.7460134969315
385.5273247873004
385.6046102544869
385.9740650905521
385.2309370285005
385.7200071796274
385.4099273851132
385.0520667618463
385.1667175701887
385.3216904913113
385.5048368493021
385.5876042510813
385.4559220606575
385.3605385888009
385.9224269306805
385.3318868996479
385.1080136738478
386.4360104041246
385.5605943448303
386.9523310343325
385.7739512366144
385.4413625347387
385.19614186942
385.2590475773795
385.3368442227923
385.8265821563181
385.145099477858
385.4313830598537
385.6344481848334
385.7801798114705
385.7311325104385
385.7865575913578
389.1613312975597
386.8765515648515
385.3284916125498
385.1968322877733
385.2471386992531
385.8788494659193
385.9349838210086
385.2966243398629
386.2416866140283
385.8682132585384
386.2141899265472
385.3935358631766
385.7249931516451
385.4273717284929
385.3422254329236
385.0324164581199
385.8870504624654
385.5854922380635
386.063614898715
385.3110443405562
385.1161225395367
386.0212549466987
385.3074437357301
385.6973697081134
385.173389936168
385.4396863324912
385.0761142095178
385.2130841442738
385.0904968036209
385.1175287017571
385.5882975526721
385.7017322792702
385.2484294639603
385.0575518623883
385.9958181435379
385.3412757265051
385.2544330639925
385.3407629543359
385.6381017268992
385.3542068531511
385.9882799439898
385.801324750546
385.4940418336477
385.4181406222268
385.6493314864016
385.4790101039677
385.3738120059054
385.2134135595258
385.8771624709096
385.4714524666633
385.0838676645783
385.6060171684137
385.5100311906217
385.0397700357195
385.4453119429549
385.1429795078893
385.6073790738972
385.0294701027843
385.2586699065552
385.6494178521801
385.4608254741298
387.0488890572387
385.0516473477708
385.261549322546
388.0852311480799
385.2483578434137
385.4269496529387
385.0714041975204
385.2272676349278
385.3900511742486
386.2801019850294
388.2120123847566
385.6960748936025
385.4167162898121
385.3128185988375
385.6867737910003
385.2275206413286
385.82099814315
385.2771109071946
385.250842841979
385.0569189775696
385.2897573507861
385.0467227967364
385.621942232201
385.2495964985612
385.46236349842
385.1290257533741
385.7886133670561
385.3842791688176
385.6269357550525
385.4204167814235
385.6073173932015
385.6200461058371
386.0536367260128
385.0547676515129
385.2114654524279
385.1143077710673
386.0160841955575
385.376222001868
385.1683683104688
385.298499092378
385.0762918943994
388.0374463336932
385.3787300120808
385.9421209460195
386.072914942624
385.0435037489244
385.6096373843424
385.1437270415671
385.0686243012584
385.4087509061647
385.6779638382078
385.8637477232388
385.095676898947
385.1505417443524
385.1250291907663
387.1974764584349
385.0927929528559
385.3351378440058
385.6850100295217
385.557295515546
385.4464772144855
385.449968584187
385.2192203561572
386.4505338317168
385.0865711059995
385.2934007014295
385.1723693036328
385.2396171819842
385.4022888843796
385.5871217138684
385.5680525068869
385.0896558990435
385.4419373689952
385.9213744023513
385.5595875129119
385.5023333679804
385.5606017006442
385.9143562751718
385.3310446219048
385.8290745707806
385.2270294596589
385.0702842495601
385.5448956566286
390.5291295413417
385.4418441867437
385.2972555970543
385.1008206679559
385.6309375318412
386.1252799614003
385.4460937349948
385.2112282761844
385.2578772375312
385.4515953286604
385.1539821665152
385.2721223392161
385.8250413756919
385.2850100971272
385.4886518687111
385.6054171284621
385.8740395755622
385.4670643566437
385.8409340167825
385.3202257679181
385.3069813226144
385.1161024310056
385.0845118684121
385.5708743799713
385.2556514177566
385.1674150460215
385.4870052536216
385.8558432489972
385.2478366354479
385.0995881173818
385.2502684871052
386.2467433944637
385.9398706070498
385.0195721164549
385.3109648470109
385.4027144401377
385.8136988297786
385.6684610253528
386.1571808476331
385.090380849174
385.2178284652558
386.0763057773003
385.1747798612627
385.3256950700888
385.2153746510514
385.1734605610085
385.5281239851596
385.2763182811638
385.2666121197574
385.07891105909
385.4335908904355
385.8473093365297
385.2652306575903
385.1531766478025
390.0249479717907
385.6380040717653
385.3987457317503
385.3542955553096
385.183481181457
385.550826974657
386.2496319066224
385.27734683927
385.8463109417944
385.5639996174698
385.3631627596499
385.0505069455305
385.7314240803443
385.3086855620975
385.5772237775032
385.3216589929467
385.3663711734142
385.4136090037699
385.7327583949495
385.5063781369365
385.1129289021892
385.866609747284
385.1529332353121
385.1323666428742
390.105790366097
388.2974072897061
385.6862122346069
385.7486595105616
385.4263460992392
385.1168566724739
385.7703895926435
385.5671497353221
385.2196156036083
385.6844541656565
389.0761386247017
386.0710537694824
385.3111504788563
385.2943493086337
385.2099891985844
385.9523152722825
385.1753471621914
385.5506963954261
388.345548730077
385.0966497234476
385.8007043392526
385.3277688009711
385.2427113504174
385.2001991654293
385.2077605991296
385.2780024499935
385.8679901213803
385.3220193046453
385.1190557077839
385.3822289559501
385.4169671829701
385.2939760194581
385.7652909878507
385.8448551928605
385.3761868988359
385.5046882021472
386.4299906038215
385.2926112028817
385.5071172704848
389.6501913516865
385.8170645381085
385.1782589815596
385.2035962179349
385.1487251716511
385.1603207413767
385.8339104817931
385.8867067803127
385.2170269078827
385.607876391734
385.6141514115517
385.9154077990058
385.2746353853358
386.0877453814132
385.9641947124986
385.2455266112977
385.3669334248077
385.0571554094182
390.3223771953197
386.0290411632282
386.0031899792597
385.8042345216087
385.5609165796107
385.4408581804415
386.1487099073202
385.1250602400809
386.1785972155442
385.1402907196326
385.2286448820137
385.9362695284099
385.5159906558476
385.8296261765085
385.3769991313787
385.0523325754496
385.5851485660497
385.9402184570096
385.693688293795
386.1137022791723
385.3536110862007
385.2755560059284
385.1033543728208
385.5655025473916
385.5076612116998
385.5459001632042
385.4720665069172
385.2652075848994
385.1852041657583
386.1642808922281
385.5225383985417
385.2011798776336
385.6716344477012
385.3907360318801
385.258390443259
385.0404376803145
385.576091487706
385.2400239738722
385.6790579855945
385.9695514210389
385.7555371669248
385.0693741501008
385.1375749450077
385.6350226787092
385.5519567733604
385.5787768644235
386.1298408394563
385.5905199581568
385.3382287696316
390.776349917786
385.4328705514201
385.8711217326074
386.248399808055
385.1194020607343
386.157545802664
385.5000389071564
385.4136293634969
385.121549715731
385.5905230447447
385.3123862225672
385.2034039009333
386.2785054060529
385.3533884855412
385.1267486310279
385.1296543553148
385.4281961238673
385.3164793977973
385.1322534696452
385.1499624877567
385.6550311043018
385.6452955632655
385.3744479830128
385.2514302524914
385.2203226323253
385.4567642258086
385.7255758620821
385.7033424995777
385.4834858768447
385.5572615524618
385.6887493962532
385.132637091063
385.1437435652717
385.2903126795728
385.1605808437433
385.2145474440489
385.3275484419134
385.2860926607323
385.1498741993067
385.1690673100963
385.6633457621769
385.3954257895022
385.5143144954981
385.2563055922785
386.2537617766668
386.7695286938555
385.694681453917
385.7812676377189
385.9409376113548
385.1471178369489
385.9574780671225
385.1401479074909
385.1926745942379
386.1760741488357
385.2964731723455
385.3834374539252
385.4527974763625
385.3794850081526
385.1427376220017
385.9873637493033
385.4654184726099
385.6710168140667
386.0913821489663
386.216316204037
385.4699956145719
385.2911309074792
385.6375662419231
385.299879963364
386.813276115805
385.544270632997
385.9032050316882
385.9584594945286
385.3092829147998
385.4589056346231
386.1802439189851
385.585756036695
385.5026851544492
386.2029210374213
386.1340771115924
385.051078192633
385.224440726844
385.3168549452394
385.2240802369683
385.9202599611481
385.4731892003131
385.1104089371889
385.7282794843985
385.53715976801
385.3788819886502
386.1054627003042
386.1807323084986
385.1615612056372
385.873014039083
385.2453015590186
385.5240951623055
385.6979489268366
385.2640916693794
385.8170731206214
385.2654044460178
385.1508304286044
387.0044239426153
385.4893802769934
385.2680610724977
385.1018988438585
385.0854514861582
385.3199893075508
385.5273549494161
385.138304004313
386.3605301156041
385.0721837347728
385.0362400013587
385.8876640693697
385.5447149692267
385.1237233909284
385.2258736432097
385.0726476867635
386.3341678728486
385.3002432627679
385.2978849319487
385.4148512567193
386.3552272352728
385.53276321172
385.2927512935652
385.1760281200779
385.6850132904119
385.0966007611834
385.3821235955361
385.1691068554342
385.3226289067922
385.5696294386383
385.783150044933
385.1984704660119
386.0034575569503
385.4883025863219
385.6556603041029
385.6472389986416
385.5918178153054
385.3228365326826
385.2049951648743
385.2528582632439
389.5714495740369
385.3247130407483
386.2303722478171
385.8914824176419
385.6402371406175
385.2323254891589
385.12938226987
385.4428608329624
386.0621255203056
385.6636157496034
385.2759238084756
385.2987220885191
385.4454365694011
385.5026517427727
385.3253568975355
385.2230608523209
385.2128652688531
385.5083084330284
385.4155269166585
385.2288849960877
385.5826573363879
386.0751960004819
389.0007787265891
387.0574739970573
385.7707805621904
385.6853434968667
385.263801372318
387.4365051179869
386.3306881637118
385.6870805566442
385.506532478354
385.3077939766526
385.8728218144718
386.032491783607
385.1483975377801
385.4315546712129
385.4782907029975
385.2729646690879
385.3056820844429
385.2884308328258
385.2050328506276
385.4763352506032
385.6503083737286
385.2043769369841
385.2242247005392
385.5802458541613
385.3435155182866
385.1117401312145
385.1503108745204
385.7519174587924
385.5463374735389
385.3293916088322
393.2834140851031
385.1254666452574
385.1990182663826
385.5865488411521
385.1633398570158
386.9229839271591
385.6641903207964
385.2079458189219
385.5572935078577
387.2123384542948
385.2099398378838
385.4470686726641
385.5939776256473
385.4013090310481
385.0897972117555
385.4974123628386
385.1427255514342
385.1026909084651
385.6325926977171
385.1141709276985
385.0572675416716
385.2359540056788
385.7089046820624
385.9038415538415
385.1713692589432
385.1382232921002
385.1970174291387
385.633012652826
385.4623391954192
385.1784314509811
385.9011967551046
385.2013302718681
385.3983381201967
385.3190688033497
386.7509626860579
385.6012590425587
385.5433630034707
386.2062388116632
385.2439762673045
385.2179286879123
385.5494789699989
385.6573025678803
385.2507053385862
385.3294250817034
385.2820236720139
385.0482328214788
385.9308747593979
385.4297937736831
385.4125707870782
385.1673782454362
385.5589068771237
385.237974696682
386.2387569895837
385.2382460475656
385.366327874615
385.1765069883558
385.1046854424719
385.5841357111937
385.358400752959
385.9420278801554
385.8096197927834
385.9974839023315
385.1935041142969
386.1185026098591
385.3456431812368
385.2543135738786
385.1506116952536
386.2270183501709
386.0787844463737
385.362198966864
386.0713182645665
385.0558405133719
385.7187646316609
385.2000180257179
385.6740304318462
385.6321605090491
385.1106438350385
385.0904933694624
386.1329800245587
385.5377586435176
385.133184530335
385.873319352866
385.223158678954
385.5544672257736
385.1456183363097
385.426102768935
385.7198787876659
386.4963646556519
385.0899771003989
386.1099521482759
385.350064813017
385.4691868798137
385.4790181193546
385.1888235318441
385.9062207808811
385.1717399354432
385.8170733413247
385.6592439051666
386.4919236134968
385.5803060708305
385.1164371662994
385.9309903560193
385.1577826852326
385.1738487917682
390.2756153862321
385.7927225868359
385.3840355674291
385.6939156416811
385.341921005659
385.7761701781438
385.3936744952206
385.7090142559903
385.4470284098146
385.119813426557
385.137425044118
385.2603494817849
385.0277314132618
385.1969445439879
385.3951225044992
385.5761376005225
385.6388316173937
386.0461017735805
385.2514048654987
386.5108649605075
385.223208873898
385.3532356044971
385.7452196670265
386.1139154036775
386.123142352261
385.1327324118043
385.4061314682978
388.0693507901796
385.876407995983
385.1263972822352
385.2287350805958
385.5968507657653
385.3182059878871
385.8823417198895
385.092064235315
385.1850615300194
385.0967099937005
385.6914492426258
385.8208753418244
385.6617603831337
385.6525767841865
386.1231231313253
385.1727015193123
385.1327832642129
385.8021284151268
385.0894319923704
385.1139954833391
385.1583126758682
385.332550076365
385.3497715461158
385.5823112088631
385.7821286492312
385.7193366528616
385.2884541252105
385.2594959492679
385.1284554645937
385.2974004644921
385.9408880219732
385.9627671637284
385.3694240180506
385.3739810814641
385.0254432718485
385.1888443623122
385.4999271962784
385.3422283744352
385.7909684274591
385.4711065325452
385.3925932553006
386.7868112431375
385.1661640495072
385.3048404423895
385.2102904758381
386.0706562963276
386.5702067435063
385.2641556722446
385.4452248108174
385.6362087302344
385.5296107984111
385.4361646101476
385.2878430374707
385.5472083394338
385.2031424491574
385.8095731384934
385.1248427722133
385.5387589497532
385.5463973050851
385.3253981098508
387.0896511231031
385.057975368796
385.2434468849971
385.4428499130258
385.9047056848452
385.1099497002404
385.2231504920167
385.0963651700775
385.7659938336978
385.2437962037547
385.5603774749724
385.2549303380279
385.564840999841
385.0817913824603
385.4766973721285
385.1393826401255
385.2383668037653
385.3386394787517
386.7814563669195
385.11102807935
385.2359419225983
385.1785523307858
385.2777941498151
385.5127148624754
385.3795706869392
386.3666220707123
385.4162134329338
386.5463144460937
386.2152697737651
385.7340158741018
385.1800190238102
385.7413975405676
385.641776377204
385.5897914080138
385.1443268050814
385.3873163043352
385.5737320493553
385.5471076577336
385.1603469274913
385.6119552369441
385.7940397881706
385.2599338455937
385.4290617586099
387.096517471155
385.563498489312
385.5382167281057
385.3127199052587
385.5132088559541
385.1728953164973
385.1276691297747
385.0987646057395
385.3942846572505
385.2883109732991
385.3893657084768
385.0842045198953
385.1671273967301
388.0947809131641
385.3675351909712
385.3454019010777
385.6033980155688
385.2112501054276
385.3152705403597
385.4833164800983
385.0634815133291
385.3616543159706
385.2703896420838
385.5000376938644
385.6816196041148
385.3273886272555
385.6448328481459
386.9552781357596
385.3157004846536
385.453843251867
385.2130374846834
385.4415877034123
385.2977903436319
385.5443607707186
385.6561155534008
385.0817028729273
385.5636653395877
385.2511375552693
385.1695316580746
385.600722813398
385.5884348454471
385.5383877455963
386.0998388639511
385.0676267806053
385.5700258756347
385.7434202683364
385.890734409553
385.2148717404634
386.0057236244169
385.3688033169485
385.5330798516654
392.4441405725705
385.0717975438719
386.1187281853187
385.6779751634735
385.5974178511669
385.2295788387729
386.0691012553193
385.827249085037
386.2027624550742
385.3488624391092
386.0762285514517
386.0484871423313
385.4387203498049
390.7264638683831
385.3326490534162
385.6259667770761
385.9318967543679
385.0995603847452
385.2271167379643
385.3577323106383
385.1312380166366
385.1889785650548
386.0023720349967
385.7031539612393
386.0823472994355
385.1583585255387
386.0058342802082
385.9949609959499
385.1824869553175
385.4637985392179
385.1923968859548
385.426918299403
385.0372494558472
385.4812371004004
385.8248081134774
385.2080303205313
386.3639814449663
385.3909191454477
385.2714057227573
388.6780837622308
385.9932845180225
385.3439540485064
385.3667557441236
385.9060077796768
385.1606512828469
386.2219990496209
385.4642970043767
385.1308900123793
385.331572992442
385.2328454509416
385.3421025712308
385.6540355736758
385.6422891312568
385.4752396190821
390.3847191710823
385.4070948725988
385.7093832051593
385.7569722028185
385.4751634358789
385.9790465104117
385.2044936155437
385.334060278499
385.1839418741381
385.3987415072946
385.2866554952676
385.8621694927576
385.4942600912942
385.2284319051222
385.3902136960563
385.3441919583237
385.1778120163455
385.732284072868
385.6247710592623
385.3833564165301
385.631871730474
385.8700375904377
386.4569937904288
385.4023908528676
385.6262049345951
385.4581581252008
385.7063335201128
385.4796988332461
385.1401965035178
385.3123493105334
385.1925646444163
385.2687029391877
385.5962165957015
385.3295046718653
385.3686429401791
386.7075490778454
385.3543613412346
386.1498558947088
385.8791184217048
385.1726569526249
387.9468938423321
385.8142870965418
385.1202519360847
385.2781949836874
385.0310368190296
385.3721502873345
385.7637520812899
385.5647190662953
385.7534396949982
385.6464154702442
385.3905865890565
385.7833135342923
385.2823614186985
385.7389295045949
390.5525493543189
385.3241496359664
385.7981969683001
389.0441902467486
385.2464331109232
389.8784431979244
385.4227591057252
385.463875583067
385.3804441586519
386.3822557875042
385.9512035941476
385.3375297062912
385.8935653138151
385.8423777467599
385.9781375334521
385.3261960939057
385.2474682729211
385.1528112672335
385.1335030088514
385.1887367428201
385.4581328496839
385.6227999265731
385.3252836812248
385.4674561103284
385.3365047031911
385.245366486833
386.0620485389691
385.1973496281979
385.38104627431
385.377683558555
386.3006040280541
385.5667311622047
385.0811328864062
385.2585220938093
385.7289800136305
385.2546909946078
385.2112381594579
385.3237297121182
385.6763586740246
385.1858380502673
386.6142779395111
385.1562034088585
385.5522315758191
386.5151113842031
385.5156486480362
385.1112435904877
385.1956277498397
385.109948058632
385.3149326575539
391.5179300869469
386.0240277319971
385.4571906680098
385.6981365888591
385.2973523498326
385.35318065575
385.9853542112871
385.4563242026356
385.2017672518529
385.73209902791
385.0651870725437
385.2625217599104
385.1913067892867
385.3270117568218
385.2092688161461
385.0888943717536
385.8251941261006
385.3626561436988
386.0085135529021
385.635065917197
385.4567795577141
385.8428560060392
385.6475979846527
385.4366867608376
385.2686004794466
385.9002805930267
385.399631214147
386.0514719317686
385.8913058242113
385.9380125720968
386.3229302674634
385.1183469293221
385.1431612455019
385.9274575020657
385.6112438316369
385.0575030517444
385.1191152056414
385.298747452267
390.3162258891527
385.0990632173063
385.6575632356615
385.5648431210155
385.7022838618045
385.478663388697
386.0707634070484
385.3197490259212
385.1240583403612
385.5844805525926
385.9241076711419
385.5761083818546
385.4890933185718
385.2320245266599
385.3901310521386
385.3242465667702
385.2939279036579
385.7793353669668
385.4456248872679
385.5399617959531
385.1479178282869
385.467177701338
385.1357483761174
385.3020508253302
385.7063525108537
385.4846453283022
385.5914657112911
385.7581468227247
385.1085046256226
385.2194700404359
386.6246501273248
385.3081840798066
385.4940457730872
385.325524409843
385.2468257976441
390.3918997717961
385.507911841222
385.1334108157752
385.8059428604899
385.2350645393291
386.4072726773875
385.0424688745214
385.8178188173295
385.9327902776138
385.5282531262673
385.4547508157875
385.2761629689018
385.3734786906935
386.4895548475317
385.725750624302
385.0558651777916
385.4779168181712
385.4341365779572
385.4019937171946
385.1422382207882
386.3616468338718
386.0373548325747
394.0655962729086
385.4406467230686
385.2132386605984
385.885183827858
385.9359045850545
385.4883834835078
385.3342919781537
386.5592016603478
385.242474933086
386.2978949782211
385.7057102770952
385.1083799242273
385.1919100584314
385.4671568055492
385.9173169898369
385.5840120622122
385.7327405135147
386.215696169238
385.1330410924283
385.2551402261861
385.4266232132514
385.4500474107182
385.3805485480755
385.0493033640881
385.5112143704176
385.0719485330746
386.8291259965847
385.3495352744125
385.9543256489238
385.1626399505566
385.3811616325696
385.0247224500036
385.8926247476106
385.2395464028068
385.3211107997701
385.5596141534101
385.7041392039441
385.2582617309418
385.0818420807358
385.2722525926043
386.5110600538207
385.4547445844741
386.6553048595686
385.6080272204157
385.0751080855245
385.4906092070978
385.743124963594
386.1388320956878
385.6607139142656
385.7096319488472
385.6340135736552
385.1015920618729
385.2407308412507
385.4652071315144
385.2678134534568
385.4610617599837
385.5088619066951
385.3574090606308
385.1710174977442
385.3449076976775
385.3036384342504
385.1012039763208
385.5533941000445
385.0712448052506
385.4807248297489
385.5456104579947
385.2498732535687
385.0917486213856
385.2859700390995
385.4104023179618
385.6050431062724
385.8744940960605
389.1607446037162
385.2605797937416
388.0226430035269
385.3215014880975
385.3158299463192
385.7297005493892
385.5296116437791
385.493899725372
385.2750994700068
385.1729272640306
385.4345364213018
385.5382930218695
385.7171589572112
385.7764853003128
385.5920158714763
385.7284074014626
385.8135098419077
385.7060620371995
389.4487476638126
386.2099140798107
385.2276193776899
385.6063656450711
386.0335893244256
385.2596330949593
385.5800116314235
385.2901966649027
385.5859696390662
385.7868181948389
385.4179463654971
385.0510450468283
386.0552477795385
385.1162893172191
385.8591141308447
385.5158780097153
385.1920479514275
385.3315729155524
385.3686413719483
385.7181574193311
385.1695079774277
385.605359666371
385.7871034084241
385.2557041633379
386.412794089575
385.0613927827095
385.903066335416
385.7222546052431
385.4409543341
385.3353945212114
385.2824433691262
385.1861870802349
385.8929841264023
385.6656329593834
385.2479659580735
385.1642956473692
385.2319732654096
385.2144891585005
385.063582694168
385.3510397415282
385.3114520443341
385.2999312962345
385.5884353870572
385.4669455971955
386.3714559963961
385.3839118296696
385.8251532920505
390.5587595011062
385.1528592384252
385.3751886245512
385.3578567213777
385.6179095564286
390.8439177963241
385.1009942964483
385.5052862185083
385.2399171338229
386.2654142031275
385.7583398655636
385.1156192263965
385.6595075138114
385.40080149527
385.2801571602226
385.2296645076077
385.8900526937616
385.0840743974522
385.5118104104738
385.2525936619103
385.0571542270142
385.7139725038944
385.4362352604761
385.0492248530685
390.1717685762474
385.4510258536417
385.2467621801067
385.8954051888852
385.3945876375427
385.2850748539754
385.7396223569239
385.1076156259577
385.8425586260778
385.9360989213199
385.0389606352103
385.4196403394922
385.8913182582794
385.1271626898628
385.9078950429478
385.5947115608401
385.4706698540871
385.3235890980903
385.1096887233274
385.290995058755
385.5005066638127
385.3699329340704
385.3490231468393
386.0526162601626
385.8370465503345
386.1403585843431
385.4940180271257
385.0930571732832
385.4071168777681
385.1837421031574
385.4572321077983
385.3150149036204
385.6382969877677
386.8075450867332
387.039691903899
385.4287507217707
386.7603631589382
391.360117825629
385.5843277682798
385.4514819083912
386.2856651709344
385.0993884081209
385.5888598455667
385.3024614727613
385.5003853316528
385.4006844708468
385.3877734657476
385.1335352669079
385.1985724652142
385.6484402771433
385.3049117653179
385.3440416528127
385.1936698451801
385.2785849472003
385.7013856494968
389.0589314403072
385.1808679944498
385.1672856362246
385.8510573674055
385.3590301249009
385.3790201463041
385.450395198405
385.2244766660314
385.2516383998379
385.3794208157594
385.4164752794451
385.1891637496216
386.3143816236439
385.1169533754191
385.1335826228444
385.2688203115018
385.2465117101773
385.6246213829464
385.3820005233443
385.5055226024248
386.4330099996037
385.6108003297208
385.5571021700804
385.5462314469465
385.1356341220969
386.487975253955
385.1370311619791
385.3537548051453
385.3807381649525
385.3069859123114
385.352981646333
385.1253108341915
385.3176370875815
385.076410682081
387.0765784524206
385.4665082365831
385.3708966183434
385.0835680066077
386.1482823004418
385.5605713891679
385.7090826330277
385.442225023742
385.5433994799865
385.8792778168723
385.2978659825565
385.3285912314556
385.4839631510901
385.3476617537204
385.619784002685
385.7769137090497
385.1472952821049
385.1352938480781
385.6584799773233
385.0526623171889
385.8292107680186
385.8764842072526
385.3751992497417
385.1695784062998
385.3533143787149
385.0600707838838
385.3987686304009
386.0463148942865
385.6668268100038
385.4313224224633
385.3615562385409
385.2961841028961
385.5618085713197
385.2881437533289
385.3428934755801
386.6213127585186
385.2624832252769
385.1632431378197
385.1513575200581
386.7077172929352
385.3906018284026
385.1820517554771
385.2455510282768
385.1131566160225
385.9825132718735
386.001921277477
385.5633268701766
385.3757570734897
385.3298206233957
386.2962641100651
385.2802169428365
387.5839159485499
385.1969393773541
385.5274860236538
385.9732875370364
385.8627046179084
385.8422157907772
385.4550675520183
385.3667460392733
385.3530575936565
385.5636702538052
385.426619248508
385.5168181114835
385.4330955320468
385.3471244870682
385.7570232077115
385.2861885639809
385.1485178226553
385.3806371040833
385.7487768692205
391.0589390027788
385.5696666053507
385.6263632694686
385.1471841915567
385.2774421061582
385.1748945089416
385.1122154408316
386.2421742833621
385.5260810216861
386.3373096125473
385.4348581593852
385.3707560220957
385.3124733195939
386.089123155581
386.044501809065
385.5575739732257
385.2090203660416
385.1826313558701
385.0902143328781
385.3136473848535
385.4531974263913
386.0350188679291
386.0632236469373
385.4227370456511
385.7555456796341
385.1577149305873
386.0771031658477
385.3452500527066
385.2007047825912
385.6526850575919
386.011183402452
385.3154553132808
385.5143646446854
385.1203209416634
385.5984729537494
385.6103662745988
386.0276477633269
385.2726738724051
386.0105844863012
385.1261228599932
385.6562203236556
385.3470091745681
385.3254249500595
385.6135659878578
386.3652365548618
386.5730296766516
386.2462670277557
385.3866551567263
