231.2776742994706
232.3076762459306
231.1663487684917
231.0423238160215
233.3893807354514
231.1958083519337
231.1979701015745
233.5893065799675
231.4352772306713
231.0604958353889
231.1721951443341
232.040536975301
231.3670360457069
233.0450358270586
231.4208560406189
231.5427764332286
231.5112723930128
231.8428148382237
231.1345488005071
231.3114443490277
232.425996778213
232.0129278102329
231.2393631415275
231.402612186122
231.3243165651777
231.2503069227402
231.0381850165024
231.4795046507484
233.1578422767827
232.2713237204233
231.3985605269415
232.4649710551279
231.2406915724831
233.1438107327074
231.5159019895165
231.2294044577798
231.5981819436832
231.6919163548296
231.3804258883333
231.0587731495166
231.7100408940911
232.3591777431784
231.5842739040487
231.1993216579594
233.4341886874307
233.5890258659783
231.0815872933659
233.1581432665355
231.3171791310214
232.0913550866209
231.4060648151947
232.3984736209631
231.3641546547512
231.2475691755903
231.9666890285265
231.6347662325965
233.0588914928465
232.1646011215774
232.7797202385276
231.2828918004797
232.1036602643866
231.6277395163468
231.8304539222824
231.109587894148
232.0577628246207
231.1592973889395
231.2456115460582
231.7065572722398
232.0495160524471
231.3349066358147
231.232461019747
231.931625320925
232.4003667589134
231.5696556899142
231.5984339020128
231.1121015286097
231.2248996618391
231.2039939778975
231.5453294427153
231.7540154233248
231.88378368015
231.4865938328593
231.496014793601
231.1539121470526
232.2574138818976
231.3542199070498
231.2621893038047
231.5725387741488
232.3569565753658
231.3360208585172
231.1431112775108
232.1569645607172
231.616367476597
231.2748202216994
232.1934244874699
232.6664526371302
233.0058221448767
231.1779692856193
231.1292931999612
232.1866430984216
231.458123305914
232.2381245313921
231.2116104527944
231.3316769526177
231.893838161475
233.5188083552301
231.2240236475502
231.4075456392821
231.4641357999532
232.0597943827502
232.3007109123117
231.5804722270841
231.908934250544
231.2189624843508
231.5256674787304
231.2853145113766
231.1347525266553
232.0147775022589
231.1426667727476
231.1548753001667
231.553161033338
231.6749535442689
232.2696855160874
231.3165110622125
231.0576186777498
231.5552856300306
231.7903651328977
231.5341603095582
231.0480555298482
233.0479043036035
231.0953571796393
233.2721079790854
231.4695681039325
231.4417954462756
231.0773280117477
231.1437786755306
233.4959459074955
233.2340061436331
231.0679752319359
231.3659100775653
231.5494248094913
232.0430215328362
231.2819983722029
231.6367306517313
231.1226365646203
231.8489324607507
231.6840290697438
232.7543260417137
231.2748281065576
231.6844857213642
231.5774182102507
231.6995465473331
231.1072804481223
231.8408322358823
231.1375686387629
231.1685647558658
231.543539191031
231.0907106244875
231.1058390027511
231.7653488847026
231.3190343538179
233.110811844598
232.0475916982023
231.1653771790268
231.096548767372
231.7027102461875
231.7011124955012
231.5388248334798
231.6271146534864
231.0892364671879
233.2554076924351
231.477379789545
231.3659544051288
231.3275655071478
231.3122656191981
232.0724617512771
231.4925109990106
233.2448637219993
231.5635438927164
232.0328942556162
231.6605634159078
231.2981191083851
231.2249165468783
231.300827815756
231.4984722765506
232.2946703898585
231.7081485592752
231.5340151702905
232.565336870575
231.3440984647003
231.4419893110231
231.3130533571644
232.0257386675436
231.5345169564432
231.5465778301415
232.19123025551
232.1466426899809
231.5268147767742
232.5433916676041
232.9146678774983
231.6429721456923
233.0362352768181
232.1766228780669
231.6624028454619
231.3892715837787
231.0488903822075
231.77497858146
231.4688034178455
231.254046634893
231.3304067624217
232.2784741239839
232.4255397430262
231.8320450507835
231.5001945484979
231.6049561889885
231.5304986267772
231.3174697704985
231.8434763143248
231.5265672216662
231.470951497566
232.1116067411246
231.5219360107296
231.2792725185319
231.1856055433016
231.1506350158053
231.1941760514125
231.230122805142
231.4211836587549
231.6272912757536
231.1552561554601
231.3813142294998
232.0489121033916
232.0710603978555
231.3842680460563
231.31901178804
232.1679756388988
233.1017296855036
231.1520772384802
231.2581937093406
231.2375445781794
233.3363584316268
231.8197843863721
231.5478520915945
231.3423901918515
231.2537198581162
232.2194710784689
231.6024836146329
231.257735629369
233.1980439421937
231.4608875370417
231.7137472206713
231.1687188049376
231.2328951168988
231.0781078370806
232.2784904113142
231.3210030646084
231.3504203406003
231.1975051324183
231.5139330274669
232.2096908662958
232.1346871390216
232.1282586724878
231.0226140210285
231.930690811122
231.6304485423883
231.2267643614292
231.6896689677072
231.1235941326044
232.0674450172469
231.1924121909173
232.1257462502957
231.4697658309064
231.8204058244033
231.1234517062285
231.3448789035189
231.3341536225087
231.2060175077717
231.6684313133596
231.0823699696139
233.0500883343868
232.0455623561673
231.5139982385959
231.7382442007878
231.2673622249537
231.345241455321
231.226292793963
231.6512726816803
231.239600526399
231.0416408980107
231.2508598290115
231.789673067053
231.4898784844858
231.3457954076899
233.2944526024304
231.3393688665915
231.1663821039777
231.2550610082501
231.2046375064377
231.1076119680464
232.0395168352501
231.3012768308523
231.7071281340311
233.2958464529896
231.3709790461576
233.1542302017218
232.2508403233087
231.0937081853705
231.3189976863497
231.3582977485103
231.2427464565232
231.6283703253211
231.1713200288748
233.3969079012095
231.6862169483663
231.7528021645358
233.0035515204668
231.3976209246923
231.7406011718906
231.7449124045359
232.256446351864
232.5920778219492
231.3599510398972
231.7464134783233
232.2624355694564
231.3998357493537
232.7384183763609
231.2105705440736
231.1275930927754
231.1762518560422
231.2451561846507
232.0079358764821
231.4371025666602
231.1620912666742
232.0565056817228
231.1793384396943
231.3422785310661
233.0295260700238
231.1103305220355
231.5056286950411
231.3764329655683
231.2763898633949
232.349257415894
231.6727981962802
231.5274524722974
231.7237781205795
231.0677632022641
232.2739856287364
231.6120372035588
231.2269469864782
231.9658876532276
231.3578329262934
231.5275023592968
231.1366063800349
233.0721986136377
231.1012634344334
231.2978982010673
232.0755840529893
231.1566401506756
231.1881249058272
231.2622971329495
231.3658831931647
231.1904420957828
231.5636355578098
231.127637592075
231.3962584176938
231.4235768512306
231.148933322013
231.5330294117625
231.6710868231351
231.5563145240498
231.1753811821486
231.1816539293667
231.3946932615624
231.4598263640702
231.216735492075
231.370248097305
231.1844167140728
231.601856577379
231.596460728871
231.1604483034517
231.0520824762923
232.5840941466449
231.7781046425386
231.6236125076261
231.237358633972
232.0843794029951
231.146317146408
231.6779403686729
232.2078749112085
233.0371180815009
232.5580511340643
231.0940469175111
231.224667581472
232.0055748602185
231.3357526074342
232.1686092048618
231.4625859409425
231.1089137848899
231.5646787628158
232.0909139177679
231.2959959007474
231.0598607374532
233.0783879469167
231.6876554576162
231.7128999015906
231.4194951796477
232.2088957897471
231.8636925419987
231.6645743135665
231.3268237864873
231.0152801147401
231.7175717737865
231.1630375932585
231.0672225305929
231.2942012575964
231.5355020415981
231.4553023187139
233.1619348936911
231.4946398179241
231.2500923199816
232.7869550605822
233.3576674145428
231.2503952543692
231.4121404547785
232.0173275437375
232.691128639872
231.1111464569825
231.4800245022796
231.1272031882994
231.4200033106787
231.2999813919598
231.3934017151481
231.1589978165052
233.0051068457068
231.9613937360819
231.0556034610046
231.4671003177779
231.0777072410947
231.3677152075813
231.1315450898374
231.1107070425213
231.1292923531069
231.3862109316797
231.4042530253093
232.3829618063428
231.3239413994583
231.2683622072845
231.5131199320438
231.2241202917235
231.1519110507025
232.0364997262361
231.7264915111694
232.0314345571608
231.9220194908749
231.4044579996795
231.4179078681746
231.2595339101494
231.2549203917607
231.1938376506233
231.065884914563
231.2915793986999
231.3917356345816
231.5326109115821
232.0970220997705
231.2381137716246
231.6424751764804
231.5478394070725
231.2784262628277
232.4340285442795
233.4999367465882
231.3711047045848
232.4973415480685
231.2489051404862
231.6036181451121
231.1891238643599
231.5226425479754
232.4148821271189
231.4306251027222
232.2419012582064
231.1243599530496
232.4262093030681
231.6152274443754
231.7244719240213
231.4458365499264
231.1176993694424
231.2083850529232
231.0602572200226
231.2867224205694
231.3951137740666
232.6488176011114
232.0469468166478
231.6883837970086
231.3241720478289
232.1000032088483
231.2768370191728
231.7148536341436
231.4165604855016
231.1363444121059
231.7763514450531
231.250199912814
231.122891144158
231.571950041079
231.0825312869719
231.3527688102347
231.4452335970472
231.187253916249
233.1087135615856
231.4521524619549
232.0400153850276
231.7973979744656
232.0198237644036
231.2431600883456
231.7313368616764
231.5465997675963
231.3931341267837
232.358822147444
233.1555831677752
231.2330871781361
231.7465605994449
231.5499887560766
231.4753399173256
231.6337948056389
232.5799213876477
232.8020022120427
231.3677484592698
231.3669328743921
231.6802508314334
233.0331725435283
231.4673774623725
232.5775570009067
231.7709632053459
231.0795975014915
233.0917807600667
231.2368996564622
231.2829653102711
231.8586597412557
232.2596996404564
231.4809914970845
231.2885441366239
231.3735373140113
231.3262060594452
231.2106731780063
231.6390108830196
231.1688590706274
231.3455255182971
231.5707405325435
231.6724409323661
231.4009241122264
232.2642018931702
231.5379014924734
231.0496576560006
232.1403344075552
231.4109165626085
231.1998150145635
231.559801934203
231.6769534626962
231.0433897758825
231.6562522984254
231.5539016452888
231.401023442269
231.0811912032873
231.451438193299
231.5993415178594
231.0801869370019
231.9117216700418
231.057278096757
231.1544435707766
231.3930685804879
231.4062480672042
231.7933392742507
231.2886847812437
231.2776455858768
231.6417754462035
231.6119412174437
231.3959890458656
231.9616971431451
231.4439589387367
231.196210908322
231.8503107742652
231.960590068904
231.7608075562286
231.2071010504268
231.003104498128
231.7783979257442
231.3769343170151
231.6338724884743
231.1210710827538
232.1903345384847
232.5212679424994
231.7090075232758
231.4984483251338
231.1904427043316
231.2917094178491
231.058727915484
231.3136838903357
231.2381790857914
231.6416278791557
231.9631490645118
231.2428358804016
231.3595448410047
231.1858565406409
231.3991611925538
231.0217509467686
231.8296297359829
231.2814160605418
231.4309352815502
231.7892187059646
232.6127081450313
231.3105557704464
231.695144895981
233.180091252094
232.4414538268127
231.3505659735066
231.162174827806
231.4049201865996
231.4969654863537
231.7777739629262
231.1540798316167
231.0402658099471
232.1233804982728
231.5422129809951
231.3615921889802
232.0676464354065
231.2917341812928
231.4756579320791
231.3253311571036
232.3987043478611
231.3779577183778
231.2213776674429
231.7042768750849
232.2267012208216
231.1253764056711
231.7219545484423
232.0234863538527
232.2894304262983
232.0047149567658
232.0057189512054
231.5784812225644
231.3366351207047
231.1516522114078
231.3107215576663
231.29444381847
231.2626521431978
231.1696348567535
231.4493769826994
231.0646763131786
231.4659361043504
231.439954569556
231.8222179333952
231.9313077263645
231.3044354394851
231.4210039718419
231.6146722249766
232.4444428241715
231.4436905501888
232.1405551575771
231.7825267766643
231.2522671941625
231.2848977165435
231.4205225591154
231.878175737982
231.313892901023
231.1017856304656
232.0366670443678
231.3419142221895
231.131806271843
231.6313411115125
232.3150335057243
231.3597377490811
232.7786891661309
232.1933965912556
231.2543846386473
231.2752369674454
231.6155427274454
232.1708209578348
231.5139561238755
233.0673384869493
231.0361254769583
231.2682686518798
232.6247627613382
231.8520994421171
231.7339413732868
231.2459614138359
233.2434562469177
231.9690863994507
231.2870829219082
231.3405649692097
232.6563109776331
231.1865174719057
231.28480659881
231.3836670150901
231.3835357806178
231.2667546028852
231.2304587294534
232.3285700540806
232.8364674491765
232.0214796366396
231.4978654943566
231.1798542970251
231.0579954099308
231.7929432562454
231.2644391032968
232.673912766805
233.0007242276675
231.0686100594183
231.3800281360546
231.5815164601007
231.1629515485926
231.5407254502806
231.9593220367851
231.3472779264382
231.7751367039945
231.0267131047552
231.4222129597943
231.2022786048168
231.344777160469
232.5916308210105
231.4867180716392
231.1549657404963
231.0312243697266
231.5244812375757
231.163676915886
231.3038337007509
231.445240749132
231.5414236841447
231.2082462291047
233.1839918920151
231.2373712391999
231.2902299667958
231.3548576318817
231.7537963620664
231.6607952084346
231.4585749502959
232.2482017294835
231.2881130344947
232.1170312113586
231.160069110501
233.0223327057797
231.3589925783373
231.3314617899761
231.604453870373
231.0979947163424
231.3975538742787
231.3315090717577
231.0343452035659
231.367848839657
231.2441083215149
231.7757492408451
233.119289334846
232.1838919298565
231.1574701334806
231.2974126589727
233.9826718427238
231.1165004525775
231.3538248261362
231.2237594200169
231.9794381954656
231.1155996936025
231.6220033102648
231.4359865862536
231.286062303462
231.5441198424091
231.3718122886
232.1939605859656
231.1373182683335
231.515963390254
231.1459581277058
231.3520433438564
231.4140900700904
231.7352717758366
231.132983660324
231.4325874159978
231.6543447697778
231.0601910173131
231.5433810186941
231.4169238181888
232.1936392811438
231.340113535645
233.0221412275301
231.5451084425671
231.1321018497072
231.5405408560068
231.0838669754891
231.0545522347526
231.6657329960943
232.1128624373113
231.2012581557138
232.691250637018
231.4657853116673
231.2227835539622
231.242840105108
231.2391230389738
231.613265002131
232.5629721789587
231.5270572068864
231.4376127230661
231.3670857997473
233.1932500469503
232.1590790815866
231.3290635461463
233.1845073433415
231.0480989140269
231.598463824493
231.2270600486797
231.2948507715136
231.6512045743536
233.4093323712885
232.2036044455807
231.1976097644786
231.7644236128309
232.2735425995134
232.4683243021647
232.0655116924316
231.8569536772393
232.3849599470779
232.0921319285069
231.6292418109874
232.5121265926449
231.4782054734709
231.7327518312043
231.5500532446751
231.1985560427322
231.4688372074413
231.5529676418754
232.7436922417637
231.6918526420381
233.4175787432669
231.3244826843653
231.2736352406613
231.1938105311943
233.4681622915201
231.2440106509408
231.4869169958315
231.1325052342516
231.3579076487286
232.0683725245016
231.6907967953912
231.2435141136311
232.2219532757588
231.1838982762463
232.0694499683098
232.0017099760513
233.2466087223677
231.5715485172358
232.4567185342371
231.4762181759272
231.3427333744548
231.6200452929189
231.2422821718593
231.1175844695676
231.7909569155355
231.8369372489082
231.2935409654417
232.3776281585959
231.2213826962735
232.0370654701215
231.1609528329101
231.3288241325236
231.2080062375528
231.5259018134632
231.2514237089693
231.061801279786
231.6692032155372
231.8327596349249
233.4734067894722
231.9598216346039
231.1631968965175
231.7027491712286
231.6054834161715
231.1760055447535
231.4554671401065
231.593833008918
232.0183078782295
231.9683370706298
232.2983935109039
231.2965526797975
231.5687011152616
231.2955501862519
233.0688902701568
232.0865975808971
231.6051311381961
231.2937941031246
231.3046899631354
231.8097654135828
231.4995107030016
231.3333361144625
231.4094656205646
232.009100754961
231.5029437252819
232.3670057423843
232.0402358317258
231.8976115207775
231.9478433825468
231.0447715790439
231.6189333886034
231.9245490185196
231.2926655161465
232.0237389369564
232.0993741394917
231.1565882256156
231.5474204705518
231.0954575285668
231.1179910996817
231.5163990663771
231.1300173057789
233.2018161529406
232.0999527702923
231.1985431220617
231.3135735276727
232.1640665549266
233.2036247297634
231.2903177007311
231.3400251265331
231.1920375534733
231.2030111549557
231.9551669419809
231.5933937462967
231.6944000494738
231.1328030487336
231.4319732557855
232.26649371766
231.7812096809864
231.2247903888615
231.3557889322036
231.1914475955347
232.1367949616771
231.5922079972511
231.5438631054647
232.1924531225634
231.972151495972
232.2614815142049
231.7554008616295
231.6819168566355
231.4711624303204
231.9267861148411
231.4162550077002
232.937212447572
232.1553151667013
233.1922770285988
233.3474352324148
231.4934123655823
232.0220938238416
231.126201633346
231.1971371233456
231.1763470815148
231.0880643263446
231.5179193897122
231.6551265529538
231.9397700684354
231.1654567267302
232.5230706245551
231.4149824293551
231.0602498978807
231.1422324472835
231.6695548486455
231.187202854282
231.4109167319232
231.1470419922373
231.1086145203152
231.7575853057434
231.3973109526791
232.3588743119008
231.3709691769187
231.3600357566938
232.0529484555231
233.1578890783029
231.037745546561
232.1138739310896
231.7376809823441
231.8739094983464
231.2497510334187
232.0323943488133
231.3272993385708
231.334602296317
233.1385362679483
231.2463670581165
231.6008536232412
231.5074923821528
231.1581000854372
233.3254185245984
232.3983849041958
231.4196453117332
232.1459242767147
231.1695002490895
231.2860659492168
231.329907679676
231.2671698101953
231.1094096101148
231.902427318286
232.2698527098498
233.1849489227447
231.4052274887583
232.2852003036305
231.1365599703176
231.6076791282875
231.3155975837302
231.3383802937454
231.024944193036
231.2094359373536
231.1979684437716
231.3675962899949
232.3684442707361
231.1991602665255
231.5280709395184
231.4609720944545
231.3021564063817
231.4106628973976
232.6068957538335
231.8660200286565
231.5585354966459
232.1557563946957
231.1863372496491
231.3318702698459
231.7358054126321
231.4886140380651
231.6171283696154
231.4792883009343
231.8229627155427
233.2196700787629
231.5258727938032
231.3068052160771
231.1980437496191
231.1417966211203
231.197497175159
232.0989814447288
231.1251144735304
231.7612153407511
231.4003228556351
231.1284501338542
231.3065187867826
231.2076996268977
231.3992291977458
231.165072807839
231.470899711859
231.0864651243306
232.5097420858724
231.1843161444584
231.4690203104298
233.3712911481283
233.0500028298484
232.1813593865119
231.873834656327
232.6838097828469
231.280766698428
231.2240430567028
232.3937575307988
232.0298073155515
231.75693362545
231.477821545148
231.6555585619251
231.4133503600678
231.2358580265859
231.0754080993016
231.2472278529838
231.6008663215687
232.099121876784
231.3573827079327
231.2357796487022
231.57315418422
231.807301290364
231.5138868577232
231.2702306621322
231.4227992545462
231.9426346210611
231.639245476651
231.4035017048022
231.1624616367797
232.1445843106858
231.3500166063072
231.6633725726647
232.6471842670995
231.7069756252508
231.0859526671539
231.889090840233
231.199519845262
231.7653256789162
231.5252611540442
231.6867520848367
231.3055105191461
231.3021179412967
231.1801695344967
231.1463450441792
231.0920245806794
231.403531849358
232.6538381240204
232.7487922120323
231.199239162202
231.4195190973484
231.3050314389128
231.4717747580716
231.8881374291971
232.017592621252
231.3130785528954
232.0075399327267
231.5238037794522
231.341439473942
231.8814819948938
231.6214347740767
231.2091278048582
231.7501430413173
231.4445067878079
233.0643847666537
231.6876323648575
232.0218545471441
231.1425755036524
231.3211211942992
231.7076184817183
231.3290646046387
231.6044570384753
231.2300634528508
232.7633411396462
231.5282941651905
232.9547545595839
231.3848405342191
231.4213557356595
231.0656781011568
233.8525590465427
231.3937148190213
231.0896219140182
231.0149097327504
232.2226387707568
231.3528458347608
231.2061288793614
233.4190549235711
232.0722862928849
231.2578791865085
231.2261203594023
232.3372266102884
233.9887289414631
231.2803183193881
231.2267572078396
231.4958022058556
231.548482511625
231.3074874146337
231.1743617413367
231.2831248976581
231.3775811648638
231.2333961173758
231.7357828187335
232.1104782887928
231.6210711666693
231.6641016014808
231.6960862599678
231.036914596963
231.1946169133909
231.7741169989034
233.5999709979259
231.6044730879543
232.0770747890349
231.0848019737502
231.5353295764316
231.6443204756708
231.4010811814323
231.758912880773
231.2808747645174
231.8863998671942
231.5262299146079
233.4680117462666
231.699936227487
232.121556946229
231.008304259795
231.0741163023332
231.5793217456598
233.1464530050786
231.9773236577597
233.0110416752347
233.3444661881656
231.282049902756
231.3572508451795
232.1136245818821
231.3058586160748
231.7080276354018
231.7901369144884
231.1613672647339
232.6277143409319
233.2830410848301
231.1946804976757
231.4118710024422
231.6574715514873
232.2349703891013
231.2639534507523
231.5021931890241
231.294329564788
232.3137930704301
231.2806704834554
231.1542945054304
231.5224861026583
231.8295260895264
231.7630325652596
231.3470429630494
231.2130514568353
231.2224012127153
231.673026966433
232.5899109036062
231.15051901537
231.3950550038806
232.0363818153984
231.9380744117153
231.1293998867942
232.3706620501401
231.692494146592
231.4507549416816
231.3059839170155
231.1626841743303
231.2585726196512
231.46512770268
231.304763820747
231.1485742162305
231.2190981412451
232.481202535017
232.1315114634307
231.7341385720349
231.1602976440792
232.2979382421768
231.2599190803774
232.0058972148437
231.5455721783643
232.773261979662
231.4074539993547
231.8774075739668
231.1171765242181
231.3820954099967
231.7996594943328
231.0590259683882
231.3667245012539
231.1375547925693
232.1484812492493
232.081473450135
231.8350005525317
232.1125256516815
231.1749705549898
231.6018695178749
231.4063863537849
232.5476645593168
231.5412433456434
231.194380333868
232.4175170529876
231.3299802745825
231.6655833371595
233.0043929230343
231.1226082414077
231.6639847384007
231.5782654733521
231.1580436611467
233.011911585726
231.1122902130103
231.5169495686021
231.6241579142466
231.3632193683319
231.3673899526673
233.2987500434951
231.1850668648778
232.1806706667128
231.4597630796635
231.7115583980412
231.5056828070399
231.5553751557647
231.3623065185097
231.0898200855445
233.0859522022002
231.121796142697
231.3093758284774
231.2207856647259
232.2114596416487
231.17334109421
231.5793078896195
231.4214309343213
233.0496436156629
232.0560944706683
231.4234051957068
231.5565070947727
231.8349181959176
231.035338185667
232.6012963344931
231.2699106111217
231.8971734182568
231.1583029709001
232.1459943271591
231.3081739106569
231.1981588208555
231.683939575221
231.390333995256
231.3014538448381
231.2853746463883
232.8283218181999
231.1406976884599
233.0560057413109
231.728002604482
231.7685394252747
232.3834147782987
231.7689026623398
231.6071244338906
231.6332674474377
231.127536148288
231.1943639308016
231.1204058858669
231.4527375275696
231.1942347811469
231.6258263963566
232.0412190237544
231.6740860051876
232.3662867516157
231.3051850187137
231.3490967680843
231.1234851072624
231.3633520533786
231.1996384282304
231.1864156795462
232.2645368073792
231.9682979475643
233.5955829072782
231.1274292492424
231.0593793219774
231.1533543057695
231.8277609248024
231.1330689841337
232.6534518779941
231.5099360992357
231.0833350970946
231.672957691765
232.5164315516409
231.1892278849108
231.9892180520652
231.1642547238658
232.173640745845
233.6042292040398
231.6146259855381
231.1567755192136
231.2282609843732
231.5019637112395
231.4670190646945
232.3169586536092
233.2299080891183
231.5090088105225
231.6983345243042
231.9280322077623
231.1324168258681
231.4101375011326
231.2287000505174
231.1503617610435
231.0970236959567
233.5506522959101
231.9508704227308
231.267173817098
232.1766709121682
231.7363279860294
231.8234556793514
231.6397300843072
231.032135553007
231.4930164054423
231.2871902182823
232.0564582233699
232.3338797921638
231.4250462522947
232.1477856647801
231.422087662295
231.7498256163035
231.4021345751505
231.2333824681597
231.198298270279
232.0130314010663
232.7921908196819
231.4963629086102
231.4722090177366
231.4332393457017
231.441754951977
231.2360286807338
233.410766368357
232.9609376201983
231.5324079578163
231.1476653190797
231.9325112537248
231.431894142578
231.4229606126525
231.0455622026474
231.2130471447047
231.309472895792
231.5247066994077
231.8407236841842
231.6531773611135
231.1968264841881
231.6737452450245
231.6563762440752
231.3647942921044
231.2091381910257
231.1583271169352
231.5167043787902
232.3451134445219
231.9346418959381
233.0388228779845
231.4810901347374
231.4621303608971
231.6160672089861
231.578091887123
231.1459489845443
232.073533830341
231.2933812029502
231.0911307571035
231.2850733504734
231.0579316371123
231.2392173107937
231.0884072152045
231.5506260916552
231.5113594809705
232.6406663551414
233.3534156819788
231.6652792261253
232.0423805731241
231.1814778672406
231.1888626981177
231.7062696169571
233.3568268642942
231.5443494862396
231.5991942774395
232.0068035603392
233.0666290031399
233.1619448361947
231.8357892217405
231.1217242399479
231.2388843376113
231.3984394006466
231.1731011654661
231.1691889864295
231.5031710656375
231.4288513729617
231.4751403688339
231.5028640840492
231.8978447426931
231.2408686097264
231.6512617733237
231.3715678744596
231.2264366045627
231.132681151206
231.2794926069273
231.4145234358749
231.3362879043979
231.5055118224251
231.0971116839508
231.0126555116927
231.1220512341792
232.6001900406782
231.9072301809354
232.1113475340129
232.2472550175248
231.4993416333362
231.3908684239987
231.6581138575181
233.4613292895732
231.4083776345338
231.4639551117115
231.0102595876376
231.4805278927936
231.3016368509474
231.4664969773271
231.8544982613321
231.331330444025
232.2437443063646
231.3036141241624
231.314339537615
231.8586176114372
231.1146463916127
231.9527897461682
231.5494547018301
232.214813209623
231.2471937435318
231.6815771807856
232.0066173776582
231.6554971658175
231.1368087885542
232.335639323449
231.4378928824459
231.5175679744538
231.633622270063
231.5452744695352
231.1510750445234
231.6308660803414
231.2613587336574
232.0147662642083
231.5596488996393
232.1359629365012
231.9645330505577
231.19877492484
231.9318116956034
231.0515802786473
231.6926876669075
231.8958918630553
231.0696826774941
231.4059599088715
231.1564328591212
231.3977017109208
231.5399216001134
231.1747455292417
232.1188606645324
231.3166473853839
231.3023421413671
231.2914358828108
231.5403160179605
231.2037996511471
232.3155867735844
233.2223710999028
231.1649134019006
231.4198145273768
231.6264261636655
231.2451500190589
231.3666461805464
232.1708995285101
231.6037160008138
232.0554719853295
231.2824555806922
231.0534690475598
232.2163888988497
231.375531928996
231.3833634631754
231.6241623014249
231.6422494347056
231.3535660566671
231.507656892079
231.3762565783251
231.513200364571
231.9009795833164
231.224588749365
231.5461444753973
231.4571095224066
231.6939614261636
231.1887948898289
231.2591311288322
231.819328223383
231.7073273356131
231.5487408754113
231.3112739790917
233.8374957416487
231.2832553209405
233.3549153226664
231.2443131915096
232.8325945336719
231.5452424366548
231.4751635080154
231.0715486861978
231.2443011027409
232.0668447706985
232.0913682187015
231.2247504574483
233.0319581119843
231.0746143268386
231.9895653767362
231.4086051666111
231.5443454107032
231.1272228979835
231.4506981407771
232.7620006962214
231.4516555704597
231.4860143345075
233.0454110660034
233.3936595348641
233.4572965095934
231.6410975033721
232.4533432557731
231.4711229210249
231.2491327940467
231.0424669561285
231.507449051218
231.756882451247
231.4986251969807
231.774897208816
231.9877251051522
232.0898263049607
231.3006599906388
231.0240751656089
231.2747127274863
231.9569414610698
232.2646715953428
231.8567013202122
232.0561928657106
232.0205315568149
231.8318456349443
231.1725280904094
231.2592086898007
231.8070921647069
231.513710803615
231.1246788847542
231.2866507755357
232.1407038665438
231.3747512165893
231.9445098556366
231.4127632504858
231.1948885174968
231.741538985868
231.4920425718857
231.4911179691944
231.1833258011837
231.0561131515774
232.6427693683158
233.1835207866518
231.3325371177514
231.3911302326342
232.6765309883983
231.2468905943472
231.9984176548117
231.1960380611434
233.0364591348044
231.2571027977901
231.3722001891433
231.6753549756569
231.6914705940916
231.6342150614113
231.1037819508843
233.2698823254301
231.0747577570882
231.6463858662727
232.1631133597559
231.5794820878232
233.05037854797
231.8475266183632
232.081878477639
231.2102656353088
231.629745842936
233.230302678013
231.6177330971073
232.5471532900548
231.2082122027779
231.1746813196532
231.1513287407589
232.2929422332691
232.0897981450915
231.4237772934178
231.4651736547527
232.2221458775761
232.2776851016716
231.0546202390962
233.0353197162271
232.7236701652922
231.5841302673248
231.7069253391537
231.321966591134
231.0747921216212
231.4208142047578
231.195877525673
232.1365072283149
231.1141296272481
231.2717278995969
231.3215652473659
231.2677809542891
231.2166135225079
231.4321626560074
231.2222677316563
231.1309051412174
231.2060150673673
232.0479514819329
231.5860037777749
231.4641923001352
231.5627907856372
231.5877182816537
232.2723343885843
233.3432919789761
231.257454068225
232.7663865859273
231.3951391464019
231.4713457275382
231.3786504484679
231.3907990757971
231.6002112949625
233.5013209425495
231.263922804678
231.0707021997806
231.7227192540036
231.2845774299204
231.8424692173672
231.1311100703304
231.4489274563831
231.3514860113265
233.1761555756244
232.6180548692858
231.0677022252945
232.0660737847353
232.0607108270485
231.0469379387459
231.7259237750209
231.1152237087491
231.2136967621698
232.1124405685423
231.3739102384187
233.0918265005798
233.1823484504357
231.8403448341076
231.3911064089548
231.2283446642799
231.4258548825669
231.5693956224506
233.4043997461746
231.4124833602739
232.0979009553625
232.3205768012933
231.3138110647082
231.2445640718153
232.1481739263782
232.3904205663421
231.3606398478435
233.1705965871956
231.4204365126167
231.1904543834997
231.3212139043656
231.3788478747262
231.2611606968534
231.6318499819801
232.4356377912125
231.3416512279628
231.2632373764341
232.0361364288653
231.6316541278558
232.2718451958842
233.2991169337863
232.0232494293932
231.5026370788011
231.1334289308381
231.5650110878741
231.5538595676036
231.459471242469
233.8327599840427
231.1913452890764
231.4687545697422
231.1679943253125
232.6493254368656
231.1281125385251
231.199004226002
232.2401359669807
231.4587328591564
231.2019442904358
233.2992092610912
231.1801673947404
231.1116446611384
231.082529707304
231.3478121612876
231.801018105955
231.7047563541855
231.1703983835635
233.4981739912658
231.2276321699749
231.5514974426207
231.7192204777635
231.1607739958304
231.1971657346873
231.1052197675037
232.7164661931738
231.7098948244262
232.118150412066
231.4221849202292
231.7484974667191
231.8693306685164
232.1446772439164
231.601404669532
232.1490287098711
232.076533473334
231.6249651710727
231.1698178103291
231.4063910413018
233.1287420373069
231.3870202911913
231.364981655528
231.7135871127581
231.4080785072946
231.6203488468235
233.05212349887
232.2348261560942
231.2570776853595
233.1160398711159
231.1750790817791
232.1001798351712
231.0490508158479
231.6795750064385
231.2037921456096
231.5661223497966
231.3025832898045
231.2908735560812
231.3641675255753
231.7405582430678
231.4684473966529
231.5347633310842
231.1652668191422
231.4149218736259
231.3338342151446
231.0878219710808
231.1005980533305
231.1733992844769
232.6387936938025
231.7082994055718
232.0486586678802
231.2070989453908
231.5060187846649
232.9602425693536
231.2818032368302
231.0509940439318
233.4083890070595
231.4699436321117
232.0465771395918
232.4035031253808
231.9700881806878
233.2911893128405
231.0918390428373
231.478972414183
231.7020623261856
231.135236845998
232.2178367924842
231.1280931374232
231.2694945148379
231.2606380140076
231.2247568850682
231.1314450673144
231.8251557136773
231.0392557199067
231.3291821426361
231.6714877559779
231.3990743020561
231.6489143770187
231.6581077819628
231.408140464581
231.2450283179147
231.3692535847971
231.0502092815561
231.8607545436632
232.3099326842985
231.2857488666781
232.1657749869401
231.0508012088781
232.1303862710095
231.2096192821913
231.4610818102686
231.9550072817901
231.9251319708256
231.3943457264699
232.2418636688379
231.2200455802071
232.089807069767
231.2088083788482
231.1209977641646
231.136746371966
231.3742205307692
231.2892192214005
233.8362777926868
231.1280265635628
232.8196030771269
231.446366477972
231.7872426925993
231.6093664903493
231.2065566795781
232.0144129425634
231.8719121059902
231.028047819074
232.0192255425593
231.9786891215056
231.661552690487
231.6248969213231
232.0170078197461
233.1062169676369
233.1819817271637
231.2969076658269
231.3393914256344
231.2915644026472
231.3430462393203
231.552035929028
232.1666088896785
231.2363999753951
231.7723664329249
233.7442498604421
233.3462757946648
231.2261105099693
231.3348364705791
232.3607892006616
231.1069923416138
231.0999414095951
231.4190524358338
231.3627734250397
231.7553465057597
231.3673432054538
231.3661825511949
231.5353541920846
231.5051993458412
232.0825517230352
231.1620798035863
231.2209320706151
232.127686164643
231.3183292496013
231.688599383772
232.3097368713237
231.2220400608955
231.2600221191349
231.5968997458967
231.377223364701
232.3010661125926
232.0241296952274
232.6041005689857
231.5881619776981
232.0206631488253
231.430902471723
231.4898013759707
231.4477138605845
232.815579227739
231.9213086555888
231.7716110981675
