90.05123417066258
93.55359218728294
89.01057348613438
89.18161987151156
91.08659159582118
89.04051325366936
92.5747043668177
91.08126753572903
93.05438237653063
92.31280207505961
90.02612179493069
89.17789802024848
91.65471366784854
91.12597400587737
89.96189763872678
89.04466775989675
90.53119247202925
89.62183559957386
90.24103029745058
93.22507121955445
89.17633286540743
92.12350690907775
89.10804532698934
90.24538914360596
92.06101940445666
89.08455740660168
90.26358726583972
90.74150650376168
92.83685084968756
89.21322016492762
90.12163623923922
89.23363777599526
89.10182489861691
91.46100784095033
90.16750557307074
90.50027495903493
90.51976891816895
90.29399808783019
90.48033652792907
90.42462138082406
91.88859851998194
90.57238651968035
90.36892089222673
92.27564568131012
90.50117655056427
92.68917914238915
90.31510591483978
89.5510363371869
90.223817600712
89.17290914715456
91.28889371545846
89.22447836377434
90.10278980594538
90.09801968800635
90.38951078606358
89.11162996561609
91.08308075520722
91.02047119764211
91.44151614824422
92.2063601185756
89.85765598320003
90.23104636544345
91.47299886709314
90.01680537872349
90.22853497742754
93.05986381372904
89.29052049900267
90.33961052697317
90.1056680829453
90.39342751619506
90.80473532566508
90.44393174681369
89.17747629024394
90.61364110884946
89.34482110783824
93.16575536665958
90.21251324561369
91.01365766880497
92.08949450699126
91.54845051997509
89.28804958391142
90.00477867911223
91.05605120311996
89.01864884813973
92.52578045740255
90.29079370837833
89.92280435119746
90.80271045182309
89.01734018608782
89.91756136521545
91.36168796848159
89.00523653265022
92.02007257128105
90.76081151590624
90.48331083515176
89.35884513630853
92.41474987605008
90.4195191406629
90.99298165691022
90.4924009657543
89.07274399547177
91.510079205942
89.42113852385054
90.08001611080176
89.06761785896671
89.14432073760088
90.48923104627846
89.74718635747665
91.0013216687399
89.23149131846893
89.16111440977204
90.47067444934466
90.32785609370153
91.78326843193298
92.1338774873588
90.06068591671492
91.68083608676241
89.58581165765642
90.91062962332265
90.93183351581693
89.04998419661126
91.15727114613443
91.10691805328459
91.18533599846975
92.55195530703737
90.57317293781774
89.2261465177422
90.08622527324287
94.29600657219103
90.01945223282583
90.15557223185031
90.41498442914084
90.2049065739173
89.03970184979059
89.68795574031635
90.35968895059804
90.10314613876325
90.14984733518405
93.33163425331117
90.10865474581419
92.10283517144954
90.00488809487683
91.22664234588301
91.21934044872786
92.13559953867119
91.1176568399965
89.7156821306527
92.50206635448893
91.04362939755293
92.06185663468655
90.09348031224857
92.17988372444859
90.03779988773329
89.03322964246084
91.0188521123832
89.34305170114473
90.05701732159426
90.09788429489618
91.06905449651923
93.08313638824879
89.15283634230273
91.06209688461841
90.13570973363579
90.17423530561823
89.10286301470646
90.09739495968543
93.00750309697189
90.21772234960733
89.67477090404876
90.12476397382716
91.30681206552816
92.3256862588787
92.56085314085179
90.01641107794357
91.095184047577
90.3922053432668
91.83962397309418
90.04947556786011
89.57323657191859
91.42928793319753
91.07145495437256
91.09422929158552
91.30733711346723
90.2422483997022
92.30122810446605
89.10811001197975
90.12329515540904
91.50236549513342
91.02886150583818
91.3407699460442
89.09739824337676
90.01666245471337
90.49478299400648
90.04042867353455
90.15419719908864
90.06657924718274
91.1372986497175
90.10869728043824
89.0650449222931
91.25631217023073
90.74221938500959
90.31960218230165
89.5881773685038
89.05684325069427
89.213412489194
90.21934247204207
90.46233571550897
89.04772619123895
90.07749974735253
93.02350478386474
91.15610933486265
90.56102279427388
92.22707410264975
90.12909044579419
90.66833353204665
90.43165001752912
91.433552832648
92.05559625773752
91.14803214445345
89.50227650304778
90.30682470761224
90.43549291680041
91.25622278956519
91.0097975204859
91.19211637899039
91.05855530296114
90.15752985571618
89.90750733501824
90.07634789180625
91.09011313407483
92.0992854425824
89.06544566899662
93.54864904371212
89.10863157597932
90.17287899694452
89.27034831327563
89.06791088622293
90.12798566450105
91.11508659780962
90.29584594052656
89.04707528932018
91.30095737458232
91.39481677015183
91.18621824505901
91.06279496957511
89.16118728236762
89.76318271190247
91.06669914984465
91.05673063394914
90.21881967144702
92.05938638662991
89.78572104040124
90.2845565640842
90.23249772032126
90.0109328446546
89.21111477072053
91.73977998112329
90.32363404819272
90.17894576702432
90.77505083574073
89.35737692611697
91.39928973873381
89.66981001320912
89.02647737770579
90.23362479937593
89.83398675535437
91.80776939997641
90.28797325409373
91.30291898446994
90.36316273873405
89.12288865723349
91.27436106732874
90.1066118303879
93.23301671761848
91.15441789873024
91.06703927675561
93.22874522977048
91.32586951484586
92.10648383419881
89.17861928110975
92.0679151391391
90.04072812113833
92.96979339146813
90.3904659129391
90.27948840108469
92.06293718398068
91.2090395758229
89.19388708689551
90.40307448840456
91.09464001261891
92.31936105474759
89.32964625820809
92.53648218164615
90.2057322958735
89.11980887541182
89.05593764910999
90.17764245340626
89.12049375861888
90.8354357509731
90.08324211482298
91.23402480876565
90.35341355637492
91.99798266463162
91.14223715782653
90.05363192948292
91.03256985701144
91.28152612550724
90.00892369618361
91.84624130915013
90.20260940865488
89.11706747507829
89.15387678220891
92.4612110127468
90.25231052607967
91.61477646873455
89.15403759958791
89.08622079066159
91.01938468239112
89.08816470747867
91.20480696476058
89.73258133090008
90.73374866665452
89.60485182258996
89.54245074151954
90.11155912507097
90.20218929007196
90.60003270082849
93.16753107220477
90.04882177721902
94.0958852324835
92.11287523912358
91.0596854055437
90.34231335287149
90.01066815461887
89.23424036284344
91.16269781632643
91.19588178772796
90.084769234291
91.35707616713799
91.10493216298853
90.4867534238877
92.008299316636
90.07070286822372
90.20440871805273
92.67373059908772
89.14840845123085
90.69231242353237
90.15402242385586
90.21982975496968
90.29476058319139
90.17768486139003
89.055857027792
90.31850238928924
90.25636241967813
90.99101009632741
89.23706741254684
89.01324278059903
90.07207236748864
89.08290902864235
90.25073377726936
91.08802088789146
90.2840551395172
89.00291754927548
91.24868892831068
92.02962447103248
93.2360358184342
90.09349827897789
89.10279534005704
94.20145775811255
90.14836363301377
92.25141316996955
91.01399768099206
93.38176986462315
91.49685040545178
90.65790932091154
90.02366893014424
91.42732642091306
92.00812138657854
90.24968898583502
89.11784820484979
90.1515494496215
93.09729362641193
90.00176560899104
89.08483454842917
89.63036741762349
90.09855246254276
89.00511592616455
93.01962338605952
90.01393929126074
91.27093724660025
90.05203416655493
91.90756129537468
89.19104726022651
89.24643346701481
90.11531073816137
89.23885721758187
90.1666061969752
89.85839624696068
92.14314214446394
90.53486018991516
93.48789596467337
90.01284705390349
89.47940249097091
91.12758766360011
92.37698190598178
89.44873198277256
89.18745870538478
92.8209044325749
90.30859190001816
91.08047088918092
92.09981053661441
91.02974491327846
91.2966670061634
90.85516690423118
91.33821066095852
92.34049065799483
91.21508294565376
90.00065391444306
90.02480438146958
91.48850573446714
91.08893754357966
89.0755671159134
90.06227503904434
91.97190751184824
90.09774597876404
90.62722266447136
90.52979106011433
89.05250016283236
89.155794952696
89.60633876301667
89.07808084301143
91.72096078073965
92.41538457751281
92.11544947216962
91.13619991182597
92.07597783890105
89.18073937191969
92.28613172365102
89.03560283065696
91.09527965508607
89.14188149287324
89.85648076647806
90.4548986091646
91.52442905475598
91.36208132303881
90.13192056699954
91.33095851597709
89.26705844494103
89.61820247423049
90.05232913931354
91.04061780732022
91.68400930408673
90.2374958481996
90.41600645172659
89.25855905645177
91.06102891565995
92.37462858856384
90.00134785944714
90.4495992267106
89.57051229458455
91.048784916725
91.36672686380865
91.01162602768075
91.50378153223463
90.08995008773547
89.33766219951688
90.25897439397178
91.40961160303453
89.19687210763091
89.08207339749487
90.81147490410544
90.35345078249352
90.18599187771586
89.00578201428729
89.23254910121386
89.09237962063241
89.84291550668266
90.13461785142567
89.66554186371806
90.05317527342572
91.1282888559008
90.44414967367872
91.03522189366271
92.41944295868059
90.00545150464635
91.11564301120377
91.0892161865449
92.72174615500184
89.74768278681869
90.0962945710166
90.35021432544184
89.00556538040077
89.04673220585059
89.04522760190602
89.08473761425752
89.36949464723868
91.21643482668004
91.07603265516232
91.84212254477396
89.1578143330169
90.16805948437008
92.41272290277723
89.21006591765281
91.0020482923742
90.16395691124318
90.32634345223478
89.95335125400655
91.15857684171422
92.10282026143865
90.5757731526601
89.16511031516723
93.26530741470211
90.34401829245701
90.27805656475088
89.04617808428729
92.50208919868803
89.0484196164931
91.38014244008126
91.19227074421283
89.15987825987122
91.79268475916572
89.1775862798345
89.49200263549736
90.48846827465974
90.01997649864883
90.05057124475854
89.09854405505178
91.26132733935688
93.87080335615876
89.23452787680591
90.09176655886256
90.14267129377764
90.37276703029313
90.13043835631512
89.1745214243102
90.10349625731953
90.16830420182369
89.17510448899345
91.16020504514354
90.23969904376673
91.00858102570159
90.11207961983204
90.06666819160601
91.06556070985737
89.3239816805313
90.03185949728318
89.18698105815653
91.46457847506723
90.15051622666246
90.27616917007055
89.01560969465187
90.44608217671073
94.08639534694544
90.28260048003249
91.32192424105249
89.4486148606408
91.08979757493421
90.18897173880062
91.69981023531393
90.40063573316147
92.2841886929108
93.29807618112383
90.42850103735204
91.96222464066528
89.09880842861384
90.66799521062866
90.29771618096528
90.05875877782117
91.3537406147921
90.06727664854408
92.29359136323436
89.27887916329983
90.48487149613237
93.2941239092515
91.83230270219984
91.08548310699636
90.17442130014574
91.19278432317492
90.14288894748834
90.16260895446837
91.00916269671008
91.15904022151037
90.23284721436424
91.00741506950082
90.80376587034348
90.11635326088174
91.53006033134332
90.31380028297914
90.23566914968401
89.25896295616606
89.73125447297741
89.57453735319778
89.07816664487856
92.34221615852677
89.09066905268705
89.0057147491242
91.11935090672382
90.08902657244265
91.02996510986694
91.50645749971785
90.02736482993723
90.4817628024336
90.05358983970366
90.07624135491383
90.32899536106792
89.1057371778213
89.00742901941805
90.0176933492434
89.02888652582457
90.13789258596785
89.31004479933864
90.13633678652576
89.07664389725169
91.05072780205863
92.02339640363309
90.22437934396014
90.03632143458718
90.16364621751215
90.05501526815145
89.26583189248745
89.11765250800771
89.08446736830437
89.68207483096488
89.01466452440616
90.22296488747317
91.64881121845877
89.0738521791173
92.21491987161069
89.08049264721271
91.38866692951574
90.1619597510204
89.41725932706898
93.5003152335923
92.15119175819531
90.06538897387782
91.0683196834562
90.0858424230013
91.10841354444312
92.73627390385579
92.13858420930393
89.30043686222396
92.01074897316501
91.26614598232005
90.03797457905519
90.44912254682606
92.11738215052031
90.11062172261207
89.10938923266433
93.09345692784973
89.07603624361433
89.12748566895392
90.82082511260185
90.01797698306635
91.37221979752462
90.05213782317071
91.256084000261
93.2189569938485
90.17165096158946
91.13677628130968
91.26170311878684
93.23110044567841
90.06651309118897
89.00726484680808
90.0209936356036
90.71526191710237
90.42347589613841
91.12834148916427
90.40173298769238
92.48664704145978
91.49197818173269
90.1847137535296
91.33582577961594
90.64630733720834
91.07979315710818
93.26748455553815
89.30893669034145
90.03161153509296
92.10679931201052
93.56393591472397
89.28859192304984
90.0730964804421
92.10031080930214
90.78782276622479
92.06930454276554
91.02316846145968
90.62303150683483
90.39030704131365
92.00300598249859
90.54412032936789
91.91697653184256
89.2785210790352
89.05230048560088
89.37554602365499
92.13676224166063
90.6513011975042
89.0695783601203
91.05439591702303
90.6113573813149
90.13780371331332
91.31585978666583
91.00159913822378
91.04437673808174
90.24398456485991
90.3359859176355
89.34599235446612
90.24495871973396
89.74342592361494
90.12335405709547
89.79239550959264
90.70393473683527
89.174029509065
89.77355900670307
90.10905549152987
91.65811003876858
92.20169522257638
90.00073988450208
89.3308617413686
90.1845497044343
91.20406265752948
90.39954857229247
89.17671995815066
91.32068231990941
92.77570955205164
90.67083251424731
90.08226694414456
91.08733665074628
90.2200484284837
92.50937134548155
91.23827007162458
91.12501440287726
89.26785198777456
90.71636436079814
89.00502022593936
90.93327612979722
92.08106558077
91.41797891075232
90.07184914016828
89.81174507754889
91.87779255760607
89.01655799264769
93.12964061827068
89.3536624977948
89.00398991927625
90.04081383101213
90.19584323254993
90.66132303214025
90.03726723166494
89.95850187213523
90.93360900246299
89.07222137314605
92.15665487482862
91.11783465790904
90.39110117599145
90.18070711911221
90.08344483598455
90.00133453371737
90.69633288505592
94.1593597029129
90.36130249146821
92.93086675397198
93.10078470189751
90.12380861626139
91.21410163044276
93.02749976133512
90.0061421117979
90.1570836608384
89.07539240456252
90.02574910395533
89.24818894944381
92.08123643068298
91.21692905774066
92.29119578305654
89.14073548009105
89.8561384501197
90.02740015346987
91.03788768958853
91.12001827577508
90.47938022608143
92.46819153501434
89.34812563233922
92.03356568224203
90.29732979918286
90.39718138261897
89.41373190802544
89.04091344584312
89.3012892364658
95.41069690248968
93.0795386958975
92.23834965032435
91.05000417327193
90.59990338783189
92.54899387260083
89.30234673505794
90.64555418408351
91.74127797079355
89.17034189955328
89.03706351660936
92.01404227878183
91.38232294694663
90.01097166127572
90.23705224253075
90.21998502225775
90.30965063982853
89.12497782372832
91.23126078878244
90.3720695102757
90.29515700591008
93.22442182370293
89.63015668197389
89.28768757727465
90.68642074484492
91.59578164934833
90.329073128206
89.19405687722356
91.41840780194642
89.03647064123285
92.31538040499349
91.0454715335764
92.01394914020138
90.00356436554208
91.39214764123744
89.01565853478425
90.53538658417953
91.15032864284642
91.41167128243957
90.24499664487051
91.15578778562156
89.05436265898668
91.03449861923943
89.42499218191186
90.0395490264373
89.22763370259348
91.01817805652688
91.16230051814993
90.0330624694285
90.34037226723422
90.06182546846621
91.03185658962522
90.07435467106103
91.03862566804261
90.16101012897455
89.31881846260362
90.62605627130402
90.54245943399619
89.01301479951802
90.10601944617729
91.04032632119885
90.07260542994925
91.15295745667689
90.17011658543066
90.29247904017706
91.30425193689618
89.4355827691425
92.38173539542672
90.06443894390233
90.27497725911914
92.60277269038939
91.29345637118536
91.22812873544899
92.06605000522799
90.16105895431669
92.03469893220006
93.02756607541545
90.14753933463528
89.3696144295369
91.2169501801886
90.30830309298196
89.52156072130524
92.19963963222902
90.25069974957073
89.2196316241734
90.63865229256454
89.09839675104061
89.17131423012938
90.46479535084494
91.1452051560841
93.15438113625788
90.937601717716
89.38437917266607
90.32165208372344
91.58092882269327
89.69524486132367
89.03117904337682
90.24624201052293
89.6920646620274
91.41928922066157
93.05850454674204
90.81898333075036
92.25190852576515
90.06343152823621
89.05124939884927
93.00816168911706
91.34817950160843
90.24122961396803
91.18478270543449
90.14989053878952
91.01540497462797
91.06578694817489
90.2147185785042
90.93033983281975
90.56338298473268
90.20388151171332
90.16133556500843
90.04594070945313
90.60006013476877
92.01599206786615
90.66364634475786
90.49086963958135
89.52335475313237
93.1136772779529
92.46956348721196
91.15808792614003
89.49755653635636
90.1316693488404
92.1232721746781
90.48875138190087
93.02966038688406
89.32509463417284
90.5623414470174
89.23685515695149
90.26644792204765
89.27737144884601
92.02516984411436
89.01658500602271
90.21331028120727
92.00168855190284
93.03437986352446
90.04317357611856
89.10235894602093
91.72762520767623
91.23024893510441
93.69641207390987
91.08589201345472
89.20669148856086
89.61870259381519
90.35846219695908
92.30082722056011
90.03503801936809
92.50566252995414
90.03152080791558
92.18313771244995
89.16798762199713
93.34692804871965
95.03803534694201
90.07240636240009
89.18202650171165
89.15136145318769
89.68016280474073
89.63761449601495
90.32855246315563
90.18636848152224
91.25769659482712
90.38591088058477
89.32629615306426
89.13120795133875
91.51011341765866
89.30309955846396
89.83569747791664
90.23739471457648
89.06521736983366
89.19335464417269
89.68920473000202
89.05079389180132
90.21488856579884
89.51630632195256
91.29232793660505
90.6309295113208
89.08588716464331
90.20662071126813
89.07894757509537
93.04044475251165
90.19478363461393
90.10816995386968
89.3709613974168
91.06107617895998
92.41427665504239
95.2307918611774
89.38552129876754
90.16161221142328
90.33096783999962
90.39074348610048
89.01325208954829
89.74789716246728
90.99914876900809
91.20635955715986
90.47596154587069
92.25306638541532
90.6775497573008
90.23167071529643
89.12344721286507
89.20707096568214
92.11432990233547
90.02687147330685
90.48620145362226
92.26890789389653
94.27321849461057
90.43800693146933
90.19097332514269
89.68061160739659
89.13621976364286
89.0635015039745
90.02279789081898
90.76431662693464
93.07984907668128
89.31350250170017
91.94321455100749
90.32061521150679
90.65712508077029
89.80456087454742
90.57119170907542
91.99456312272542
89.13659905479268
91.13783078964175
90.38817926567785
89.38254053944911
90.13678861330229
89.13124709616406
92.44737984110523
90.38368143222975
89.36484956535553
89.39495887858429
90.92825728154861
92.04043689117654
91.24567273465748
90.46139284388767
90.25090289094368
91.08164840942935
91.66115797845994
89.4838715934863
89.74049920621688
90.67290090460817
93.3182123996697
91.58712167430865
92.02515846289761
92.34780002571591
91.0430082557086
90.07641719868715
91.10415529781214
91.21648505149064
90.75910290503265
91.30259222696256
89.01971793721053
92.12012385131841
90.23197056429339
91.56531756734805
89.06070681879316
90.6296624948114
91.213926466111
91.09451511656425
89.25038537121632
90.03338728066504
92.12174007816563
90.1607199443779
90.30734368921557
89.48207322638645
90.82797070382344
89.2841963699107
92.45139989130267
92.13507183787524
92.24721951876073
90.11208108432702
90.01487361836494
89.07547109666795
91.66613677609189
90.25452931376867
91.32653080522078
90.04659361120001
91.0318085859497
89.57012173681397
93.42689204570227
91.39643518144534
93.26376856950145
90.63681029578342
91.05154834530516
90.24450428372977
90.50079337578337
93.0714713765285
89.68557688422487
90.03534750452874
91.03784711728984
90.20335935941625
90.3364234229388
90.06120421702117
90.27992269184135
92.34994596619227
90.11546629819745
91.00565472301201
92.17832663111852
90.18147330289916
90.10603403023532
89.03153776374855
89.56561562721045
92.10703692263216
90.24155544799251
89.023852748178
90.0327333592888
90.33375361405311
89.13888784550062
89.30738321426065
89.143122946597
89.05753814166007
89.30998398703274
90.13462611835547
89.06982844112062
89.03919262754155
90.65503328491818
91.21968227610193
89.08133708742078
89.04185311664901
89.09338373457315
91.18512196095033
92.3651480836303
91.02952172992829
92.4653774032276
90.27128997184077
90.30754887266198
90.11340469063991
90.8065486222637
90.53886258378816
92.54335661167833
91.08802145283413
89.51347201648566
90.13380061112584
91.35626151571763
90.3011283418094
90.96127345490693
90.25007027078496
91.18559203958657
89.5062822595869
90.25769287040296
90.4341361831344
91.29507135127704
89.13557067490093
90.31749051616931
91.11112172733371
90.88208254861385
90.8372300624812
91.12367086957202
89.50840798520888
90.19636848243283
89.03769276531143
89.17085588901335
91.01452400643761
90.54050688017688
92.11694823323576
92.14576566865072
90.4898048820336
90.43368777146833
91.27456963858778
93.25494881047032
91.18270389052478
89.19288975385507
90.40422640967225
89.82439123338877
91.04464893572684
90.03787691040138
90.1105104267166
91.28806114989223
91.19803921477909
91.70250747531415
92.78249899238355
91.5278535242673
90.5122161797661
90.13270675136945
89.00587244236993
91.1477580344279
92.16496539003562
90.0869805763322
93.01278659469494
93.11541459619372
89.14484433506973
91.01827832271529
89.92753314596051
90.15603219430574
90.50386859685186
93.14644160817295
91.11039830313395
90.01910303513567
93.10711966617183
90.95390059790647
89.43518855143074
90.07045481318082
91.65589617525184
89.01698011371212
91.4595695628592
89.04066489989488
91.47922471756917
89.07401639914639
89.21442113021065
89.20346821307068
90.46297235318819
92.04536618543425
89.00987833812505
89.83785642367747
90.0247138180775
90.14442439718121
92.17043187597066
91.16173453275815
89.63295480769442
89.06568420263481
91.02128417640996
90.19019970037786
91.57748307819611
91.05595428323494
89.47182811003256
89.05992708989939
91.24273532877832
90.36444749273561
89.07240497228292
89.0364504487856
91.29314025272716
89.21687443642948
89.06666492558132
91.96203596317754
90.8391472761187
90.15369029597865
90.53270661416661
90.47287593116336
90.02067843671809
91.27040095945236
92.133235593648
90.15102159577228
90.04913051673472
91.03862714361438
90.46536912951235
90.2698672557178
89.44532947387336
93.26450236733885
89.47153113337238
89.03448816441384
90.12065375966132
89.3484289736639
93.45224780165535
91.66785258480657
89.28731337628827
90.1754819360338
91.97693635809657
91.23401949427472
90.70507221866113
89.27730119149444
89.56577749919475
90.36787436866135
91.2900769465169
91.02491356928026
92.4428299722347
91.1200725816403
90.04743416424917
90.08474315386803
89.22933177381012
89.04770417498031
91.36826037949416
90.05774916491072
89.87001427342229
91.11810723347001
91.11326380256145
89.19947490639173
89.23575586816733
89.28083328837737
89.10904545112521
92.5841511631333
89.54115401682152
91.11228373139677
94.75314896188495
90.07255716461604
91.28060086677183
90.26496045917554
92.35028841986761
90.12090289484019
90.72027937143285
91.13206961825423
89.00015167728081
91.13486201575924
90.47533313654316
92.13979555156429
93.12146389211816
90.27153592811639
91.26575669111149
92.41038730927411
90.38289531523311
90.43896421275917
90.00342892521522
89.20635226064367
89.64775862356224
89.32978001371465
90.1294871648414
91.2219859984653
90.00207286399979
90.39351679963622
90.27323410136017
90.42947617435708
90.14340593823468
90.11713655651882
90.20649432302946
89.0031412070665
90.38438094507241
92.01143326740255
89.21006142061789
89.59400425295613
90.10100217670227
92.02553329783379
91.03738580174429
92.03823457532192
89.58236590070209
89.30753338188411
90.23269706603863
90.41276982332246
90.28984887283566
91.19804703616029
93.25980536685475
93.25390590819472
89.58267778518336
90.18074860725687
91.069375980964
90.19436353026646
89.21368737209893
91.83143320861716
89.16022171997886
91.56937023216076
91.17138063996585
92.12682575504631
89.32485738243872
89.49211672358719
89.3491572584528
94.52781624759334
89.14628490442337
91.4122171988583
89.32694938903963
91.11749651017713
90.11754531512275
90.22361237128221
91.53487606650388
90.165231110098
90.14466729922633
89.16082450353954
89.7833627841824
89.37216860827472
91.58006108031572
91.1184434143259
89.01156728950986
91.17905890672695
91.10030435914487
90.06886625811353
91.12755208032091
90.9959461840172
90.92338722999325
92.17325389330803
89.0163846489303
90.24057605391509
90.29488538369989
89.07240496237448
90.31817408830182
89.08932628228243
90.17292071412382
89.06155983793155
90.06830815963617
89.02108404295764
89.29197960953374
93.47887460872587
89.2914373891517
89.08126216668853
90.20971691650774
90.71573143346782
91.56431122540813
91.97332107376245
89.1712913187433
89.52314452584912
90.00731160227372
90.06064927702457
91.10163911076884
90.1964980770031
90.67985949936369
90.15878770897059
90.0999019567919
91.28372438462495
90.30369705015194
92.44203153448713
89.15914289132722
90.32947593553166
91.11305399183927
89.02534517535304
89.02885927496764
90.0036283676251
90.09582783093832
92.12131195193058
92.07018513133215
91.45958001001988
91.11562872893566
91.23167906648551
89.09662701384143
90.85941028031438
90.24147549443123
91.12624325170952
92.36963602978676
89.01396579297803
90.04588426488644
91.31113182531297
89.14030277971351
89.23677917602438
89.18522066515654
90.29317628872748
90.84202685870774
90.5074896012384
90.16307202101679
91.44356759090515
91.72181794584586
91.63851212006824
90.2715398507752
93.11762643351759
91.27339018906297
89.04177225299804
89.3403038779079
89.24309277572797
92.47930929942565
89.10289658499252
93.28862483184331
92.92233789530452
91.31872183285071
90.83711690722627
89.14299834492851
91.15822365606377
89.25807852112628
91.07223728088316
89.47125884749863
89.19511055636686
90.1499799762555
90.07120451439008
89.08568332081126
93.2309267998695
90.37216365334604
92.13987491085386
89.71193756485012
89.04354063555496
90.4330343467699
92.00915764843131
90.15165754481811
90.41194530322709
90.7882794871805
90.22532675679783
89.066652435159
93.12347874353691
89.76850664931382
91.28559732919642
93.67946974654383
91.22212024896916
92.03529862537079
90.24497480180601
90.1460629513459
90.30349119731427
90.0918849794093
90.91470890470622
90.1654640811818
91.11869419046839
90.12804370383067
91.12241613279363
92.14154932414671
90.17134394246978
89.24851032104881
89.0061485039632
91.336327639571
89.02029627410437
90.18415948837523
90.03546423383138
90.52419269997587
91.14449472075894
90.04928326709306
89.94413978125556
90.63355760427423
90.2257893204437
89.10468530550376
92.12637843625807
91.05407790511453
90.40482767728182
90.04922970354242
90.00161499268398
90.09893267292355
92.17649837264032
91.80322480522811
90.90034025298421
92.1935282058508
89.01179182019743
90.10632641956653
89.47173014255142
90.14230688647686
91.0600674032036
91.21109742621886
93.23970100936268
89.20651350011109
91.38713563182105
90.07609616372389
89.2117719386908
90.71758730938156
90.02047145164039
90.56599141778077
89.92384331668592
91.15045366481613
89.16537081222185
90.19342010008147
90.16568000051461
90.34037917937971
90.56507488608699
90.01303664580125
89.06480518687502
91.56916293458015
91.35597371623298
90.09677374176954
90.01430506460042
91.39893248338467
90.10857929654146
90.5455068139279
89.70735173655555
90.52991062822602
92.23634220665475
89.12864377040295
91.08951613112652
90.59638083369924
91.35054629465706
90.2262103849166
89.3170553671806
90.14291550609664
91.59531907243613
89.04932366983557
92.1669799309817
89.29561379151578
89.17830324626829
93.21917576266775
90.20560533345132
90.52760566290362
90.10097965478911
89.10546695568915
91.10538215970422
89.11095169833825
91.45382741477214
90.21397862288458
90.17799410956975
90.00136566077447
90.06879865850964
90.10373817644509
89.31046451902733
89.38386814108878
91.5269174375294
91.3697958372041
90.11685482152338
92.22590942751728
90.4075456216669
91.15464750595409
90.74202102764096
89.05186011664443
89.04171338028131
89.67277651966579
90.10868802922926
89.03828385400737
90.5860864299173
90.23334398134979
89.0813346881572
89.1130164897681
91.03014036219518
91.6251590160108
91.57364267309632
92.69255649447983
90.19182545456626
91.00683534697812
90.84012961584166
90.18865858432329
91.15617036674213
89.00973073317209
89.3629436642496
91.36328808901953
90.55097491084322
89.01237539689313
91.42635802536974
91.20350594664308
91.08023499142867
91.22912857323004
90.92330570509124
89.05467610562778
91.16676814983494
91.72843615856594
89.23212197105484
89.04505078569878
93.2687240156129
90.04120848026723
90.12845192958984
89.26025608901391
91.06274148380474
90.43840832797302
91.68032847839602
92.24928395766867
89.22234400928045
90.05736879715879
92.36481632227724
89.00705870103751
89.04577824592103
92.02804271248884
89.05657023078966
91.05208434405195
90.24729549490937
91.81451458014043
91.21074518135507
92.31279146465764
91.2742536810835
89.07205230888921
90.60820825994348
89.11899696051869
92.42203366290883
89.59958542182495
90.10596613743321
90.89156251910063
91.14236400622909
89.12978004380913
92.02619783839619
91.35413310968197
90.21855458558403
91.39825939051997
90.19531522596445
91.69854500459469
91.19758968190719
89.12869029869574
90.4568084999693
89.03110212175733
92.04385077099165
89.69862859772243
90.13741038394718
91.4151648115208
93.26491113660076
90.58441115132251
93.01926043413889
90.87100123802685
92.1434603381437
90.22150528187422
90.02997327268591
94.58421276931794
89.1823822177661
92.10467049400907
91.09646221044325
91.02160478846461
89.62665388969562
89.64955451667018
89.04431432600158
89.19514163221
90.05100546805633
89.06104811107379
90.09371963413678
90.27966803638293
89.3067652241794
90.34330813204836
89.33211176475615
91.32917885259357
91.0692761218404
91.01470243054267
90.89725438871884
90.70579030194543
89.95324108979585
90.15812925638107
90.26011584549335
91.18910399480934
91.21954906728638
91.54689338635801
89.14786769595779
91.36681385317753
91.03602859536593
93.20342869238183
90.81844258583217
91.16177058577524
90.27233453141712
92.33032685360844
89.03618046307518
90.37043070254828
89.55133138326184
90.86606365519518
92.55581469923997
89.41265431447006
91.37611444140866
89.10416378320333
90.19573752246431
91.36072736897431
90.04780985691052
91.52413359276963
90.64099011473844
91.35171628208194
90.21084758792337
91.32099620742665
91.03804770313711
90.82151800471574
91.46454091269752
92.3524721110319
93.50101194200764
91.00704695202579
90.24071357067264
89.0490519603202
91.1482251830623
91.56400872861978
89.08835485967188
91.57334245479235
89.30432399654879
89.38405155183676
92.90283084017398
91.09815888340049
90.13371953143812
90.03103492857453
90.21018357625482
89.00604062378977
90.04836560428191
93.33154501204858
90.14282975394836
91.26998703450414
90.26484571647046
90.35665548923492
89.04094657432469
89.18991979355737
91.00136124901749
89.09731419614218
89.71795390206121
89.01691634152375
90.0852634368809
89.0949502411841
89.39180547596762
89.0124114393146
90.3130063733664
91.64756145164225
90.67478547301597
90.17127212328111
93.03375445601652
90.51117526864556
90.03993047589367
93.136365821878
91.31646436433647
89.44220230630894
89.07877149445379
90.1445376404336
90.28424414567452
90.18848427278688
90.2941644382873
91.41847156657172
90.01178802459775
90.05998921421069
89.05246926670709
89.04300881159112
90.19606109466928
89.16095519283068
90.04863526930437
90.04150230848099
90.10522650523987
90.02339616616352
90.51309741679295
90.04259613209487
90.0415194914679
92.15624798343863
91.4653732766175
91.54837458243102
91.19884233046074
89.29736068988679
91.25635248832788
90.7239641389064
90.08675745502666
89.595001493538
92.10979791366036
89.27094252375225
91.26891809752813
92.30280990032938
92.24323751849751
90.36831012058633
89.04518522428747
90.87643184711105
91.16137476839887
90.09602310652552
91.42422975011277
89.0658852159897
92.26464059882771
89.45696831562422
91.36107162109693
90.32937204867578
90.06605759512814
92.43704281175093
89.42250007405065
92.69807746953487
93.92653413427931
91.09794645408093
91.21822706718886
89.28108014656904
89.10485191787194
92.12929795083211
90.06535548580614
89.04868007559
89.36026602141156
89.09988855073739
91.20710186868814
90.19372421912152
89.12072738567664
89.01468236897401
89.05876913199347
89.13888161568289
89.04271614662746
90.28730003736297
90.05213603946551
90.15997392244473
89.03590746108219
89.12325130773897
90.6009676875519
89.51588609104311
89.27137245342739
89.2169786859856
90.71434818964335
91.13440837946486
90.74059050311588
91.32169088149543
89.53491513704154
90.15679450838903
92.18001643866197
90.01393860569006
91.33888346191948
91.7840284195958
91.01499405799481
89.03411670243575
90.04166277402666
91.09012954562243
89.35948010420005
91.12274637305175
90.15726664888788
92.14840141760497
91.83682465016567
90.14554875562199
91.37026643803621
90.21301887933005
90.28125210280798
89.34990673300663
89.25835415032671
89.15820531395448
90.06749981905847
90.6343584681133
94.22987697105084
91.19621862935419
90.14451778919518
89.07317648835398
89.7641500569819
91.2290021175584
92.68473059613197
90.01354003471151
90.23528217675864
92.30621500554892
91.08294862311787
91.2290268065981
89.66878197154729
90.02962691455078
91.3710093308913
92.39603791339772
91.60088767153886
91.48524667885084
91.31457975211354
90.12205638801609
90.16837495227074
90.06991054381167
89.39052478705055
89.06748780728624
90.73036113616875
91.11381778960093
91.4797284789536
90.59067756601512
91.8909798687585
93.18364281090622
91.50515188959297
92.16540364737972
91.06415264483067
90.08837457638232
91.28305646188156
89.33131814615452
92.9858778146321
92.16884822678405
90.4036430690714
89.1242045712795
91.20519906720632
90.09542581750355
90.42843395529091
90.09073615001948
91.05904631988723
89.01005342906433
90.26869686591836
90.29097543541134
91.1355697886698
91.23036327462255
90.35234614967099
90.72653769060877
92.13528419745164
92.19481657358352
91.81498315453639
91.98159653620303
89.19783462580061
92.27192086941186
91.02514254915124
90.3174639864888
89.81279244303227
89.62220693493785
89.76508806172183
89.40589324557274
92.52917866929846
90.0398071196455
91.05371778537302
90.54347551949873
89.23352445677459
91.7774249376521
90.04063566106089
90.53787922806347
89.02294665344539
90.08049370761789
90.19800475435218
90.99714406194275
92.04585675532654
90.00823107591111
91.23220358341544
90.07398040499847
89.24637089470941
90.4702369115991
91.19128712685945
89.5231832519352
92.58119125431348
91.17197063847802
91.0388370153143
92.29017408399368
91.35206509481122
91.13694286903207
92.23554975229348
89.81797031519552
90.54970179310548
90.22195755304233
93.08781651757069
92.22018226599235
93.36071181855503
89.6339065441094
91.39143902980122
90.19141125534294
91.40188391778779
90.21834992947674
91.07596049025764
91.21833763885631
91.57167121316967
90.19815245243932
89.07144539866644
91.06540188726241
91.23660268331759
92.1852773186316
92.13296878168322
90.04385059783937
89.05667208199856
90.0432861590556
89.07464971993524
92.29133156155298
90.5154202599905
91.84372045664549
89.02601459579256
89.17063782571323
90.84052831787564
89.02428039846497
91.40170752864275
91.50754250634765
89.58327817903843
90.94793943311042
91.33512084145231
89.22543696563365
90.80025376343039
91.05316346620424
90.22436182302727
92.27315769685094
91.6993955522982
92.38105321375558
89.02409108704856
91.05303820019715
92.05872116498406
89.12661937690885
92.23450263169492
91.0974232357686
91.27831218200693
90.22474056344161
91.56512414372695
91.43991108777122
91.55668065666843
90.39512632147044
93.03033367396641
91.346218384501
90.59075958084468
91.11698106241022
89.5085734568407
90.13780278980727
90.85656159353714
91.13628571900908
92.16503166986288
89.08112607676445
91.14136458082788
91.24810383491015
89.82267793162978
90.09802193197913
94.06458710769036
89.31088501170447
90.73773961108023
89.34414605904142
91.42360455755184
91.3999574529701
91.05458818133599
89.3062173559456
91.41942119383852
90.12648200688982
