179.0522016879352
178.3121878732792
181.1588639909298
178.0275855492054
174.1677369474422
175.1646869278119
174.1297595598564
179.0425104057034
176.3302815614306
176.0426876384582
174.2897159105952
177.1588825540873
176.323041682898
175.7057307857437
177.4059095906461
175.2242925163224
175.352323210454
178.769587849279
178.1219068238311
176.1296349192737
177.8101921536862
175.1456117136306
177.5737419832786
173.064788604879
177.3625223180612
175.3479319234227
175.3070131347297
175.3115739460862
175.1164836219309
179.058803975427
179.6551116687232
175.1617611244924
177.2311239846022
181.2361288192457
175.3071412893555
176.48626552033
175.5630653247661
176.0168474116899
176.6306227401573
180.122996052597
176.4780650301802
174.6914951413561
175.6745350085733
175.2761296620949
174.1596807444891
178.830664830752
175.0980769634203
176.7762418149773
175.0537289393746
177.8538435497166
182.2772835006843
172.034610720857
172.9420386379766
175.238966142159
178.0428759605851
178.6884261510606
173.2736776687563
181.2599321674522
176.2038768253066
177.370578819635
178.0881360426797
177.5924643519583
179.2065604914817
173.2199516327858
173.7616841147189
175.3223261218801
176.0710967764795
178.4223280084673
180.0733210833824
178.5214109639767
176.0298073956658
175.0097663596458
175.4730906386471
182.2186644283479
176.1458030569798
176.806251216372
172.0110257404908
176.5849493362438
176.4404439926962
179.1085892860123
179.3863866171825
175.5890484596705
178.1175753944877
176.7983637664106
175.5929945785666
176.5674007038246
173.0051798599635
172.0628360003801
177.383623340922
176.2908657856583
176.1011818830492
179.7010684889914
175.4254978946203
177.2664702888559
179.1406408748241
176.4911692906266
175.3712885060852
173.1665776616596
177.4507253552644
175.7210414345826
175.102103251695
177.8978248459194
171.2766533036349
177.053456448544
178.2989069792057
177.6947834900094
175.0654563192348
172.4546632124171
175.2463555603734
174.6428768439061
172.0332568950602
176.4385295806959
179.1280459453656
174.2491712817045
175.1026168073957
178.0362541377837
176.1279478460082
175.2086086452554
178.0824000196638
176.1824810720327
172.0345501139452
176.343067394973
176.3469239308064
175.2692717283141
177.4399858099256
178.4345895770464
173.0741408740041
176.1808450231266
175.1051123958893
176.3942695120405
175.9159430460427
178.283940439739
175.4405310500183
176.602639440004
175.3436020073851
175.5075172937455
179.2510472576938
176.0344118607425
178.5871794621878
179.0104111736432
176.1773838024462
177.1833988487678
178.0718929520424
173.393152624255
172.2669536842444
178.0420055797711
175.1081640704505
179.1520557946039
181.0344909030882
175.6420188770014
173.0015019574616
177.1022028380688
173.0864418616204
176.0241511309539
179.761923906015
176.5083459187956
175.4710612536508
175.4330179697947
175.4865995422131
176.4733815678462
174.3600344455227
171.035306386707
175.0370558449493
175.5870165134407
177.5443206194765
175.4869994766146
175.0270105805198
174.0218450797995
176.1813420916321
176.084424917045
175.0281322847747
176.1982904374293
176.2795256949169
176.6814163922541
174.3815784235027
178.1088333296819
177.0640185131099
175.2305932797126
174.0035621976969
176.0496400905395
174.08679077137
176.0234704784362
173.0755629599778
173.4746868043629
178.3191795297396
176.3510973265599
175.2761076456599
178.0882541569268
176.6036419941248
174.2925719210335
175.031737622244
176.5191301140605
176.623132906218
171.2777129074498
176.0538090223343
176.2044364492274
173.1072595773627
173.7894011259241
174.9124813293222
176.1121212659594
178.8829051531914
174.4207993928034
181.0130485161606
175.0851014543234
175.2248172631759
177.5711228279833
176.3167679611241
175.8967044510573
175.1727193479032
173.447253613656
172.1578316579895
179.0494235859497
175.0591945878063
176.4043004586434
177.1454354300031
178.2020900100833
174.0805234413196
177.7753509770019
172.5415028875939
178.5232686207699
179.1177240433411
177.0012144477997
175.2498594330658
177.0076360590437
176.1372522465113
175.1901700138594
177.4411122381172
178.5304448716166
176.1159304053444
175.6341106834259
175.0899532113435
176.6986312123972
180.2791975683156
178.4649476986842
175.410067278995
176.3779490197452
176.1480605506168
176.0170526888715
174.6244194642208
175.0944014015531
174.8229432580155
174.3305616907046
177.3890211978679
174.0065040460936
176.0503364814887
175.02044103039
175.1401366401159
176.011388131827
181.0505921220568
175.6450601338017
179.0299281072296
178.1972235909057
178.1731744488028
175.2177896577766
175.1083302115267
176.3542648070171
177.4064905398451
175.457537760028
176.5288431821031
176.0137295454726
176.6611254724033
181.683992187092
176.1378980352927
175.0418090450089
177.0663751382084
175.3041011215874
182.3449073963864
176.1651199757207
176.5102772030103
176.0143373427999
177.3365345979455
176.1918104353775
175.1425589704265
179.295149297285
177.2250914964837
175.4610067499856
177.3285669747439
175.2036572773674
174.3649553328615
173.2237970829112
172.3196048255527
174.6889259319892
180.0074651481517
175.4032101520817
172.09618087115
175.1995186493388
177.0251868740117
178.4538852799698
175.0011847264514
176.5167271347832
177.8519744810833
175.0765308543234
177.3565805691826
175.0767586651179
175.7286663197456
176.2519805777387
176.5851794307627
175.0139941542735
177.0819520918938
173.0877510326554
177.1827445135946
176.1242981387105
175.0709587577757
176.0836923992594
176.0316447838809
173.0622194858142
175.1568348218269
176.28642266407
177.1550371375603
176.1536107006054
179.1008532944702
178.6770534682121
175.076122480145
172.2578679074323
175.1045631957025
177.4886975467549
176.0602974500572
175.2532626666902
175.1653349126012
174.6996262014586
172.0874948177185
174.0623709478571
176.1168176579047
175.1164208642183
177.086183595985
173.0601219040863
179.0627825172022
175.5180314978346
179.6567753244905
174.1897848934765
171.2876841563127
180.147847146226
174.7652160030504
176.1456836836972
174.4786250430456
172.1629812471672
178.0733381413085
173.5387544925558
175.169465709405
176.105041344833
176.0438370667284
179.1457367476354
176.016438697678
177.2885789437418
177.054814051669
176.1364375921244
175.524786076627
174.1924895932949
173.0500783560748
175.1603812161486
176.178370926035
177.8173731129604
174.8460128787082
178.6734546838818
173.1116398130697
177.1438017397371
178.3845148067871
177.1350436213405
175.0067209894804
176.0603358456895
175.5616895343019
176.0836002219979
174.1957609358552
175.5529413505102
173.214392834397
176.0421969423528
173.0315767540387
172.0214448623281
178.1651796813348
179.3869218718337
173.0612869567161
175.2075482225577
181.3222037335023
172.2011686153491
177.3829865046047
177.2408954003339
178.9254139991705
176.0250662347992
171.2568095860704
173.1957211653062
179.0251108913951
176.3445597857105
176.0788829654519
178.0461657766412
174.2436948049866
176.5135414468328
175.1272604876534
176.0114845430341
179.1399890117114
179.1777919474254
177.4107524902518
175.8342903559837
175.5221889323626
175.1905363976612
175.2010810629712
175.3732914754388
175.9150184274876
176.5182822535288
175.5296720856139
174.0969147996616
177.5068303408795
176.4944737674885
178.2805474209345
177.577060139207
179.2066819824634
177.6447529188905
178.3891803709412
173.5291269441361
179.025495539604
173.1611758461537
175.7369590077589
171.2444591966438
175.4855092554686
182.2653318270075
175.9196598883551
178.0975903477204
172.2462743558872
175.5021555668559
177.1192040246697
177.3333474211216
179.03468901656
173.0346053506003
175.3751567067337
174.2559466780068
176.3035253011023
175.0849743325939
175.4226519555401
173.0013701808237
176.3342314207235
178.2366553594718
174.5476995871246
173.215901015164
177.074139983075
176.547692650484
173.0045797320453
173.4213015726607
176.0724560011515
175.5278535806739
173.02473997451
174.3099304561919
175.3269585750713
178.1401874233838
174.2389819910876
177.013304168607
178.1763541102528
177.0823834782458
175.2276482306221
176.2667306337083
175.0539185310966
174.1050357269305
171.0347062001373
175.7426144696597
173.2779693660043
175.0462066664374
178.0762068344465
180.0040139315865
178.082630665254
177.3591195252673
179.5583352821341
177.6156433474546
176.030053313795
175.0755642433641
177.1666557245045
172.4513638525271
174.1035570790331
178.6586603623972
180.1487669501142
173.1067537749469
175.5093750258865
179.2253112834302
175.0129420720069
176.1037705003127
180.1371287205793
177.1222138599037
177.4420156768779
175.1643707821401
178.4508491117465
174.0514898956904
178.2462635678137
176.1294040564391
176.2061688222824
177.403778099317
182.245351644521
180.3860694481684
175.2954588525975
176.1271179604009
175.0703277663097
179.6325824286023
176.3057298127341
179.710486028116
177.0116801046838
179.2020776480207
175.1114136645158
172.2327896336213
174.0342816577082
177.0703908764675
175.322349344247
178.1171249884586
174.0345274817884
177.1805374652534
174.7322730106347
179.1005311399402
179.0803918229388
175.0707482229978
177.3088824611465
177.1223006217114
175.5267450339975
176.5838003895838
176.1932764166885
176.0725370572447
174.3571745324951
180.1085002666079
178.5023564668149
173.5287923931731
175.0558787375901
181.3405185209257
177.0395451144862
176.5467132603743
174.0313103472551
175.3178759976087
176.301579812377
179.0988803104311
174.1238231039343
176.0255780140726
176.4654794877023
176.4418339436735
176.298116722443
175.2622202087952
174.6467909901743
174.1491081411371
175.2285338591793
177.0699069343673
175.2419707589288
177.1143833938403
177.1402434730946
174.0275008343777
177.0720690575453
176.1601081136126
177.5735419849971
175.464925630269
179.1281835173387
175.8014402639076
178.5593728406153
175.0663839690148
179.5713942387812
172.3352267534486
173.193214827397
176.9985147131428
174.4828061623105
180.0041300090925
179.113066029202
176.333756685949
177.126488905327
172.1139889802415
175.0501502779339
177.3134946870321
175.4739500493994
176.0993106533161
179.1447447192578
176.5460213053192
173.0865778693791
177.3748667044399
178.0094298639736
178.1977259857983
176.8343853909057
176.181069473347
176.5318442143269
177.3197218018186
175.0049681617293
171.4015948256012
173.0008924831311
176.0234041701041
177.1938442795085
176.1703645539198
176.04584164152
177.0027507988431
176.8523379666768
176.4973196986136
178.3469201757628
173.3327185072844
177.2317735010052
176.5294845503901
176.1523010195009
176.2603782556885
176.0880315008142
177.2470022634453
173.0629407828879
176.7466611659012
175.2186636139881
177.6588360071095
174.2494711246979
174.1862662063194
175.1527619997881
173.3127851259734
174.3731161031352
174.4872851929201
175.0182676205278
177.0826435464633
176.135899408253
173.2357377885342
176.6826107110949
172.1713406594391
176.0952041894753
175.2897150350906
174.5452681061142
180.0387856504551
178.2382552253983
174.6929125748472
173.2871794424025
176.6296642685972
177.044993775227
177.1773470132937
176.4335286591714
177.0624370755128
173.3326471072609
177.1835538753642
176.1129352513204
174.0664531704805
177.2599180862217
178.1134815745682
176.0007445824443
178.0793606733467
177.0654444765511
174.4597352953759
177.2219593597983
172.4903440524771
175.0640764803813
177.0854329728027
175.2680114487388
175.5388067817359
172.0464692316191
174.4884589095738
173.008932463746
173.2750962635976
176.0692998499059
172.7759444639395
176.1627493675015
176.1695149833434
178.1084726965096
180.1313769623017
178.2276281775231
176.2697070962277
176.022734356627
172.4180138702771
177.2273028919141
179.1446909292561
175.2569783674345
174.0454812545118
173.7767402217274
172.0831582828933
178.5608015591845
176.089821672149
178.3682872676256
178.5386848137478
175.11792534568
175.0187472695319
175.290234134424
176.4017137545355
174.0433529442611
176.2342792460356
177.1271910486451
172.1049492622917
174.3528352445505
177.0291567424706
173.0750709953905
175.1242591754935
175.2191821850513
172.0171060843792
173.0923312177532
179.1602098924845
177.1125299216714
178.0331796115643
176.5148007038608
181.1501435710646
181.1996614385853
173.0376780601305
175.000965143221
178.7492847982303
175.4381866315941
176.0301554093474
174.2705314026518
177.0661022409406
174.0005221946334
179.088697741458
175.0547087436034
174.6176338046815
177.1916930199516
176.2055645016523
175.1978034317245
176.5917886794948
175.0178180888612
177.1851228216445
177.3300022415266
176.018178994356
179.1510682048641
175.0340955857934
178.5590000425053
176.4174692393218
178.5848077566314
175.0320410181213
177.0750839690429
179.378726298969
175.1923307711029
174.2878432424239
180.1516299283748
174.0569221185474
178.3819485183599
178.0353870420626
180.2121293303638
179.3546657941247
173.2413187617507
174.4010512131529
174.5518901126644
175.0626592935162
179.3958705529157
173.2106437705195
177.4087797021345
177.1345738736118
175.0416767164745
172.1167608528256
175.3664437058572
176.5250968085307
175.2305940827336
174.0123895362732
179.2455128202095
172.0006787812921
173.1111301013898
177.8700842100938
175.5815374490527
180.1705356085856
175.1024023422127
175.0017644430658
176.2795244209145
180.320464003276
175.0238014458532
176.1208641808402
177.2454583883126
175.3255308259686
180.5157322818044
176.1522869730733
175.0317663174108
175.3204154235268
172.1346047787974
175.0437339791093
180.9931161016079
177.0210882036799
178.1076894685331
177.0018575751346
178.1602793826736
176.1017330038748
173.0089814682374
172.0677252700837
176.0869704258783
178.6755391175882
176.3883392820379
180.0516893781205
175.989528948809
176.75898763904
177.0865017029191
172.1576446244037
176.3791129234326
176.0295842817672
176.0243219910494
181.2058813859194
176.6256124999788
175.4264686272293
177.2252025058074
175.3264109455924
173.1348014284413
179.1725403159035
171.28666965846
179.7906388013385
177.1386538128212
179.3108910622815
174.0366386585288
177.5969777657301
174.3741890389405
175.5917851119175
176.0987378808821
176.3241461012478
174.1521898560153
175.4218162097311
176.0522097554543
172.0095632975946
173.0482502677186
177.1337589459581
177.2943020952265
173.1502527903745
178.2555428799635
175.0686980082639
174.0333137839155
176.0646275379465
177.3354613140385
172.0384325737946
175.3978044993737
180.9841514901415
181.2322774758773
176.2413301263475
177.7341408534924
175.1335070554166
175.05869110155
175.0517199339398
177.3590340922833
179.0940440797504
175.2610455153234
176.0052510314505
176.1801099247838
175.5115832507275
173.011688391307
174.2810092138284
177.0711761690641
176.0393478260073
177.1359531754001
176.0685046656612
177.1868856153103
178.2609192354463
176.7922739893419
173.2662596069861
175.6477316320736
174.0582081681731
178.7985449365793
179.0749556981822
178.0691050538428
178.5396760302314
178.0786763627692
176.3907647180748
179.0604946445386
175.2298140077428
177.0332705822821
175.2842358116913
173.3140852830725
175.2976530718056
173.0814061572223
177.2941451870648
176.2113756862352
174.4107161548819
178.0507623111565
175.6719472932483
175.904062846351
175.342719425839
177.0567618775285
173.2874595018846
175.5397506168527
175.0159892081851
175.048033108041
171.0473463911508
177.0168399565714
176.3852664289825
177.0445210497568
179.1764643629758
175.004752073223
176.1566815926602
175.8484142552273
176.077096671476
173.7600294247792
178.0618666441169
172.0078711444223
175.0706231038668
176.2991442735511
173.1684705208941
175.1400262563874
177.2573177369273
171.6886374326844
180.4513587358836
177.8460582435355
173.168288479053
172.009393982748
176.5187811352253
178.1487355284269
179.0274068378228
175.0190308771356
171.0504656118292
174.3661605818883
177.1928326263765
179.0601711469037
175.2861437526002
178.2223449172038
174.6068877222773
177.5732768678119
177.5848029522446
172.4796586706214
176.6745233401916
176.5843395128482
179.233928515458
175.0517539725452
176.0752429457982
177.2453977843348
178.1699452861905
175.1397149874391
176.0391083850977
176.3678112608804
177.0276011498229
172.4924707011947
174.1901457118321
172.1095606791969
177.0537991715372
173.1308315572774
177.083715219999
178.6086656993262
178.0814596036118
177.6938658298927
176.8291765492234
177.0807771693138
176.0376459594448
175.1316682505939
178.7817665632607
173.0483243109525
175.2093795009067
177.0342542595315
181.447664808466
177.1133704630946
175.3044653214477
177.5477649776794
175.0929260392071
173.091953730873
174.0477774806362
175.0886547307821
175.0513172584772
175.0428874893421
174.6980796058352
176.1402046764644
176.0223736195233
173.1476878761327
178.0603039747372
177.0935386550037
176.0243696658184
174.2949957765217
178.1702945459365
174.0218573530473
175.517664600819
175.622793411878
175.4768026926894
177.0167275324374
179.0391294342944
176.3550460922574
175.1775771190927
174.0958362313395
176.3678780236341
172.9387968663983
173.4469227656581
173.1735896172109
174.7937139120396
177.0316337258183
178.0798880827209
177.1025664222089
174.7330573057824
178.6134303874056
176.2961453915022
178.1552767449819
176.2920309987821
179.5502174190951
175.5856387400761
175.5741423790304
177.6383875559402
175.4041826669742
172.1803946375838
179.3445996237821
175.7035644634463
176.0836593917639
176.0253778774743
177.4889102529699
177.1840430533665
173.799437552551
175.1147200820531
176.3481116232421
175.4043013377217
176.1514594420279
179.0279913036858
175.2640649297828
175.0960468850029
175.1151650104537
174.4861589179316
177.1801535109203
177.0689901217409
179.0714277429857
177.0282371185528
176.4196232313408
175.5007030138011
176.0430762152342
173.1828421418525
178.3392465595741
177.0561348424585
174.0077738958893
175.3489091501119
175.6553603668557
176.1673316636761
175.5891097263714
173.2846434076495
179.3657857833099
176.540249117421
176.0404494868985
175.0109769569154
176.0501516112597
179.1122452005921
178.0123122306032
177.1451534947505
176.2957938327401
176.2993854562445
173.1448414071124
177.0834839744126
175.2015318219589
180.1314775683281
172.4856257206788
182.891741561035
175.020024881966
178.2822906339985
176.3569294825843
176.0406228120581
175.5414383472427
177.3521839837713
175.0219081633499
179.2366153758614
176.1355123102076
174.6638565492067
179.0398449814841
177.3668265474818
179.2311430464085
175.1914974944162
176.1123073228614
173.0289052054515
175.7945590746864
178.0156187959705
177.0425400235079
172.1158160322555
174.0049153017225
176.2417456482505
179.0125282200019
174.1505406171566
178.4560548647236
176.3188538804072
173.766624719988
176.4810327455211
177.0798941064121
175.5065476418532
178.1655423394545
177.0445422329249
174.1543193571885
177.2320733373703
174.362677414232
177.9779777611219
171.0892759937537
176.0630602511335
179.1524435136685
176.0514704543604
175.4983883567528
175.2686140225462
176.0272504729477
173.5483666336429
181.6419584729122
178.2210826866452
177.2917791510925
174.2864596537103
176.0684165802911
179.2705740126841
175.0442320110034
175.0208109847605
174.4273021470856
178.3481962408311
176.0798500075838
176.7682659033912
173.3527015238874
174.0507517553943
174.0638202041991
175.1017407404347
177.5884210880112
175.4661590703989
175.0014513408578
176.9202037943844
175.3798056250674
173.2961821646678
175.53855948999
174.01984347625
176.0750338525961
172.0656317579277
178.0364351785626
176.3395750833048
175.2211581255007
171.1187300049566
175.281421951017
175.2245914844591
179.0284427357282
175.1097047643242
175.4050530422686
176.664807683545
176.1667794097439
177.100345969627
177.0949173761335
176.0549225597777
175.0072068358663
178.6663988104025
176.919916563082
174.0958890348606
175.1229483500836
175.1737434277246
172.2168798016862
175.0554442861054
175.0816891374172
176.0037378022803
176.2842463024659
178.08190099755
175.1341566551978
175.2809151450282
179.6007476677457
172.196397282268
176.5085938092505
178.3686951199295
176.0380207579933
175.1929346972177
173.1587052800769
175.359834376275
175.4301976555015
172.1202886388765
179.013141753999
179.8287440800401
179.2059286702777
176.114040161575
172.0754857098731
172.3425657749232
173.0833667460152
175.6419428805248
176.1049514219948
178.054896368636
181.0885437380372
178.1659785443097
179.109041623923
178.3324962980457
175.4659160219761
175.2853601916781
175.2359868588044
174.0903216615071
176.4332405843278
176.0479624890826
175.3349648593962
176.0172179575699
178.2731902248013
175.1551533122456
177.7866042163637
176.4238588835935
177.1051803621365
175.078709693197
173.1509135353154
174.790727348787
179.3869130263222
175.4545794579487
176.1807904198404
175.0260834934192
178.0062933277942
175.2406501910502
176.2518523148236
176.738948507727
177.7512638395532
176.0356625885396
179.555194197468
178.3405145804445
176.5596210685167
176.4342362910531
171.0238272865012
174.1087186768884
175.5032681554013
176.056053248256
179.140096026731
177.2176081979321
177.3918026684425
175.819835386062
181.1336002707909
179.0423008963255
177.0075598703224
176.0611250122465
175.5505064940485
175.2607402388109
178.6383010159735
176.0197812687232
174.376026113133
174.018780009625
174.7806353143934
172.3205925646311
176.16076573157
175.3090585467046
175.0891784048286
177.4984412415702
174.8752829159127
177.3347242171234
174.091490665603
177.1465753751987
175.6775445626442
174.0641933446243
172.9744565139654
177.0580274013677
176.2025909888411
176.0138327907163
176.0354142582367
175.1909558517327
179.7776037003518
177.6862759715304
180.6635848937677
173.1364606875411
177.023297156911
177.1199713297742
173.0026313081329
177.0975312266631
176.3278561666675
173.3103306533607
174.5978920053946
172.0324016461191
176.4652601805356
176.2340754670211
176.5371293014578
171.4200062813562
175.1350181821195
173.1472988193601
177.2123926374419
172.2732615059702
175.1326572942567
175.1822831563342
176.1175676537553
174.005445962074
176.7596117522629
176.1190433271459
178.5961063994538
172.6523239470825
175.5286768621124
176.6235108300138
177.1840176248672
180.0214398620954
180.4451371160875
175.2391063072216
177.3742140207762
174.0135416047162
176.0614135027675
179.1349127435715
175.3957872203456
175.4114661780411
177.2562764285512
175.1769910851902
174.1728384569312
177.1664652793756
176.4273937183962
173.2278891950578
175.2634869463134
173.2978457566807
174.2190712332148
173.5557298995542
177.1499678443421
173.2185426943482
177.008531441828
178.0536093897567
175.2924796142919
179.1059562350741
177.098740688724
171.0586524589918
174.085796928719
175.0477940574099
180.6173129401229
175.5324018685224
177.1041131449597
175.1958265771989
177.2706148049328
176.0282402246779
174.5984306071781
176.3679173140777
176.0390293529971
179.5035064786839
176.2051296944379
172.4990512854183
176.2309790762046
176.0140076675144
178.2690938164317
176.3470180338138
173.0834318299819
175.0958586866554
176.0542805493681
178.4042881494021
175.0736436246083
178.1629925748986
175.023597039177
176.0140274826743
176.0319797103984
179.151412299639
175.1117845056224
174.4721472220116
176.9409259354625
174.2529553266187
174.0006103546148
178.2440574065127
177.4136779886152
173.2314482424986
176.6190005590068
175.0397550469138
174.2478117887741
174.872987745089
174.1196302528658
176.4468388166472
175.181254049491
173.1049320263178
177.103382285775
175.1367861997951
178.2723672746167
178.0167425258393
176.1344573308854
177.2113675530061
179.5271440819614
175.0934558647858
174.2904363015487
174.0303449042939
174.5474499535058
175.3491329702585
179.0776977063689
175.0069862707269
179.0277147051641
179.0612076025592
174.2498127330614
176.9449885047884
175.6856156947147
175.2433601379794
175.5500220899538
174.0052376952356
172.2441711931264
178.6456919532339
177.01107655176
177.2165120127359
175.1263492749726
173.358292726656
179.2082304790247
174.712152970493
177.6553793937281
175.1023422741795
178.1006198716185
177.1086290513591
176.4966167181524
174.1203647283504
175.0943832927065
175.1562471863084
174.2456715259779
172.2917278363437
181.4903925031151
173.0091596037967
174.3569505711848
176.0883863468977
176.2252863595496
174.0794737809728
180.1579934749896
177.9893458273578
180.6220375167086
177.129208937101
175.2924097813428
178.0807758045883
175.6867528137381
176.6278946679315
178.5269853271722
173.6161754435434
175.6420603437037
175.1642921852798
177.1710953195455
176.0776326660614
175.1450595428213
182.5535204861922
173.1131209261872
173.4678611883045
174.0894189842829
172.2070335910113
175.1741195155375
174.0768430472724
180.4628741348925
176.1263235249191
179.7552981675101
175.2611715813301
177.1065241115307
171.4718290960908
172.1159383718392
175.2267239980183
175.5769857743549
175.3170315390921
174.2867055831811
175.1442200734072
173.1040151643295
179.8972728721159
173.0062506453015
174.885502483364
176.1748529306238
178.4049369387642
174.2681962959498
178.1098620727185
175.0949705164134
175.7639949791518
176.2826822220957
179.0760728441193
176.0971229878383
176.568989016331
178.1193724154535
172.2628728018293
175.0104593786427
178.2096665580946
173.1899739347553
179.235416589025
179.2088109578516
176.0199307308917
182.1301009412741
175.2003305420862
175.162043563285
175.0600450768125
176.6897421541776
176.0633021286569
180.9384732623291
176.2689266810291
175.2670260116895
174.0839952684618
176.0688703250644
175.0308338584498
178.1740986051946
174.5316948026706
171.2183202371098
184.1202766633984
175.0229400124323
181.0816424200654
174.0620921635347
179.10125684742
171.154588879417
177.4279950810879
175.0075828617337
176.6244892419315
179.2609336927792
175.2696538661958
176.0456891298868
178.6494499316537
178.8072300284068
174.0953249259966
177.4373756439282
173.1429013866189
173.0253705850021
177.1914542578398
178.5184989901324
175.3972036253725
176.5079898907629
175.5318324701043
173.1236973210078
176.1048836889229
172.1761318968141
174.9329860747368
176.0580856559243
174.2309866260103
175.1982287474416
175.493117486538
177.0947552024481
175.2359463741323
177.2255921429481
176.1288489131042
184.1772702466603
173.0058033779908
175.0607308202001
172.4642985214454
176.0042977486342
176.5069070695188
175.0492061923359
175.3192093086432
175.3706496418031
175.1500569110313
175.1003464392356
176.4514888156392
172.0138494512981
174.5020022569512
177.5997798645485
176.0354649937928
173.1660829390985
175.1897281456087
176.1120024851705
176.051155675966
174.0587154990569
178.3975318043734
177.4706978518302
177.340183193519
178.3384047206706
177.363728660388
174.1742063015901
175.8180563535795
174.0831873096375
178.2638019768475
177.3935365176556
176.2313183215674
175.953102845284
176.2344907608061
177.1084861685794
176.2697938686002
176.3310052288187
178.0978935753902
177.0279394537315
178.1204781408692
177.0785817523775
177.1693707186971
174.5819959366273
176.9943290885617
175.455737468947
172.664035574253
178.1701012567153
177.1957068568726
171.3786779297071
174.503756860823
177.4540881687266
176.183912006612
177.1216877895862
175.2088128722079
174.0075187996406
180.3126716530682
173.1692460283072
176.1078759097614
177.1379440196208
175.0200973639645
178.4657896134902
178.0428230408255
175.695926748129
177.0659820757274
184.299526367468
182.704303633217
171.4371810215774
175.3366981482131
178.0442375765956
178.134187780929
174.1050584333991
177.019561408352
179.0329349551558
174.6447000693762
175.5810210715847
178.1903753043482
171.3755010910373
172.4457714793942
175.519610866404
175.4756874392963
171.0240311397986
180.2056762741507
176.3807955221125
175.0446195454849
174.6898798733592
175.0510526156915
175.159040287376
175.2945110241097
177.3749215187865
174.580391303448
174.6131268750967
174.3373008786736
172.3418443198248
177.1756673005419
180.0539030620109
176.4584820672057
178.5654089016895
175.3797610169228
177.1523421147575
176.12206037534
176.237639659256
176.1812607634519
173.1400990351307
173.2106542787629
177.0258046086144
174.1126928201313
178.1359908832729
173.0633207354976
179.4807773365036
172.2835751977599
175.0283108627011
172.0208172797922
175.0044485854318
173.920315760738
176.2706936525667
178.5792960855372
175.7081564976776
180.6977137398685
176.6813946122401
177.2209665388995
179.0653929028281
176.3040141251491
177.1552596586174
178.1791557993628
177.0922712768991
181.4612482477275
176.1521619348116
176.2710920684783
175.176996821448
176.5486465056696
175.6266414364797
177.4129345929248
177.3911541935403
175.1848022250007
177.1307069266607
171.156858752868
179.0091143132788
177.4346261393076
175.1791040215831
178.4397618027353
181.0532858929696
175.4786454105825
175.0284301456541
177.3880918334542
175.3544492746072
176.329311855126
173.9505657121719
175.3722318272116
177.0775916138328
175.1353423173729
175.0334990606055
180.3903689205202
173.1719457146007
171.0628972579634
175.2566183869018
172.2260506680797
175.1468240702191
177.6906262857966
176.0634519544474
175.2010175624996
175.2363830438198
178.0051017747281
174.1602777065217
177.4459387125728
175.0437990083448
177.9286778800343
179.0583834861605
176.4093637615499
176.4554097839995
172.53443203856
175.6060407658429
177.2461486241482
177.4044005131473
179.2919289886685
176.2163012131158
179.02716497568
172.4030938932925
174.7756795758354
178.238966678735
174.7513659346411
175.136262246619
175.3147243189541
180.3982524309806
173.2128689185337
175.3843211880605
177.2793928301222
178.7634551070908
177.0207885639468
177.5140917562125
176.2282965981319
178.3533998405159
175.1208380832663
175.1324886627464
174.2943865279144
175.1902058053346
174.1155867633256
176.088520358056
179.0801129303848
176.1006047761358
177.0194582200673
177.1207779672449
175.0430384509057
176.1075081140884
175.3398415881206
179.3240544677486
176.0890677704457
176.3391933094368
174.4521517386294
175.1004154151091
177.2535823664057
175.1353859016006
174.4916721604165
176.7093306396013
172.062854890752
177.2612120840728
178.0299995973417
175.0828891156635
178.0945911511429
172.2685602532847
174.3707990684584
178.1852551180196
176.0192605941666
176.0999812059492
174.0540003878869
174.1271135420388
176.4608667945552
178.0961101688519
179.0387377898559
174.5646043465344
178.4463033768164
175.5907613519017
176.3897488087656
175.8867236614997
176.0477074867416
177.0528785295349
174.2502728161092
176.1938516643459
180.2581807303788
176.8826275721879
178.5192686174368
179.1140465589388
175.1913627614131
178.1367443141026
172.5373643585458
176.012925781829
176.7201544482309
176.4912337861861
175.1395197829191
177.1147280054013
176.2961555398354
177.5548711551157
179.3349089314578
174.0610493205415
173.203036377716
175.0415347759731
173.2902125406017
177.2319540868731
175.4430042153063
172.9219261374213
178.4528983654725
175.1407588642674
174.2173908285548
175.9152724215282
175.4137151116234
178.1073990856513
176.3822577448895
174.2276068115426
175.073080863784
173.1686037767478
177.2357201401797
179.1742834974844
173.4965836670662
175.4970862523734
177.1711000603994
175.0558076637363
178.8473579177636
172.617757359593
173.5892223129247
180.3278667668173
175.3749689192018
173.5807112988937
174.0070759781108
177.0233251187443
177.2618081623266
179.3283679963469
174.6700498837151
176.2387475540434
172.5369299218181
179.5067783165314
176.0582189639709
176.7831135418627
176.213010754872
172.5554121208865
173.9100337192853
175.2748048465826
176.7165772253721
175.205056280292
178.4650986513543
176.0276238928292
177.3630959690646
177.0042706997117
175.1171933446145
176.0461186842326
175.4028773486871
177.0249680174959
178.4362869839794
175.0483340066534
179.1532454009434
174.1808324262306
175.3973577721158
171.0382612071997
178.3895084126135
176.0245164319939
178.1991962585639
177.0404541261645
175.3834661729129
176.5404106915398
176.3106258875998
178.360714647099
179.071596590667
177.3462437062768
175.2125443875678
176.1601747535671
175.2546309924691
175.5463563657933
175.9143013338179
174.1017900956087
173.0889940294088
173.0495374456258
175.627628836336
172.1047007876846
177.045490162279
174.0249241950545
177.0976422895363
182.0236474082281
173.1764660162303
174.3684463444062
173.088704534056
176.2296736461765
174.1549260258032
177.1883317264448
172.4598762766951
177.0119313801624
180.1276128720762
177.2039711212851
177.1342378109706
175.2620864166952
180.3079932689303
174.2323099963596
175.0419959222233
175.1614508904265
177.03330420585
175.2784193337087
179.8369469275543
175.2540202239938
177.2330536908935
176.5102550059487
177.3395184582199
174.02937953566
174.3818090269237
176.178515140949
176.0723239742975
175.0180727434447
180.1601347380457
171.5616615772146
171.4858508565033
176.5130327570022
176.58870621509
175.2542209297519
177.0780628082281
176.0385868165804
176.0423656883029
176.2819392095532
175.1826071012622
173.0780582648289
173.0109401846403
175.4849080593691
176.175258576551
175.0342854838994
179.6755371426011
171.7458660893017
173.241608160496
174.4199099728834
175.1206888195494
177.0314013694075
174.0157295457946
175.0461913260224
175.1025827510643
173.045744803868
172.2439347637812
176.6824055008742
176.2576134464466
175.4082391304395
175.0116665387182
175.4593980113546
178.6218128538599
175.1618501959981
176.3928631632813
175.259317707886
179.1351471035044
176.4178336725815
177.3055318291223
175.2465020892883
175.1562906705182
172.2856014124789
175.5483929224184
176.0477351316341
175.5465341902362
174.2268926595058
174.324387317671
177.2512690929825
178.3365407133799
177.9875342505139
175.144959389077
173.3926769494685
176.0084637505139
177.2060444428971
174.2732056887039
177.2294695457798
180.1778542921498
173.0616767004118
177.0804906483779
175.2933915863435
176.011592282334
175.1320809516793
172.2995441840431
174.1593792863589
177.0420916058256
176.8726088863958
176.0481630015856
176.074851215616
173.5659013298873
176.1077068562508
176.1980453248674
176.0398202229206
176.1036256804438
172.0944956985386
175.0396398355809
178.3309467022808
176.4996314222517
175.0484945881849
178.5433112973695
177.622481403723
179.1465388962452
181.3674408659815
176.7376141540153
174.0748767902408
175.0536617549047
178.2646102210824
172.0427352233154
178.1950286668435
180.3553137688232
175.6228471197739
172.2120091338881
174.4064320800113
176.7328708920911
176.9960463235001
175.3401728609807
173.10083652355
179.6530601397374
179.4371110690492
179.2318527813401
175.3693753040169
175.2569733542064
176.1539089787197
175.1953049177297
178.6189949959013
174.0540417636147
177.1446922112783
176.1991716793802
177.2292425592734
175.4532661011517
175.2006875232356
175.1787347547307
176.0989507229782
176.1130721282676
174.1847191869541
177.4992695050678
177.3293648221417
177.4214389160342
178.3807158453345
178.3240736233543
175.2995869253789
174.3112477151659
171.1372244414497
178.5060506930359
177.3514553831753
181.0975165903044
175.0676666549049
173.4262939298771
175.0220598341134
171.2783570093402
173.8388916887987
175.4168884818945
177.480014574919
172.3945882492633
176.0874473049998
176.2934844999929
176.0049968879265
175.4924130211029
175.307464675307
177.0588912202676
175.000527726571
175.2104846844754
177.2549023558977
176.2843479577022
176.6969477565405
177.1821243662825
175.8774290951265
174.1903172804773
175.2042822640135
177.5639681564732
176.370346182795
179.7856640486485
177.1101942227969
178.0808492254959
176.5343771977524
181.195175042129
175.4496138675416
176.4956538696362
178.6538665338014
175.2255293145285
181.0852893389226
175.0267475296385
178.0828011421409
175.0569936518933
177.0061112240724
178.1482639530383
176.1919821204802
173.5290259732592
175.5084027415602
177.5855631044097
177.8333631210159
176.2104381016565
174.0554033602587
178.0052169264944
172.4770237658009
173.3198424441836
175.0870745129352
179.0088028727529
172.1145290520635
175.0860274592142
180.2616370377289
178.2214091253421
176.0890852134492
176.3163628881553
176.0584731141771
175.0548855320066
175.1180708999726
176.3614633030882
177.0580958297435
181.2775999576517
175.012692424727
