273.1717633301072
272.9069977612862
272.3776288906155
272.1796751263048
272.1911215701656
272.5461261339144
272.1380323623582
272.3076582518219
272.2478177894209
272.2637176307144
273.3620344400354
272.7226381215617
272.9576803797032
272.4856090447368
272.4973445010174
272.2527134588407
272.7989657293916
272.301627674577
273.6984766391757
273.6006679508172
272.2875227225416
272.2170223348506
272.3713757512107
274.0416352745538
272.3570080092477
273.319202973522
272.1950753645352
272.5260221904861
273.2184615470531
274.4699364692049
274.0775833786547
272.2078173368363
272.6635520758903
272.4956388868691
272.2084262346521
273.0702196800711
273.1011645984319
272.7628022207587
272.3602903818483
273.172516758564
274.439288244027
273.3708826718117
272.6145959038976
272.1916172861964
272.8552606695803
273.0424078282711
272.6514011879342
273.0305731192866
272.096218575837
272.2360507899443
272.3824267523711
274.22539747683
274.0985775537091
272.369778924386
272.5570084306941
272.6740028963461
272.7756142136502
272.5844046409302
272.187765100266
272.3496151470167
272.3574282087259
273.0890799875844
275.1820855112225
272.7663648746142
272.3223446132665
272.474563664785
275.2183582235776
272.4634355471704
272.5179591127062
274.462348663337
272.4469074222333
272.4519308081825
272.2079777203454
272.7834912145423
272.1989500890359
272.3367966139348
272.8959605737885
272.2398339430217
273.4295177979834
272.0473001723427
272.2848853410613
277.0706122408124
273.6356640607655
272.1981049627581
272.2677452415466
273.0434822264854
273.118223002366
273.1127465545829
272.0768884991494
272.5335010475951
274.13801250132
272.0377319254915
272.0785631292411
272.5723515345324
273.1499431048113
272.1601646055329
272.5009944695508
272.2959799346443
272.2915201605744
272.8544286492196
272.3585872041987
272.6222648064455
272.4028915920803
272.9470965740647
272.145612569684
272.5617688999224
272.464837735251
272.9780279339718
272.9236177547558
272.1320286137072
272.2652858999851
272.2726072804456
274.3096755214212
272.218417342427
273.1145298682355
272.3657695829111
279.1329312813145
272.5517075182558
272.4896197600708
272.5496669173808
276.2924354518381
272.7223381394631
272.1229213235698
275.4955685261547
273.2354546805982
273.5429056954765
272.4370021637895
272.2828746412608
272.1921102030828
272.1997985970806
273.0075443869164
272.1830043323019
273.5804464122096
272.3027093429529
273.2277593156675
272.4013549195619
272.2069927229254
272.2362448178172
275.339422836904
272.2167860821713
272.1626892380411
274.3032388089667
272.3448497549967
272.1662158577073
272.5244325512933
273.4988592180209
272.6551215857851
272.9122450719631
272.5047337426487
272.1796712333273
272.3938939049169
272.1956088920622
272.8888567786074
272.2598220149571
275.1861301111986
272.914735636667
274.1411551528006
272.2471357788241
272.1726144511721
272.5172956779118
272.8496161345512
272.6478403005793
274.2653801128228
274.1391009835679
272.3461523364902
273.6308812532749
272.3273815147007
277.5175280569453
272.8485946951784
272.5388864943297
272.3409573106229
272.3992453661068
273.8841032886791
273.0581920435627
272.5316678907537
272.8897329873404
275.2083657201496
272.7798948302067
274.221214939932
278.0998536782287
273.2668811396351
272.4040060082731
272.82765273502
272.3323707821778
275.0373858909063
272.1638121036563
272.334537394274
272.2086198306535
273.0633182423389
272.0872900709679
272.2210059437247
272.6847224921434
272.1913861599714
272.068866692608
272.6676783254335
272.0976615887564
274.1767581944347
272.2502170780304
278.6347503384106
272.5051424833632
272.4399553387375
273.8814523851408
272.7729454897352
272.0488964741883
274.3726557623077
272.2603269672042
273.5533436236041
272.4435978238751
275.0240760294457
273.2178764092987
272.4470613236952
272.1009952286629
273.4434645522766
272.5424950448228
273.569930838097
272.8440322698066
272.3644092760717
274.4403889170224
272.2191352160731
272.1212456273341
272.3959946229065
272.3983603236085
272.4181809793576
272.5076759909046
272.9174734075061
272.4362309319783
272.2456601908104
273.073106859332
275.3881001856404
273.1419316098913
272.0995717829028
272.3145578268456
273.0484874909241
272.3232802119687
272.0994697656757
272.9269960076253
272.3743544440919
272.347023185768
272.6394844470482
272.1110357327387
272.3259006513578
272.0907869651127
273.0707357839966
272.9501345873389
272.734367756774
272.3261062185199
272.0711610256444
272.5841037170551
272.6185274987097
272.1105424304192
272.1837411085066
274.3662737660887
272.3442151294113
272.6683360091109
273.2394939018455
272.3247972682137
274.2594950805092
272.5603755951898
272.3896576961657
272.5034736708445
274.0211331660055
273.2410958436281
273.2763942510955
272.2496358954621
272.5327604017519
273.6508226781277
275.0012761822541
272.4246758689834
272.1156187053384
272.3898532216162
272.2975359957704
274.0959399311104
272.2220116181705
272.3170185349234
272.6677223318981
272.2106526725283
272.3170467635838
272.1111298488676
272.8077692645364
272.2597657315674
272.0342720912046
276.0243754309965
272.4151904086505
272.6601076117967
272.3217001408242
272.8192952948995
273.4472342548732
276.4784283950922
273.3339931550061
273.1477775197778
272.1320955749014
272.4710149341696
272.2895366346977
272.5830410253268
272.1835739023846
272.4085422762297
272.3543895964537
272.4521165699152
272.4494527083825
272.5793006278689
272.722076918497
272.852257985109
272.6240069697679
272.1221335357995
272.293246713441
272.7633055962756
272.1611085983096
272.5443963190489
274.2103696726011
272.5276743420093
274.0016444308328
273.9130694103591
272.7086452350819
272.8258503146159
272.1822051105722
273.0048272291363
275.4778391413037
274.164355358606
272.1290865029417
274.2196450571427
272.9016548883258
272.2228609833067
272.1992816850779
272.6390770957305
275.0501803299999
272.6811597862149
272.1190878508647
273.6953185290913
275.240618387483
272.8914631150778
272.1007554828105
274.1762531091787
273.1434691093135
272.2570762120401
272.7562579969151
272.4030409199684
273.0330609144128
272.5011448119625
272.4125089711285
272.1310972784394
272.1440860137993
272.3336495728628
272.3172368488633
273.3207372668452
272.5035316351047
272.398899181831
272.4935813115372
272.3288531480106
272.2229849542271
274.7734768123739
272.3311145294517
272.2116641452579
272.2109473733422
272.6392245135553
273.6594779817444
275.1904831124088
272.7738839827314
272.1327337848869
272.0508573781692
272.3500369315111
272.715605427276
273.8402954988921
274.0083193801431
274.1075787875828
272.6202946498832
273.2231926255531
272.1939515421309
272.6448351502943
272.1613614401882
274.3980927809566
272.1278939566272
272.5635507622434
273.0578461897343
272.4700510114626
274.066684991157
273.1291161242974
274.229186452189
272.176310795761
272.1700184307702
274.6116862993998
272.3530607156835
272.7561773817827
272.8299966049002
272.397426525049
272.4080349646408
274.2273506808705
278.3490293844218
272.413762483018
272.3093208112372
274.0193665710128
274.1989190824894
272.3200945741766
272.7664160841255
272.7200929102812
272.3628533859623
272.1883688004417
272.6087924313561
272.377086492276
272.6327829029896
274.4914936839997
273.5698505139086
273.4095695044531
272.3713733520848
272.2228943861489
273.0562844002907
272.4861424758362
275.5260885566362
273.07095425019
272.2854546075038
272.2070353077501
273.0164830435681
273.4685051567176
273.0691643617321
273.9076671477891
272.2269288943482
272.6711805297441
272.6853615879011
273.1844850423871
272.9147766951346
272.3342096290079
272.8977681176837
275.3402421687502
272.7851153495306
274.210570338172
273.1661817698512
272.0968116065011
272.8630080056382
272.1079130344685
273.3003311892142
273.6232567985992
272.5669803027284
273.5761810621395
274.1682175058954
272.3711480387782
272.7540668185512
272.7252422771378
272.6546275395989
272.4478518077982
272.5887749819048
273.0265350044874
273.0613051752418
272.4078657936238
273.2595209086072
272.4962865667952
272.1427955237398
272.3824047343605
272.116618701746
272.7757787292001
272.5072368722685
273.2173772792478
272.6968426642842
272.4573550979005
272.5672229927471
272.1856253620027
272.5623939957666
272.6658354097037
272.0243957340851
275.2766582247754
273.2967465781649
272.1868016794674
272.5522727482834
272.6524948538896
273.2267120210017
272.1926340447034
272.0191187909692
272.2654482075547
273.4663393188322
279.1462500803879
272.6444697336343
272.0811934932466
272.6883758245491
272.160262452727
272.0084030808682
275.2522081297865
272.1379665565334
272.1702284315235
273.4573506335234
272.4138715466934
272.3128974318412
272.4711384417622
273.2063918770889
272.3700528069907
272.6764173060934
272.1506984880874
272.5873893571735
272.5054392233645
280.0232050000367
272.1396308433752
272.4087293713759
272.3947520968553
272.3714222192963
277.3678484215761
272.3000234527795
272.6313769754977
272.1173294903725
272.2680192678607
272.2229057186681
272.5634768475539
272.1724285603345
272.2786258234398
272.1073038151522
272.2288133573725
272.3418158812397
272.7891816344087
272.3783566984094
272.518822582446
272.3419180256963
272.5203587654402
273.2203269268157
275.3273085388672
274.2669783800185
273.0649045866161
272.582008055537
273.226177962373
272.2928657736683
272.6489474935046
272.7268453411642
272.4619925325489
275.2876568550276
277.0087372578304
272.2691822556086
272.4607500414511
272.3591109412607
272.1226373114916
272.4484693790022
273.1543198050101
273.155606895953
272.4881467927046
272.9040033654505
273.1325717700003
272.4123047345045
272.2977649913404
272.2267376612493
272.5841280056135
272.555039192385
272.3430070219609
272.2256934089622
272.6356094334291
272.2632871615153
272.5601179974298
272.2030025504255
273.6264264546074
272.1322076881623
273.6752906073872
272.3369776509712
272.2692048225441
272.6061891406737
272.1342573011911
272.8305861412082
272.5027117992324
274.6466071611081
272.1156921026791
273.2952936054525
273.0324100841574
272.5102984974767
272.4521017101112
272.8725270096491
276.1356925412476
272.4369569630376
272.9154283514391
272.6101644105394
274.0294708544941
272.4230305659201
273.1794682668225
272.5899701886131
272.2990260502408
275.239548913558
272.091983947962
272.1430529714402
272.5032686330997
272.0869555474937
272.3496220080943
272.337112556028
274.743972921919
273.6753770880756
274.144776021893
272.7402642475207
272.3123693274421
273.0829205623498
275.8162966793353
273.4285225527143
272.3324366399347
273.101847387552
272.4537515689123
272.1518457068482
272.2938061814207
272.5475291810359
272.7020234841757
272.4402722937871
277.0795766369719
273.3218046794145
272.6480642177115
273.3499468864842
272.4675099333462
272.9006679504029
272.2293179764658
272.0631049819868
272.3039608622382
272.1274973484325
272.6736723840138
272.3909808179343
273.3460734800169
274.1843503328075
272.51927767271
272.2493717708451
272.5035636351814
273.0242643921851
273.1393797356409
272.2290163387133
272.676419000321
272.6404104660843
272.7954494951741
272.2729273232592
279.3255420568975
272.0391577884092
272.3216146003728
272.3091973921889
272.3695546535876
275.4062244055154
272.2610227736311
272.558320724127
272.7418809769676
273.9067358300261
272.4449160128592
272.5817774829763
273.5265816479491
272.8406298317381
278.0737782676486
272.0711208289853
272.1889463019291
277.3123345900365
272.3052534498993
272.0107002850444
273.4231203434991
272.1682362634425
272.3483856662962
272.123673781202
272.0399131744352
272.7287880450986
272.3365426355526
272.3680647830788
273.4832594916807
275.6351502220157
272.093445968833
276.3066192248395
272.9642401320141
272.2577003742714
272.5032905076718
273.3870398038366
272.6645459164949
272.5746978290741
272.2734947313039
272.4138998095549
274.1988781696509
272.1332341130592
272.9582537586211
272.3562725794727
272.5989074876488
272.3371912737265
272.2315048437961
272.2147222997406
273.1522205401129
272.0825062901964
272.2743694183326
272.5130926784094
272.7647756947848
272.4077911556626
272.7431513095954
272.8113698884218
272.2313932523521
275.0101104759879
272.4336170420715
272.1462183404816
272.339511068836
272.333440241833
272.1426871727814
272.4593541491865
274.0370395583936
272.4703938789546
272.4356231885854
272.7077473487697
272.5566158415485
272.4682565949799
272.311068252628
272.5822889134034
272.3301004806143
272.0631449089434
272.1447768265724
273.0001211152143
272.1728586276229
272.3691319355208
272.2088916131518
272.2654576274122
272.1380512499947
272.1634022044637
272.2782690587248
272.2840947694804
272.3124340290764
274.5896118607947
272.1266106601312
272.4442632600383
272.5141839266426
272.1227261896196
272.1239957630663
272.7258670762915
272.9180616281431
273.6904917856863
272.6055165137427
273.7583839864574
273.4742865439824
272.1433595269356
274.0204166535468
272.2222886850309
272.3317794157934
272.6571732941148
272.575505091898
272.3990225784578
272.2179355224599
273.8846947452678
272.2313471118508
272.4678375888137
274.3637878613039
276.1575488145289
272.4249020322709
272.2280009963574
272.4076343289532
272.9575280724847
273.1236425616753
272.5778580477115
272.2732930679791
272.17630683182
273.6812088224148
272.6707051598782
275.4202466139463
272.1230894069146
272.3368941738216
272.0591074032776
272.4779825809561
274.9600704643597
275.0984585421627
272.2800961430145
272.1163144637196
272.3893503680654
272.5220461480109
273.1575537383925
272.2666976329415
272.5973822949808
272.9067381619558
272.478698452506
273.675473021138
272.5193148266439
272.2126577113593
272.5636242848455
273.2845628356072
272.4622826071166
276.1701833979213
275.0482820074862
272.8657832580162
272.6894277704615
272.7748104835574
272.0523089209056
272.332217328876
272.922982773014
277.0733482948513
273.2042967838453
272.2777246091651
272.391945363311
272.2715197496716
273.0016743490417
272.5478093791874
273.0885145894635
272.3297406747644
272.3066035732969
272.4906271771043
272.4140847186
272.6956317226918
272.5308821720845
272.2005957663587
272.3141958959611
272.5217193721268
276.8108999359064
273.2125557652616
273.0513215136342
272.5954631799517
273.2552458216849
272.252847093306
273.064100440075
274.0073206092405
272.6566500626349
272.3233895206681
272.7340366792266
272.6137172051819
272.3696076723077
272.4580560054684
274.010055652047
272.4828305644085
272.243933671528
272.3905982948128
272.2691315232153
275.204709577495
272.80215759611
272.2751836436785
272.3315359601979
272.0278188453222
273.0367906599961
273.3961455475716
272.9468083070897
273.2155949697878
272.3131916395225
273.5151817031824
272.2921119480251
272.6974804215709
272.4533488927048
272.3521789454999
272.8661085131331
272.1845189307444
272.3807565298217
272.5091784469395
278.0051337106298
272.9016426724043
273.1910752874491
272.0853715492867
274.1662255997472
276.5817652612785
272.4950832214715
272.0457966422803
272.0872573180542
272.5464499329108
272.279168328065
272.4580710374979
272.5286630778605
273.0565054703333
272.5822588340692
272.441934577851
272.7774602427027
277.4478529329322
272.3163417935348
273.7300323557467
272.925528739461
272.9476130332425
272.0122275649273
272.1513755581797
272.2717804838563
278.1492101421138
272.5484231154983
272.2518419378283
272.5848021526612
272.37653198216
272.315717499366
272.5503791639124
272.5364148174571
272.7286404434831
274.1897676480969
272.7453014563201
273.1987347153097
272.4417821325995
272.7564609348684
272.1013162770209
272.6048429691371
272.8274032985418
272.1492850121555
272.6083947101016
274.2216130877485
272.186390850393
272.6231150058752
272.2800770200013
273.1932127779968
272.20647437664
272.5035476201174
272.6320935720448
274.8463354523644
272.811157403392
272.1838404659646
274.1927127445541
272.2037938420039
272.3983336435825
272.5766869645281
272.4360071368584
272.141792640574
272.8644961689294
277.1813286694987
272.0715858356039
272.1095389488663
272.4837531656171
272.7025978010775
272.4557815006838
272.3250243566886
272.0880329161629
272.4199254162108
272.0294087995744
274.2080023895418
272.5104164647443
273.1556275469846
272.1226688005664
272.9374846951401
273.4318647451373
272.8578750275457
273.1967214303523
272.1282063702673
272.3235579989644
272.9725390890189
272.5357703183088
273.4434198803215
272.4532552676031
272.2493995353829
272.371237467322
272.0696067050856
272.2364884867027
273.3362180838957
272.2190759865227
272.7340429851382
272.7381677058785
272.1491174556754
272.4064025857589
272.2524930061589
272.2657859270947
272.3455484096266
276.7733101005686
272.5671136592799
273.7046729335315
272.6990837092687
272.2961649072244
274.0127674491
273.4325531688881
272.152992807613
272.1674084249244
272.0601924907307
272.4877520465146
274.1683920396197
272.737442072692
272.7249766634914
275.0731376771204
273.8564279359449
272.3400203814535
272.189338834197
272.2030696374142
273.1752645311336
272.5912927401471
272.4863459837183
275.4601611278786
272.4471559492027
273.4878754982827
272.2435684529672
272.9275720004987
272.365472628114
272.2400551548494
272.4691572369704
272.5967999560594
272.0539114486411
272.7347898978205
273.0199691871817
272.1116611464889
272.0456316999026
273.2568235873179
272.4366215758467
272.4280295942463
272.1656897252929
272.2750056009781
272.6999612837249
272.7130468051828
272.2706880332935
272.395924900941
272.3056828658732
272.4622058779055
272.2464791515343
277.2299934609474
273.6664365597931
273.3985284267737
272.4854161892187
272.2458184481246
272.4500615479034
280.7143324476612
272.2108638639347
272.3767084242639
273.4651602014819
272.12878027074
272.459882106503
272.2803847883928
272.2722406771993
272.0050593431983
272.470705893606
274.4021713804955
272.5863549042028
272.1109911211041
272.1938343545986
272.2861236957137
272.4176309682362
278.2378112440411
272.4580245495409
272.8027632221027
272.5188863502165
273.2049360987651
272.1746159386541
272.0413019941813
272.889715736451
272.0668905625825
272.3262904371867
272.5530663419222
274.4874758847578
272.2411871721733
272.386121035301
273.4080501624873
273.2730653964775
272.693692615789
272.4512545035403
274.5594105753773
272.5521262756328
272.1447974595389
272.5343027749227
273.0357742686664
275.4624274261516
275.4709981770901
272.8560078079375
272.1610161925772
278.4599567723436
272.6961331436597
273.2117071205194
272.5926255139548
272.1296562742912
272.5905198049927
273.2187883707198
272.2470134614063
273.5638855817433
272.6020105312491
273.6083510003556
272.6564376004573
272.8317785885822
272.204103287321
272.3622623098938
272.09162330655
272.2773147520066
273.0997105758412
272.0809544541288
277.137966409016
272.7473200447798
272.257199965021
272.8718763738271
272.5729175888534
272.3055005185693
272.3934738054677
272.1691424326919
272.4071686529352
274.0524301190261
272.052539244964
272.3851400110811
272.7504739180139
273.0718404846687
274.7416495085585
273.2221627240364
272.2844793287248
272.2972561766705
272.1549949874874
272.2473949753565
272.1527531087971
272.3905887291315
272.0623038849603
272.737784982364
274.7448017192847
272.3108118176404
273.261081229286
272.4162295242418
272.2221759390914
276.1642652974477
272.4892614917792
273.446566802421
274.8991911728353
273.4481348022134
273.0302365192312
272.7592931318081
277.1011874064029
273.2388695773864
272.3991972885213
273.5305181368245
272.2866772187666
272.5534803903454
272.2825903290478
272.4258437625098
272.1168858609445
272.0581437298103
272.1240786169183
272.2355123313995
272.2072847170816
272.4140316719261
274.6867165303302
272.628117399164
272.1941385065543
274.1353882171279
273.2677006263404
273.3100251063724
272.6207365407249
272.725892995847
272.8045002480249
272.2817832103045
273.2245521872624
272.4582208642266
272.5772155934718
273.4835100423453
272.193775261641
272.4798091292474
273.231321006988
272.5305201525804
274.2608759724665
273.4290144180433
272.1959741433773
272.1916637333305
272.8149787069032
272.4930959653045
272.8698355963578
273.24296427267
272.7469865307012
272.335463013413
272.7182964634206
272.2355579339095
272.1699091766806
272.016587533859
273.4557517180851
273.0419539878309
273.3956968959175
272.273407744465
272.0606908651459
272.0834756290105
272.0926168533031
272.2739484671006
275.2554857067071
274.5192943054239
272.2560706183444
272.9643835551732
272.3857819998238
272.7839110676468
272.4355408163456
273.2049438565866
276.7171162344379
272.0640218998017
273.9262444782382
274.0729581100962
273.1181484452925
272.0849094141973
272.1583207589922
273.1086790193533
272.3982924024467
273.4965840593471
273.0928003844916
272.90726240193
273.1674859365518
273.0966317437704
273.6083844157574
272.159197919314
272.2651698051158
272.0252515723094
272.4463099598188
272.3810801372208
272.3833925998636
272.1878283264811
272.6656451003152
274.0921559302497
272.2024125418679
272.1257253498349
273.0829576177359
273.235715363643
272.4856968403255
272.1099464857756
272.661902284098
274.3601882929561
272.6007160269911
272.5274543319248
274.5847925291831
272.6361648177017
273.0476265137893
274.0879123749497
274.4323406926513
272.1020239811475
280.2723348118508
272.4057164881804
272.6334829165007
272.3025490530782
272.3920152332306
272.6379220836176
272.7599554055979
273.0154934498095
273.3152950775698
274.432645261102
272.4242126306935
272.2327360967167
272.2069379004866
275.0208438798578
272.365846065407
274.0708492724491
272.596077335592
272.8343882861758
273.0174573177979
272.4543848548997
272.6333715210555
272.5119669860835
272.2281060355875
272.2790774119383
272.2135571563205
273.1138248751749
274.4032213136922
272.3838355074822
272.5816951675848
272.8679276915224
272.1799836955823
272.692777092588
272.1019954910632
274.4208236161701
272.5965951128181
273.0454212572314
272.624213780788
272.4393728050348
272.5912953841867
272.88103313867
274.5576239548498
273.1172819346373
277.2766438801142
272.5538276873293
272.1914561744712
272.8505320449089
272.3150500368351
272.2743277658288
272.6618165431459
272.5108332750589
274.0593517108889
276.4816609258572
272.733006544621
272.57951275002
272.3625088713681
273.0081914766338
273.3220115617191
273.101754840783
273.1109962901419
272.5913988453088
272.2574719256943
272.4819647791709
272.1967253089362
272.165203930275
272.2738657751012
272.5462725112643
272.1325188781091
272.2823657841137
272.4567223933289
274.168053925111
272.5471228748983
272.5335013097155
274.2871537958623
272.7475767535093
272.5437303003363
272.5172306048148
272.3168876537212
272.7651653612626
272.0812960330036
274.5641890189352
272.8827026150724
277.1999551324882
273.1435958282628
272.4796659402586
275.1127654551819
272.056952063734
275.0604941980533
273.069729497897
272.2017021388425
272.3835403740595
275.1779881915924
272.3016731365707
272.2856648368884
272.1585814149242
273.3705113405223
275.1250574353959
272.6039048021916
273.9225383917069
272.6723556119977
275.0516148364022
272.3885841973545
272.6916307521938
272.2027117216123
272.2620966495744
272.6637450939118
272.1592373543509
272.6162454627594
272.0188017778004
272.294021334903
272.2740458687574
274.5234579418139
272.7619220241157
272.7039497168075
273.0553547404959
275.547786041409
272.2099871946525
272.6758502138621
273.129594836441
272.7197647878579
272.7270309603649
272.117850002864
272.8364264671723
277.6578911423891
275.4462043238653
272.8365319305465
272.9903341420755
272.9015029309628
273.7940021019834
272.8300348446963
272.3813462607508
272.1266972298105
273.2392592157565
272.2462936358444
272.3957785467318
272.852904903764
272.7087575775755
272.4785741183646
272.2713951102347
272.6332933075115
272.1334921991643
273.095121937793
274.1439552227617
273.1255815677166
272.3585677307293
272.9961737227165
273.216406889983
276.1689613275507
272.1857965270124
272.2032881231331
272.9313630988535
275.094976061227
272.324141963612
272.1626087711025
272.1266926094356
272.9120706135653
273.051647014859
272.93497452196
272.8392365003876
272.801257239814
272.7415949101476
277.4374753702161
275.2389071057653
272.1385503279178
272.3580758369244
272.3210668178706
275.0954656680322
273.554133084611
272.3566003324663
272.24687224211
272.2803537089576
272.4615126658836
272.4080989744195
274.2273402205936
272.2592765975589
272.6421004731704
274.491685810331
272.6448777786927
272.8398688896843
272.8239836391701
272.7084098878086
272.0479095067897
272.4990465820007
272.2550611263179
272.0849596288525
272.5317944474774
272.0445559339007
276.3901829908163
272.4178359912665
272.423356070597
272.0510306988955
272.2976715076022
272.5315585483485
272.0903794293228
272.5497422303525
273.0201039803197
272.5466763567247
273.1767340724721
273.0799821067317
272.4544239367722
272.4313893085549
272.1669399772321
272.4923415661432
272.5866787377832
272.4553775098681
274.6828678250019
273.1695974346819
272.3400319089023
274.4217187017451
273.1506697140821
272.210047822531
274.145350424959
272.4601372637915
274.03836869322
272.5759294119247
272.5866082729485
272.3943964580872
272.4203746585871
272.4494422703818
272.3051299397888
272.3018691150369
272.7763834068456
272.0803530446772
272.3288775870123
272.3864530093166
272.1406944955411
272.1887667755164
272.0889531195725
274.4431356308513
272.4072458477957
273.1802868154857
272.0984356647151
273.1298829764901
275.1880250436858
272.036889975879
272.8489435023111
275.9871024133012
272.103526890595
272.5907308788069
272.1911180578883
272.0781763880282
273.2524791697962
277.4791391576202
272.153617953743
272.1670823244984
272.2672799834942
273.1055280514604
272.9299859824735
272.5588027070091
273.6650546752657
272.5903752237247
272.2437808340388
273.1404057578951
275.1064428400587
272.5841242913153
272.7979157303692
273.6427685055322
272.4992718660043
275.5821782038729
273.2001667008242
272.5375376884471
273.2838149657958
272.8216327404214
275.291388899875
272.3855477157445
272.5183660070356
272.2231362618402
272.5561384314325
272.3437301615292
272.6629053813927
275.1516052623722
274.1876283709694
272.6519523253715
273.348731828845
272.1957906170194
272.3752086202667
273.1749447735729
273.0506746618261
272.4937474274158
272.7944992666017
272.3430645076144
272.3289679192201
272.4191596850321
272.462698122795
272.1010193023669
272.1008891396904
273.1975626442165
272.6980043151786
272.0632556196956
272.0881333099696
272.5231267728466
272.5712754349748
272.2369468668686
272.2861462557838
274.0172755377877
273.1644328231752
272.3300559001781
272.1439214674203
272.1804598260873
272.3814710366222
273.5227378783485
273.135237566294
273.2993362468455
272.4577334423406
272.5654567282409
274.0014712439944
275.4852511785317
272.5204099962445
272.0667654344268
272.5540194867653
272.617202101439
277.3724754702811
272.1991758831136
272.2084458406177
272.2752305814656
272.2590919254257
272.221403813185
273.0491080123644
272.2877400021374
276.1821816986322
274.5006640356967
272.2375662823775
273.092123559283
276.0601196387114
273.0065141975145
272.2319750759934
276.5597980292086
273.2229566990821
273.0347530783271
272.5946167451752
272.7135039050581
274.342397120765
272.6036450560196
273.4357176869756
272.6745065711673
272.3065400131413
272.5567467410534
272.5150697529459
272.8044261796369
272.3340406399387
272.105153429411
272.2208610102419
272.2010860763066
273.0906979378885
272.6026347352978
272.4693745219674
272.3537010399897
273.1292759489025
272.6508172066057
272.5194391460579
272.2948243709276
273.1614509988246
273.2894782534245
272.8528141226868
272.8316972587734
272.6151291022271
272.5245025300439
273.2126992030802
272.1628357526205
272.5208634011875
273.0303314916846
274.0176487935306
276.8766715332343
273.2443957053617
272.4420513418438
272.8114990857554
273.2301117042442
272.2662913531797
272.0477057449875
272.5166853977722
272.3334645912015
272.7953163920347
272.0689148266595
272.2195201967241
272.9695429006322
272.3057829287315
273.2947553526012
272.1664473888139
272.301395066414
272.6149196017004
272.5164235469888
272.5973449528519
272.9080073569941
272.3704292635799
272.5208844844108
272.6511831684276
272.4997465412804
276.4366208840885
272.211745009569
273.5741139130762
272.3863425917333
272.3561186695283
277.2706572646352
272.7923632928695
272.0374567849218
272.2751504046354
272.2160494150714
273.5044168721474
272.2747688150181
276.4064525539969
272.3672689458673
273.1712664974971
272.0661433077694
272.9007187834198
273.1157428601251
275.1577343484246
272.0433588669112
272.373509392111
272.3141713305013
272.7167412427985
272.3675277364663
272.0966700285106
272.4719954111519
272.4576828089819
272.1585895530643
274.3315978977716
272.2976885067552
272.0489401902194
273.4315182011742
272.1647082716271
273.142653941837
273.0438916365896
272.3138594301672
272.3888863080792
272.451522526685
272.3869657744816
272.0963850475181
277.1435143452616
274.3272342987285
272.5408044810607
272.7891296356751
272.1419607153966
272.0985242807716
273.2462560552252
272.3288951054089
272.5752314704715
273.7203021620333
272.6946600533703
272.1302010855948
272.0997536214558
272.1884135456627
272.7047429136383
274.0739583495593
272.0560265890026
272.7925231116337
272.2560709068781
272.579359211947
275.4477972998617
272.5026705385579
272.3633305885827
273.4507332282283
272.3900569235537
273.0385170119029
273.2224803907168
272.9466500191238
272.2643425361953
273.5428477172155
272.2283306055246
272.5512774206123
272.0551166246414
272.7627320268462
272.0826718771963
272.0131930399222
272.1394495225605
272.6503336936219
274.1012529742437
277.0727770733428
272.6102585134015
272.4087523781005
275.1925905734415
272.0354720321785
275.2398643863474
275.7247591784665
272.2783207669835
272.0904430578238
272.680221274937
272.2228714494411
273.3199372244753
272.6140740333537
275.1874797136663
272.2787510210492
272.3462377118412
272.42930067142
273.148857817159
272.3664173356771
272.761104534042
272.1992448087461
273.2183013648873
272.7885691755361
272.7089973507837
272.6175114072032
273.9941574312292
272.2052806272692
272.1506803309199
272.675496710512
272.6284113170894
272.5158331453683
272.1778647107612
272.6075936212927
272.3390394293999
272.3179725332485
272.4198707035769
272.259504016058
273.3478903094551
272.4602113091728
272.5631661734197
273.1678871185285
272.4786068489975
272.9121400954442
272.5506926703957
273.0869353080784
272.6409320639129
273.3982382647278
273.3427877449367
272.6523525300846
272.3688591707352
272.2320990097624
274.0638233915324
274.0858402313797
272.528234294214
272.8089401986735
275.0597964236176
272.5720435878657
272.5626252026713
272.2053163581188
272.8788778423556
273.6858412311046
276.1331539547641
272.2934128001229
273.0880485103029
272.0870306874973
272.4853051780501
272.1208824260005
272.2370218432185
272.141201175806
272.6395877211567
272.7542855797798
273.3205715338217
272.2342046802039
276.1987840746388
275.2669092312387
272.4029949158956
272.0845967203044
272.2783562208184
275.2621012608926
272.4917649587217
272.1691811092984
272.3356497468113
272.8967251911808
273.1356214513576
272.0704566943709
272.3162087171923
272.22408983154
272.3601334208735
272.4657171146022
276.1664394592655
272.6921646625493
272.3727233666924
272.6021492158904
272.3828487059073
272.2354581766124
273.2692993983978
273.0203622755031
272.2430315583463
272.5132394228729
272.6948645741159
273.8510642408969
274.0094625124473
272.2679338439733
272.7534097225088
272.3934599032945
272.1233804567146
274.1423138527542
272.5109884772032
272.7700462063374
272.3943339530238
272.9220442301964
272.1951816173453
272.593786142528
272.9656464923157
272.5111405986021
272.9102672571272
273.1405837868829
272.1511897384447
273.0676854738132
272.293968600825
272.3196972398401
272.6684598314409
272.2429466879959
272.4919605488316
272.1585120256115
272.1723139505906
272.4800225214404
273.260875774356
272.2167062691515
273.610072602571
272.501746042281
272.7438433795044
273.0705355358799
272.6877688787928
272.5061334317656
272.1637389233219
272.9134607252323
272.0790155684625
272.4839492934796
272.505737411497
272.3628521631559
272.3315440842148
272.3872927120891
272.3084953174612
274.2383025297596
277.2669667455675
272.299977223166
272.7352695915096
272.3263914231868
272.4606089164031
272.2776872809736
272.2073046737883
272.9549114993095
272.6915571956723
272.5303301192507
272.1051212575323
272.1558646813432
272.3906686515101
272.5242828136213
272.4710769556017
272.2183672084976
273.3100139938915
272.8157711152276
273.4463340957032
275.033927608438
272.6847368139054
273.062719224218
272.0857100413702
272.2009283220678
273.28737132897
272.8099165077764
272.1659355669374
275.3166267045675
272.1868958502381
272.448086288345
272.3985408893857
272.6339673905146
273.5683338175132
272.0891331995131
272.6058357724058
273.1872403191149
272.7333755481082
272.1196984447289
273.1580266197941
272.9376770250204
279.0258554557566
275.4061216331702
272.9218719983461
272.2041417658766
273.8217552549672
273.0170967454466
272.5808904474692
272.3304110231129
272.3807690087265
274.2313629693653
272.3897171487708
272.1270449187847
272.1669893611539
272.8754684025502
272.188537254479
273.7475559661361
274.5915568875133
273.2823996873097
272.4775466513751
272.2012040085773
273.3096062225019
272.3329629628997
272.4585343979631
272.4766610176872
272.8255810787529
272.3882956976954
273.2320889350924
273.5795159794453
272.2724036683596
272.2660621677502
272.2708222334414
272.4456005160903
272.9451892338541
273.4288391664318
272.4325217313674
272.440817567605
272.2833915723578
272.1427684276833
272.4277154106654
276.4175544141622
273.1710685267699
272.6249118074886
272.3954082244602
272.1798429977562
276.8283621638483
272.4315240097843
273.4100144624723
272.0695478099252
272.5459036201639
273.5271682238861
272.1643776639105
272.1789311225968
272.6804417454411
272.0631485070913
272.1833062575961
272.2620862857969
272.3858785573546
272.5700774269822
272.4813247745005
273.6449457588278
272.5018838091285
272.2919804522703
272.8791304463822
272.2689684623001
272.938947933209
272.438777302386
273.2097085383104
275.0737343087063
273.2723446870723
272.0267519976871
272.7650084408306
272.4312971002694
274.2415220158159
272.3420871781043
272.7222784552914
273.7495529027069
273.0232065583588
274.4557104831338
272.0882187311268
272.1741564837686
272.6800346391975
272.8463302898988
273.5390763676658
273.0411717591908
273.0245149328655
272.5510976452008
273.8957585306596
272.0570982658969
272.922166348078
272.7165609951443
273.5614178640631
272.5874982184895
272.1436011046633
272.7097413569418
272.4298471676878
272.2972683587484
272.5207744497024
272.1727188508686
272.1043489329247
272.6711840061901
275.0384295002723
272.4962133437893
273.2210152443649
274.0686156574013
272.4200970311538
273.1907118133993
272.3203311141974
272.4339451794539
272.1529805428839
273.1456892386977
273.0573835879955
276.4764121835462
272.3384300017116
272.0664911006476
272.4760393147363
277.3079910307482
273.3585520110521
272.3017208566586
273.4481434662403
272.4322617307413
273.1387347018026
273.0882107977975
274.0188870652143
273.1432463143473
274.0124705804621
272.5549437579847
272.5538960726025
272.1397800613088
272.6463731326054
273.6634365747524
272.2750259453433
272.2973432535823
275.0437289963886
272.1884562646862
272.7923594783535
273.4384931822075
272.9419316286679
272.1359378096074
272.4207302286636
272.8277082356665
272.7576501777576
272.2701092207723
274.4876710228206
272.0274332098681
278.3557068647626
275.1247180754714
272.1823203635166
273.4500980119106
272.5625905158993
272.4437439910973
278.2280534716168
273.438088637941
273.0283435686263
272.5927084480195
273.1174912678805
272.6524162613179
272.2131835474611
272.6243749512003
272.4302892621956
272.1471571438065
272.774895377411
275.1530434994905
274.0771800195078
272.4057753950454
272.4538148540191
272.0806595500526
272.5593608416112
277.0330584310618
278.0251261097181
272.27866090882
272.6867014820873
273.0536986443828
276.3464354658267
272.7604002228073
272.1656487340138
272.1322627529303
272.4908930543231
272.1658087690856
