78.06104993250061
78.024140076972
78.21558576116405
78.12721759010002
78.3058057746815
79.07777210349984
81.07010422939264
79.062084951283
79.17497616642767
78.3645053181568
78.15343625364676
78.04348633904284
80.09326393570068
78.41443084552974
78.38808137760428
80.36790560178382
78.1654505906688
79.4010728126422
78.27301812563005
80.80220477948588
78.19535713748081
78.27616154541916
78.36074536194447
79.07577914243197
78.35728892287499
79.13588959608664
80.05508535256435
78.20282879899372
79.21082638906978
79.02472662476913
79.28700442839504
78.76057506522098
79.48416340888146
80.08354505764217
80.05276973729237
78.04567883772711
79.27701118972008
78.39041429427523
78.99053535838435
78.3038179161024
78.19773418960328
80.30409979829815
80.86281528571838
80.29711599833635
78.33814110718616
78.24856756996643
80.7953838284583
79.32894582445654
79.2651629071081
78.96637315995159
79.6533576304176
79.45714782341472
78.09873101044566
78.87468743371903
78.36321673404392
78.00788259024156
79.0000666295583
79.31792109267494
81.02237804464546
78.09929216183737
78.22185023480112
78.253318439745
79.19763797573025
79.82480761040333
78.33012954468855
78.2549804298028
78.0753246232686
78.77388441244676
78.43779717851017
79.15103287628263
78.2641016220939
79.12726316086187
79.24629669653827
79.03277937865631
78.07961367227693
81.0095234749905
79.01414853435007
78.44656530878618
78.13030675905311
78.00571759356058
78.70847586246506
78.6403219812196
78.0291207094684
78.20595103032223
78.00232636566872
78.37164763893982
78.21100821863466
78.1585018674272
79.78664022435086
80.01002035253003
80.16032169630357
79.56234879776257
80.10894617161021
79.22045698837242
79.32095043979834
79.06408174975044
80.22789431613165
78.091026016813
78.8038315972127
78.33307227886037
78.10088706544187
78.57049247907965
78.00567229482397
79.42649125244041
78.29290050974032
79.30588939477204
78.13786088411183
80.30702028555982
78.49058661366433
79.1857062101189
78.23790270947158
78.1009240981346
78.66252540921839
78.46076974411653
78.79413314552352
80.29473995244794
80.01735655450507
79.14384955228519
79.54115876979877
80.5274015487737
80.07792085554475
78.26482918236157
80.45501934534535
80.27085749123216
79.42168788397622
78.01989186397319
79.26976495075662
78.15697183031263
78.06974612907453
78.15637770201533
78.29904928235172
80.45557373487718
79.62641009696362
78.16987201947315
78.40414924717533
79.05991500050821
78.2582990476493
78.40520447740062
80.72855102676152
79.64847422040856
78.41985803069122
78.1617302073825
79.24968603444394
79.1938780277961
79.24149878042252
78.05072581058816
80.10130463647766
78.50283791500647
78.21302192942042
78.06939817188551
79.14162648123713
78.25759675497429
78.55973800919062
78.05525323067145
81.28114629180135
79.04128983347637
78.06090694331117
78.25898395667781
79.45793083566561
78.05272714139274
79.69653509694295
79.24835464707853
79.20550183808821
79.19264763288564
78.64049738661156
78.03984155836346
78.1829108665577
79.49471006358992
78.51890115706897
78.35808435185862
78.22322477143307
79.81191182260832
80.51737769071929
80.7319371236409
78.23640635271504
78.0963002054242
78.24965567976693
80.44875619598334
79.25821130931749
78.62202480321807
79.18639569786545
79.01739698998743
79.9642254637273
78.28885227223881
78.13344042676731
78.3277965878984
79.43518952145607
78.22729993386466
79.02059971016881
79.39222425600002
78.31696999650234
78.5567416395468
79.21685446508491
78.00319222886596
79.180924762038
80.14520878719402
80.01076006721807
79.54685986072502
79.09100681451515
79.90039757830725
78.35659390736534
78.4198756184261
78.37459243434384
79.11082029063147
79.19871785866712
79.31506574239648
79.59869143544083
78.4794555039029
78.08935135755561
80.09439163736721
78.10750234703023
79.85385454986303
78.24946898670872
79.11888916985615
78.18099251052796
79.21297308525499
78.10533911384987
78.02981774129005
78.45215384546732
79.12620238501948
78.3957774651925
78.61229540617884
78.10655822162722
80.96713448311654
78.64359586089871
78.2722474202577
78.09887837475812
78.09468318413263
78.37758375932806
78.3608871350442
80.10350233054935
80.13414323263767
78.14616991210993
78.17511386545937
78.26438738815702
78.04779968487298
79.08883706251511
79.12340137466258
78.09715289032863
78.06335935951627
78.18742879048561
78.06146644078736
78.3609549455115
78.14542193718518
79.70672707892597
81.92089782225702
78.27440135064661
78.5869002657038
78.52164013714275
78.28908015669643
81.25948983506396
78.36669342882308
78.1044874406408
79.03638830140214
78.61344405544111
78.09627261300346
79.07449005958868
79.2880058079964
79.13191348389864
80.32613499990843
78.03659437996566
79.03857351921548
79.29882230116742
78.3760661872673
79.20492979956134
79.01102350700148
79.50335105157338
78.04887569048739
78.00589171215907
79.03609328120527
78.45252798365934
79.21569947408818
79.28136797135552
79.10794333341819
80.75108077948802
79.98132163384085
80.17844194982804
78.10964939213453
79.06348973804225
78.08249921551865
79.44078450069154
79.2957276266492
80.38529764143625
79.13132265304972
79.12938878011111
78.30917297939128
78.41544228620256
79.12746671094884
79.53080641410017
78.78930307536845
78.25105869793072
78.09330731312468
78.23213682652985
79.12485278348288
79.32953065303249
80.09025399442129
78.13983923514841
79.17196845314261
79.67733063024761
78.22125827215423
79.37426287804593
78.21059911647785
78.06209952974137
79.5410710356793
78.40012770178632
79.3456559474201
79.47921732882727
80.0037933029927
79.11559735543052
78.15392361431928
78.68468823174179
78.09159495282753
78.29893328775812
78.01278867733477
78.00536539277131
78.55971360818289
78.03989174058583
78.0535816085817
79.06039138746277
80.1065623115885
78.13435434313762
78.21193391344956
79.16196860599307
78.15406257634211
79.01153232493729
78.25645739310029
78.2299368257677
79.21217455043836
79.74325265425578
79.52716525742973
78.30960847323954
80.36282401353365
79.2444748642479
78.14517266843107
79.4111303824379
80.15607746898097
81.37204994847355
78.13040678072865
78.28382546315729
78.2370898676865
78.5926467183511
79.35295791596675
78.33832455222799
79.09715422962573
80.21568502263354
78.04880055234747
78.09426323022109
79.37207097008756
78.07857191657837
78.26985307157643
80.44680873076088
79.76909750534094
79.13367920928731
78.11441529952486
79.8077457148982
78.40669139990398
78.28460990582423
78.14303749620247
79.09282797311776
79.19420210461203
79.3716636998791
79.20912722768779
79.51813043084374
80.21220157979437
78.2326785360579
78.09671781897116
78.04688709575369
78.04895595860076
78.48170455858244
78.10712824628763
79.13246087325498
78.11559355415635
78.13341004548134
79.17188361147072
78.52156809928287
80.03953012120333
78.32811021097486
79.17828205766409
79.02077284827529
80.30449003734257
78.10505244391135
78.12595675133055
79.03625471800041
78.03938086448746
78.01030181911537
79.03416656272853
78.57359027955002
78.0441290715782
79.28404933261163
78.21884254923891
79.23415004437426
79.13270191795303
78.36039407629004
78.32810523847107
80.36379810175622
78.13812384147383
80.19104464751182
78.06717924499246
80.53625158212468
78.00802519874931
79.08109430117447
79.1892226507506
78.4879912415063
79.23306058349692
78.18012039870806
79.04629497193005
79.36126817293363
78.03652157043717
79.93888605138986
78.04292214977733
79.21195357872679
79.11137883241821
79.03789436896237
79.08249924562371
78.32447786133223
78.1695836354253
78.38228125114064
78.53117247992277
78.00828468640199
78.49785927841116
79.06718115666988
78.55591665021892
79.41127340588406
78.06980535050785
79.0730104815455
78.59602838772201
79.30883805177437
80.30207124694122
78.12099245848464
78.31640111594766
78.32358507101968
78.70254349296808
79.44097189563877
78.04243470891868
78.5620966562911
79.96452941019331
79.70438535072141
79.62846077508246
78.30999934393456
80.16762554462392
79.15466334378984
79.23222541698435
78.86947507922066
79.7762577077341
79.06411241721017
80.0777662109107
78.30700809987283
78.24074130621749
79.56771568759574
79.66586948870574
78.61768066342539
79.04368103334549
78.08021968245052
79.70185666331247
79.45308822537538
78.1933201887781
79.4983342345521
79.19789308341552
78.50044549444169
78.2885776481153
79.05550699382378
79.1154411933105
78.03267385288054
78.07531890448327
79.62213926149356
79.49215909184538
79.47701454662042
78.11914878484247
78.64101934307521
81.42355932691473
79.15565966686687
78.27279831482363
78.28775265366704
78.13892636235862
78.21274847743473
79.7831002125544
78.09398108538414
79.5329412875124
80.06421497758915
78.1508256072679
78.16801979312918
79.66139683887394
79.48289280710696
79.58775247211565
78.72634782505818
78.16865074843895
78.39500291652858
79.37336361099509
79.33212655923494
78.04639434980824
78.36254016703518
79.91280168246519
79.54679757320137
78.07922618809039
79.3592374541445
78.24138545654563
79.4677362336353
80.09737193520542
78.0553189108585
80.42505268268431
80.01541893254327
79.0369415214616
80.12468971906021
78.17974353779361
79.33709133910145
79.37779504029996
79.0552659154015
79.94065976939055
80.09951336034082
78.23218659163456
79.1057432867584
78.4152222419773
78.11791785411832
79.04852404025463
78.00250271562285
79.5796359033586
78.48272199620364
79.9156204715253
78.06299630887362
78.42695406808096
78.83630693192009
78.26346391024131
78.00002074257407
79.28094464062309
79.11397685788623
78.97335898003766
78.28240491550827
80.36643584535973
78.88102355192409
78.00419423890088
80.74621845874944
79.28526343050572
80.27587409966509
78.56735024130688
78.51574365090315
78.02217226861632
78.34019113181584
78.41386918891334
80.08168993587365
79.0182923495258
78.40373172211824
78.19772834733546
79.1971082137277
79.53244388573853
80.08660793952731
80.07122055579174
78.02974165913288
79.03948066727507
78.41236434851108
79.19078180298303
78.06853098926071
78.10262615841202
78.25443858285185
78.48355982447335
79.6324206987782
78.41109343836611
79.04151735595339
79.41956515572045
79.01675705474122
78.19436858805973
79.14602385723899
78.36413034455433
78.12626267730278
78.77031468064672
79.09039859946746
78.01226044325816
78.17090060038116
79.01263111312075
79.1381394944448
80.49349965098615
79.22494208989961
80.15573890511119
78.70586370625766
79.15370751812536
78.12374122438973
78.40930149206824
79.23782659847039
80.86489553981738
78.85136521955772
78.0626781537737
78.04842658386646
78.07899099516351
78.14416974155992
79.0771471678001
79.36208308947218
78.11442352484659
79.13030537313004
79.00635105432514
79.10633965892933
80.55695324748461
78.16670634305035
79.01928357034843
78.27710751280092
78.15569299417221
79.67352367438377
79.48072053244425
78.06853949811378
79.29354154277375
78.31904976599147
81.42763586288511
78.00890882634242
79.14975780580032
78.04825872707852
79.0801160402989
78.16701133729731
80.19816024384953
78.30896650536616
79.0119024687129
79.11152825702177
79.38995397933938
78.10248885654846
78.42790910457884
79.8330300163617
78.27577143541279
79.4967948376659
78.07258976999499
79.0342564737086
79.27969736131347
79.07978397663115
78.00907028938965
79.25517282436883
78.33457470594281
78.03095275575397
78.07422415906724
79.01660192456382
78.44933415842682
78.63251473883626
79.06307039869907
80.05471006970981
78.18683935191974
79.02598482501841
78.30781742408024
78.32597079102841
80.0027804632375
78.60993446260329
79.22020469305228
78.7473684949879
79.38714683564243
78.38932778108432
79.57513964274477
81.2303937091919
78.18990723803566
78.33390299308269
79.0212171928132
78.62459764608646
78.10337790201962
79.43129399048851
79.02773210077021
78.84591973814035
79.04897066524678
78.23728991953197
78.03801070422313
79.22814779962387
78.02761007272633
78.10362322024912
79.0832190845308
79.06985840464759
79.1638479323615
78.7770251897677
78.06631675900636
80.25757318285919
78.15015481656678
79.28330727951229
78.30099813722629
79.30752539985453
79.021180909135
78.4433190844324
78.09837428191824
78.2135114120502
79.03298902738456
78.72648567643752
79.00574457575858
81.10511158873098
78.22364109504106
78.29772763251987
78.12802190442302
78.29111248339778
79.6312600657595
79.25838896758768
79.14807128351504
80.20111782434495
79.30482505623344
79.63686052038572
78.49247693139826
79.07817191423433
78.29239854779594
79.69651301326947
78.15047421219231
78.01320550997748
79.25917276185508
79.23571498338306
79.09311569031117
79.69369616335649
78.00183256920351
78.272128378815
79.03266736474917
78.1033846999613
79.20380423446298
78.30446415117306
78.49950345181904
79.18706976819492
78.40277907170407
78.02283946126954
78.01806194147383
78.01789501219386
79.25652844948766
78.37134541508219
80.77882995073352
79.43332279540452
78.55545553190304
78.50236000476175
79.3621339363317
78.27867763085783
79.19790103121917
79.2062534112458
79.82915452246452
81.80399607954006
79.0047435081445
78.50738538227827
80.04701699045111
78.32561415168338
78.07231256831548
78.0732109059007
78.13038518439022
78.1558381393567
78.03456846339132
79.40762794269119
78.07228296683832
78.25771246833763
78.53857846995054
78.16136429616748
79.22257552036767
79.30197577238913
78.01141209612899
80.19827127228713
79.00233160351762
78.06808864763063
78.16030483509587
79.54427012090635
79.18017662248353
78.1841310157344
80.19781738930165
78.00217691937068
79.65395690202752
79.81169387726476
80.17479482370933
80.8350376789407
79.00280649242218
78.438202701468
78.03882827287813
80.51870014414179
78.26700907753886
79.0090900342038
80.0492329904096
79.04924592830598
78.26789132250327
79.17679560978503
79.08494739109445
78.0748088617049
78.02659811169048
78.2894081507032
78.5707824629504
80.27086589903314
78.07702196101587
79.10655135297426
79.00151481864314
78.00164876830057
79.11638960062218
78.18813160709509
78.51379715865566
78.17552894857046
78.43869664190001
78.40838000606614
78.31208178833636
80.54431999353174
79.71746925785214
79.3377819496044
78.43337146286042
78.2298438477561
78.32379585114536
79.14228878164373
78.62227187110233
79.32171820353123
78.04397461246201
79.5126497843989
78.33480043224242
79.1037106401521
78.09600997522537
78.7055697092296
79.06428325127304
78.22665659354593
79.38503394819337
78.82820870533807
80.093004727216
79.34049461782452
80.08161470298359
78.12093389712643
79.42086244845451
79.5954411646954
78.25590076731368
78.02726910700547
78.09576983530205
79.18139850230908
79.70449729409067
79.41779992491179
78.57432140358426
79.19433026115367
79.51278571155677
78.1573036403239
78.32346732750223
80.74494974790595
79.34049215661499
78.01102273148251
78.7474684977604
78.18093716657796
78.02869650406434
79.66166767639919
81.24527453224624
78.0900702762675
78.48376538844367
79.2824312168501
79.09296781189431
79.49571737646814
78.01779700587413
79.02613613461905
79.81949392767444
80.10418866958143
79.12158019327968
78.0567992021376
78.16264952210473
78.41194346053771
78.36783460828853
79.05483373277876
79.74503181668865
78.2417216941537
80.17273130900763
78.61202635038313
79.26991221986881
78.43989936018679
78.57355257089174
78.03373990758396
78.66585773088781
78.04611578912787
80.35669073604846
79.88792037264913
79.0214616598877
79.26018832388314
78.61995274724451
79.05322759490817
79.35339018665482
78.73410432183648
78.02856735031413
79.32860553657358
78.01191552799352
78.09636878051508
79.56915218276235
78.47162975776483
81.23547246611551
78.32274953638434
80.64501115740717
78.08785943392076
78.1812783067558
79.1159270992402
78.12142349637142
79.39470591803088
79.56472177980402
78.20981350230255
79.25256860423058
78.1572024625621
78.05499004050647
78.1277869829307
78.3395161995837
78.64548519112957
78.09137239278733
80.11861323120893
80.24065172880057
78.54117768141553
79.4419804687418
78.28807170041968
80.72687439143004
80.10770607350968
78.20803930117187
79.24624264333656
79.04528699711884
78.04872131832599
80.19395066361471
78.34263522606766
78.51313790238137
78.24103747088289
79.10697989870057
78.17939737930156
78.29675000242443
78.39676024166766
78.39914038473285
78.05862551508848
78.1445403473096
78.37862664939026
78.53186827682022
78.38706487972001
78.16379219651232
79.1897300085248
79.10798546518986
78.14061682395823
79.37918289375666
78.0795975030825
78.09376084234863
78.08861289447967
79.57462423122273
78.29092693076072
78.04135789615393
78.36275485852302
80.03848721692457
79.21169344946075
79.12298329271863
78.16098280043467
79.04495163917069
80.03957636110214
78.25097383032563
78.37927247126137
80.23416475973346
78.18410126717086
78.46638668142111
79.21920330869011
78.11794875886105
78.13565305878019
78.07536335605423
79.42909413030037
78.09390474628022
79.51413535312642
80.2777045912038
78.03919132693396
78.33509022317065
80.7833148189659
78.06115449248892
78.0362135210926
78.11275952879288
78.10401054798929
78.01703608418609
79.11020064772556
78.27187622170958
80.57688771106857
79.03042289048041
78.10315202582872
78.27855171667885
78.12988890078199
80.49668696832966
79.09653712890358
79.37155284156437
78.05196995592051
78.23776089673906
79.28694388124012
78.10066533207535
80.00153898705285
78.17168405997975
78.38720597926779
79.44521842200191
78.06412322009226
79.25570192660108
80.06588986044363
79.48731530691103
79.05012824337429
79.25960943539658
78.51797811005252
79.0743430278997
79.36584648897714
78.47755979827708
79.13594265353954
78.16566855061096
78.31249772860885
78.17308471697642
78.17545869784063
78.11426122857843
78.111256636378
80.26403718429685
80.01640840140155
78.0781133290246
81.088714079721
78.21972762581197
79.4544737479661
78.01823850775592
78.49711072538571
80.4602038430014
78.28998109849535
81.14977453352532
78.12203524707962
78.23064361008461
78.37746831209378
79.17202633240275
78.66186239964354
78.82783209266255
78.43190051438727
79.1642415160891
79.11430154963388
78.64313700015023
79.05082436554885
78.00527884457726
78.31779496642302
79.54528638021262
78.10542616053249
78.01927181887433
78.7120439001332
79.01763993311167
78.36080043590775
79.32295815074939
78.02971623946137
78.00473213845241
79.4934082948989
78.06409594968967
79.37253723598874
79.69268124775634
78.42206919394954
78.34967065232169
79.0540269423482
79.41262252286057
78.27898174318526
79.33846328513378
79.21101946427552
78.64358469637429
79.29804189080889
79.36508247122393
80.02463915751643
79.08164479553572
78.21444267127742
78.23245059471127
80.03875492143351
79.02079065423142
78.18250566374644
78.09425383948036
78.82112307103355
78.46638415940062
78.294472223308
79.25888060317448
78.60324956808716
79.07103240062649
78.18566234031044
80.35734175649418
78.08594029925781
78.2329334560561
78.30289874298556
79.14199713970925
78.00788467686947
78.25368251834156
79.77913371289694
78.00062431991653
78.11092897627631
78.10392415160565
79.17896244850292
80.64379622846475
79.81399228961361
79.14984986025627
79.13646810384621
80.44330679836857
78.01757381529053
79.38765299931397
78.30396403187311
79.99641934476531
78.48490705360614
79.10702149821599
79.61838355002008
78.08610000577804
78.15865511705334
78.49330437757185
80.77279472486242
79.39250502804416
79.39045230171565
78.35818171881468
80.12062783585165
78.13565889255243
80.78448950128242
79.22348724385175
80.63995367380205
80.03045670676283
79.18789049001738
79.01868864761518
78.13629581887066
78.00897371116845
78.0831085962587
79.06509747665176
79.21757152089742
78.22554725727214
80.03154005408201
78.16333086626477
78.9559237070825
79.03460644205535
78.32420442008704
78.68067700660389
79.06862505400655
79.7516551608163
78.49033537953277
78.29140914238178
79.01638880779274
78.17409737588056
78.50325765274583
79.50943908263038
79.40742840692772
79.30804943937632
79.10846788532167
78.0105303977518
78.11451146588477
78.0583166897248
80.20282437242719
78.17382187436385
79.13619628699648
78.19640738833216
78.66416271508568
78.3381148467249
80.3299039217505
79.04107279135482
78.05390847627699
79.1238503516557
79.32940992860965
80.17682908312244
79.0632204183489
78.04563876950724
79.20917698304719
78.09312011931702
79.01603961127756
79.18322875938969
79.64377389712403
79.40414936230978
78.11722758915785
79.321290045944
80.19121942443739
78.51052484955093
79.65660210110187
78.05663812532752
79.22410192926134
79.0819736937215
78.40736903193341
79.20986799512428
79.05300287459458
79.6910603389561
78.26271642554585
79.25740724075287
79.4997211982767
78.04684534671725
78.27807816975645
79.00525858616072
78.37100933846637
78.50766687617906
78.18204173108529
79.55434598033972
78.71148258371731
78.19508222463097
78.17236858904683
78.05688475866945
78.06940491285842
80.01577650458141
80.12113838786556
80.18744350512661
78.2890081629565
79.64458458133781
79.01865539714197
79.09590386472313
78.01060400693447
79.45246789922508
79.01685887274445
80.0242952769086
78.15878936064044
78.48654062370416
79.75898664051404
78.68461140629867
79.0744225970946
78.69606761455218
78.56104968969574
78.2464987167249
79.51524076154877
78.17920527772245
79.20287481292527
79.20821752201263
79.01281639574825
79.06863544667993
79.27725649958471
78.42745436955875
79.48533968657235
80.04432805580373
78.14378882811997
78.01816299163178
78.53747435933735
79.34940423215703
78.13126413625037
78.37372382955894
79.05461719946875
78.01114559059651
78.06719284636235
79.2725429135686
80.3831517639404
78.06382934050507
78.57334410557233
78.33691598950145
78.18563375395267
78.09314441793545
79.00126006967189
80.04792405965851
79.07759827119196
79.76440077811704
79.3633833701181
78.66659767778579
79.23642228545634
79.55383951345408
80.20031791562798
80.19374008969353
78.40072049001998
80.70856259814903
79.45581774998378
80.48358933819873
79.41742426418577
78.2439731387607
79.99176272861611
78.1116499411757
79.07091706220747
79.03291954197259
78.36943072243771
79.35215993718226
78.51099168497564
79.65419132078922
78.13773300341965
78.06479546512709
78.27314783441126
78.18717939054127
80.26094925751377
79.00213441201231
79.2123640288164
79.45500151115183
78.22203542570436
78.06913070949638
78.98944383650525
79.01600718570756
78.52745862396735
79.27543840754308
79.19905478164097
79.1233607628943
78.3423607524173
79.22301926929137
78.83039616875689
78.67778844250769
78.75579741791884
78.43722508847166
78.54652127634152
80.30563534478571
79.11466314568092
78.27948387345329
80.18558180665184
78.44719014802357
79.57846624799298
78.39814474252269
79.91385621940178
78.14012458994897
78.02706986170304
79.25189290081005
78.34496021852358
78.50714094750904
78.04208065064307
79.22509724107742
79.11963045480805
79.56867264352083
79.36099590549979
80.04208447919139
79.04848774984644
78.1048039039401
79.2334499022706
79.03040863154003
78.57946199982872
79.07117692462971
80.58256215065448
78.14475402034576
78.55416912734474
78.37245039191723
79.76884291095459
80.2589616002563
78.07515736200017
78.13089479274062
78.1075575858243
78.33459458352509
79.5616575594561
78.06617343464893
78.00172500392097
79.12835400153308
78.75454863436299
80.27567505389304
80.24207969305593
79.79427272691078
78.11373398798057
79.03057946152161
79.3258426217395
80.7399059531543
78.62962197572625
78.50400726318335
80.40264697823753
78.66494421676839
78.08380495266874
79.73579392546452
79.97387713252799
78.62077927131075
79.30288557828874
82.2201613656978
78.21905499479178
78.3595619044726
78.05500667080744
79.39323452735368
78.10335815486175
80.0667624392753
78.08294647949837
79.06843761371667
80.02276518719523
79.02075990201482
78.45323513522672
80.06236861996388
79.9422863086933
80.12830194553668
80.10647782604929
79.30645654012831
79.1361428002186
78.34518758133288
78.24014573739183
78.0485974117756
79.09308323153039
79.32006501877248
78.13253016903117
79.27454251096798
78.2893635356595
80.67086314011836
78.13880483426117
78.43911520420002
78.75446693734564
80.86979276312935
78.01841066809969
78.20518793952431
78.27225403650338
78.63031468113729
78.37375859410199
78.79504615882206
80.20673167663195
80.04959017201952
79.37772014281157
79.02606702802561
79.39121036145572
78.15607576066922
78.32892627981175
79.20326721316583
79.19876320157206
78.52279356113581
78.67324559652313
80.31629689404028
78.03247328536138
78.12705919881454
78.104826879488
79.011105011503
79.02821266948533
80.0116055870639
78.75832606576346
78.11499773558108
79.07184480447908
81.35262332867782
79.09716085883447
79.52503579914173
79.14259605520482
78.04697166586568
78.62469944617766
78.54677809235235
79.34109700377961
78.1109352024921
78.15053109529204
81.29344001097576
78.09045761656549
79.11270257133452
79.02683204966037
78.68885426616666
78.00857416132332
78.6592590884206
80.79458353616728
79.77736872305086
78.04567769258689
78.48542915749127
81.29001688343926
78.41695483390386
78.17187054888826
78.21717766282691
80.21207237499641
79.02063326930316
79.91568850200561
79.12939440847411
78.4061832657761
78.14073932271303
79.01556655818395
78.03604364536606
80.40332669499999
79.32853614047362
78.09460714785403
78.06978435338847
80.15733701558423
78.91442149686193
78.69528140430815
79.18332270015962
79.30350980391106
79.08968246017002
79.04548707150936
78.11403362658244
79.61601494683832
78.28136891471166
78.11799961883744
78.06982043604921
80.05598522697125
79.14152715481201
78.42285697306953
79.2110768457512
78.20712463471885
78.23920050415818
79.10806270591816
78.23936624917313
78.64216596021116
79.007292719909
78.5264230771844
78.604256446559
78.0395294372839
80.08030769579135
80.20457378617603
79.14932796978994
78.38852354789616
78.30988803230711
78.30289459069603
80.15763816352425
79.1375119855633
78.01871207663353
78.54632675777528
78.26391888479753
80.1441514127817
79.1128255014832
80.6471282948456
79.00318995154437
78.07109073088803
78.2786429515975
78.23207954974824
80.10426442354284
79.68414004090455
78.02737595154667
78.80375416794388
79.76935336564445
78.37299721829253
79.21200830630781
78.36492588325389
80.20417531639585
78.12821279477457
78.09619519523633
78.51909007703414
78.23456841405253
78.21334397734846
78.33884544419048
78.92073855677677
78.0498716944181
78.11260440276887
78.18716008836891
78.93952349166611
78.10476175380762
79.11233880647652
80.04416962978863
78.84039403901126
78.65134137996097
79.98741491782924
78.11423928577359
79.02649006287318
78.73934405337236
79.33286890602622
78.04260272694964
79.57861227134973
79.03216856201558
79.92392915087343
78.27942724768253
78.20014722331943
78.36163912634234
80.04762795576457
80.4547987524081
78.15308425610475
78.34659591212355
78.62612916313891
78.22502882975786
78.07424172617462
80.4873174535762
80.07365523505487
79.4351499133783
79.03330737326588
80.72956433788332
78.49630664667352
78.17710559384126
79.20581338892983
78.43279967726353
78.11056352715653
79.21931170815571
78.14816800343105
78.01681324995292
79.00268158725346
79.05911033592344
79.07221657459364
79.65192074992
80.77105276746383
78.12655576432414
78.16002907580715
80.45192617944977
79.28828830673817
78.47463644426128
79.2732734567904
78.16784895589984
78.0393313402162
78.15491603265528
78.54746695195776
79.11395500426858
78.17082750519018
78.10912412822344
78.10433757745545
78.14821611292318
78.31551680985805
78.79322059233397
79.15248381617388
78.71613781892731
78.0115417185962
78.23068930905576
79.49142387779979
79.45964437433214
80.3206842068018
78.06088660154263
78.25917385091124
78.28533611405976
78.00586488350336
78.6785943025752
79.19357176071638
78.05759078637477
78.52550073816323
79.06909149746252
79.449062211891
78.56836433233546
79.59486013065764
78.2806321260527
81.25148330771215
78.0668338679178
78.43124883852562
78.8362482349677
79.0795952490783
78.33624009359427
80.36851749129075
79.16030997361781
79.51796934430489
78.3123539210177
79.02447136012624
79.53834267112978
79.28724634756314
79.80632375374638
79.26077965317002
78.14989942003474
79.13332167866359
79.05288318331745
78.35258644731151
78.18946867330007
79.44356542922912
78.67643017658017
78.04234508088037
80.10504048992262
78.2932448171875
78.01358851108459
78.02638243519627
79.15788337626216
79.73584489753488
78.28555882597661
78.19311168514211
78.03450554955226
78.13678016370409
79.0041050870112
78.05183608753501
78.00452834575012
78.80121198015952
78.63550803643334
78.77852969469393
79.38468180705394
79.07754825896181
78.22372026380309
78.19408695411343
78.45107534598161
78.1088226739211
78.0689139258346
81.551052503951
78.09321758503121
78.17872780928202
78.06472029529125
79.06057605014605
78.04362565906071
78.08258910560473
79.03989988234325
78.04147904795481
78.05616999298108
79.20303828461869
80.1112411490125
79.47184855198678
78.4188866849584
78.34255124557059
80.16438845689497
78.23247690606301
78.11989326251621
80.56404906350214
79.0792211002435
79.09227280066239
81.97245172830898
79.08399306805079
79.46643756192145
78.071398535681
78.07434119862866
78.17455436583826
79.46266127119732
79.31895822998133
78.0589471194082
79.61236719361811
78.24018921814456
78.31010809359603
78.17924071676993
78.26440492713107
79.29616292880927
79.23690252024768
80.06682510707742
78.0734448725736
78.34789580479733
78.11407469597546
78.72083128799063
78.09484861009203
79.74805086338611
78.0800893585585
78.15148601236682
79.00634005858466
78.34992490208722
78.16578548284824
79.37707611429033
79.14536462745228
78.53724182547947
78.43012827687289
80.05223341880547
78.0699640933119
78.28501271652866
78.29205598028274
80.48900950448662
79.9810348893277
78.00116451635527
79.25108574042169
79.07816289713091
79.4483115092584
79.01314912276483
79.28337621372563
78.28805072632149
78.07665199033892
78.07717655564008
81.70961399026812
78.29963332394131
78.86740603322943
79.19256831226414
79.15815744092143
79.13191809125838
78.25342103339689
79.1911218197917
80.74595700814191
79.90150600754657
79.09333822428805
78.50019468759172
78.52395833195423
79.33154199758945
79.40065063572688
78.095697281123
79.19758613239277
78.26261724054814
79.04093925974153
78.27904774341745
79.4449159433575
79.18442045190017
78.66821501107361
78.04249072691007
79.01052671524778
78.0104303934174
79.74728353652831
79.67090523133567
78.31466556869428
78.47733525575802
78.2413900122269
79.07319727304434
79.44312780006646
78.0023786704605
79.11984701419406
78.48869285014543
78.051438219353
78.44681946762587
79.15132303508862
78.44757333172487
78.37022759404871
78.26556560156101
78.55913866716699
79.86996078751852
78.1258621252368
79.00644449927543
79.05877560920455
79.20916045553467
80.4540173471804
78.15081466950738
78.40253362678843
80.30318131460542
79.08117466602029
81.14011420148314
78.20990391275288
80.42184908426938
78.07558271375362
78.16439004448239
78.63502917228375
79.34791192907744
80.38962274424286
81.01664145260132
79.3725667816999
79.13919695368682
78.55699953379509
79.31336427642057
79.0703545853035
79.2922016483706
78.21527529426218
78.09589359910953
79.05330923972497
78.35247457976747
79.13583622303031
78.03513591341583
78.11268653506423
79.1620790879703
79.0897413124479
78.15396256527588
79.36606327743874
79.78250568181268
78.06983315388105
78.1289063198409
78.1020408453971
78.30630694689609
80.31827795784884
78.42782337914966
78.3856249940679
78.60022763898074
78.46650710545127
79.22516144889688
80.07573436436411
78.13405194219204
79.41071494758931
79.0865799172103
79.29949461871513
78.05251003612393
78.38429897793044
78.57261502925816
79.57499682532654
79.12965619481255
78.22184036635653
78.21359130614998
79.193619345493
78.09221501850746
80.04889874134847
78.05067526369896
78.65473114457723
78.35481765042447
78.26137698654077
79.22628151484196
78.23355312405708
78.46853946603566
79.1405983532269
78.18741458781577
80.38074373942568
78.38277013679414
78.32555743061036
78.08596202316157
78.01464479016953
78.07068584972843
80.0117698628471
78.06648422492654
78.12428575808211
79.04502612845774
78.51172433715843
78.16249367520777
79.88339034615412
78.31475161716848
78.41152881648402
78.84838436203576
78.09358380476934
78.35098634312361
79.27925782528797
79.36832715390646
78.09933856337503
78.30595244694383
79.00109980364645
79.20952568882534
80.17857945294362
78.55263406092756
80.13461714715885
79.29883006172805
78.09513107846674
78.13712240261707
79.202692280521
78.21597174753587
78.8179972079151
79.03275821595173
78.62504749892926
78.13494538121132
79.13643766325146
78.68815110788847
78.14025122585727
78.09375834843874
79.864040718677
79.03546987500269
79.34640785277475
80.35945415555531
78.00256986047413
79.57069789625207
78.08939544673404
78.37913229525455
78.25514751368716
78.48801399719267
79.41868675419646
78.19098940315759
78.19785862727399
79.43899332832127
79.00011300205539
78.17561992570933
78.08198961784082
79.0462907808108
78.8702598323127
78.01282496451452
78.11247062539451
79.23093790626065
79.36602532829785
78.09780350031427
80.02752437596715
78.25013809892666
79.38011358822123
78.0453765834312
78.72538570360321
79.31406914416937
78.92213526155862
78.18813451540508
78.16137879759718
79.62202050613519
78.91686704432219
78.42640401489709
79.03004119930138
78.27709322448094
78.5528177209338
79.9947154474504
78.08679890093032
78.23583794148138
78.54189660208964
78.16767352703128
79.5797665447574
79.14825867334368
79.04683765882145
79.26784361056134
79.53750957226802
79.4855208054195
78.58252056597212
78.0261080101341
78.02396532674007
79.29078774206809
79.42185555566691
78.36191542206801
78.10533300327867
78.13410710781572
79.43594310669813
78.14435291787858
78.03730317057722
78.10224839247823
81.1462744120531
78.18504336711406
80.01448594703463
79.1198239751805
79.02199915125931
78.26853991520467
78.06805126568948
79.31173632930364
78.0589945736453
78.85909022799848
78.22151712133271
78.0661652750204
80.71385456479346
78.24363941286231
81.15354123096144
78.0342821814337
78.15024200343186
79.67397572764418
78.0375479647129
78.32687371462869
80.09568572146249
78.10023715992233
79.24391141422082
79.56213410135615
78.2525683085053
78.39054521524199
78.16857845036395
79.00271969942622
79.06727697748187
78.0080071173407
79.29014289560973
79.50328128433938
78.16286912107621
79.263011466728
78.43678583827325
80.50554401357057
78.00156636020593
79.23262504161407
78.26959366787128
79.06896757646311
79.44123374473666
78.17356155401177
78.08372417517987
78.45527189136025
80.18395197775031
80.21518261398079
78.40002349076472
79.13033514810628
78.2117603831804
78.13848159332372
78.49788440785596
79.77695615672037
79.37647775355616
78.02224781769998
78.20851043197959
79.02769036117489
78.36919212814551
80.25017560944751
80.46855085180495
80.78257094451305
78.5226361470881
78.02391287647518
78.13423133832588
78.61961273899749
79.76760098425163
78.40799525549416
78.0199480607204
78.67096890816154
79.1177126800232
78.32125401912263
79.9052097546983
78.10285906326354
79.0709983502836
78.73343590210742
78.21709562772492
78.77805667220397
78.52646917818478
79.46844490070443
78.04696957001548
78.22571221601984
78.0887155172975
78.51740041280448
78.3172700977405
78.26293346180779
78.23161426386383
80.01194021876222
79.212946981811
78.24334417583137
78.00222295819364
78.01411543215771
79.18191379962238
78.37562190399207
78.0935263099826
79.03871633244233
78.34813818771876
78.2250223737592
78.08479884481174
78.35933953785349
78.58912285769047
79.3752069049402
78.10194590872429
78.15466026267218
80.25712878174302
78.32677837376468
78.24186442618887
81.215552025528
80.19119564181604
78.12129793946166
78.1679661203532
78.08913404474366
79.61618039768267
78.2868066678286
79.0047447022077
78.21982258880256
79.1939002792126
78.58433775387894
81.313625468752
78.37820586829528
81.11526574069663
78.29094783115063
80.00405006625094
79.19401186709254
80.0919971287022
78.10789667704451
78.77749390679621
78.11958271384229
79.00297118918304
78.66745407505428
79.0950647663945
80.21305731386508
79.54645657821139
79.12679067927692
78.11432761264116
78.02202465237583
79.04601077353729
79.22183251787345
78.97481729480499
