140.3507256227483
147.2124689170081
145.0019804084577
146.8479056937896
146.1997054180361
139.3713141944102
141.059543692559
140.0637340903556
149.2384773779274
142.0095181459099
152.5128885914398
147.007352010492
147.3662396345121
144.138803989468
150.3007161389744
142.0074427559692
146.3464916857413
143.1665751092904
141.0342224920927
144.0275599291696
144.6734898307464
141.0293724118206
143.4077830511852
147.2546250114847
147.2374016400229
148.0846437501337
142.3146588340236
147.5426543540141
149.252592959348
140.6092766473749
143.1877702998086
147.134707129282
146.2181908315992
149.2434968742241
143.0286844086673
146.0749082490317
149.456541461438
145.3380794902984
144.0568866266059
148.101114811913
147.0744306790081
143.0278238842483
145.8946283715277
142.0184241849904
147.4294246299688
140.1312275758156
149.7347723819308
149.2391026197789
146.8745826786215
143.2631409262488
147.4170495270399
141.3109002174505
143.4004548821947
145.8351190061199
147.1474753258894
143.4062768427133
148.5104382168115
141.6951902137365
142.6919547604986
147.7070431212977
148.0531756631393
146.1836415253108
150.5107299990535
144.3730816683394
142.4308398699314
143.1124315180313
145.5821604059197
142.3961076792639
146.2299892313915
148.1492952551194
145.4907363062249
147.3940093744444
140.1702598753851
149.0495781577256
149.6270748064195
147.0644179700105
143.7012675516153
147.2263144532322
142.4738383306388
143.6117257472853
144.1063371011366
144.135645371512
144.3574643199939
150.4179903130103
147.3757939585043
144.4258605624138
143.3925101418304
148.0311444283234
144.8521593641745
144.287083917337
143.9608726766683
145.1231641052988
140.2012950909872
143.7726554067052
152.2160933921243
142.3300400412604
142.3579244390293
147.2645976724309
148.2235895131961
146.2581394585897
149.1769600867576
142.4037950001097
148.0012986567561
142.2627239142567
146.1014761123637
146.058318479239
145.1054568866136
149.2161249964952
143.0395093259568
145.5779803872407
151.5787265426175
147.4520740822953
141.0564795477446
141.0751962089417
149.1255554890053
143.1804347958323
146.5280033184531
145.2294026605638
147.1173038673678
145.554715799441
145.1896234243587
145.3535776045601
144.5531959665127
148.1047994354211
143.0668635321438
143.2254605909401
139.2618604022372
145.5513713553426
145.1490777145674
144.2673822269807
140.3958968955656
146.5378186525339
145.7857896814435
144.8336835626741
146.0787579600418
143.0481195697208
140.2504224876463
146.3763931870682
147.093818035376
145.1767545298879
148.6115619759784
148.0948379567131
143.1722347739323
145.7999406611093
147.3075431797888
148.0122038317757
146.4654932183663
149.575290701509
143.6823796628215
147.0167203524882
144.1735676008083
143.0865443850456
141.1652778443533
145.0586609083654
146.7389378979211
147.2569885732807
150.1508160571659
141.5987009792088
144.4402572202467
144.2154261455786
144.0448429920814
145.0095641794606
146.699661837567
146.1094293783169
142.5666356284327
149.1780474081411
143.1471662259935
143.0136541688836
149.1335528514919
145.0436504625496
144.2094341441751
143.0497508020644
142.4979502084137
147.859998831874
145.3876206170227
142.707662237455
146.0442175399813
148.0981395361232
141.7457198703266
147.1862684782228
150.1330267080708
143.1667461616064
144.0265423705137
143.6792723855815
143.0516255587621
146.5243370166002
142.5750849741509
144.0375043513557
147.0538389314719
145.9916190837159
143.3455335451638
142.0877869888368
146.9782329581722
150.3727902873936
143.5433099592523
144.5199401580848
148.0263349455679
148.0542742761161
144.3364994370976
143.3471472190599
145.0087715102856
143.5586692298399
143.1931721858484
143.0537687555268
145.0509331072524
144.467465161667
149.465426870143
143.2096786630332
144.6264909592795
139.3719037085604
140.5545642938766
144.5839507442325
144.1477061731505
150.2948987840338
151.4760244000422
145.4285158306924
144.080441762208
142.4114550016176
145.0733963445379
146.1788425684478
140.0568044579776
140.1474892259264
146.5133618411687
145.4517866957536
145.2169391926306
144.4968215728444
140.4169395319624
143.1215667055258
143.2715706737629
143.0198749099961
148.2636072363723
146.818975842034
147.1669635864188
149.742955571674
142.3999237270276
142.459303569874
141.178743443553
150.138509143736
145.4724171702878
146.014554064983
144.2189689960526
142.1333715484519
142.3673926829954
145.1156619819525
141.3541761302389
142.6009710171164
146.0217945492238
145.1635097491991
145.6984888232028
143.0378056389654
142.2053324627263
140.6858491240246
151.4305493201581
142.4027068070018
147.5003763332944
143.3107777783012
139.1091010279683
141.0711853712099
149.1881488549548
146.1117031958032
148.0013354938762
145.2556631624989
145.0598264882676
142.2949870863625
144.4707022895653
142.0017802274151
148.0089611926075
143.14558584296
144.1041780079046
144.4693914815797
145.0558105408075
148.1325844301233
143.236375551802
142.0014083721018
144.185732919307
141.7722191712615
143.3242789869322
145.0883337881122
147.2000308621423
143.1032120781651
142.4237612334316
148.315837669556
143.7954544414122
142.1183031735789
147.3918945749214
141.141100613527
144.6884578250276
140.8541543565017
149.2290120142365
149.110507182902
142.1268354662561
148.5624563745026
141.8609006045832
141.2640382035722
147.3835396740513
141.1646877753751
151.0541106099423
146.0777004991574
145.1324870727875
143.0055096119972
147.0108638051834
146.934641419094
145.0003763627163
149.0750475681991
143.4489348507564
142.1123574487788
142.3844968645226
142.2738859131196
143.3015917307147
144.119033315309
141.083068047875
146.0558034562678
144.144570099501
144.3167972389655
145.0176293910447
147.2722654506306
141.4074865215458
142.0164750616792
148.9514178600308
141.0034664331701
148.0169172805138
146.3607975243931
145.2373243020459
142.1453270415206
146.1253719337404
145.0763995842591
147.0213909630986
143.1657892532714
143.1894357194998
142.1193469392377
141.0832201110447
148.2903587475859
146.2091573528571
140.1479397494751
145.1034546603308
145.106272116889
149.5372624431101
146.1572617034318
141.4488616339604
141.2252080632382
144.1907114329959
146.4189534543672
144.0361760271561
143.0693074009084
144.2584173842608
146.1647290575985
144.6981262004763
150.2466674827
151.7263153579163
148.0869076371915
150.1616944657064
143.0663530829942
141.0534008616624
144.4896696048138
142.0181777486729
143.0596350884101
144.2775859815689
152.0620593448425
147.2349546042342
142.8261743898976
151.0331132980317
143.3045652623968
147.4850500678388
148.2569318447766
143.0167683952746
141.4201003716883
146.3623979315097
146.2183400773537
147.8968107793903
145.1302601332319
149.3008973264722
151.0871299293135
147.0540590508707
148.3376127068624
144.1238213650917
142.9325000608429
147.4904657362531
141.0554913283268
143.0548345914918
144.1002312125688
143.0874535461277
144.0598240317619
143.03918605685
150.5112400757637
142.8869425452821
144.8899009768538
146.0181914844563
146.9633096646966
146.0654440049613
149.973582185429
148.0134207150693
150.094937761208
145.2698152193957
146.0102053650274
143.1816894022633
145.0599083756267
141.4255858119605
148.3725965197265
144.9944834072005
144.162684275351
148.0063462158381
146.7415880656412
147.5348966485087
145.2139750631127
143.0739999966588
143.9564406787292
143.3533468265584
141.1304582715547
146.0395168903291
139.398076810618
150.3145341080932
142.4200792064279
142.1998116055107
144.2626972879872
141.0045678975767
145.1323066568928
146.4515837244984
149.3741097569993
143.2534222843329
143.097638521261
148.1151879843217
142.8166691986818
142.0988227627988
143.126371701522
146.6084163611008
145.1513705441403
143.2509303613914
142.1150253538125
144.5778099954786
150.1063940720325
143.2710796219616
147.1530803272001
144.0024307143903
144.7103305698206
143.6141985549224
147.0199540505712
145.1704323298101
147.3012418486115
145.1926997654593
141.0328706522046
142.1438771998994
140.4844109242503
145.2803579705529
141.1559434125138
144.0818840538505
148.1719411177679
148.0305870644807
142.3468682818105
145.2845269185435
143.1578491383228
147.1441650022079
148.0526558527707
142.422475269481
143.99590455297
145.0879884013083
148.2666167204218
151.0529583643541
148.2658280969403
145.029613403843
152.0252521304311
140.374148104658
146.3821291333986
145.9548820892196
144.0640229883249
142.7493042003594
150.266316514892
145.0202234717749
146.0661754246218
143.6620720735204
145.7795063823171
149.485999884364
146.1063975085382
151.5922917354529
146.1675070397545
148.0384258643898
140.1356939469947
145.1482993907667
140.2060186393829
146.4555301969187
142.0048871752657
146.5753863174814
146.6706787196379
147.5775800645921
149.0405946802496
142.095349468597
146.5082640738564
141.2028607531684
142.2642053484188
143.6254557486961
142.2024980814888
141.2489431726997
142.2765590928324
143.7350996188906
145.7366197561997
140.6905683522206
145.6344799780625
143.3764216695983
143.2920508229908
143.1246870762444
148.004015541589
146.2167480588495
146.5106274492949
146.143921087767
144.4291411236173
142.1854241177588
145.3955539659304
149.6286529501087
145.2548633844716
146.1380154570817
143.5985549172175
139.1248938181044
145.6297094879109
141.8098694841549
142.1628626931072
144.1995433688115
145.2857403076472
145.0873381254712
143.2871624896147
145.3891477620392
141.3751424108311
142.3320148035191
148.9056070157865
140.5641503197775
147.1025558433342
140.3728860629342
146.7536573352688
147.1969954449407
146.0472665826199
139.2473943529639
141.4107511961225
146.3509862831405
144.0640574339328
149.1819560255131
147.0661261383412
143.0919267890562
144.1922676397628
141.957946958319
148.9204098669031
144.2148732083949
141.445337660031
142.2336310596789
142.0996530794343
145.5420831288932
146.4599476794239
144.1556452509313
143.8966559750239
151.4257874403314
142.3786876163696
147.2970215671962
148.311576559826
144.264450537827
149.4178153814735
146.1678554715916
145.043837686285
140.3731721840743
143.1015628601343
148.6190551847052
145.4557927371575
145.6855699187516
143.2528273965642
147.595549535322
147.349714747744
142.1664829966996
142.6501299742257
143.1035232865545
145.0053778951296
142.0620298870428
150.6867631408351
144.0969737731755
150.720748046391
143.3672217021777
146.5560854927242
141.0738033318003
142.311629848842
146.0391897515139
143.1061076922868
142.1384232981209
151.0849400063462
145.0214897059878
144.4704399629955
142.9985191418135
147.1956410794195
144.521250884559
141.2011808474319
146.5322878411995
146.0921011205863
142.0181769160733
145.1011028236858
145.1198812544031
145.0104651726414
141.207096281141
142.1521065969338
144.9986679834452
140.1924399068893
147.2109036780541
146.1193245625354
146.4742982775186
142.2015930577164
152.7117680023609
145.2517539645679
147.1694510380066
143.2246361291294
147.1568654101636
142.2569230446096
146.3455049511466
146.526575769512
142.0456572188698
141.1698925839715
142.0610913055149
140.2185659093131
150.3124922421327
142.5524975919934
145.1590971038056
149.1550521692402
148.1218268785421
142.8572853819406
143.6132054495616
149.0128971939976
145.0699677000355
148.124711987532
144.1646177269589
144.2004393135542
143.3411428547166
142.2479308476074
143.0402386140817
143.530063908771
149.2365562939209
144.4223471340284
143.0508919495163
147.162953496441
148.099936353541
144.6354057493516
146.2236124204219
143.0261422328074
142.4662379377559
147.1390555703503
144.4659737812541
147.0147173962782
145.1275553299505
144.1624056141767
144.1171721784888
144.1288801278912
140.2629964212498
146.0250956499543
145.0613840024464
144.4950710253923
149.0877494391166
143.466117316058
148.6760888848033
140.3884764208807
142.1258732451492
143.0023641579194
143.7719564017175
146.1095740056541
146.4918698949813
146.3969988712889
147.8644402504554
144.363036936005
146.3394339417607
148.1474287986306
146.5702765090463
143.0044789785761
151.3232171335684
145.2094659937248
144.1721385132338
143.2609590609412
147.7499817505745
150.2883931159364
142.0896305006889
146.0293198260289
146.2748604455512
146.5248477503392
149.1491601402124
143.0329456047072
141.2624909072305
140.5113138832315
142.5804964885978
142.2441603158401
142.2903176422645
144.6819412826378
147.6009725439589
147.0743539107094
145.2507485610613
144.2976194721118
142.3803896951922
140.5601294409971
152.167299574476
144.0842570969731
151.0138767094718
146.285825560694
141.5067506444443
149.6121079960138
143.0715219896743
142.0641519200223
142.0276643562761
146.8320411386142
142.5617426092863
144.5580981823146
144.1283196525381
147.0161177369458
143.3305175803392
139.5045071636481
141.2724665729342
146.3673574743559
145.3596663066257
150.1293604236834
143.1289118018028
144.1634634504403
147.0347181056053
146.4627615975878
145.0220383146339
149.049328305208
146.0631411777629
144.0303350802466
143.6750170755152
146.0795522464381
145.6306430213769
144.123159626266
152.410299637741
141.6623834156084
142.0509803472678
143.0326885978848
145.3172618374575
144.0072097766467
144.3873110519393
147.2265870615127
146.1183097941729
151.413754091597
149.1761005476098
144.2888750064313
152.1992187542437
140.2230018538796
143.333783868711
147.0920472968126
144.305316556194
143.2457781446972
146.088837050615
151.2584162379622
146.0191179356254
146.1180921582403
148.145796804214
143.0278157114149
150.0868354215569
148.5213773164574
150.2705997892278
140.4164352985584
142.1778655027827
145.3304224075458
140.3370653930566
150.2491222083174
145.1827319194215
142.0808332510312
143.3948751754983
143.2556392595474
142.1437103750225
143.4511980456375
142.5107137081881
150.0247936201204
146.7669002712277
142.2159370397855
143.0357415301743
146.3684229463108
148.0053000197575
143.6947445315643
149.0694847090796
150.5364360230988
150.458871402956
147.6437752909036
146.3889231683513
152.2252620964276
146.8864325647891
142.3475263710948
148.0934618338346
143.0861054875807
143.0987865119912
141.2580855011595
143.2608391514047
145.1068351243564
144.0182605733089
149.3149207215803
145.28250746943
146.2231430026815
142.5430187595777
144.1231364205078
141.0105311499308
142.1782647422781
145.3912506165175
142.6110656148951
147.0089558810588
150.3848179441999
146.2838638510007
144.3008455026045
143.3084618323565
145.4653047051156
147.0080522158412
141.0849777286215
140.1927433423005
144.023674535596
144.2279584693751
149.1022569924894
144.034097563639
143.4030837884791
146.9112788069825
143.5748862840157
144.1250501737322
143.2913325108864
148.1830328296797
145.204141803712
148.1742079871394
150.066604232477
143.5773829439857
141.5329662610758
145.5011793319824
149.1291869273181
143.3156648051471
141.1301492247244
143.0537124684148
151.426249213052
145.7443950305132
142.2499416884408
148.2833017104782
144.1105482843575
150.2153466288961
142.3069881266035
145.199629173359
146.3140749075258
146.305820512848
144.8200677413625
144.0420681732944
149.0600279989825
148.0174486242707
142.2558377723032
141.4001090149602
144.6334026091988
147.5639929470456
142.0259047534264
147.0880873339983
149.2656089740088
141.2557319026642
149.2138788892115
143.1240569592965
147.8785849467839
151.8567459549395
145.0331989621858
140.0489382821165
147.2426568922817
142.4181426672339
146.1998664164568
148.3447539589321
146.4825468272769
141.9175827677267
147.0279052794948
141.252311246481
148.7326496011751
146.4035779845839
147.0006828218372
143.8932355999023
145.2243023783082
142.3970443317722
151.1184397089475
142.2731530503908
149.2875869198662
144.2093807875177
150.5224165103057
151.7436705027166
144.0746160363359
143.6288889764878
148.2226381534727
147.0362971334569
146.5867402089429
141.36632508639
142.0423398858574
140.5570368045407
146.5028120575728
149.1021349317786
142.3484807531161
145.5355164458375
141.1457836111537
147.2139251693914
143.3621043150489
146.054247774854
149.352136876516
143.4528035448416
148.1944848766664
147.1220643679207
144.6420167292698
147.1385649358583
142.213145682586
143.1153824074172
142.0726751267592
144.7370455965753
147.0359524884128
148.0280826955653
142.1831878204246
141.1386391590773
144.1094363093979
147.0193711651335
145.46665363823
141.1137113643053
148.1935565177004
150.3086572103036
141.0203675457209
143.8614626624913
144.2738268427645
145.3600090618706
144.0507777131392
146.2371970307892
140.5038742555148
148.4796484209005
141.0998474916949
148.7147451770815
140.1567720777366
142.359876697584
142.0601927855563
142.0265233817833
148.1077926788357
143.6046201447943
146.0096904672871
144.7504206523816
140.0459008512028
149.4798633344687
142.4957814704177
149.2427189577053
145.0586782974282
143.1124534813066
141.6400660718598
145.5779015849552
150.1475468155641
144.2127317370332
144.636498213878
141.8741888912204
149.0237460524331
143.2350727941077
147.057469373689
146.9020711927683
144.2082490076719
142.1904546553527
144.3011572151851
141.1116189010962
148.0579654735271
144.1255124004451
147.1858550593784
147.1135315833512
144.2997626388927
142.107934624156
148.8051414956316
143.7569978521193
145.2586951264577
146.575534426649
146.553568439676
144.1071371034582
144.0224281894907
143.040653394172
149.2282546277588
141.0569470813954
148.2024937186871
142.3793214445064
142.0806611896489
152.0655042079923
141.2568212916227
148.633784153828
141.3163560775723
141.0384044948794
147.1605211734645
141.2038857120559
144.4849541842489
144.1368110638181
142.0969450962788
143.0841096834567
144.1699538256221
146.1941735734091
147.4401066346108
145.4077073066008
144.0939642901375
150.47923910596
147.4269477368161
149.0205905829672
147.4561249127141
151.0166887306855
147.0893422465893
142.0457620826589
142.2841774371794
151.1223539578932
146.4491038981076
140.5300538085236
146.0409068671364
143.6856527683235
147.0546088781097
143.5128204645233
143.0784154540027
148.0134761508841
147.1641706452479
147.189925967289
147.1830759395633
144.2874040766112
143.1205881229701
142.758978595813
144.036634649494
147.0449491368396
143.9113263213595
142.0576097178616
143.5276519926378
142.1615157343463
141.2332862899307
145.5376029854795
147.327986377581
144.3995233878438
147.0552373975353
145.0678549775777
141.1596977119797
143.3580606934289
144.0768002964084
147.9139004247896
141.0594782540659
146.9147862505721
144.294550417906
149.347970138403
145.5277663129688
145.8373761701227
145.8910876695096
146.0787160209323
143.2691110520237
148.2836926715374
143.7131901794951
141.1324414276537
149.0625780105561
146.0251497979538
141.5812046600496
147.5540421289888
150.4217982443469
146.4604230976995
142.1801213966123
143.5000324018764
143.6109068332857
147.5558076124813
144.2685181215774
144.3204904277256
146.3818098167258
139.4089259949519
148.3441623859617
139.2123337970701
143.193952836212
143.2825293421253
141.4774084980754
147.012845413979
144.5285197955553
150.1300051283455
141.8885159797126
143.6754998155467
142.0871541347466
143.1694148434187
144.6457774662152
149.5431432519686
141.0423013591102
143.0488788741274
143.1851785750285
140.166572411471
146.4218303582549
145.2260825826264
147.4576019499582
143.41396539407
150.1657596061986
143.1822125689941
142.2045959180574
143.1498197369476
146.0446492606935
147.0809108681663
145.0092929223701
145.2182858160911
145.7780647560242
140.3466163911383
151.0087811896984
141.0840296941148
147.420850264791
145.1946527972239
146.2315643412286
152.6869083897583
144.2037354433159
147.525449262686
143.0427634606567
147.2197088488469
144.6446935330277
146.0030162453694
148.0611996173386
142.2107841758294
147.2859720186979
140.343674369944
151.3879125934013
152.0052788633898
152.3113983402143
146.0530304189495
146.0523970594008
145.1332701422714
148.0311160308287
143.477869107576
141.3534873163325
142.2938540085111
142.7011471274473
142.0649107647056
143.7966368441619
142.2471895626766
147.7032784202991
141.3270789999241
143.1360048510057
148.1419120359352
141.2779069608056
150.0593799501356
142.4560635616938
142.2418551578918
142.7332652093439
141.1423851354433
141.0316718039759
143.6489297202621
143.4914323594587
144.3597420262955
146.37254894617
142.8802359767032
146.1344053461254
142.3114479656075
147.9609440573273
147.2162070191719
148.2003890588586
146.9283233874816
147.3094905329604
144.354446651065
142.9960937513795
147.3080479604386
152.3800577042664
141.1898819129908
143.0506456042357
144.1303079717354
139.6028874511937
145.2423445725476
146.3993570836342
145.1055931444259
148.0998695408588
150.0446500125391
148.1420617178257
142.376191362619
147.212860914976
146.8946747619554
145.1325497222848
146.0083443339668
148.1573136261418
144.4088060817871
145.1925569321967
148.5206430497857
144.4617641101639
144.2450121048383
141.0605373493195
151.4807169205111
145.3203162787275
144.0986321901042
145.1496646725378
142.0378761583842
151.4410228189786
145.0245506216737
147.7567277040162
147.1463797041824
148.2194364553177
145.0286194876576
145.4016920576697
147.0068472715881
148.5499506202891
145.0561247494406
147.0893834331708
146.890775142874
142.5061207217706
144.3759303077337
143.0395773156571
141.0377842656893
143.7846030740123
147.4693272166527
144.3180800088697
142.615952467675
144.1212512983559
142.656727964368
148.2672022008222
144.2835299366035
145.0099583460258
142.2068975331569
146.4013629530476
147.4634698910006
141.5251541230923
149.1267758868378
144.1487078891284
143.1631448313647
146.0773039110989
150.2518824954354
149.2791463246549
146.1969039761967
147.1931923004875
144.1957311535392
143.010715691144
149.1859530039938
143.0701382065616
146.8900692468981
148.4671151896762
145.507319032124
142.0603733028401
143.6980366680272
141.3312196836868
142.2143055213096
149.1580808216942
147.3865975573941
148.5144849374028
141.4234003776173
142.0863748120796
146.2536561100503
147.0269226684908
148.0145151623966
141.2037874992134
141.0225530520802
148.3819529717148
147.1704301807405
145.1622314343435
146.4344373078845
142.0198162244082
146.3530443063655
148.2952913430024
142.6952259339376
140.1835410579736
144.0265783253668
141.0638839354929
151.5847492162893
144.1605425565852
142.1035471934706
148.328271556942
146.1131866082277
143.095037679478
145.088433406183
145.0109367396696
148.6252836703555
143.1912393949621
143.8978022690368
148.4676530350995
140.0960159692034
151.0308891996692
147.0851228518043
151.1387705651884
142.0462158738921
143.3186272081976
149.5935189224267
143.4333758069895
141.0703980056459
145.0899498063282
149.2100642320578
147.3217105057367
147.1641431845698
140.14757303095
143.1649646389393
145.0776321148073
142.6276636961523
144.006798643401
146.0252773792724
142.1013356360554
144.6967267512446
146.1007146593698
140.9209266941083
148.0461577242206
143.7042611747462
149.0558149197893
149.2142233862578
142.1123788928899
152.3484978252588
141.1696489678472
144.8436773264617
141.3644058959835
140.5641815556797
151.0373123519147
153.6991917471344
146.3765073598064
146.2807292404063
147.5091899426489
140.6221961083606
145.032057287752
145.1046011458065
143.1483990194644
140.0691783878416
142.0768604010759
143.074143821137
143.063655237763
142.8100484572009
150.5248618600391
142.2286849672681
146.3560124646472
142.0947776707647
146.1056073980191
144.1218775352949
146.2309074628735
144.104310885479
152.6646151031344
144.1298205030526
147.6655792088972
140.6461985563354
143.6055144790241
145.1953005876063
147.2252504088281
139.3834201586149
146.1315611788069
141.1617565060084
144.118070364402
147.0283220655485
144.266217609711
141.0594316706411
143.0011855614371
144.0658610692367
148.0340284582549
146.1031355955138
145.5125973388421
148.3206916958822
146.0086109987623
148.0017544947654
144.8840853823089
143.1456538224604
142.1629061047659
144.1851557810249
148.0691034389591
148.2215430063026
148.2534244680376
144.5386192080756
149.0773806178441
148.1121160645914
143.2696067677675
149.2093409902304
143.0577120901266
146.376086408706
141.3341614644519
147.0611891308381
147.4522320564885
143.1742768439481
141.7933273899811
143.17468099915
139.5799660110488
143.1795090197611
143.4766867390427
145.4169043505714
143.4549165861646
143.5087627363077
145.1373990115675
144.4860103495266
144.6564232170523
143.9543642512925
152.0066240203917
148.385959262509
144.1145795110057
146.1099776919702
143.0365324630509
141.2734768182204
144.7391330867995
141.2824932495215
141.0914429151378
145.7182291600713
148.0075118299329
149.4033385424604
144.0982223767572
144.7143907063237
142.088149668718
141.095118814933
148.5183960385955
143.0606951893703
145.2570250565734
151.3532084002073
140.256595095378
144.1321311722383
146.1705816069002
147.1563451019113
142.6536218081192
147.3354543060514
142.7513680895847
141.1919639691552
143.0364352299845
143.2945035643701
148.1033041326183
147.3102860927188
145.0497070241785
141.6575341882466
146.2355245254425
147.1139290818716
148.3346674839982
143.5764959334443
145.9192515317621
140.0646047773859
140.0197668362797
147.1391671621634
144.5041612255644
142.056861119747
141.0928501327976
143.0370217879325
151.5741236928256
142.4143196495002
153.1499375534803
147.5210796646528
144.01031975288
145.1090815319347
145.2756909268058
142.0429515632881
140.2555944984752
141.2740106803845
142.0360284262964
142.2349031790204
143.2558057055477
149.3437736566208
144.0064487665791
142.7668899668629
146.3156131813516
143.0456245311091
141.4801727470661
146.4560748570136
146.0139541415704
146.0261615510175
150.0797903059634
149.1886307872189
151.4243378600197
148.4040182761468
149.4039029153839
145.542930016201
145.0382632816806
145.1168082081947
141.8871893152919
146.0429674548243
146.5494581925925
143.0422021635543
142.330237291766
144.4006924388672
151.5718837113023
146.0820011225791
148.1473792918429
141.5666121339308
141.6895157609699
142.1030551950695
142.4764492466684
147.1156525397112
139.5363546650303
146.2194525104892
142.0606217898637
149.1155578435569
143.9758237828162
146.0408874232746
143.3241491578356
145.1668678154234
141.4378228908654
144.0453131386012
143.5850328893657
148.2418344142365
145.4384272384807
145.4749754923307
149.4880700839919
145.6547584881262
143.3522014329308
149.6814907760432
143.0896467578842
148.2731122854337
145.5969579602939
146.1384935067023
145.0660201022486
146.1815137212495
146.0152605500139
148.3961015754581
145.1221578149108
145.9415805412956
143.082056886364
141.2051121889529
148.0775601844445
140.5791911451628
150.1147576791808
145.0958987354473
142.9533906829189
150.0029139737254
142.0237347155038
144.2783553466944
145.3020626691242
148.0038298074624
142.2362869855103
146.0039570818846
146.1313688187883
146.0240169719408
142.1935021722963
142.0797823535605
153.0885035741667
145.6608500241294
145.5725991999443
145.0460963773015
146.072177717168
141.1378228898613
144.2709457669295
144.0347110105509
143.1363542348295
146.2432862547091
147.0889024791034
144.6012654585619
141.1758176155682
147.8500239904294
145.7964067695551
146.1476544194253
143.5946323485692
147.561065567307
148.0019682213195
143.7217539578211
146.1973795244701
151.3050983922536
144.1584184291171
143.2447843951009
141.5063311058195
142.5832256596619
149.0068028220468
146.4398558214201
143.6431816651626
146.1150724284747
146.3560788574261
144.2458258238088
144.0820215788382
144.2352140605083
145.1465774829866
143.0853340739673
150.2968780254533
148.2398234634894
145.0352478002604
145.9073464642412
146.0986577105805
149.6356192277152
143.4303734599254
141.0996275486523
141.2665131552426
142.3370823861295
148.4395978843233
145.1110886225124
152.507963092785
143.1341756964105
145.0817357363185
143.2257854862295
142.2562365212524
145.9364841492724
144.7028279880444
142.1839909226987
148.360978376127
146.2825047010884
145.0133260238648
143.0019758279251
145.1280988121656
146.4422474089133
143.3004723579934
143.2178183524457
147.1787190775723
147.0275731148537
141.0267496356552
146.7287291324068
144.0941509040223
142.219737300392
142.6423476855734
145.539658633062
145.0057348431178
142.0311549118724
146.186325685926
148.0108782923749
149.2701566918185
142.7169781155121
144.1126863369684
142.0357506622561
141.2074442666182
145.2248039920336
149.2465347027638
147.234070986366
144.3542518609639
147.0830625886661
140.285790481772
144.027474688044
148.2239925088832
146.0661605011081
143.3974654877133
143.7415257085288
146.3406449708522
147.2657425735991
141.1683164954532
146.1801200565776
148.7512189018161
144.3990677616811
153.5882220079159
145.6704543243966
144.3744174129719
142.8403817600097
147.2586283175109
144.0530279946291
143.2795272481566
141.4267843347988
146.1091731190849
148.273964448686
149.1174235519389
147.719160732442
145.4824286529372
143.955244573622
151.0101084216525
145.1210744214753
144.4841741186948
141.2132785438209
144.2073117628183
149.2400119635876
145.2519225634411
147.3011146241167
144.5956351014449
144.5647534082288
148.1531577376326
144.0551746089454
147.672086826966
140.1762110821165
143.3927813271972
147.3874513867374
142.1107862071767
149.2516396697086
146.338836137554
144.4549788258308
140.3087228078693
143.702241376712
142.0383143212146
143.2109274289876
144.1564515518486
142.3341524888064
140.0611783530114
145.0747515932808
150.5091789692471
144.4008799375383
144.3377673035776
146.7141925974522
150.1699207668796
146.8201068277344
147.1428202240514
147.0683810910063
145.0273125752414
143.5223058085885
142.4947807986912
143.2373985721963
143.1106584929629
141.2320556818499
144.4147961845302
145.147190571895
144.04439568753
150.8214726874117
151.3276062315466
143.4713858790114
140.6226522118072
144.0585596496036
144.0020806732236
143.0912543508355
145.1161736278
142.3261390606588
145.8526212031442
145.1846148707247
140.1535512606109
143.2937145977429
143.072607281221
142.5669976663361
141.1357097910895
150.3086186006348
149.5447844932129
145.3191289397948
148.4330596835418
147.0306041973837
147.2463519282031
146.0644834763949
147.2161338197866
147.0206732286955
147.5421144307682
145.3364687942951
142.0093265863971
145.005011514376
146.2258591072115
146.502448555621
142.2342808844865
149.1747335162864
151.1467332707549
144.718658142708
144.2225003498693
143.0100515549335
145.1244244710166
144.0152056954245
148.0627085273014
143.0363936228326
147.0064759199849
144.3272384065413
142.1735224950598
151.1763715941576
140.5991409898983
140.6062449557361
141.6396189942849
145.6774451481971
149.2582697330106
146.1523542686526
142.1801172637454
141.0790827243023
142.1561413467787
149.3106437471134
145.4962858772301
141.4336923207024
141.6996524035501
141.1470443842677
146.3320561490656
147.0460943326578
146.1036970922204
142.0503886709833
145.3025534956518
142.4701633738997
146.1552240640806
141.1504908348657
144.0916914999532
144.4686887508271
144.5877718088398
140.0454714617453
149.2803856662989
147.4446117998676
142.8795083212304
142.7224022961045
148.2287419950493
143.2408598096507
142.3447090656572
144.1838139713167
144.2737392327874
145.1140502071311
149.1814662566315
145.2905396281403
143.2535190567161
144.2482724561109
148.8714839599528
147.253467097807
148.8416599749015
146.9166231449543
142.2129849407536
146.1853337419996
146.1748168481119
144.1707595867693
144.086555348423
145.0474932214693
142.2925931895161
144.8538434401104
146.1715340656539
146.7319210283153
142.5582311086784
150.9340022641168
143.5852307239169
141.3976046779863
143.0233844981021
141.4283063430896
146.3952559859867
141.1839685332494
144.3928279787615
148.1354830453412
143.1513415594309
142.3200109493697
149.0755873738252
145.1078903584542
143.4917890439907
145.0414058500092
151.4739789372809
143.0133926323149
147.1726911713604
140.3024432274273
145.9919695170215
146.0127292439311
146.3978906916911
140.3010428011646
144.3546394676806
145.3307902420972
145.202840494686
147.0595763078308
145.4119940541644
146.152569682084
144.001769430452
142.0324640620442
144.0054956244809
146.5341415278939
140.4481877712368
145.0898204216023
144.0303816298795
142.1305850839333
146.2332139161216
143.3587418932537
143.3535456934593
150.2252115071858
141.0756651891908
142.0227536856299
151.0530379986194
141.483844200944
142.0436779139172
142.6614872712937
141.4112782940744
144.3069822647806
140.303726948974
146.2710822855877
149.4764927894131
146.7547242494784
146.5119689481263
143.3536231406012
141.2049921984475
151.1770041374002
143.0516402009009
143.1018940728262
144.0418376575543
151.4403534066975
148.1366462413339
140.8817544519053
144.0200664987372
140.1288254742049
140.1377282689122
146.1606435461691
145.2857063897238
141.627846016062
143.4644762234872
144.0151061647408
147.6794086228212
143.9989058298206
142.0830197213369
141.8142955621283
149.5028601624838
144.1268838093567
141.4077156296931
147.6629022077398
147.8232537449302
147.4265763943282
143.347538900451
144.0936258868777
144.9246927506922
146.0240088250466
151.1606919018358
142.015342566672
145.4811742478082
146.2538554475345
148.0782949855248
151.37713124452
147.1251375097225
143.1112869086923
145.1165505829009
140.5732120371157
142.8439874123028
143.9767134451128
148.4924610728047
143.420005269865
141.8223210063958
148.0885340867695
146.0190352312062
147.1279145758395
142.2363383941815
144.7855343219295
150.293436375465
145.7374671516254
143.188144233132
147.1161032645254
150.0969492536943
144.0110038402343
143.1519147230531
142.2402684399821
146.2513023281358
142.3310897589068
148.14836445729
142.0327239726166
141.2579800133823
143.135404404638
147.0619902460303
145.8367735875025
140.7475217239939
146.1158929728551
146.3695534042065
146.5991367482395
143.1659407800707
143.3771325013693
149.1847853050087
144.7000232682421
140.0475715477372
143.7183316508404
143.847111414956
143.1278884059857
141.1618025471653
141.1664907589557
144.5074787258976
142.5807715976157
146.0944007300487
142.3022710232297
146.4543389931247
142.2007957477926
141.0456244083675
145.1753836338474
144.0672532931237
149.0253094232947
141.009805606061
143.3125395230307
143.377696716844
148.122429035399
145.6950472135698
140.4927149317415
140.28590423858
144.1798959418198
147.5026544835943
146.1730578171229
146.4700227987114
141.0437497289334
143.6722401729455
150.0057356847037
145.0944546885354
147.0138883104794
142.8252261246574
145.7946382526271
142.1740676426943
142.5157813049873
145.3948472455529
145.0426556463102
148.3155745708511
144.1040486520563
144.0227158883953
143.0597094173441
145.4017673035653
147.0107230130431
147.0165155618658
140.0714525005688
140.0456846756137
145.2245204491674
146.3581028393902
144.7856052077565
146.1587459935286
141.0083711265919
142.3402768459678
146.12722310704
143.1917175764999
141.0904349612434
149.3090581982308
146.4127246548453
141.0535460926328
143.6655433036957
145.1451474557167
143.3101688279979
147.9564615476353
144.0026793623177
149.4842129425984
147.4896996734671
145.1989867925782
144.294719741764
148.9983777221101
149.4893769344407
147.1887193325187
141.0843438919593
141.0712850362997
146.0576856672623
143.0247473375599
144.8979709489941
143.5826612996173
140.1436000699332
142.1318373090377
143.0175684170477
146.1930891658383
142.0597806275671
147.1157328168546
141.4283783432004
144.2237517929522
142.2392641141381
141.2162915723516
142.7980376583746
149.5862618140408
141.6050449130118
146.0237357121851
147.0861961835464
145.042847182943
143.049128914582
145.3358330356397
141.0098671657765
146.5909392793333
143.783069192684
146.0388412796549
149.2426073246189
147.1128026135316
142.3837451296035
149.4192856647931
145.1009370020348
148.1478525112506
146.0835433227106
142.1653502327308
143.3584915071606
147.0968060769103
145.310488983335
144.1105157733707
147.2212854746166
143.8430498282426
143.2236984251328
144.0147456578474
144.1034617709275
141.3466877637069
147.5695057693872
146.1417171027909
142.0498296254708
147.1268106421844
145.1443182717017
151.0164947840531
140.4156635019746
144.1136792381539
149.1243374863922
