88.8933606995183
87.2979771215615
84.05589835616281
87.2009752678313
88.08158850972555
89.0278066413501
85.25003975756594
86.91124693708457
84.4714144791276
86.32475311115634
87.16582428201131
88.43565880926676
86.00700708900354
88.14408020382999
88.26386361576913
89.34685264965096
85.34834428706672
86.01369595505679
86.06246675069686
92.39421166961226
85.03935700735852
85.05857202858243
89.09467021166193
85.07208238650774
84.58653043951479
85.0169098609885
87.3030087043569
89.55097887950765
86.73601294137764
87.01369765027432
87.44628092996963
86.06798271347849
84.62019272109832
87.66486478982105
85.13063161419021
86.2058891801202
87.12872725582487
86.3176360766486
85.39134000583685
86.1591046843683
85.24952022070917
85.19756645070947
85.28929571542493
85.10384945620044
86.33078345387474
88.13792041255955
87.00908895768639
90.1733466189116
90.55442055550915
86.41674885502657
89.03111141942668
86.12729940407579
85.08562507660673
84.004328451778
85.2675101605015
84.53011873126538
85.00723535294087
87.27732260623624
88.00348003282008
88.03462464827341
85.55189847601729
89.01345622398382
84.20270530522352
86.05287486818767
86.2978523298573
89.2548378126186
88.22905790538954
84.22269877655863
84.59919969474028
87.66226475223134
84.16357261918115
86.43954727008901
89.64678018168719
85.14708664838228
86.66717763269322
86.50156002147914
85.01061909977604
88.03999905247807
87.96965892165247
91.06793411106642
90.11224878568265
85.11563507133442
84.26224463066454
87.23320604762536
87.42957847176189
84.25573921392981
85.20598191044886
83.52893209963749
86.19136918381982
87.35373462039765
86.52882162571827
87.00640100694154
86.17844167830462
86.5912230291743
87.15954983650452
86.80146047671727
84.49953216058901
87.26089770731883
87.53269094846121
87.51637845093286
86.23534533342314
87.0867330158059
87.10032927923476
84.3963902914853
85.17579100835168
84.27622125508213
87.17065085494208
85.44574597669994
85.34818455007073
86.0510590669548
84.11773111716823
89.46487051251238
91.29621697456803
86.5897151276845
90.13849786363167
85.42767749332698
87.16543624085806
84.47079564607624
87.96945880085336
86.93483763568597
85.65900972207491
87.01727283160635
85.38815023825198
87.0326602788734
88.39551758906734
88.24604037604216
89.18724892548784
85.27182913530798
88.07309933736936
85.20442909788333
88.12924964747052
89.16371827997354
84.06776360120222
87.00978329596413
84.24718830627731
89.03813272361539
85.36392512335354
89.20086440662251
87.89149949347876
89.29400547873757
85.9171243267271
88.16227112739122
83.4562031954156
85.41178553216902
87.04671824257329
88.50852394370408
87.40606788999601
85.22715296035186
88.25469614682974
88.39152507458502
86.05635806300644
87.14197696865367
90.07849236539447
85.20018417340663
85.02420197630241
84.7432508197332
87.04362224322058
87.33416642592144
86.56817931995384
85.0887668834263
86.73121089778355
87.06102841186946
86.08562806817355
84.01171590381315
89.4815151058013
89.1812337336322
88.29822997241585
90.42249134034826
86.14046435680767
85.28848470546275
90.29308140423177
88.33106431422526
87.29202792407716
88.1299207821231
85.12552938535676
88.31988700707807
87.34674382075244
86.11744174747011
86.24915827735722
84.00934212990967
85.15687479733637
86.11902988829424
86.31984710763552
88.10618284090219
91.0554680331737
85.09601106741317
86.03426918477606
88.32336687702399
84.25454400877783
85.3084351003056
89.48859081442025
85.02769198998023
86.6884726135809
88.5256494027162
90.15685679273241
87.30107617338535
85.49748178768051
84.53270393458982
89.64563203803213
88.33259364518166
86.38354340882073
85.1816701018139
88.00948811452334
86.33044681917251
88.17675220782756
84.21211355644452
86.22018853072161
84.18729711881164
91.2731017869273
90.37818151224289
90.10050902770548
87.00041373793947
86.16966153695462
87.172749431699
90.06977373446352
88.3973145805696
85.16486650419901
88.89277952148066
87.09017326281482
84.39833410624476
90.1678768422359
88.78162827690434
87.3264655706887
86.32627710712957
87.42274978046302
88.30240644749486
84.95277151645509
84.04620757558486
85.0381399446915
86.05072895052895
88.02180515943222
86.56648161492258
87.35199146216318
84.57224328046227
86.05669371545731
89.14621472260716
86.13235725310217
86.0756023934088
86.48137930963436
88.156559196538
90.26558684462601
87.09365370768006
85.66168777338237
88.16024891773672
88.02968508644605
87.00661919056205
83.24997299999926
89.55568503428634
88.52163798817352
87.1996669856782
85.2709506663479
87.14857950326648
87.27438364706222
86.61819816686113
87.00826558389538
88.24178866107376
86.06945916982212
87.3633645280734
88.80129541789358
86.21536621750427
84.32847952160161
88.01530125580639
87.0757636494287
86.16201038213025
87.84980074760337
83.10101772059868
85.06035974087065
85.10524223109928
88.4426355712929
85.4701042178094
86.32928453492832
85.38043266301308
88.18691698601667
87.19381423619593
87.03575199372153
87.20523139701031
90.98207304776972
86.54393163760186
88.01123889153209
85.39235769931184
84.48193306135808
85.09734083551525
86.08044753196096
87.24324922145706
88.60094746923579
89.1484309839316
86.37682790586338
86.18507320268792
88.05239816553785
87.20693030985615
86.2174275653754
85.07212576114928
87.19152030342033
89.28954988844427
86.36742799016999
84.3316723044048
85.23184189109122
88.25089016055053
88.0439826895402
85.08860857012067
86.1765132292695
85.30468406038082
85.52211811235628
86.19195443231865
87.1179624197697
85.24174590402568
88.69299039653319
88.0152072706412
86.14982968526569
86.0043910541515
86.58661008776554
86.27429444247187
87.0954441647604
85.22293711122217
88.21413084693003
88.31453000584514
91.22289054906233
83.43295643598135
88.00467407479847
89.03405672257344
86.01401601569323
88.06923974071007
87.50210591683143
84.32282474784003
89.02160606274352
86.01379979404432
84.37495195602483
84.1738638094431
86.09321525506252
90.39550841626118
88.45489602402336
90.5850965357917
84.10576529990186
85.37751921332439
89.1792065990567
90.62652368124033
84.05418151140535
89.75039472626088
92.01574171318592
87.63072564993041
87.62445530525451
87.17069002029812
87.3774921940618
85.16118943945406
86.54020393838742
86.73292558970942
84.21463116458298
86.43752115223666
84.17079083875981
88.11965334606727
86.17642697588664
86.74816501657199
86.32181030001937
84.07263359480561
86.17326839907442
85.11745645511624
89.13776392212101
85.14280350831795
88.05663620586839
88.0461040135092
84.04242265142845
90.99457284817525
85.32653141127831
87.62226772416989
85.09467540932013
85.05329994425395
87.18636426655866
89.18159984283476
89.47771794913358
86.70459161356963
83.09494365472872
86.0885620914051
85.17975011503259
85.01397845499868
85.20979800265034
85.0975507310626
88.07348834534656
84.06169420272953
86.10656242422849
86.03073673819834
88.52034335287063
84.30079231524618
86.14533833456076
86.24200007914298
87.14729203670268
85.02397016975615
84.14815754765067
87.01676273186813
89.96886231996614
88.58860683273865
86.02663102834597
89.12292503879019
88.25831423491897
84.6067523067355
86.93314070744186
88.254215287195
87.45369104545294
89.1377652438039
88.14925257906528
87.39431813312785
89.07291188465638
85.08424119372353
88.03652458623839
84.22070034127226
84.05211384717249
89.02257099818198
87.41081152778928
86.38333772318795
86.50236342377197
88.0098578135247
85.29497410062817
86.03784005529256
85.30577610355995
87.05002880949058
84.22874850475057
89.59593041430809
86.11443342179027
87.22183087201984
86.79446681983205
85.04197641121276
86.43418996395273
84.00265577808683
87.27571840004043
87.1542429373989
87.18366776631058
85.1676914486623
86.64026444148742
87.2171075138963
87.23104636003853
85.15604953217887
85.28938406889638
85.09300280365186
88.09681194614225
87.9694303830354
85.43572637743007
86.06146565830738
86.08299865527266
85.01102359280603
84.12898481509069
90.04671980828161
86.00533871028034
85.02792526596976
87.07587307539823
88.6584024926892
85.4868732762764
85.68725585087392
88.22404708576325
85.20878159233489
89.45961809973356
86.95650675882831
88.24737727742406
86.54496363081725
91.15291796197484
87.27217314660201
85.16795434403386
89.40763634682801
86.45798583116681
87.06188861508186
86.14197099680577
86.62825248161356
88.07230251702927
87.09404793211529
90.07028447515698
88.14795958457887
90.64235996042883
85.14835891381824
89.051103790988
86.259910228279
87.12489160035545
87.67978044087066
85.45120160897007
87.02392888698314
88.0042135338659
89.02854434339197
86.1886864725573
85.06179757804894
88.04006905644175
86.41461776355945
88.89577301582561
86.05394865859647
87.0289167828267
84.58421526581736
86.04236209696792
86.01988162379523
85.0469012421633
85.5708786053201
87.26881177636294
85.18725604086296
87.17922025379168
88.465798784552
88.18624970635665
85.18885256192378
90.06733335251927
86.01967733889353
88.34350282849113
85.13060313320337
85.03968121943045
85.46296511678108
84.22558391400577
85.17761154581245
86.09162923806142
88.07542146831112
85.65480065164174
88.49353402492302
84.18351336971062
89.04786047834732
85.16251499425589
85.00793270851366
89.14852058734584
89.18973521771252
87.06346730379413
86.01249562966021
86.10936621220837
85.23177892138582
86.667219159492
87.03593547579094
91.17143729277643
89.06587515694095
89.49776322027986
91.24235841378079
87.19230412823748
87.41246196283457
83.56815084703442
86.1752467028505
86.86090637065625
87.0770666631843
85.19117822776916
87.57739017433224
88.4998259058184
88.92469956785482
88.0331473045881
86.35280882708268
88.21298729781907
86.08192071713798
88.08823662307836
88.27111374539363
85.35729229539666
84.20272399925942
87.16467702165887
86.32105402132295
86.26434704090622
85.16042182703424
84.67577659131966
84.11811317446535
85.19382947865918
84.29551471264529
87.08067118919375
87.35581456494344
84.12084355512661
85.86153569322536
91.52154060066945
87.38901435971066
88.33509998824465
89.38266287635248
85.33407914548961
89.66427131913264
90.045080970004
89.60568136987594
87.31633872654393
86.14081185336681
87.31072544892906
86.29815697261742
84.95728594183163
86.14344183976336
88.04982805370824
87.25242217525339
87.00096615605878
86.9943280095952
85.00982206524203
84.04148232516498
85.83813686374843
87.2532159154502
87.2145651484794
87.85183960483354
85.15440363198458
85.42213025261225
88.01193335064703
86.72964918545526
89.1594030805536
84.82257223311197
85.32838517199494
86.29217350611977
84.01515357438304
86.02988653675548
86.74391205750264
88.23784629020271
88.25871239652217
86.25608189266939
88.13836964951199
88.04439408582674
87.24958477680863
85.26119150508879
91.62983681967383
88.72321617195962
90.05711691194908
85.04603672010228
87.79638679817657
83.3385386176832
85.15381822433513
88.7807976591198
87.35110204756386
87.18846046761837
86.18393540747759
84.17518724883566
85.95534246979054
85.22199422645859
86.21827350073889
87.32725841981055
87.15111550045364
86.26937199059577
86.25393405608182
84.0407402187223
86.0179181954342
88.30229369290808
86.47937909891097
86.08435370422497
86.02311225805622
89.27304597482929
90.12005470639507
86.1533231971042
87.37319972792437
88.14476085173423
90.00972044868683
85.04124671563017
90.00638209411365
87.42921587223252
85.23612913690229
85.02070618585958
91.10482376587903
87.26307287095656
83.38009159985188
87.48995842365362
84.07267906128932
85.14288024048223
89.06808055288325
84.36329222993636
85.24840570339666
90.32969798418884
88.22645839853645
90.46973202785645
84.05381228997805
89.36655255722852
88.045325055999
86.9687855004959
87.04705666707078
87.0602379141315
86.21298829829507
84.08977191315344
87.17242614334641
86.17689222806526
84.02041649008143
86.15126779750562
85.13079264560503
90.12662991990457
88.4113981940273
86.06688357659762
85.11582606320155
86.20173441630185
88.11949662796948
84.01499413908833
88.24489369831271
89.18272160059051
85.11802489188736
87.27093004416204
87.33933965528851
88.2386217185449
90.06483516724862
85.19138558335295
85.31139694706954
84.29360160865573
86.09315725729137
90.20267194336586
87.07446153953602
84.25448686242824
86.06937492519548
88.47620059105607
89.01337828747401
88.72681132481732
85.10931315318855
85.26291118311852
88.34888121116147
87.30892900084538
89.03437046755938
86.1717530350456
88.19539719139883
87.26435541564591
84.05819787197463
86.4267050475644
87.14037253195795
84.04634733072294
88.23991838449135
86.04413908934559
85.13981721884556
87.05981591109139
88.26310286157415
87.70012114424317
85.29173534166316
89.02516331093274
86.16722814017699
85.13674636402223
85.31067609795149
85.85613095036196
86.08161070474992
84.20829456344559
87.19049897396556
86.26788605604953
86.38472453287932
90.23038495501075
85.09896851633323
85.10176527620922
87.24050542858262
88.11780833294166
85.44452720412146
88.51470412650278
85.75696646510357
88.26382665281614
88.0961297954854
86.63087403512151
85.09399914909356
88.11060150420576
88.04877167898418
87.34630329488927
89.2014541095139
87.1013946460134
89.03778197570098
90.27195014861418
86.11250730774029
89.20104971418134
87.43209372669597
88.01743417070324
86.10384405578651
86.03464421138885
87.32367310875733
88.1817978109143
86.3132270482676
87.22014819711728
85.00706108716258
87.1048646345154
89.21886870144229
85.8457982456035
84.08476362853274
85.18149374785435
90.02273580136556
85.22056920196947
88.13392308592489
88.57040639579265
88.1490509589411
87.52636154494053
86.15366147149132
87.12073770893929
90.01275556577302
87.44032320735344
85.8230358484679
84.12327272520297
88.04804744891452
88.54998073804902
88.0528747730601
85.0431099316865
86.01856170794916
86.01551372780182
88.54348786800342
85.14578089262247
87.23013435113961
86.47957731261798
88.87895447646791
87.67053857725811
86.90509504311488
87.22297739470234
85.18821370427504
87.8534512059635
86.04637752972883
85.33063232799643
84.07653446849285
88.37950665564225
88.16762064622547
84.1941120897567
88.24389598441215
83.27782070824487
89.46782534693783
86.05093356832207
87.0509615935022
87.20796429874467
85.60777783792427
88.0380947594998
85.5550636971011
89.15540626573572
87.66718510196645
86.08953541623545
85.45766488547503
84.07219055854372
90.0686534974419
87.2134067653047
86.1902875493644
91.35045337097884
87.391144987273
86.2615907548631
86.08316982837991
87.81807914200277
86.34346431007505
86.03099444217938
85.73337196233187
85.78613491937548
86.19462547021539
85.14508269079951
86.13509795959233
86.03878700144917
90.2214822083448
86.15546480871848
87.14753918560932
86.36589244313248
86.0134394074745
90.80592825894749
87.5096780463416
86.49446097286015
88.05938658417537
85.41568294997474
88.24033613703466
91.05945930886342
85.50778426604846
85.48567341216757
88.31300853827852
89.36620233067498
85.04057207109257
90.04546387857037
88.19394091843957
89.6421240652424
87.46743481797022
88.3233890883412
89.27044415489276
84.51934680795054
86.16682034051532
88.21156430174337
87.0247386704643
91.0232081708162
83.46209142036778
84.79870512094341
86.81526759728403
86.02264065288621
86.15151799918414
86.20282961940175
84.15932151425855
84.10531050008198
86.73665675325232
90.58770185277378
88.06317807043362
86.09741581225279
88.07455578118007
87.0735594698123
88.06929445789682
84.0453419745665
87.95242999641017
86.22457188669412
84.5367605215964
87.500850509166
89.81234866433566
90.10937962109226
88.76095265689627
85.08972672608544
86.08529400194178
90.17602775016276
84.15083028974514
86.33239436911988
86.67208833720237
83.6079178550837
85.59573239046698
85.0951777171855
88.31879607597179
85.162602471738
85.11652099427634
88.10058273812336
85.24263842724625
89.72957456033495
87.46285213188577
87.68798611061828
84.03073049910124
85.04846352902797
85.03156464972771
88.03541308276874
86.06876188786548
85.45092943900339
84.22686169101732
88.27378538847357
89.2625566192351
85.04060456073664
85.58727477466631
86.3358282559537
83.06119582633818
86.12325290677005
88.18475441442676
91.18772995824165
86.01758628475494
86.43310066919219
86.70546385416219
88.39845888543461
87.32898469505167
89.2004189783773
88.18119040748887
86.36892848178191
88.29841363618041
85.04567518641458
85.20149777311418
86.13122350372541
85.09873728532665
86.51474357520246
85.1719879109021
85.12108182697827
86.26621451986686
84.28393144779005
84.14111694047065
87.3545192580722
85.8385063718137
88.14165759683557
85.41393605201023
86.27256370180943
88.01896536770761
85.72686719696048
89.02866036915414
86.01653927254695
86.4071445012452
85.03480623260548
89.92841604315642
85.22743148646704
89.47917845847647
85.0202961574949
91.49340036106268
88.03406221595068
89.51817246963783
85.19506116593998
84.02073584487718
91.04751405754624
85.71975726970075
87.09306690638823
90.66700571130919
84.3893188204606
84.74646095473256
84.57822972904226
88.83847583871301
84.22910083254466
90.17706419299101
86.08195405005976
85.0163997864416
88.72571243540918
87.81732252208249
87.43049669160462
88.66423633536412
88.0127281584908
87.05803916379931
86.0970821513104
88.15298079196887
86.21402843494337
87.61525875100261
89.30980483929216
86.60471047037484
87.36978218490157
84.75436194351731
89.09755052300711
84.30520472064673
89.04039699072358
88.0466548863863
86.28996973134542
85.52024103211215
88.43949933494974
86.26591196136042
89.0484855672545
88.06547485550814
85.39034910571783
84.25497382191003
87.27297196863759
85.29511567161231
88.19152066142102
86.48022238748611
88.22439900853405
90.12226350627284
88.13592542049228
86.73824784352247
86.14292253587362
84.27412035314906
87.02127934752086
85.1453329507922
88.20555990022332
89.42428579271514
85.25320686685241
87.31751930287209
85.17569999954927
86.18455088793162
83.01390964445703
85.86293764385977
86.3005994264136
86.1720303928971
87.72996720377277
88.05357086183467
85.44422615930334
87.55943627900538
88.14237053950292
88.32818428798639
86.16347846866176
91.55049009524792
85.06273692720728
84.08660666061563
85.02669380678942
86.07449421346675
87.59160682883004
84.6162694469667
85.33876057169616
89.59240540850242
84.15065651446953
91.20457163688813
85.10875429248341
88.34139554571092
85.21111889505218
91.39785401548382
93.32514456356675
87.12094971318288
86.01424357626928
88.18176097285289
88.85766243536467
87.50607355657363
85.33636177516668
89.83762322158826
87.13739762628836
85.07139385934643
89.43390603142082
88.41021863260306
87.06596970248604
88.1504815287489
87.14328801779565
87.16279710912998
91.3178054766295
89.7280375370236
85.84225416109761
84.27125253303596
87.02870691153949
83.23207166414714
87.72781576298209
85.2286224932488
86.11392548790559
88.41765301688804
88.09169191500109
88.56527081974583
86.00114161201863
88.20641160500632
85.46382582219293
86.70701548653835
84.06208517749785
89.97665688400754
87.82410074122697
87.1378119084064
86.07229784198744
87.30402080300334
86.17748228228787
87.2102218381726
91.37287411912344
85.75654841794986
90.00339100502654
89.02373792354456
89.27320857127897
88.59442195991367
85.11824266928635
90.37619234905222
88.16911297755352
86.00288416468926
85.13565194031919
85.04878333398445
88.19583278529615
85.60026258128951
89.60041055994861
85.25643645988943
89.36307151181983
87.12084391731213
90.51232249184024
84.15358003673022
84.26914622774305
89.29364596377589
88.07728193263796
89.0952238961816
90.44161639365122
86.0805206841077
83.14803230321787
86.59505326229984
87.25379004088818
85.20577474459233
84.28909699586349
85.06819846586399
86.06826473602646
86.14511556466803
86.25364764605325
88.4796444548108
90.0130475672379
91.097738639671
88.06151787512287
89.27553063156638
87.0280002336611
90.97198786788505
89.06376795831436
85.36050177427644
87.28435181401315
85.02488778269493
87.4298817181518
85.79420011718724
88.39582772676845
88.06572311070094
85.39635556947046
87.09266850554918
83.26361239747293
84.04504441687773
87.75159503777164
86.04871821135663
84.07823686098982
87.27740765126869
88.32659962171107
87.53846076269312
86.09250994914184
86.15701520215246
85.12311476418651
84.16999751571495
84.41575114516068
86.00514603364601
85.12420140892515
86.43180079453307
90.17589848880748
84.2179336567002
87.10354703768878
86.08381692219011
84.4383541744597
86.4757945845889
84.11759321921286
89.02475252118994
85.21119704654552
85.36308722184424
86.08117450121003
90.0704281223224
86.0331342458716
88.35774618974752
86.11977106417297
85.10042981185464
85.14743595688333
88.11089885110648
89.00349377661489
87.65226528813498
87.56654812944159
86.69457901898767
89.41402234153924
87.33235417196585
86.98135498808251
90.30307314958822
91.17579171792468
87.48018245152784
92.01238041462821
91.81525051947258
86.43618519828942
84.04959210213269
87.38288970996196
88.36122355280288
88.11917844161734
86.01747416320116
87.13924668616659
85.41129067609123
84.21091392263008
85.10018462216709
88.34250043483118
85.1513247266488
90.34128842333314
87.23442296934931
91.24132904524808
89.12904643409523
85.09549812076123
84.03346783619989
89.07834023076246
87.36176642595468
84.0429685770196
86.49699146114133
86.04906307958672
84.33941588826096
88.08313307011593
89.39159939743016
87.07853221564461
84.24464586997085
84.2032225618515
90.8744241592301
87.34218261874021
85.03688213808742
84.12704439007035
87.07063216430682
86.03422717548298
84.4609452180447
88.14477312910775
84.26758253985747
88.09304832871759
86.13650629697766
87.08553872783958
84.15813530821822
88.58409641577492
83.4545723258078
85.46156993172099
86.05391996795338
85.05501258545603
86.15874952584483
86.00029987180318
85.50875637871356
87.22683987102783
90.30964485707216
84.41711647738303
84.32098295787516
89.01166775465153
86.02247553737884
85.48193434340497
84.96354018925095
84.43229814022013
85.38642566146393
89.04076023747096
90.30789003326734
86.02526461536466
85.19640421250217
86.19167460938955
86.1889782076849
87.31902949456732
87.1903474509222
90.29163060883994
86.03078213551773
87.20567808797225
86.25202227282185
85.036344993641
85.05773100606254
86.22939017308295
84.26583609693147
87.42978093420075
85.28361830239717
89.00523329901037
85.20954114862046
86.03185489605995
86.19631172029054
87.06503766742443
86.0374221975816
86.77864332478718
85.09443249597193
86.12963458773031
88.0067414171799
86.33326923814698
88.01461832007385
90.45668675129079
86.01840877156887
87.00794582689042
85.29265928958736
90.8244762969598
88.1900003834466
84.35992550164144
83.97692593114309
87.1878300897722
86.31054338601199
90.03448727293494
84.3623656255535
87.14548656344436
83.47210963225012
86.01046137135006
84.25400760200948
88.3782914111271
88.17534386911673
90.05670142741701
88.1309767205183
86.11706355593842
85.02543159281332
89.1262818448378
91.29858638824307
85.05079411095161
89.066984422399
84.2254428547717
86.47545663727561
85.02027741466956
86.61698003849648
87.20633537925671
85.42840115475681
86.06297043033231
87.13339213077789
85.30600122027272
85.02230865673187
86.33835247915603
89.19570763689713
87.2465509061811
86.79570925841983
85.0264396514882
91.55013691392801
88.52600322115849
87.25506894937881
91.03079967861379
84.05708175994968
84.00495860769146
83.19664975484862
85.27002829627021
84.02539878163807
85.1542026851295
88.0089302270471
87.07087235231486
84.2552285978515
90.11192228740154
85.18183245236399
88.04724928434521
88.12314217640196
87.0992505315981
89.12630317445033
90.02819046978844
87.2478934625434
88.02268543870207
84.32568826808424
90.03382404846448
91.41050943133138
88.07756982314166
86.0837052803673
83.02746850773944
91.10872836036496
87.02406110782411
90.2311880939247
86.23676715770411
87.3018473574698
84.81330733422351
85.13116106471995
88.52472848316043
86.0526807198596
88.1119532503222
85.1653167141978
86.05711330321267
86.10649159760115
85.35857395111732
91.23083565048015
87.16896080459051
85.31126616314371
87.12282008496706
89.3656167347583
89.27616612060216
90.36329796120452
87.34366961844215
85.30917592607999
87.806667953983
85.83640127407087
86.08010862385636
85.43652245598076
85.01587337140836
88.25195210667286
87.0636589857659
87.02477237202754
85.18214430982135
85.17531917139024
85.15726090504877
83.80560135349035
86.66341368304566
87.62410635636677
86.05359466754896
88.13377036930162
86.16949143351671
88.4726874205325
88.02394665848993
86.08387609067583
88.26872556159002
89.01360941482749
88.82644340962645
89.7206779948403
89.06999049846982
89.12656605301979
87.14342388717071
86.33870874570742
86.3400079645322
86.31197904523926
86.630653637807
89.21954092259341
87.05081064746302
86.69764483640658
89.58022567395423
88.3962664203791
87.35026022960594
86.16033086723928
87.40833347262819
86.55057607630471
86.07708960562329
86.19984659746699
87.69028737230745
85.08576019421785
85.18668318521728
87.04421389886177
89.4799238855574
85.71669011591239
86.37362867727435
86.10126350896297
87.1543035489804
84.46798819911143
86.50684622973277
87.31690518296423
88.15046615497484
87.03946491878969
84.03491532143815
89.09404935747135
86.256390699317
84.01342076991065
89.09161233576991
87.06432529453778
88.09690782145456
84.0693967839778
86.57298401237657
88.27927032713747
85.15322783458598
89.28032674073145
88.33477559591833
86.08487664256698
86.31944844540537
87.18655075138216
85.13094984389102
88.14180049101367
85.11743488997618
90.17827935328562
86.16504467305874
85.08176500436527
86.03765302090784
85.096273548007
87.8723187495925
90.15705002954743
88.06917473538086
87.35874902330083
88.31085570917178
85.03443933151154
88.58306081253696
88.0253615588052
89.01478556899676
85.01281238249386
89.29780619098398
87.0808913397175
87.51537927265014
86.02662315313987
86.38619920895917
89.25247957504729
86.93977365458296
85.02561847135885
85.14025450280545
87.41732010474735
86.49117005759133
86.09548811942986
87.04699365411108
91.11003603093818
83.27245505442696
84.4762440435932
89.0237343841307
85.3840774327676
86.28680092372862
86.06028752904258
87.79715356465
84.61272202360283
89.28711152225752
85.00663711400266
90.01058717580496
87.00597480515894
88.1776338582083
88.19454967163388
87.40153333590521
86.05810773934387
84.26747048337941
89.84908808568215
86.16974829061284
86.21365386724787
86.3874423472255
86.07573897782635
84.73976897995108
86.40084660106055
88.05973427138906
84.13564112778893
87.29364436184308
86.08991513534171
87.37202223572432
87.0225702794423
84.00843266057322
89.75269744760266
89.42954526836678
86.00272089234757
87.13968267131804
87.03269103970241
89.02406557898593
88.28385629634549
87.60957233331722
88.14308634102672
89.11472811694115
87.62936222497692
84.11001845868653
91.33844874008327
85.26228337330025
84.1328566833098
86.3039137588885
84.0152367495387
87.09999627052555
87.07984651555431
90.1004803064641
84.06328272547267
85.33486765874085
88.07725190508512
84.80641276064128
87.23893181846978
89.05514120221979
86.20272761245548
87.26464983192017
85.43695682929393
86.17230005480748
89.39931589101596
86.6140981655851
87.42294783491829
84.925521091911
86.45472130323
85.1037401631944
87.22802405552194
85.02551062293273
86.37842928935723
84.37459191584469
87.19475601005755
87.19375925144521
88.1042157488412
90.56806584123167
85.02016039181714
86.00200140355335
87.4134847217887
89.14025272722719
86.42297511124418
85.19195529968263
88.89688717977282
87.17636744206848
86.19348234823646
85.13007238909216
86.08289387983028
84.32085894143103
85.63808579712948
84.00037339287881
85.26416772976692
86.17847201105826
89.48414197218533
86.15361110036949
86.0843075595749
88.23453880509834
86.41558989654197
85.50117427201438
89.66441714675194
91.00447337003493
89.09240524294846
85.28751224668358
87.02839698880715
89.00056317247434
86.21091248985127
85.23659343262996
84.01571429539992
87.99483378439392
86.20584552016948
88.38936112819184
86.00913662590123
89.58064555248089
92.26625471469592
87.84430037925848
87.22407043928743
87.20412644667194
89.21665300798925
90.09148694123856
86.4974042844875
88.16683055450402
86.1677984653036
87.50337505312581
89.55624713190313
86.12056229041688
87.08214666338748
88.04276452775427
86.75476044880907
86.55862245260043
88.52803475603764
90.10843960097219
89.17519906673897
88.00052233813612
84.20279491477774
84.79278205116806
85.42557826056179
85.15614747725347
85.86309074355307
86.18861483904546
89.53870887602459
84.26866176435088
88.02263560723033
85.02270516063392
86.84504952008248
88.40275369601157
85.22276355353837
87.30139763805057
88.2127857605616
85.02172304289036
86.55408893395895
86.66607942010019
88.06935304721108
85.18600464718249
88.19206354529884
85.0529616714728
87.0718813495032
86.68219348158037
85.39877401908915
87.21061424679135
85.09741243945533
84.2522504170675
87.45871864308903
86.08396184335838
89.05710585395184
84.54932638055763
87.20280500647175
86.33174106853545
89.47056582775416
84.12343797514616
85.06859251550571
87.71852237777135
87.0379720872128
85.08932128056011
87.53947215920009
87.07832776164558
84.2836119761589
86.36874630803935
87.09420960960668
87.0795078287662
87.05091011688677
89.07157225222812
87.25984110836991
89.05510154510756
89.22882699463439
86.21784504126437
84.12445740322103
92.17791735972055
87.10898480500278
87.03920084017739
85.06221048596983
84.60678434088717
89.3086633567712
85.12932383146314
86.03509241665601
88.10454605047158
86.81241036720009
87.24708115651171
87.18196248539748
87.0912264791957
86.50061538090726
86.7384378236429
88.18836715651628
87.08244374262924
84.96553960110536
85.29316278552864
89.9471854466169
85.18361368873127
89.48963546537455
90.65846863228043
88.36203307166322
84.32616501973362
87.29187019002832
88.46497677578792
84.12300438062773
85.9340168952451
88.07035444822962
88.32477213588922
85.26315764607496
87.27134597812888
88.25849979866723
87.13493159883721
88.63701513155513
91.478606876096
93.08234218393899
85.05325242482782
86.4718198331631
86.1337871683212
88.39112160993312
85.38077697144658
83.21380315553644
87.13786213086749
87.11743138870436
86.2058028581097
85.05845563751693
89.53542340868202
87.0793781646238
91.73382720602747
89.1749639793718
90.13064909139885
87.28460823131039
86.05831145340159
87.18090515049857
84.26199704371771
89.2007933436001
90.0213354553393
85.03516015938237
89.09468739028466
88.8103618173595
86.3564331091174
87.50823678682386
88.00463495255381
85.23191814144371
83.17366815315258
87.1736895287759
87.75120249900922
87.07665834987264
89.18028986067276
85.40339559058737
89.42501126565938
85.22859895658289
86.05711745534431
87.11012281867814
90.05459043690949
85.02469363401286
89.15455484462456
84.200870983536
85.02472930911863
85.50812453474673
87.06550578070485
83.12195147088575
85.28840811310553
83.48868012545798
88.40699597168692
86.12196527243113
89.36004074033404
90.25598263304381
85.39379493045924
86.16393256730528
86.21539281950216
87.17999602113744
89.12704749853464
85.54769471502162
85.02635296916606
86.02840568597321
85.71994143975095
89.09105803662013
87.15685976029609
86.32323081375958
91.5316246945807
87.46767343096342
88.00791677654178
85.85435918667356
88.63575007223255
89.38677324350057
86.24254192158976
85.15596942030344
87.89470939532309
87.79551771705454
89.21359628272283
88.47137925271286
88.4127214732831
87.17961198565071
89.21374620049927
85.58493103951228
86.26849682911566
89.03210615118824
88.18637864085454
86.102591644025
87.17164659197446
87.58765430541385
86.06563885041327
85.20019001237729
89.58774538161673
84.4244816954494
87.15972975264569
85.09738057194718
85.05831110113327
86.27150707474583
85.72966529713761
90.26231939008815
86.96821615174397
85.7811781352984
91.4778273865275
87.86743299175744
90.81744365220116
85.07470274692113
86.06192858672853
88.12880331944035
87.1140684200239
87.60511904938302
84.11301734744555
87.03973540643014
89.00118584598823
84.44781443059973
85.14677328766702
88.05818533750389
85.62173486343295
85.26339400796041
88.18924561980846
84.27761348053212
87.67258825978826
87.22299005488502
90.16335843763225
85.12818344217423
89.24621049548185
85.0087358673276
92.68168895352278
85.27702946979203
85.16925874173617
85.0832298281711
88.39833901007823
87.0006085409795
86.39064647896026
87.38265960723699
85.09797796048058
85.21233698201647
86.10117158483901
85.51107411521251
90.21113479112306
88.08493784977348
89.1291978532896
87.28483761646044
88.53118952452307
87.49893861963018
87.17819955605673
86.06156535949839
89.03085439593234
90.11919147385592
85.25727822333405
87.68676909783836
87.00066747855433
84.00692996646809
88.46377789326989
87.79617206529458
85.7763439744886
86.03505718081863
89.02263590343242
88.26250512831066
88.06108359006902
89.71565942263966
83.0367879394092
88.2000107917379
84.11640006662851
84.12227618267639
88.27567895419969
87.09893498788671
90.23438427516807
87.43795263865462
88.08867309303972
86.01167506303445
86.23500533482058
88.33434362471372
86.72629967909046
85.66485091703628
88.02729552729505
87.16575954924211
87.08915083041317
88.29297338570512
87.62063232598913
87.15109758893857
91.08352007681512
87.22049052846269
86.11123761510433
85.18216697388162
90.08613191627607
87.31041403918265
84.12432822499056
85.11005281545692
84.62685853872793
85.03552604183028
87.2403457736776
88.0292045203866
87.01422993936033
87.19821661788455
85.58029193803199
85.72096015074298
83.5696063741517
89.56118552354909
89.32098188754534
85.01156889761691
85.07691438844996
86.02637680725988
88.59850988302343
85.09293906022033
87.66687528924054
83.192134891554
90.17064141453551
85.08681706435942
86.79799124277592
85.06243866931916
85.0579747342138
88.4605037346474
83.21509603624821
90.3745092746276
86.54517111200224
89.005117201538
89.06645453932254
91.49435428622093
88.11114204275714
87.1441620834846
89.16359760472623
87.4924323817068
84.09422447355549
89.29985221898305
88.01189470200617
87.16642402565712
88.00735241139647
87.49913373275413
89.13028684299444
90.30018648277668
83.35468059349981
85.20851146633703
85.00521717458363
87.0957157188907
88.4708284522095
89.04811236256813
87.32662816114726
88.01583618291443
84.43186140721501
87.00894657167065
92.53884270401916
88.38029027998864
88.1734288950653
84.21614109054687
88.05832449171075
87.10212538481333
84.16994224891131
86.06919649006102
88.09899138852731
86.00407658396203
87.28448417138489
88.0110845035696
85.31696695457462
87.22999463803264
86.36887374823873
85.03712406740571
85.31519347458817
85.3952907182891
90.16502348951202
84.26272101809829
84.3043489011782
90.00968487451037
86.07667430224659
85.12588491945075
85.48515308300749
86.19071490840257
87.07350188391553
85.193899018287
86.315592002622
85.20348670537976
86.10831826710839
88.04003574879145
85.0611976321118
83.22381974786215
87.40217758101885
87.68313772477536
89.69025356281222
85.00004037585212
86.10152586578286
87.32977000675736
89.62201059111507
88.99992234893381
88.05501783792586
86.11938308492932
88.37953169658726
83.14047815224885
85.8352238487674
86.15796953135765
85.09278825335743
88.04135894941177
87.03618608998757
86.36966500244276
87.27112517230327
88.12351264285368
88.4202849607311
89.17436198646848
87.07756735416366
89.5478275229307
90.41805040099628
87.12936606585517
87.72860614896182
86.65490798180544
86.73067351992904
87.17141216035627
85.56184370911487
85.01221616750304
85.05220419122459
86.19936744195492
87.22062818259458
87.12071405133523
88.22270285718587
86.13520264071754
87.22603921875634
88.04096717677425
86.01352512157361
86.21026097292862
87.74980883312615
86.1429927909947
89.35417216944057
88.32666893001682
87.12868457721312
86.2548066738226
88.1870611152968
86.16258509904296
86.15534863337999
88.08173664810857
86.43767773126044
86.11296403374968
85.07104805449428
85.05981471399494
88.13442500815273
83.19072222106256
91.60696804427289
87.26589806632418
86.6604305113502
87.54683042252995
86.07285141228205
86.17312889247431
86.14985900300152
85.3736534736051
87.21083934365733
86.01138771482803
86.09758766358891
84.2601882747196
86.02963882355591
87.36147295023837
