171.2334399363684
171.1668682101799
171.2295005936058
171.2100608852121
171.2291399069071
171.6934809450114
171.2816183322958
171.6014023920066
171.3137427111722
171.4605620795509
171.0919408754763
172.1110337628493
171.1571821471051
171.305124796284
171.2671438932076
171.1212093327213
171.6195646743249
171.5446722434943
171.4851566312818
172.2908218199303
171.4812251474827
171.1117367785244
171.6621639192889
171.4942254142875
171.3860127798019
171.2890556395055
171.0706787922632
171.5847873608498
171.1535473930062
171.2123713534199
171.6859986455651
171.1273408037273
171.8426655105269
172.1276102111145
171.0671133735946
171.120939207672
171.5206991808591
171.981737877337
171.0663233849219
171.1040419618679
171.1090386623622
171.7928832364304
171.3297593342698
171.8185789292831
171.0729293226462
171.3516053302769
171.6479264055954
171.5941198121094
171.7574972013196
171.6488647415746
172.1750116394743
171.3211954413493
171.1433545207763
171.2233589193727
171.5868399957861
171.2956606701566
171.668841941227
171.3064254971349
171.8255676336691
171.478479123134
171.4888522521916
171.9707965357891
171.4602462532596
171.914282659425
171.383135533624
171.1338600154868
171.3507817653515
171.8246213682835
171.1624382570496
171.8861676222604
171.267397209806
171.1492002401295
171.5618959840295
171.1037589927384
171.2869027755812
171.9660178500345
172.2761098742957
171.6309720313307
171.0954531383524
171.3188054373962
172.2598635743762
172.0777442213981
171.1949125873232
171.1904937766908
171.1113990671369
171.5954691394264
173.3134380389474
171.4328088887589
171.9931407985335
172.1712844976597
171.8939342854879
171.8892395695399
171.2588962298472
171.2532944737588
172.1994324804532
171.890299740914
171.5218862197926
172.1365155254856
171.6589485314458
171.0554151949033
171.5510060255147
171.2825037748365
171.2130197977417
171.0497199856802
171.2638206635148
171.1140747587165
171.0836459214537
171.5167497708231
171.0365445384517
171.5213659922663
171.2045071905028
171.2884687019717
171.190418237067
171.6014721902693
171.700081983466
171.1880307954202
171.5893213518339
171.0772309025984
171.4794866663709
171.4524985165254
171.3396117738561
171.3326899039724
171.2091721760417
172.0092330510707
171.4850970152478
171.3386152968864
171.178146624111
171.1024156793547
171.1052543322369
171.1533973263272
171.7198214865047
171.0905103151844
171.2611473882221
171.1842098967312
171.4927392389271
171.079043483087
172.1254972969636
171.2296600543344
171.3194745564238
171.6008404402429
171.4638496861971
171.1825234646082
171.7534165710489
171.6448661713925
171.9339391470959
172.0978387214481
171.2534880438837
171.2734671046962
171.302292069621
171.3646574853789
171.1170177430177
171.6737024817328
171.4250516319848
171.1088289644013
172.0275279946214
171.1891605736252
171.3344364992468
171.5855875935523
171.3908249386154
171.2297056983228
171.0844123846683
171.5146669973325
171.4990793970272
171.9275166099054
172.7626610962069
171.1599675919508
171.204765112914
171.4730948579906
171.4999130036432
171.6702835185826
172.8903103891143
171.7416955995439
171.140069213262
171.8076295090565
171.1743298396461
171.0358253232078
171.4801627779358
171.9377874884438
171.9887444071562
171.0813161915491
171.5737205827688
171.0741404264041
172.1015938980552
171.3403582518597
171.1670349015748
171.3389214693848
171.6802879200779
171.2550582241734
171.2816699181601
171.164567040769
171.5611116580837
171.5366897300165
171.1282076571662
172.5601949043018
171.425223700573
171.317844748778
171.4508047334265
171.058471533418
172.152472338141
171.1778444250638
171.1899472654584
171.3533933281619
172.1878085507644
171.0338152484698
171.2356513531368
171.3548571360873
171.2856121968701
171.6363299848962
171.855140645336
171.0724485439982
171.811360458776
171.3776344903773
171.336289717116
171.2391331881849
171.5724007055215
171.380190510769
171.5345510462043
171.6193102584964
171.4028547403275
171.3161648441328
171.7921185662801
171.3031465839721
171.6264547233805
171.2742382952847
171.5057540113097
171.0937478441505
171.4432075672071
171.167400691401
171.2438744375292
171.6499351405459
171.7485961213901
171.1545790908964
171.5787683828388
171.437310389037
171.2078534710149
171.4870643983965
171.9115685241294
171.1378645904363
171.6715052017998
171.1868669955087
171.5120238311632
171.3592015828896
172.1677149477071
171.5173208190421
171.5448465182508
172.066014854187
171.3519553615477
171.4651982639733
171.5736440272239
171.2209275385144
171.6942140039199
171.141780900683
171.5928879116853
172.587984213377
171.2945846668275
171.2830349750657
171.8625412818233
171.3902327888075
172.2601102875643
171.6256010950809
171.1787817485894
171.1469327725561
171.2282065804492
172.0205816548824
171.1349579983456
171.2162713065818
171.1071412610974
172.0452910548945
171.16822342051
171.4055076030438
171.5687545824659
171.425708836353
171.389127659392
171.9668792728995
171.4106501235438
172.0292251503938
171.4595252920269
171.5543586994853
171.4343318834642
171.3613598250014
172.0546131523833
171.2189923006368
171.149338172251
171.9124074714743
171.5393595811503
171.6648296662868
171.1763651327762
171.1986234979946
171.6758805123454
171.979503252447
171.2625445353479
171.115829634062
171.4343265219269
171.048299148286
171.6754805863991
171.6489785604574
171.4757859645783
171.5406183204951
172.8315353501163
171.8043284689389
171.2085864891414
171.6083567557187
171.9336159468518
171.5543330871347
171.081819379362
171.2434387650695
172.5428867828846
171.986333348801
172.3284347732168
171.3257195182575
172.1291223602391
171.9329046834203
171.5164057576315
171.0590330738372
171.2379480891619
171.1935613169859
172.0074886196615
171.2605257588088
171.6037767936303
171.0658905683691
171.5032856858424
171.395727988306
171.1388969946427
171.3286778376719
171.0779194519416
171.0169147531826
171.2872687808253
171.4928334774393
171.3611647502677
171.1552908296779
171.0588377188965
171.325965122411
172.0407022449358
171.3254110290534
171.3900061917973
172.140542567562
171.5564828132183
171.4975580928669
171.1883872369418
171.6220305369316
172.1312057938204
171.3403826234125
171.6226720473774
171.8704580403734
171.3259151097545
171.4363394387936
172.0118543572499
171.3172627492411
171.406870181423
171.8453177297717
171.2145350699509
171.2245142009385
171.1433583563015
171.3842713205509
171.5056492072579
171.6989919404935
171.4712158806998
171.2951624877388
171.4021857163328
171.8971819481561
172.2498835433317
171.745985198546
171.1729407037526
173.1325806981668
171.4551274608664
171.1214999550048
171.2813977319377
171.4871262938486
171.6001691789939
171.0570872743311
171.1815561890137
171.2115546705015
172.4960431679543
171.7290158048266
171.5849505634696
171.4716402405167
171.2242883855912
171.2961828162823
171.3808949173906
171.3629308604949
171.3711201862578
171.2402031059938
171.46738060056
171.4072483547458
171.2398041477359
171.5469416957502
171.5061191791486
171.1325303298017
171.1049106743136
171.2837307955122
171.308475843375
171.6957598939427
171.1120457620601
171.5512849453591
171.2099741261661
171.1748186391197
171.4323386860806
171.5683424492305
171.0598805067582
171.3665583045332
171.4273854174385
171.2114627646419
171.4437920224157
171.8925754841025
171.1787332556706
171.2921331238717
172.058010526202
171.2432108186748
171.3986509790263
171.1835888587256
171.3032869455154
171.6337407004483
171.4526833298434
171.5867296889884
171.9180260086189
171.2093471348295
171.8392154166436
171.3774637370579
171.3677782464328
171.3006226346764
171.1347353274519
171.1349635796985
172.2102382255736
171.220301169744
172.1287890599769
171.3424172748037
171.3935110820243
171.3076580203571
172.0485604362289
171.1411658656156
171.6411028986388
171.6522223008159
172.3761969768311
171.1533374008145
171.8552522958371
171.2734107725416
171.2021955575311
171.3910607712552
171.5286732529188
171.5916253831081
171.1119795316384
171.1246159306902
171.2838199885049
171.1394787190269
171.2038168802572
171.6620225168796
171.2492557700046
171.4515076020359
171.2114499668988
171.3810137139989
172.8454865044242
171.3732177400324
171.2172359645817
171.5378669016615
172.4364739713088
171.25857629549
171.5070138000749
171.7525325043997
171.0840241606334
171.590228224729
171.2606585059138
171.5037044059101
171.5077842736572
171.1054436850372
171.4201608040219
171.5037219984969
171.3136658151295
171.1347685413699
171.355335543688
171.6368797758549
171.3168594402738
171.7988330378372
171.3943704229969
171.4027569509786
171.3913944585053
171.0989316360591
171.2484822499414
171.2983409771807
171.3236463915099
171.1576601465697
171.3515754066144
171.3785146521994
171.1950665907227
171.4967770101044
171.1293500356707
171.1286789521373
171.45872447575
171.9047141139952
171.2315232605457
172.6861961535553
171.40144246156
171.3144018246003
171.445246790092
172.2812096650042
171.2411743677863
171.2866938592962
171.0926473400514
171.450701318711
171.4474500030311
172.1964414018589
171.6543640238325
171.2968394936456
171.1444512907387
171.4377903994262
171.606359333477
171.2507592592357
171.4023756401538
171.1611902591459
171.0995550234193
171.3177192594613
172.065195535698
171.2062518557511
171.5113143256351
171.4217236572246
172.911347148418
171.4105447130388
171.1019291996123
171.4379422314949
171.6050962249543
171.2360146406844
171.1471390991544
171.3348519584678
172.4610853754945
171.8337737073285
171.7891370178045
171.3308652184249
172.2592672272179
171.3988581508191
171.1381320767362
171.4354594397219
172.2089940714768
171.6701507765728
171.2486263270867
171.6771011688874
171.1003223270249
171.825552536584
172.5775858543782
171.9775831655073
171.2572208847287
172.2927571443401
171.4778455537473
171.9777158180763
171.2993145033426
171.3511798405179
171.6482053901963
171.4862204781619
171.4120767846202
171.47760211679
171.5010821881292
171.4002706890347
171.3395910767713
171.1435769524887
171.4851737399749
171.1324918005114
171.3461696093866
171.9279646496417
171.1261433361662
171.7912052493048
171.5609601759328
172.0881986948048
172.0058806665654
171.901103057472
171.3445984147702
171.7644162086495
171.4352471948729
171.1893768322417
171.2716206509739
171.1054653417927
171.314097497404
171.0305533628106
171.7332791600025
171.2835648649891
171.1495539329889
171.1377966178207
171.5910264126096
171.1939964670412
171.1704095334771
171.3668566663266
171.0676181800991
171.2377179607133
171.2171394098503
171.6785941378006
172.1861268518859
171.6405922248061
171.4543698657742
171.3107129774382
171.5557293617843
171.4364288488173
171.2880689089439
171.3484391846513
171.3762850192639
171.1566580009391
171.1678880510035
171.1583961577622
171.5965039572015
171.173589123156
171.0271955117602
171.2836014377278
171.5882486592106
171.5527194984012
171.3211615422583
171.8630716388794
171.0698687349965
171.2598728365977
172.4833235577799
171.2159645671975
172.2550825330777
171.4157377609223
171.0541301765143
171.1102737738196
171.3683465373952
171.5881264196485
171.7086670781918
171.3557963727508
172.5784235003484
171.7332174124934
171.2644161432765
171.510177886554
171.4792423881477
171.8060610385026
172.1491814469464
171.5280215203146
171.1382516001463
172.6449345093697
171.8572759580215
172.7682208534858
171.5089988908344
171.057774215331
171.2712260015911
171.7727601826772
171.1983178688799
171.1904424276795
171.1992275815222
171.2086633936036
171.5052970552466
171.1180253568802
171.3012794624256
172.240774252486
171.3028188410262
171.9366037536538
171.1254726725423
171.1704369104162
171.5696026332299
171.3588984540184
171.5056988194831
171.4718741154005
171.6398452824981
172.353938482359
171.2227573374768
171.0804197094842
171.5304864281689
171.2269110915169
171.2436676353943
171.3213606650504
171.9317278138356
171.2631368807506
171.7166943275242
171.300445909403
171.345360819411
171.1905325952498
171.2195621117845
172.2533977931953
171.1588554902009
171.5784653697065
171.6633636552988
172.2066141546231
171.6901563310101
171.6957173121214
171.3900908483756
172.7202739322183
171.2346741971084
171.7445957474995
171.8607131365146
172.5611632932637
171.2071457565367
171.7334374564741
172.076148852267
171.0884808623339
171.3940039670882
171.092718920199
171.4369931668488
171.4581200062686
171.4670393795657
171.2495569531678
171.1552792881125
171.3491584421718
171.2356072316921
171.0323980156162
172.2545727622547
171.7632829931298
171.019426344085
171.4469520806252
171.5512122673474
171.0297922535486
172.0369528873697
171.6118268933241
171.205143347798
171.3391279427271
171.3120678110369
171.2327341239853
171.8219543658779
171.7154710119049
171.1350291870793
171.2070121724661
171.3950311401225
171.0544826564597
171.2197549660666
171.2307189592281
171.2098374643352
171.5256628367555
171.1636051953597
171.2797046921074
171.2424131170177
171.4572061502703
171.0858718143354
171.4076693995759
171.5292020458136
171.3019019832721
171.4200116093141
171.0634831491367
171.2216010293114
171.919426377627
172.2549471664825
171.2143470184983
171.4807792537623
171.532343125773
171.0755654260039
171.390181393341
171.4537221681042
171.168924493126
171.1741111798627
171.5020904695762
171.5795674975432
171.7602006526213
171.3590278283954
171.4122127324854
171.6158784798403
171.9260198589796
172.6253719087743
171.260904199628
171.1692531605515
171.5890358482878
172.0762280456022
171.2302900397828
171.3008402914539
171.4317963846755
171.2567806463048
171.117523687626
171.4407181358388
171.084924136191
171.0242908422351
172.1371934900538
171.6484880109351
172.1079546557108
171.3683817395998
171.5911465607846
171.5813032686157
171.3230799316404
171.6662453128449
171.1852955383896
171.4648734591557
171.0555143604243
171.733696195485
171.5208827833795
172.6833970230147
171.2638616987741
171.9379336755181
171.9616318656921
171.3955100075351
171.4449994718283
171.4937725782061
171.5872430760161
171.4073705007394
171.1618624456596
172.0663342789276
171.3314551596764
172.6742962485988
171.1018131635483
171.8618094306567
172.1305054217376
171.1571740396411
171.5539470182139
171.4614195539166
171.2987806399269
171.1802230643977
171.1485986767132
171.193903023814
171.4153642099422
171.5573553329733
171.0923069882015
171.1261906658686
171.5931224395323
171.5559614388155
171.3382831431402
171.9189317869801
172.3444273897917
171.1861670137184
171.0313506642856
171.239484218358
171.3204805973364
171.2946257780345
171.7092183313489
171.100362399659
171.4511759659096
171.1984806152066
172.4595089021652
171.3766639783088
171.5005303296962
171.6561482384049
171.2910436342075
171.0641124002891
171.272465738892
171.1847949417752
171.4054996552006
171.2633969204214
171.117284522115
172.3961356419154
171.2174154603004
171.3217112177823
171.3588941571299
171.4143014472967
171.6502236285233
171.1383584977549
171.4076765808998
171.5536642181157
171.1307465730585
171.221575323232
171.3716842109069
171.3758086492035
171.5511902843245
171.5282897245693
171.2179602005866
172.7944842070061
171.0952688882747
171.0756786852133
172.451302945448
171.2915210095935
171.5253176425674
171.461473667064
172.0921536524765
171.2011052533828
172.4863916687495
171.3026154573064
171.0423844082182
171.142920495922
171.7213348788376
171.382455135059
171.2083778353429
172.3602903494265
171.7436344813605
171.3741183883328
171.4885615174258
172.0175414121969
171.0610554803611
171.9222809827141
171.2379667436143
171.5293016625357
171.2353279457921
171.6439067699673
171.5285030450607
171.249907620686
171.4002543347529
171.2441286039325
171.4288941320366
171.0815721073517
171.1714591834867
171.1721018761653
171.1268788116411
171.3525737283063
171.5152595579784
171.1737161002088
171.5729795302213
171.3524041241965
171.6558805820126
171.2251890403736
171.6408663773883
172.7180846545684
171.8686362007092
172.8249526308564
171.2103099722588
171.7791600765315
171.2031955647143
171.8382778683665
171.8223239471914
171.2084325791334
171.2820472741947
171.6492368996958
171.1093047345598
171.6742955598066
171.081609641989
171.8226366091106
171.7278477849796
171.9179141872536
171.0239901053678
171.3550163005676
171.9102769173808
171.3142687287452
171.2116810543105
171.3235498883495
171.2671749403681
171.0690688621732
171.566862844256
171.2090846438301
171.2651231496459
171.7348389838273
171.8979122498362
172.3187749972717
171.1352118990594
171.901489105301
171.3080525533961
171.0883684110022
171.8683511198282
171.553273513047
171.3641518561281
171.6213209185318
171.6978347984945
171.4834690684631
172.2899509009845
171.461787264578
171.1468761099111
171.487591439244
171.1942646328286
171.8417628748476
171.1333554795723
171.6484977531226
171.1547177304494
171.0906414432261
171.6676073149718
171.3279648868811
171.4766322267718
171.2460780228662
172.1361603243435
171.0842529247214
171.5327697495663
171.4973344555336
171.2949115137645
171.3248871343312
171.2867602554194
171.5148537074498
171.9476299448913
171.7215828181503
171.1550627507747
171.9855195727712
171.9300559517325
171.3858097688009
171.3150974441867
172.171980832623
171.6703396293458
171.3068096418007
171.2121669140505
171.0605052280776
172.07585106781
172.1211389851795
171.7089865646965
171.103207339642
171.2075568680714
171.2106794998756
172.4757771090869
171.2171073462342
171.2530321743585
171.3362907530212
172.2339533534702
171.7062502222143
171.3783354808185
171.3957611217822
171.3360727000941
171.3307246950587
171.5613756827063
171.674538229372
171.3281447795146
171.1070735819334
171.7236364788455
172.0923250799508
171.3010167039177
171.0573976224592
171.0827209687596
171.4432110269762
171.3612242372879
171.227623007457
171.3504106723455
171.4459487891804
171.3271367755247
171.8303843087333
171.5732875817947
172.6493234047755
172.4052430262138
171.749765826013
171.2066356012503
171.2137510061353
171.9125624583997
171.8288567717316
171.3616324491839
171.3327756191239
171.1563440074104
171.2322279715615
171.3731620048298
171.3693785521152
171.5037212462971
171.1460027799664
171.8789675931467
172.1440685679562
171.2492764485134
171.1380717583893
171.3392444186715
171.6546722316806
171.5668239496883
171.4961173672374
171.1062752996233
171.924241589575
171.2153783969939
171.2806982022306
171.6166107606126
171.3714107612963
171.2780660394183
171.2723355747841
171.1553594106931
171.1818158488578
171.4030008404796
171.3084493085593
171.5919105666622
171.2273954584676
171.1754401401058
171.1577032899693
171.4101074903492
171.5170520660944
171.0931917387829
172.0298886866934
171.3736571061232
171.5667515116955
171.5933209630291
171.426946176537
171.4989268617513
171.5511705400166
171.4289804951516
171.7697404519892
171.1880942494801
171.8930361832506
171.076062812759
171.3496595464181
171.3062168871376
171.4439896600272
171.6247917055159
171.2999602794632
171.3885327504379
171.0987463220776
171.981393500427
171.3905832177894
171.3409601843465
171.2855777362648
171.6817322806967
171.0390249247299
171.4475520948505
171.2546576864432
171.2494054278379
171.1715123942804
172.765174083784
171.2381073500977
171.14071388795
171.3806244204953
171.6917433034202
171.1453542864091
171.566651172205
171.2829831467557
171.5444916896239
171.5752839239935
171.102660835909
171.266578588208
171.4311879239955
171.9714509827384
172.6017178359659
171.1890257992177
171.1713886585576
171.2631290564813
171.4263845915313
171.4299835977829
171.4287430892933
171.5554675476448
171.1669824439984
171.3968465500583
171.1327285209462
171.0351883532515
171.2008048911711
171.4402042128924
171.7869218873668
171.2373034784384
171.2102017028482
171.2262448779292
171.1801792393711
171.484820280222
171.1695580045946
171.1210378165629
171.2968700526783
171.2526780021632
171.3999513262015
171.64596077434
171.183346373473
171.3666319724233
171.621615392653
171.572150417489
171.481904738448
172.0173385073147
171.3184013980118
171.3117261281023
171.3057455546272
171.3053972366453
171.5468881293149
171.8912995407377
171.5095499891563
171.5297808406283
171.2909484119069
171.3216342213583
171.5359005181805
171.317242691991
171.2765205889342
171.3791448911215
171.1118221221874
171.2722688539663
171.5368879541172
171.2245776817578
171.1432880715233
171.2441926065458
171.4967532469869
171.0463603747494
171.1523474732384
171.6952353341514
172.4462947399428
171.2170064828297
171.8080502920418
171.4027381012017
171.1643987260606
171.4681036509743
171.4500349816679
171.1360059505367
171.1123256085837
171.2158287896349
171.3039482539499
171.3380700783544
171.2216188250643
171.3596835035214
171.4008728372363
172.0635973348956
171.2242396132218
171.7880046566736
171.3393371394023
171.2576339049233
171.4391777051513
171.5524613018913
171.1479998419056
171.1062169208172
171.2689590398577
171.5888997616944
171.0507341458311
171.2311823121459
171.1703109811762
171.0478762574913
171.1456863032029
171.1320345822307
171.0599142891318
171.0375041140426
171.4368408736355
171.4597887669839
171.3435948669174
171.7190974419034
172.0918485288301
171.2701358065285
171.4821570454106
172.1493599918265
171.4971192511396
171.7645402559517
171.1910899320603
171.5306489787081
171.1953300141693
172.2473289466466
171.0540093121747
172.1017241693512
171.113251528247
171.3519135658375
171.3916997331364
172.1764542728665
171.4051312813034
171.065639170484
171.7119392619167
171.3465980143017
171.3100206039582
172.6404281427814
171.2842693464223
171.2539787936072
171.2680836712382
171.4613775718733
171.0627363723732
171.2204647547383
171.9423216752911
171.7137905247611
171.2931977600881
171.4262015199556
171.1754413407856
172.1323226585274
171.7813984582818
171.4658940661279
171.8266162921913
171.3980445673781
171.2042133558294
171.6049112924333
171.6315301441881
171.5728695751158
171.2813892692702
171.3891732071954
171.595976113812
171.5044601002296
171.0530290136093
171.2222564567348
171.656861290121
171.4208428662276
172.6509134282304
171.3880868686387
171.7844422648699
171.1878889675801
171.2536680985837
171.5482791993724
171.3831745591839
171.6846901125157
172.5014090444549
171.1978654702183
171.4076366153517
171.276743137622
171.4868016957471
172.162992723638
171.8050076961271
171.027140216226
171.2773048866701
171.0557415476705
171.5445027395837
171.2193527005748
171.5325147880066
171.2303796133865
171.8363118011937
171.9331869186129
171.7817755260194
172.4145437303687
171.3304084175925
171.7010568647549
171.1011828558007
171.1277062030697
172.3361907470275
171.1092090233561
171.0841630767283
171.2796534893981
171.1951429069074
171.3710252277845
171.711834739404
171.4646579422139
171.2670502659239
171.5291839658572
171.1845258799705
171.9063808033171
171.2749587191941
171.1645265208213
171.701691556652
171.0710961367151
171.3042856360264
171.7302439090982
171.5551928290903
171.4990576784891
171.1413629885417
171.2437461670562
171.2746818658377
171.909126952508
172.1494055871713
171.7399131019108
172.1860983299422
171.3003828832515
171.4155650706816
172.1600469084429
171.3054006575607
171.4915511242206
171.47815839862
171.4408462465535
171.3891987462114
171.8923155116572
171.1887349889851
171.6769128727223
171.3323137208775
171.4891063733256
171.8902438056402
171.7592308019798
171.4740345726359
172.1628272945912
171.1827324971986
171.263373305671
171.2377943412698
171.0482652987465
172.0688100011731
171.1001168003326
171.7984818990975
171.5809739870379
171.7485186234165
171.2745970816373
172.3287729636978
171.362664999656
171.7187603417737
171.1496342243015
171.1479127634259
171.1677728328061
171.3033864394956
171.6441898316
171.1202237565663
171.9868597589901
171.1000157239118
171.4489117624738
171.7615194259512
171.3666275298517
172.4126427068905
171.8796171140096
172.2267919259552
171.3980610917289
171.6269732964663
171.6748252118496
171.1616010615639
171.6973566513051
171.4236543022195
171.5702435393138
171.8362570297321
171.3906604697682
171.6782060876695
171.1494783185649
172.010053771464
171.8646133023979
171.5518657903798
171.4214336233574
171.6588047737654
171.2758839118302
171.6251324505726
171.0452192016724
171.0257631699586
171.4142252912444
171.5819397128684
171.2639562208347
171.2036693541195
171.5066252773384
171.9304525211286
171.3182356787928
171.4046742694707
171.1175405014248
171.3251041484902
172.3275734312525
171.1736176602536
171.1876039024592
171.8248576536452
171.1441960801251
171.186528410778
171.2437086699488
171.2505744907407
171.5925647383439
171.207546414867
171.3068981419244
171.4426251792234
171.4909095820169
171.3185629439931
171.6035061430356
171.1932048747128
171.6684636267326
171.4246528512843
171.6094764006112
171.4148968060678
171.5914098712768
171.3764268804868
172.4034286985128
171.1185660893147
171.322704500305
171.375273566309
171.4311877150165
171.7956991728616
171.7188039706863
171.5933577486632
172.2602193102726
171.3273070788461
171.1384205267541
171.221430104071
171.7732521562826
171.5037853016026
171.4342765140064
171.3591803448317
171.5989954646377
171.5591867083429
171.6030324442928
171.2055149279873
172.1554841751447
172.972308523023
171.1846350481477
171.2023968205814
171.5889157587567
171.9222244552188
171.2507979906394
171.7263740436581
171.1458697962164
171.5987182802388
172.8779313613883
171.1221828997045
171.1219357618881
171.6509836098683
171.2988360081114
171.2897874585545
171.1724495646021
171.251042055953
171.2755406964309
172.447419849106
171.7130644508196
171.3110000104099
171.6291808668308
171.5052183378444
171.3356005630371
171.3664067584907
171.4686969488292
171.1248251122206
171.0532592449967
171.2812096720646
171.5362634544012
171.9990222580218
171.213305713103
171.6463367180118
171.3893427357146
171.2016987241921
171.9241110903488
172.1285016039602
172.4665906083762
171.5462655322804
171.3335148884184
171.625115143732
171.7006408052588
171.0934731324706
171.2237385552079
171.2986569515986
171.0318375396652
171.8923279059721
171.5601456737494
171.8916633043982
171.04872430985
172.337671841101
171.3466317392521
171.6016002739323
171.1223685754697
171.2228379519092
172.0645400601728
171.126800727646
171.1158817901421
171.0523661476809
171.1704181951238
171.3361973841448
171.3098372410556
171.6099699362135
171.4815075809217
172.3856118454017
171.2075861262078
171.2367608610005
171.323288299224
172.0728991759256
171.2579648439614
171.2888650689298
171.7512455963484
171.1247656112551
171.5182512337183
171.4592654774081
171.2804623508733
171.4749245292969
171.0532439408595
171.5135210104555
171.0459544943088
171.2501740020401
171.1331426691598
171.6629802656714
171.2919828706373
171.6948522549431
171.3259526756195
171.2690825683121
171.6347334569091
171.4243798378056
171.6887626154612
171.1412709487216
171.4503129232576
171.2614722908895
172.5880139029113
171.1483779372684
171.3822952504143
171.339612470044
171.1866061921534
171.3509981891265
171.5065273205243
171.8798170065526
172.1994333120004
171.3478376671934
171.7932530411491
171.115053802075
171.5194044764754
171.3814420750257
171.6102444773205
171.4378518356272
171.2481234574623
171.1179726227522
171.1291319083206
171.2577288063938
171.1582100931029
171.4072999220782
171.3777649733366
171.5203726632734
171.3264707857254
171.1111281471038
171.1894534497771
172.2383242517313
171.7522485700625
171.6053488932366
171.2268490394538
172.419970565692
171.5352837542661
172.2980921149389
171.162743217385
171.1154327135577
171.1493264348019
171.3869041424072
171.6097516203871
171.4256407941294
171.2257835154596
171.505215945217
171.0778032671573
171.5290696062392
171.555684016127
171.0287099202907
171.7213959257411
171.4178264515296
171.0256862377475
171.0275595830121
171.7545973948153
171.6016243016237
171.502353727492
171.4330535961545
171.2069267945662
171.2409345384055
171.2401655743094
171.7489307149509
171.3975415670236
171.2299409033175
171.7135641399327
171.8186936521446
171.1927545527673
172.4181763883657
171.8932008454914
171.6614607234427
171.7668925146659
172.4035380729999
171.1633421101309
171.5200013017951
171.2804205913619
171.5313819712389
171.2389917012466
171.4523591246897
171.2547518228967
171.4394293672067
171.228674095414
172.4962246468588
171.3604351578436
171.1463511732755
171.0562015438861
171.2137767620559
171.1790898585151
171.1326350430927
171.1396475874502
171.7330777140783
171.3056527110695
171.4148582434459
171.285687997534
171.4264406210279
171.3571746275107
171.9290050554297
171.39116057199
171.6282670253627
171.6599192055903
171.4247242475696
171.0505153268758
171.2456978748316
171.920158869575
171.1330607975514
171.4715323470244
171.420300081344
171.0714065874432
171.2091953775161
171.3558153908445
171.4047504444079
171.2533424234525
171.1536012510166
171.2587355934112
171.8990769933391
171.4860269306832
171.3081380382533
171.5764585667088
171.3935146499967
171.3227981729533
173.4928561251732
171.2173338337429
171.1062460554818
171.1317627793852
171.8646321433818
171.275612744057
171.177839296558
171.1243330824497
172.3297777216074
172.2618784440084
171.3187103365127
171.0747659248339
171.494535141244
171.4229886884024
171.2148898912331
171.3781057056515
171.6302148660105
171.6667350390567
173.06406204558
171.9698517556534
171.1618767429108
171.9261373198706
171.4023812980424
171.3854230687953
171.3155843466993
171.6319877217882
171.4990391309014
172.0467849839129
171.0312088502497
171.56009121005
171.5953867650335
171.3637839742343
171.1483778948977
172.0391062743396
171.9995476400471
171.5585747881761
171.1833179351009
171.2206497711366
171.872723282789
171.3738902189625
171.2623385872877
171.5203726456524
171.4083389098576
171.2626920215867
171.1429456742381
171.5553419925287
171.1622920810714
171.6787202209563
171.138796689784
171.3108905190552
171.3396848296293
171.3550968093915
171.6704612501642
171.6254473217623
172.1744381892825
171.4820085960409
171.1228108141245
171.1741735324761
171.0351146385333
171.0383664612694
171.3476320460022
171.306669539179
171.7723454704559
171.3475552124409
171.1391793000407
171.6558631817407
172.0205110007628
171.5321507411481
171.2060513441287
171.0680019311134
171.7656618549827
171.3415217561476
171.4366507436702
171.3564032957478
171.2910749332303
172.0792054492534
171.2377679868791
171.1811052924969
171.1784153234278
171.4175473478147
171.0870196171154
171.2372565023277
171.7811887642622
171.1918749527258
171.3271471055263
171.0284514795491
171.6363526238652
171.3432931725476
171.1373864967692
171.2561173249147
171.4187719726183
171.159001509085
172.2168589935885
171.2477866140152
172.1310574628167
171.1520451620689
171.3525937724557
171.0566727891376
171.466921145041
171.3429815709365
171.2274478431436
171.5698084395273
171.1827297067994
171.7590343158033
172.8766236419748
171.8152645757108
171.0370534708739
171.2160753860605
171.7852549223645
171.8880261086021
171.5026177570629
171.2537214386008
171.4843354191283
171.2971364773226
171.4120478890598
171.3893007747699
171.9520871042533
171.8301088123276
171.1036724223429
171.0927060281657
171.0384718376577
171.3927203165564
171.8075354773064
171.874509614835
171.7878256844488
171.1801151853488
171.3293489352749
171.5103510737302
171.6977369110804
171.1422819513272
171.4039019195735
171.4891532541389
171.4579188610564
171.883102977068
171.5330026170814
171.0855752479546
171.914300572862
171.2225564517098
171.6764003671638
171.8562251820863
171.0659506157629
171.3498426609673
171.7256725293427
172.6523929408598
171.722400467146
171.7588503837806
171.9930167419358
171.1964703191111
171.4194242875977
171.7019498676412
171.9791651383572
171.7693555782371
171.5259068701758
171.5158938844348
171.5134141138081
171.1581789053713
172.2655225930041
171.7361572030673
171.602251280271
171.814101126978
171.9003318028932
171.7549621186972
172.1458647788711
172.2264696558761
171.9682135815395
171.1547451459109
171.2852889492363
171.834143024738
171.6896011947513
171.4639252333749
172.3984797272522
172.0755169510374
171.1530909435586
171.4890695015633
171.9331470060053
171.6251362718583
172.5915384413226
171.3983498485887
171.3819148456186
171.5247457947364
171.3797652340907
171.6810136092532
171.5894731007178
171.1171763341456
171.2049422520047
171.4248934080598
171.1719911185632
172.1280881193305
171.614667424209
171.9160809701363
171.8435998904986
171.968617565039
171.559244159217
171.1205730929752
171.2439837462048
171.32767368737
171.1252604515566
171.2769780044277
172.0503462428445
171.757813169434
171.5514715656622
171.2520903310749
171.7240120608357
171.1382010582509
171.0946842053991
171.4877898701315
171.0872069772685
171.1399969106415
171.2305696676906
171.3833633707775
171.7126504219615
171.3613576300304
171.6095134355808
171.1257735651327
174.7764038722112
171.7824718699636
171.315655021352
171.4114419678437
171.2601150524632
171.2998127524607
171.7416405918477
171.7648590229095
171.4814516748679
171.3820196777946
171.9664291110028
171.4764452518849
171.3187951207921
171.0596088342242
171.5309730739599
171.2630152191516
171.5401222826409
171.2089635437792
171.1362145492132
171.831737276086
171.1410287663741
171.423023197533
172.7717643611433
171.4566766029657
171.4144509627758
171.6029200864354
171.2992738589706
171.5914312290499
171.5667771335894
172.3104710299072
171.2504399840219
171.2320539795982
171.3902132256071
171.7149834691762
171.4102345154494
171.3680989994321
171.9061063222796
171.7091651095012
171.3986763113165
171.9938828956951
171.3215455735257
171.2695926780075
171.2165315706053
171.4991083433234
171.3738786083406
172.0339724413352
171.1282297212515
171.1424049084156
171.8870830785094
171.7272627209529
171.1641826125938
171.5474084947712
171.3571056927782
171.1482325307529
171.7166390492874
171.4149144487731
171.5243874068368
171.4725395856368
171.2838206892635
172.6996061176444
171.1340968828025
171.1672070638719
171.3134129482013
171.3456017088922
171.532539671693
171.2102956698915
171.3631770978581
172.1494162789208
171.1723861375475
171.5255829870318
171.4578984326608
171.4365576325063
171.6898621778294
171.3367642778702
171.1843595075645
171.0382760555202
171.074305872334
171.1060227950846
171.1501484567453
171.6418143994755
171.8894851611096
171.8547212246552
171.7839675298705
171.0995431685144
171.3735513656839
171.2419486236655
171.2093888765142
171.420858385787
171.573858449433
171.9392134283254
171.2237314299518
171.7039326750954
171.5335624571287
171.649674851174
171.1220906306492
171.4983781144417
171.3705888573422
171.0875899434094
171.3655926733526
171.0442105188572
171.2149469225975
171.0622079005168
171.5131283721338
171.2687996733997
171.5973539148663
171.5108780961677
171.7974878363637
171.7237026786431
171.8539945125498
171.3191170208506
172.1998544156959
171.2876782631619
171.3287808919452
171.392433408124
171.3481133851747
171.1957646960883
171.2811145624689
172.0750061078179
171.2227643858763
171.3276304819441
171.5632414377546
171.0749906006336
171.5708068925167
171.2701007383833
171.1042090878244
171.4954834857566
171.2511662281338
172.2404288090969
171.0512859311971
171.3126759314649
172.1845384249756
172.163765176864
172.4108813637054
171.5604093570318
171.9551787563041
171.2284417002809
171.0206058929237
171.4778013086702
171.7440138732559
171.8576290434504
171.288664107278
171.2728356631912
171.2955009058775
171.3012238725368
171.189762457099
171.6325517654057
171.2361243573398
171.8902104950366
171.1029404575082
171.4643509804409
171.2863263091031
171.3272406438495
171.6731395793714
171.5428216293106
171.5456472822294
171.6893537668331
171.1105598049706
172.6201309560651
171.4129179279331
171.0719683995985
171.2774675453244
171.2984458672339
172.3716782744336
171.5497032853092
171.9631950370741
171.3251601366407
171.7689757545232
171.3363064146995
171.1232635529292
171.4351643297126
171.6772209828126
171.4759480774442
171.3058961526553
171.2526616951191
171.1700547026721
171.458202993108
171.0902400613702
171.4078587631305
171.6125567464161
171.1788880356094
171.2250009209428
171.0913365925517
171.6859654699917
171.150425068058
171.5486585659052
171.1742115551802
171.192412500856
171.5387556043817
171.9650522763582
171.6759334530227
