307.5199462809509
307.2616553845756
307.5465284912448
307.0277351389101
307.4617226045712
307.1054958391181
307.3282421664165
307.1681086918446
307.292349328766
307.0753583223332
307.3759238898496
307.2256445467686
308.1369370147387
307.2245895480438
307.1793474595965
307.2040584708328
307.4817930296492
307.2120793569686
307.2962063995431
307.0622940645416
307.3771283645818
307.0555461801513
307.0053214341073
307.1210435848059
307.0556625684844
307.0912843801351
307.605212856966
307.1886029687254
307.0136840272459
307.9250863719403
307.0718002409147
307.0820780770576
307.0356443145238
307.6274410957312
307.7993351421438
307.8315490464661
307.2089686067201
307.2103051801374
307.2288222372948
307.0759993217462
307.0242425205936
307.2849069290146
307.2336750539615
307.0118040492698
307.1672622026358
307.0160967479525
307.1013931591716
307.0138193415523
307.1270830025379
307.3052448301322
307.4539078200979
307.4463879875209
307.5506198200345
307.1219295976919
307.6809209354982
307.1574343985208
307.3700991856081
307.1432505473856
307.3733201809607
307.1894625747701
307.0782168183124
307.0548962606295
307.7633916378959
307.0550192733033
307.0283674214162
307.458951122478
307.2577980526605
307.1850984567862
307.5501515339129
308.3960513122205
307.1855186411802
307.2609812632417
307.9136367297449
307.1553955671555
307.61903401929
307.4036418511781
307.460875317591
307.5319988054734
307.0774374855599
307.3034511591511
307.0054306924092
308.0994957837094
307.3551376296246
307.0225599174461
307.7278006506435
307.0503962653943
307.0157236474187
307.2970822960534
307.5377879459009
307.0537776195014
307.0575211530182
307.0963591164684
307.0144037304524
307.0233318104844
307.4077928852278
309.1017579004725
307.1940454728811
307.4881714898207
307.1761469637451
308.2373901643642
307.2461402199033
307.0493655932802
307.0141031974823
307.1961431497719
307.3313610651089
307.384974842295
307.2687852532705
307.6220378448803
307.2758279302151
307.3053332334561
307.1705850852706
307.272505546364
307.0536937516789
307.5438542277157
307.0063698146
307.9108408969716
307.101603426801
307.0629238262437
307.0840087699162
307.0071713549888
308.3665447740286
307.1307995503699
307.6981173768783
307.111860418469
307.3681404844106
307.2973538487781
307.0733396567984
307.1679016699655
307.7224732206062
307.0451062731983
307.7104796919659
307.5735751841415
307.0280097248666
307.1702328733698
307.2335387069056
307.4138404191222
307.1149788943746
307.5322294354751
307.4384235282152
307.0249212100784
307.4198526735875
307.9598902137239
309.0239112148287
307.1018412500548
307.1935367459843
307.2144600177279
307.3967436434438
307.1904046269597
307.2771862613831
307.8743947246463
307.0266040046304
307.0507562080061
307.0757335659063
307.1484733743742
307.6629654933921
307.4049347752004
307.0305323993473
307.3730128525169
307.1433885790586
307.5991261948205
307.1679365394324
307.7430797064546
307.2208690887777
307.6178230350455
307.3728492705925
307.102350081605
307.3780568148342
308.9182747465226
307.3712796997979
307.0702978042227
307.1910963375032
307.5016313822372
308.1599902167415
307.7443638771808
307.635557099419
307.4425615917486
307.547476219634
307.066061468126
307.692662108468
307.3040886205508
307.1374187088039
307.2882453491546
307.3600298143677
307.2990298131909
307.2961976959281
307.0146599341521
307.1550530929212
307.6093609741279
307.0108940395982
307.4842365395659
307.4366761065221
307.2911333914766
307.5890489754735
307.3323833600148
307.1670602504112
307.063364224016
307.2543674389838
307.4910972226054
307.1454573958731
308.5663851510138
307.6302249376261
307.036507528082
307.0280911083936
307.7805018568805
307.2830111253064
307.1199694913634
307.002030716694
307.0777572351277
307.2352203275183
307.0710193324927
307.0466330796979
307.0662316361399
307.0539493723725
307.2525634496988
307.0485417110288
307.2149692895957
307.4109321093556
307.0319012217646
308.7553112080848
307.3374182850498
307.1194109244126
307.0745391036602
307.0050897996857
308.153505403222
307.3278129886355
307.0140873308929
307.1681173498248
307.0967035129447
307.6708236988043
307.0175401810166
307.3824801268704
307.0167725360259
307.6325614685358
307.2889039691476
307.7504627193379
307.2600651912384
307.0029136529079
307.0176079793465
307.3846539637461
307.0100684597402
307.3100082863907
307.1198283464385
307.2118757412229
307.0572573052299
307.1098039244953
307.6534132267765
307.1003926504112
307.4172595128526
307.3671774184685
307.0058133677942
307.0052127830045
307.0590590388215
307.0491878368759
307.2692827683812
307.3824136121942
307.2016324185356
307.6999572618099
307.1132726007824
307.0097303757435
307.0143693437555
307.1723765957239
307.1483311565592
307.1361102609462
307.4075409443481
307.2866060502333
307.2318708615994
307.0066706561177
307.0420292650414
307.4056975696716
307.4582601421891
307.3558215073008
307.4402648369265
307.602858829266
307.3195757555017
307.6829743868902
308.0328252212624
307.2624207408554
307.2446638773283
307.1809166276404
307.0627019923121
307.3485168164858
307.3303397096182
307.1307902253855
307.2297867495885
307.4309677740724
307.7913722984874
307.0366561077886
307.0453415172804
308.213175285563
307.047804688438
307.0157105050123
307.4283733290621
307.5283815371686
307.006369909347
307.0094182685478
307.3435816111787
307.2886355526648
307.1030325447499
307.2663074678274
307.160560430616
307.0584850113015
307.6694915446106
307.0375707305001
307.2824744074831
307.0341567259809
307.5593986100774
307.3806942566947
308.3042182605018
307.3048509640382
307.3337624599606
307.4915749565284
307.3578268155806
307.4225904442881
307.0335994350489
307.1072562079986
307.7063478677171
307.2488293070782
307.0140340996389
307.0584307870554
307.2223192716124
307.0864363405727
308.2051909998443
307.4338020838365
307.1894156842683
307.2296240142282
308.0398196898723
307.3218633335596
307.4119430497285
307.2993219529257
307.4480549874031
307.3847059067411
307.7282693795441
307.0103103540017
307.0857452614805
307.0952723465704
307.378240236803
307.0931824745657
307.3454317548378
307.6910914486532
307.0181566662621
307.0750874827724
307.4526289325473
307.4122472526072
307.0650899125362
307.1013617186115
307.5244810458662
307.0087565214264
307.3370774294222
307.4035371442926
307.318961298749
307.7211133365313
307.3200476488819
307.1392697483322
307.0312510751809
307.6161670320378
307.713976055139
307.7332314373917
308.3813345514841
307.0334133210283
307.4602920268559
307.2037560618039
307.1511820423704
307.5381012708291
307.6544765987895
307.0982480083553
307.5915005001726
307.6935676177259
307.1805724908815
307.2064443804338
307.2218041821809
308.7199861091837
307.6029621394677
307.1228311125805
307.0629023503427
307.0941671274429
307.0690605832498
307.1536085514024
307.1191672016909
307.0345734155813
307.7020433578513
307.1610373325698
307.5164136301927
308.2506146010143
307.2239720631239
307.0182990099538
307.6996349059345
307.1006356495419
307.6595422207923
307.2824210419834
307.2043668149906
307.1447859867355
307.316690554845
307.6028606445403
307.1095452627583
307.3213609287016
307.0373712900296
307.1190012340482
308.2839478044889
307.0121516128453
307.0984320181138
307.0493062582429
307.013850967739
307.0892384100798
307.2560525435736
307.7203090086597
307.0735034264027
307.2033047675708
307.0695181621301
307.2868572186362
307.2975881259375
307.0150414565148
307.2128027820289
307.0512896048808
307.367206718773
307.5833672647553
307.4908294764066
307.9193106269483
307.0826117200599
307.0828567369984
307.456224723717
307.1594791462254
307.3462931990051
307.2326606896797
307.295244466294
307.0910973100062
307.0437931562166
307.2042220411674
307.3171601213329
307.3862781989018
307.8849853475743
307.728063661793
307.1535428725415
307.6215141740307
307.1162200739261
307.047702583097
307.1183656206069
307.127985054609
307.0691292546354
307.6430019074787
307.6082544391143
307.0219118844141
307.646037912358
307.2766775320823
307.1894274775739
307.057525626676
307.0798486281246
307.0410224308789
307.0628529547409
307.0254048343967
307.1960716269982
307.0663104600189
307.9727855920796
307.2512970560488
307.0109838272476
307.5364801039981
307.1625464457406
307.0466330960552
307.2546087400716
307.0299364099938
307.0031125401001
307.4167753100011
307.204634973755
307.1943092961092
307.0848002577189
307.4853895988996
307.1404228269697
307.1891489158369
307.0314766772102
307.0521506785788
307.1179192570432
307.2371844602619
307.0438107545947
307.6609446061671
307.1319658946276
307.2647240104332
307.1412557380484
307.6810539372731
307.016036372642
307.0898414654856
307.3105512436642
307.1234493517537
307.1733711786246
307.3913113625981
308.0923995583748
307.0797852195876
307.0981462502099
307.3084286315279
307.0784479853192
307.2789860561773
307.609120027344
307.2411642655736
307.0294465275009
307.1285084648432
307.1944076735672
307.7675142527573
307.6048225192164
307.2955079743695
307.4554033326467
307.2037066423743
307.0181124290427
307.1018559775041
307.0471916872161
307.3892457636293
307.4667485261493
307.5642471020388
307.7972562360444
307.1015237665728
308.022997730243
307.0259128304899
307.1222126646923
307.2475133371495
307.3024639715405
307.0475894091331
307.1876433046691
307.0154584022002
307.2264592816296
307.7340286770216
307.0251763658632
307.0179185012576
308.215990172475
307.2683530363464
307.274738101417
307.1281190823219
307.0602347420109
307.7408039845012
307.1966810065105
307.2042968312589
307.1163816589893
307.0365656895625
307.072867785697
307.1042512326694
307.4384247227887
307.5288164309542
307.0789836462412
307.2878706179508
307.6404515407591
307.1389667839086
307.4374952223548
307.1317321107013
307.8955634120741
307.1267671997798
307.3360494291171
308.1220729539156
307.0855617322988
307.2260160143105
307.18738147727
307.2622263700853
307.4258237765555
307.9098161767775
307.1947543084271
307.23710624044
307.1780817611802
307.0938687871774
307.0876075107226
307.3084501615272
307.1149859637607
307.2716051288123
307.1356563594879
307.1390535522822
307.1436281424913
307.7141534774386
307.1804689508661
307.2982749398862
307.4669183038247
307.3418027927668
307.0760058621975
307.4626970697431
307.8940466307251
307.0594169790654
307.201594238785
307.2619889799861
307.1500062288613
307.042603549276
307.2448656881081
307.0253804347112
307.352160451821
307.123360182015
307.4013469694526
307.0710092558427
307.1938387813442
307.158251975105
307.0329137918741
307.0542112718029
307.4318639394576
307.055548512228
307.9761800193646
307.1795330018708
307.1166706305745
307.0423088868696
307.0631668753073
307.4815210656044
307.2391955877142
308.7057394692501
307.0844946016042
308.3544928521443
307.6463083153705
307.09710581055
307.6584582520107
307.0187719800194
307.6922223438539
308.1366725219078
307.0468640667362
307.0232146592047
307.0367600665588
307.1901945650185
307.1159786690101
307.9457630429901
307.2694492489893
307.1215610541329
307.1755974396752
307.8707091911593
307.2585422060733
307.0361607647033
307.0736713493803
307.6400192986174
307.0358095615485
307.4371351360309
307.2903171094849
307.1049021877693
307.7478697425614
307.2208113259111
308.0723774769609
307.595230845492
307.214851394678
307.0268756348929
307.3445459264207
307.0788216140306
307.2421697666296
307.2806607851321
307.1040306853968
307.0052550268497
307.8117122929815
307.1085847510633
307.3006396490801
307.2365367521077
307.0480636420095
307.6833585467364
307.7801324140842
308.4501953627354
307.2746623078323
307.1977273839242
307.1315539311441
307.1043976279798
307.1419435685638
307.2577193164458
307.6170650325483
307.2988414467358
307.3775538236677
307.2402243408487
307.0149121328463
307.7367864122013
307.0005079125478
307.0459342724002
307.1454748608672
307.0336814985315
307.0921896517492
308.1402813526254
307.0541171308332
307.5165624031853
307.4731217213762
307.2531488508848
307.2530453436821
307.267033751993
307.4621384287245
307.0429870436794
307.0079426399888
307.0463959547694
307.0113864393241
307.3308755736852
307.0978042626913
307.4308782988024
307.1371340143319
307.7839242424679
307.5504938651871
307.1295959010419
307.7400896482709
307.1514801994634
307.427343472497
307.004681652897
307.6675204847407
307.0712986327531
308.249935539406
307.8226679685629
307.4458547276845
307.6086166799515
307.1138054027541
307.3102566658292
307.1020983731353
307.6524654095487
307.0361743739422
307.5639127505013
307.2973348403518
307.1325093440901
307.1269696664179
307.0529643211177
307.4954188370181
307.0773242388468
307.1384435691961
307.2617250206397
307.4617346737356
308.2852557031633
307.4532675132561
307.3234442429248
307.0586304164965
309.0322634717425
307.1179042108997
307.3890414749009
307.4689464008525
307.3289395245522
307.1088508706126
307.1007029019102
307.0050396196986
307.0328369491679
307.7913236310014
307.3690433893249
307.1589160901657
307.2849558952866
307.7868186064886
307.2984518293072
307.631286905717
307.0294111719832
307.1070488281107
307.3124915903875
307.5585806459184
307.0372696150164
308.2631778278403
307.0896560874625
307.8467523195267
307.5759938899591
307.0327935004481
307.3448580919804
307.5947741664729
307.2607361605353
307.172489326962
307.003348280845
307.0967145559796
307.2098241323967
307.6142846323164
308.1184071174198
307.1185353535993
307.1025118861252
307.2964174254347
307.215139437558
307.0329832360371
307.1124746267799
308.044426010136
307.0531257057036
307.1772736250508
307.0266573720933
307.0383963392252
307.1412457986419
307.651638850684
307.5491734316058
307.2955577789204
307.1559596359157
307.0515731227699
307.4257100118418
308.0017436776372
307.0913434311203
307.1803903698591
307.1369153727878
307.3894613299247
307.1831123406363
307.6700708517367
307.2124464350511
307.270107018929
307.0040637030829
308.5911747464224
307.6427848823014
307.6386814083666
307.014201852879
307.7407249564785
307.0261049969328
307.1711261858739
307.1769803656794
307.0965446012797
307.3473422124119
307.2843438222112
307.1128336378453
307.181457220215
307.9054758385853
307.0408301761098
307.3217540193181
307.4683752849006
307.8719780147014
307.3369429926474
307.1289497115783
307.1935061630116
307.2867582089671
307.4901699226713
307.3688064382512
307.7234379570387
307.0193244340334
307.5908347208573
307.6740512401395
307.5659135894568
308.2523723440258
307.1728496603649
307.9885962099451
307.1313802086265
307.8232495837611
307.0417002319527
307.0273279381013
307.0386954341311
307.1376052800997
307.2130972499864
307.3490973417455
307.1238707094694
307.4774269288623
307.194339941016
307.1813197284357
307.5179744271966
307.2200689957599
307.2389433230255
307.0938804631356
307.3691845366528
307.947375503506
307.2833210342912
307.1178972750655
307.5163535964114
307.1047530631097
307.7310209347878
307.0330820779804
307.0420278609377
307.0665969220315
307.4730666222842
307.9982227233114
307.1585605891441
307.1621584073636
308.4678855122697
307.3914839742624
307.132390065156
307.1929864776604
307.5083774649188
307.1063366298656
307.1679208614379
307.0054092091198
307.8516635046469
307.2301107097036
307.4049216981919
308.0321101263984
307.6098974286723
307.7737260084921
307.0394175959182
307.6323552123381
307.5418540890849
307.2165617124127
308.3483834624473
307.28199325496
307.2581687425342
307.4540937022324
307.2048444529041
308.0315048092816
307.8321847714393
307.3133725485135
307.0245851701403
307.0398187057986
307.1701231077785
307.1855864914242
307.3199126181631
307.1748016650058
307.5073717810558
307.2279776755556
307.0240083878278
307.5853064309283
307.1737147012861
308.3527632231927
307.5779573950951
307.7920682486034
307.1603396243682
307.1802211329268
307.5047108732175
307.1250813387938
307.795127677971
307.0160588442589
307.2826004964809
307.0278904943365
307.011277764749
307.0348085690175
307.0550046335291
307.0902049418197
307.4928130209005
307.1800229164947
307.0276437376107
307.4659664551262
307.1608976836205
307.1223831050132
307.2460119026455
307.3913791073702
307.1286170756193
307.1805028876065
307.702017791711
308.906227044631
307.2014974491735
307.5104105638212
307.5061214385947
307.8740050076103
307.8027765621213
307.2582554426747
307.0098090172933
307.5831897913941
307.1536820362688
307.6635999608849
307.4000824235891
307.249497421515
307.5881164564286
307.6533377728973
307.1963391045291
307.4945959138245
307.077777921198
307.5282015959974
307.4668185950842
307.1101676829826
307.8443354265687
307.4013795953887
307.0461029175473
307.0460253543596
307.4923734465384
307.0975069782965
307.6364572831112
307.1392548938053
307.2604974483223
307.1164196385876
307.0813329657095
307.0323206356338
307.9724268992159
307.4719051991758
307.0218891220446
307.4013728599035
307.3847873383804
307.0558667841387
307.0570544287155
307.3003589302805
307.2665593613592
308.8433914090878
307.6109512486954
307.0431017457005
307.0176012036213
307.089264929054
307.1716855180401
307.1379785993268
307.8435039621174
307.6271624826837
307.645705909133
307.0558638484951
307.6406551498432
307.4185128104358
307.3171551170844
307.5499082495398
307.4879730980771
307.0269955802484
307.0632488769274
307.7405878854069
307.0900279393596
307.2434299398843
307.3342046150412
307.2892469212097
307.9343711661097
307.2685287044245
307.3961188383541
307.3705500616118
307.7021918411813
307.6600763870179
307.1126978183271
307.3444636463677
307.3165082863075
308.4659863944521
308.707436539845
307.0498971903281
307.4607551194057
307.6190056971744
307.1650555726042
307.0257798425832
307.4107467123957
307.4481935129637
307.0818641486841
307.5628489370372
307.6489233314496
308.2691676380336
307.5133369894631
307.7734622647941
307.5015073504134
307.1855442756799
307.1659648910482
307.0144554704439
307.0249908468294
307.1651957338539
307.2298984249477
307.4341953665048
307.1998849648922
307.4557404137259
307.1220905094376
307.860732985939
307.328628192443
307.0093825243516
308.005159466721
307.6487881303385
307.0210748629827
307.0374622073247
307.268687010096
307.12989832396
307.0001869525796
307.3060409425178
307.146728508671
307.5055815159275
307.0434562195447
307.1836531184866
307.5549102808595
307.5395416879105
307.972746609084
307.1398610132782
307.0334665759433
307.4920843310361
307.0603207424834
307.2051294079613
307.0774412659713
307.5737157708385
308.2227943010346
307.0309154385002
307.0539866731859
307.1366662679158
307.3081134113294
307.4996214337708
307.030800709367
307.1878422603226
307.0880321018959
307.1002635125544
308.1487304082855
307.2855459538106
307.5001113991534
307.3497985670415
307.1032998292295
307.2965873137321
307.0029368850401
307.4033126991053
307.2588969825653
307.8183534071721
307.2973996228603
307.0829454967888
307.1905337068042
307.4917881847858
307.1234782240895
307.5984939703909
307.0909527738253
307.0580716150105
307.0866613504005
307.0189650245549
307.054056105304
307.0979438842776
307.1548265672712
307.5535669064959
307.7550346077925
307.356319514173
307.3340153052679
307.4172580998944
307.2579540929997
307.5361887345692
307.823197969803
307.0835449069638
308.2169993791735
307.0786046373077
307.0199654810084
307.0956289018332
307.3095479882742
307.956754794125
307.0574059310709
308.4545776385525
307.1660892311897
307.456853855978
307.4500823465182
307.325980953381
308.5165657644004
307.1983202979063
307.2496329355388
307.103963150077
307.6088464275029
307.388791165037
307.0430495569554
307.2404191424031
307.0866928352312
307.2719911672866
307.3751585656111
307.0835196501834
307.3629421037678
307.5859672707751
307.0970382577882
307.2363190651801
307.4638681398239
307.0673195430247
307.0427327405625
307.1460571184157
307.3088007909078
307.8427168027899
307.0423394933791
307.1544401014867
307.4556315124848
307.2631949324302
307.525573119933
307.0202087864414
307.0173189154066
307.2094865221965
307.149168748968
307.2704627932534
307.0339812706034
307.103830273697
307.1005070230761
307.8793979519617
307.0750825101255
307.4537649415784
307.2395071569027
307.2775960832157
307.8158004769452
307.1591756590843
307.0585226067064
307.1586173635272
307.3512213388621
307.9362306353642
307.8318865381915
307.2368478581121
307.3306601362356
307.210778302882
307.1240008762779
307.4385545272215
307.2327947753128
307.1137559464648
307.6965419176705
307.5563505645776
307.1569938038448
307.0809508706313
307.307920072391
307.0400464792845
307.2494206072114
307.1265221286094
307.0001231236629
307.1887991786418
307.8309239780522
307.1488225548836
307.5972715747524
307.8079722752782
307.1248046719801
307.4116490880251
307.3092889309592
307.1734054185916
307.6401044873434
307.2996444226608
307.533250450603
307.0507103834211
307.2515312843691
307.4182865587352
307.3486304388262
307.0260307676537
307.1312306857704
307.0503702762852
307.1733638176825
307.6797163407982
307.8265244405551
307.6905193765784
307.1440330124381
307.1631371834479
307.3562979337623
307.9771260498455
307.0983748465263
307.3879742796815
307.5551241422203
307.0068498239744
308.2047839342634
307.0099215528277
308.0481623862465
307.3176081485251
307.075883232102
307.7607870538112
307.1232964889939
307.2757468604919
307.2949393062345
307.1767646007087
307.6920018266743
307.2579783322882
307.0080577399257
307.8662521377219
307.1574541540483
307.3257323743217
307.7612726765606
307.9206054380487
307.911268805032
308.6067641941004
307.1480776568199
307.0008132939481
307.3795073228599
307.237400922352
307.1147423579922
307.3840925975625
307.1336795578785
307.112651194266
307.4125368293064
307.0000416443223
307.7990789584762
307.0742383952029
307.9798135166512
307.216783984761
307.1747751544734
307.0458127979252
307.2197757559027
307.0451303757365
307.1660976273249
307.7709379521966
307.3192063755459
307.1710421827587
307.3543040504638
308.6366436783003
307.3144243371619
307.5174040582697
307.4612655508309
307.01220141091
307.4116202650991
307.5157300327863
307.0709600977144
307.1894070006933
307.7858328396882
307.028672469626
307.0343333343332
307.2099445792664
307.1534741736726
307.3604824600365
307.1761696939472
307.1123638190904
307.6558942140268
307.01774964053
308.3995362192005
307.0114388839403
307.6449346482662
307.3423820627144
307.0863963207908
307.5494130722425
307.7348980619851
307.8973781381231
307.0957840090333
307.2556625761401
307.2918984246967
307.9012399432982
307.8434990927414
307.1274732986265
307.5198861502881
307.0594745530602
307.3973886933892
307.365907298666
307.4804810572491
307.06019258117
307.2305032797103
307.1396542566496
307.572361641645
307.0966252469898
307.1556186951727
307.6900683621636
307.0483148703046
307.0620118702678
307.2805002826694
307.0802599445967
307.4013920141668
307.0981117947471
307.5580961216721
308.9816123867337
307.1024619631673
307.0092961757481
308.0527586967928
307.0962089807738
307.0634464013607
307.0883855711367
307.6155278602683
307.136701069559
307.1283615170383
307.6487835225216
307.5717626414759
307.1247088394971
307.0230233908999
307.1892940458155
307.0555304815516
307.1516082755576
307.455060321314
307.0911874908136
307.1287639813962
307.252277262906
308.0209233725924
307.5421556505605
307.2698433869211
307.8584067626621
307.5524185733464
307.1593930558584
307.1514693189395
307.6078282847113
307.0600607940648
307.4393430215526
307.1460189914124
307.1407241610044
307.5720220112945
307.3289163315686
307.1026935392244
308.1553363541187
307.3811491661414
307.0136951183297
307.0522245069184
307.476308644446
307.9223421788926
307.5530844712061
307.0106080820853
307.0577662281398
307.0381668310575
307.2883382990742
307.6496689028231
307.0711200397175
308.0105979070048
307.2968513650954
307.0000849384977
307.211882749992
307.2821019664182
307.1616346286385
307.4119243307983
307.0246463532859
307.3276559566762
307.460814909984
307.1355325643693
307.399179944473
307.7363461539423
307.0622048069551
307.2716476403249
307.3606024327012
307.0012935372392
307.3062728670849
308.1119699761592
307.3026013372499
307.2177336806577
307.1773810209081
307.2406394461602
307.2357592890567
307.8820981908958
307.1626516798102
307.7703390698235
307.0137506345
307.5584096896473
307.0652426741179
307.9758306735818
308.0952986167838
307.2328747533036
307.0454779186684
307.1701384962612
308.3871586495488
307.4757199642098
307.0344502855306
307.0131465980455
307.1188088441183
307.0678162684781
308.1481480818595
307.1050186444984
307.4241346071266
307.1466098056736
307.0487494600716
307.345916372407
307.4668431736488
307.1662121094463
307.1861540177098
307.0080808202647
308.7123769928459
307.0833264803158
307.3535686652181
307.3103297478883
307.1226341282502
307.1220251122953
307.8713536890737
307.3048425854856
307.4172210882468
307.2204505696058
307.6269785378794
307.0261360815866
307.1363734713083
307.0413545128316
307.2643470487301
307.3833658957931
307.4075999451473
307.2806154083221
307.0256451382836
307.0795305298012
307.124771740242
307.2802427271009
307.4151771227725
307.1333383897314
307.170589221182
307.8071740244076
307.4100723596205
307.3838656037154
307.3471232006198
307.1721140758603
307.2551047414167
307.0339909080789
307.3033097413784
307.1128683490946
307.2107462604375
308.2469965970739
307.5439663997974
307.0605407039219
307.1104896954848
307.0174257604829
307.2819013572392
307.7035888669961
307.4750388145674
307.2979345292888
307.0293824325024
307.3832997851284
308.1410686789983
307.6225306498299
307.0391786784419
307.6187568360359
307.1198615684796
307.4282957143551
307.0196913261183
307.2447839893038
307.3573295469
307.3586053340235
307.0833804981465
307.8799926511979
307.0776531297055
307.0971042050476
307.0128831257016
307.0018848961259
307.130146582092
307.7729182679715
307.4981712334447
307.018055052574
308.0367518781598
307.1563461955627
307.3759370404822
307.0126893543087
307.0756573436231
307.4779827516867
307.0345292056383
307.0841601742984
307.335960676593
307.2994658682086
307.2800035076074
307.7572894391467
307.1154050143847
307.5874775058473
307.494531294778
307.1186929480061
307.1680774513262
307.3894507136946
307.4384081607698
307.8736254757172
307.0156732168414
307.7549089047608
307.9143431919682
307.0799518425034
307.8801544215216
307.3161367173902
307.3031362643335
307.0425723950631
307.2701386258209
307.0574869051427
307.0373188967909
307.0248377416498
307.5368740895388
307.1414253810543
307.3713575458743
307.6327167068725
307.7009177827458
307.012183366764
307.1297693398123
307.1112942342818
307.2261787584356
307.1208750358423
307.0667895393402
308.3057901190829
307.128240632846
307.2740699028917
307.2546137992599
307.400569067295
307.3411085036553
307.3325688594479
307.1597369640187
307.9578633320933
307.4819753238552
307.3578331053595
307.1214426122492
307.444362356234
307.8887328629903
307.0066957262283
307.6732700733161
307.3334554775407
307.0666482435411
307.2365764252647
307.1939908185696
307.2834814750867
307.092464993224
307.2899629672953
307.0275208580229
307.3411291260566
307.0415893332091
307.710998782482
307.5550552671177
308.1533499835517
307.0447703574787
307.2770143724428
307.1583894066122
307.173743579061
307.0600786333395
308.1468714887718
307.2785405107247
307.0348845681897
307.099820084567
307.1803215641344
308.0419571540285
307.2377033579136
307.3868618058287
307.2923430954082
308.2558883717606
307.5444386435187
307.0871549039279
307.3467979503818
307.9559993827731
308.163793231073
307.023694515882
307.4401530093014
307.0989004913393
307.3374775876314
307.9797062402515
307.2717961843084
307.2119935085806
307.4826396286151
307.0934372028852
307.1371856256301
307.6840748411845
307.0150211926374
307.8792743575277
307.3102760551688
307.2913910273708
307.0693076024615
307.3646481503859
307.754531397899
307.5727092653171
307.1825744160196
307.0068545783357
307.0318632004319
307.2414531973289
307.3597631737986
307.1091754159985
307.0899702174993
307.5977098978523
307.1078373305591
307.1410294659306
307.2842433299023
307.0181962204938
307.2076041745453
307.4685095098353
307.115378801081
307.1324507160763
307.2097493205259
307.6801357469691
307.2749836974393
307.2184637424834
307.1351138858091
307.0396649239493
307.2840182823908
307.2737838247521
307.2025504557834
307.5959430794579
307.6251467623798
307.1168526030647
307.2638858511883
307.5180076699822
307.9880752111179
307.0920573197788
307.0941532975123
307.014641405144
307.4000696436817
307.2061569627099
307.4875215979328
307.348198660103
307.0499693299555
307.0937106196224
307.2646590255924
307.4726102567455
307.5205859922664
307.1161634704083
307.1483544553439
307.5590416714766
307.4604540984656
307.5271648599702
307.6739301882097
307.304359739295
307.3976151389691
307.8563794658801
307.3281668336421
307.0953611523533
307.3372711197763
307.4345503440621
307.0245204160154
307.1357629372955
307.0318456475339
307.0768793662106
307.3100703908315
307.0551677114394
308.070886419477
307.0439468104058
307.4796594020701
307.0106134473019
307.2521576676417
307.2002829824161
307.0882523068656
307.1317739389496
307.0748766434868
307.0455938843203
307.4448984820019
307.2386587283518
307.1383248827584
307.2635061815122
307.1083532014509
307.1512637961267
307.2137765515129
307.082730032715
307.4157078440039
307.2876604675053
307.0570676913422
307.1631284656938
307.1634906242833
307.3308387872756
307.8033931941777
307.092315989961
307.0923409161038
307.3177735146248
307.4497258816624
307.0077038869551
307.3195839709461
307.2188705620774
307.1568696089265
307.0984150727674
307.1769537066409
307.2536615991935
307.15960775508
307.3514133889691
307.0251177721535
307.8963201641378
307.3958327244221
307.6867983793065
307.1735518829186
307.0575438447471
307.0061737996086
307.0335135193823
307.6375672429495
307.061980055602
307.1177670972897
307.4306582517682
307.1500540811702
308.4143312418098
307.3011765401655
307.2806087107161
307.1862088029119
307.3909009011475
307.3642261885456
307.1748183691528
307.3044163530984
307.2237848586619
307.076536989321
307.0271714186507
307.0069215836549
307.4322557162309
307.0387076229558
307.699938961593
307.1582127005389
307.1752323464922
307.1613852035619
307.3665522892369
307.0336211739042
307.1210951662087
307.2481978124428
307.3620041425839
307.0937310645234
307.3474599586282
307.1618674196922
307.4286591092177
307.1655366901438
307.119063582769
307.0274230833463
307.0274567528733
307.5680981406095
307.4357777459155
307.0279719297218
307.3469773624494
307.2934022967056
307.4289627237939
307.2004822341414
307.1613132223363
308.8337399642971
307.7419724133009
307.0745985188071
307.1250745247953
307.3237914423549
307.1887048336395
307.2827410199735
307.7267230773042
307.7601978728098
308.0120109880186
307.5443865753701
307.011061012471
307.0527404216317
307.0701283267709
307.0101050280242
307.0407525911569
307.447653047196
307.108473234079
307.078261289926
307.4547717568904
307.0410678592955
307.0976288458548
307.9643812651305
307.6775033071932
307.1105237216161
307.1770254916487
307.2788773037064
307.0137326076156
308.3464559344914
308.0466209332423
307.0707276732675
307.0995441182511
307.3451010934772
307.1685923836641
307.5560821625471
307.1320799700809
307.0523578772591
307.0980270869599
307.147393427375
307.5670406780662
307.0132654761001
307.178688718671
307.1166832737052
307.0813029716139
307.0960206579069
307.3726872984016
307.0547897762843
308.0040808776071
307.2913678275567
307.4349892423387
307.147097193567
307.0101691197544
308.0271884527967
307.1361475797681
307.6568293606786
307.22673089006
307.3563702167348
307.3156312485684
307.2731210117954
307.2692054253706
307.6255213824268
307.0146694240322
307.1920295520973
307.3379563862527
307.1380800186692
307.2535993229363
307.4751491416495
307.2105424911979
307.0179686151949
307.3155500131582
307.1383108138594
307.6057094337788
307.4394630050927
307.1034683448227
307.6434019856747
307.3317095010354
308.0939020750515
307.2933372298094
307.2187437532507
307.5447118356152
307.1414369948733
307.1272954531828
307.0297757715435
307.4820522958031
307.5404266863591
307.6709591709528
307.1668631955043
307.4203394246409
307.1122271719588
307.7647940221754
307.2308804306491
307.0152242175817
307.1409287161632
307.5164636813653
307.4693969960313
307.1960212162654
307.3030510293885
307.1282578755678
307.7301910625695
307.4147415362908
307.1764148315205
307.4215780644272
307.8440464547421
307.2762816044169
307.0275284489197
307.2562377244598
307.8636019083591
307.1185671773466
307.4728124606967
307.513371388901
307.3418818263394
307.0734642824337
307.0910161127239
307.11325427937
308.0202630963577
307.4699847977755
307.2621438166074
307.1632056050798
308.642143691648
307.2270233314919
307.1851791901102
307.0704129562149
307.2229892835022
307.3028554468464
307.1867445020553
308.0276631662569
307.3836605373178
308.6255997519391
307.1070396031459
307.49859366624
307.350505348212
307.1816068583657
307.1626366202462
307.6636627082062
307.9921799450621
308.0250530687958
307.1489654271707
307.3358777046404
307.536236915414
307.1715830596031
307.5879665584117
307.1642404998661
307.2039306798866
307.2034367244438
307.4203890174618
307.2119994370092
307.15133948783
308.1043530454519
307.02645186961
307.0160252098954
307.7505648174575
307.1995113226349
307.0230762809823
307.4284699999108
307.6177965624766
307.8551565329437
307.3728648211855
307.2654041408827
307.3746330567552
307.2386397049557
307.052880723536
307.3444020860218
307.051131916049
307.4661260037905
307.1599725294386
308.0224341049259
307.0531201238474
307.0196443181529
307.3475271144235
307.0389403828863
307.0319926821649
307.6798860534078
307.1860245436545
307.2962206507809
307.0557679056938
307.237707073397
307.3017548475528
307.0198484802926
308.4060891508758
307.2913860891961
307.3064314604268
308.0567309629379
307.0502166260305
307.3302815690251
307.6347673846261
307.4512053142078
307.140655547098
307.0469218745179
307.0154967576833
307.014828652969
307.8428493525855
307.0117578738881
307.2117574190246
307.0921281545791
307.5345160909026
307.3089847610105
307.1967101983996
307.0059879442616
307.9548127839953
307.1957752402752
307.26259296045
307.0011769437407
307.2462182805303
307.2748268681096
307.2748343063016
307.0686338705086
307.5815235934205
307.3947485787918
307.3858614050213
307.1214477400543
307.3437879512811
307.5443814637603
307.5953642747716
307.1829422678045
307.0027368289151
307.0970817740917
307.7257198711384
307.0533548047297
307.1751900321586
307.3852551700186
307.5676740222867
307.2190798289142
307.8535810375568
307.4846894057841
307.0991413330705
307.2410508283001
307.0896882708621
307.281707939371
307.0953475124101
308.1164162536028
308.2723874657778
307.0305882583166
307.0883024353071
307.0524834298445
307.5738405842084
308.2178168015097
307.0719266004257
307.4020602376067
308.8278825108375
307.2360381552551
307.05280708164
307.9536252570617
307.1455009529936
308.3427798530489
307.0420069423284
307.0873308621498
307.0978396267763
307.4565423450049
309.0468199553988
307.7556968544449
307.1197446647855
307.2178523523869
307.1887581532152
307.2205466214039
307.132312487005
307.4454736083028
307.6620044304789
307.3838985218065
307.2679813531745
307.1514073088714
307.472248950338
307.5212225151749
307.0664763313507
307.0461336635535
307.6220870975445
307.2449514379845
307.0982349047974
307.5908442554836
307.0751725584275
307.6759676070712
307.2426880771832
307.0083191734503
307.317040809127
307.0559815354603
307.8520983473767
307.2120740463097
307.2595900141493
307.4837967009639
307.1199889862136
307.3094554547129
307.2279826987601
307.4336229971437
307.1463398689614
307.792241789872
307.2779825137939
307.0408024366467
307.0555396491222
307.1181214156416
307.0960482997536
307.1949189948538
307.5104650633335
307.1538433642547
307.4760201700088
307.2057858642205
307.1036744618496
308.0275590416715
307.0160342623803
307.4702107969178
307.6337661641534
307.1727150748182
307.1184773893477
307.0875543807606
307.053022562621
307.197912915902
307.2843741206212
307.3038975115173
307.5895416292914
307.0635505493336
307.960936101793
307.3729912509902
