185.2086183049515
189.3328603023441
184.224595579656
185.6373446821199
187.1446845469668
182.5541134287758
185.1434068111301
187.4892391491309
187.700910571859
182.8492266985785
185.2510883450932
182.5172055541362
184.4209519660187
188.0046323055751
188.8992436250124
183.051797931884
184.0872127404661
184.4985722935871
182.1222147754619
183.0122442946448
181.0440042402315
184.4679555320056
185.475588593314
182.2655501222621
183.2031346424365
190.0167400204945
183.1261053096464
184.4183902592388
184.6545000230077
186.5169055002908
185.2730932331371
184.1057469734072
182.2488127320408
183.1931586895678
186.2192933663349
183.1304222340105
184.1606934094645
188.4978533119242
191.407140951283
186.2862020515067
184.8087964035791
183.08690554283
183.1793625736194
181.2061708949005
188.6769269418386
184.9470241563549
184.0095992585262
184.1891142943158
187.3666841498124
191.8956109621516
182.6896488988681
182.4600857694244
184.0338042135727
186.0045936042065
182.1208591625665
182.0654836775137
182.0695036894289
183.3240354677815
184.1877005935954
182.7550061638012
187.4090927122263
185.0063022008433
186.9204531299484
184.3384482540754
183.1055990706656
184.4895536321112
186.0094532756143
186.0564154639203
184.1476663017242
182.0821652125666
185.0222268515495
183.206444076625
185.00253683745
187.322267825731
186.184235097947
188.3037542255021
183.0007167770283
182.2359824172275
182.4947607055548
186.0730034280763
187.6552455435288
181.7494019305419
183.2779318785557
189.38099773001
188.6853112732289
186.2885153892952
181.2629144378798
184.2097332690071
184.3305799989023
183.1688281195842
181.9913179988145
186.5346613588004
184.7287333704917
181.1334440085443
185.2818186851194
182.0205595699985
184.1589739771582
184.0002612790917
186.1296389430322
190.3812038538105
187.1793453248639
182.262643558221
185.4323762044589
183.526394435464
191.0595307862683
189.0760470895297
181.3572782211891
190.1065666923243
186.2495820724863
191.0550255387879
182.3508785522911
186.115266978087
183.1397301752809
184.1573916136086
181.3091902814531
184.2182718434182
185.0529501588505
184.241976992686
183.5210289840136
186.0808888283563
182.4578490999295
184.5264238633855
184.0580225535535
184.0148471440966
188.0506895488693
186.3484557624173
189.2599295631113
185.230712727605
187.3940143590928
189.097006282287
182.0423954782036
187.4595318034816
183.5168283647388
184.6954605707045
188.4701067184257
183.026994577255
186.0064445188911
183.0401414745233
189.7096350116959
196.2421608818874
190.0391881399572
188.7984455030412
183.243297642884
184.1423722473417
181.619887980969
182.0422748417067
190.0391139423229
185.0436800463623
185.0856832145244
184.1132435145301
185.4380495412416
182.3845130682153
188.3437685917495
182.5515195965111
181.4179354884311
181.2689997524402
184.352914829555
183.7308201522607
193.070639330865
182.3509876514672
185.0471715756853
185.1440848393402
185.1758534224057
186.4613109733872
186.3293738637893
182.3320264070184
184.3029186947446
182.1521455740373
182.6903886126384
182.0703671980782
192.0093021279441
188.3446413153312
189.2235114474255
182.1305659023459
185.162618732624
189.4617510057275
188.2833087808625
192.0422399897882
187.6721636915667
186.1200681655122
184.2685360177553
185.0161809973588
184.2827579625671
190.0665568368059
183.1518234177988
187.200534298339
185.1761994088191
192.2791315159365
191.4504061983073
183.0057688972462
185.4250842487483
187.8204896310572
187.0005512547327
183.5552559398618
184.4100569439439
185.3188226918817
182.2240848250536
182.4220850071394
180.3565383714652
184.0046821080714
193.0184086497024
183.2955281969215
185.2908364102437
187.0837887508818
184.0502353843479
184.1012888276015
189.5213284728079
183.3010938452823
184.5518145347471
189.4226094778991
182.1834373909287
189.0119991718662
186.1889070462698
191.487629322893
185.1458247636893
183.0739961196316
185.1552370848157
182.5197380562045
191.3454171087452
181.1206177323178
184.6453305063436
183.1202477272867
183.2759333825217
181.0412505906832
186.189784468849
182.09096068524
194.172042949926
184.0150902811262
185.0205857133399
187.4914637678302
183.4607458367416
189.185153202228
182.9212129909735
182.1170134364369
187.1399746378709
183.0691059506975
188.5978997555233
186.7149968765329
185.1639110352664
183.1761260337683
191.0433120344252
189.1087448379602
190.2026096393294
187.0880014543675
185.070289934119
186.1775114102448
184.4335167847769
182.3636796283686
193.0926780755895
182.5043766089948
192.0272782004889
181.2110937203661
184.0429560537764
186.240993184533
184.3868544406439
182.0906058002928
185.4984534251971
188.2277263745494
185.4767967738891
186.6856822204935
184.0167127234388
189.2996725459151
183.9707168232278
183.0950965729321
188.0739285598054
188.0214222439542
185.5633925410221
188.3436186301793
187.5547972031882
183.0095112573478
183.093270140154
182.2644898726664
188.011158051595
192.1678412286819
188.2884590495118
183.0174623660662
183.6233655965013
182.505538860713
183.0233289389204
184.4920873778651
184.4800455940089
184.3778611467345
182.4637291190436
182.4855958835725
184.2311403441763
183.1989378524807
187.5938138680689
183.1253327441469
183.0833435382223
185.3654245324292
182.0352860417327
182.2374922416022
183.9914747946497
185.0312140286687
185.3947294368704
183.0345605258267
182.0255056365294
182.369651001562
183.1153762071634
193.0896161234284
183.2274284921309
186.2117027679213
186.0106465960313
183.1311328135731
182.5728263565249
186.3363063895622
182.4276123958141
189.1492926006437
189.1468010567974
182.1656530236306
187.1206769518845
186.8134697508927
187.0234936931551
184.079792545076
183.1787895044849
186.0483698826148
194.0128788075811
187.2653435381454
184.1520580054438
187.5609453051942
186.8204815176597
184.2828962234115
185.1024737852869
182.1186323308098
186.4244125005185
183.1345451975978
184.5006964497896
184.080346639469
188.0982734039626
190.0483830601231
181.3802346819531
183.4139015504487
183.0662437713735
182.0318075135524
184.7537633838008
185.8223231908752
184.0493334110975
185.0726812426528
182.04229906552
187.0689820106206
185.0794110499352
185.1704551359693
185.174415426308
185.0682042284996
182.3935682048632
190.6746146231767
185.1233073416182
182.1169470113155
181.3511733045096
187.5606371631965
188.3379238079749
184.6988924508336
190.1499868975405
185.0497996818507
186.2605215842837
184.8215775960653
186.1037816399505
183.4807479753582
182.2713090763763
186.5657006361362
188.8233821858353
181.1085569572487
188.9290651632693
182.4637708795646
187.4310722833278
184.2742000921197
183.12451359509
190.172495678832
184.1542997310538
184.3146859214756
181.0865339684705
192.0398865006023
186.2623400229303
181.6704247553045
182.0437119116399
183.6715025575704
181.3776856462743
185.0417686836745
183.3352739302094
183.0827129340331
183.4362619770993
183.0020609748964
182.7598243420497
183.6924352305581
183.6818485528755
187.2650857051879
188.1256319314705
182.2037538238851
185.0742768790075
185.2256809131517
188.6559110648869
181.8527149035706
182.0646649441459
185.1085969817687
184.259402707507
182.2418964018099
187.235628633089
183.9846533756347
187.0115457388102
183.3615460979148
185.0549085524577
184.0861071323286
183.6375504624717
182.9728353063378
185.1569443229359
187.0024361698668
184.100941986717
187.0911382696143
188.2130567887508
191.8946334113406
190.5740865152059
187.3545004061896
185.078288103754
181.3075399918178
186.0244931868782
189.4666829516175
190.2285792750172
184.1409207168021
185.1643740125496
181.0549366692249
185.1914784253198
185.5890240996801
184.2292080974234
182.558057851965
184.7725739066625
182.4060359482084
183.1028783097097
186.0860413827164
186.0238245102853
185.6133903813075
189.2432017951754
184.5852906569758
182.3672747128295
193.0330399916731
183.1654141709124
183.830280247424
184.2866379912212
183.4019717732957
188.2142871942656
185.4036994498544
184.803187810481
186.3035719845197
182.0622077443132
182.568708202229
184.0863083215743
183.107785142144
183.2112482301758
193.7078518638206
181.6269906413613
188.1324344714925
187.0349382482194
184.2633278066745
183.2199463434514
185.8529233168121
196.0720856571365
185.2167127113693
184.0042719661779
190.2460495479555
185.0757828745215
184.2047658153554
182.5719865109074
184.2040482662286
188.4688473272826
183.4251008206998
184.0419005955064
181.2382792561796
182.0325232838164
183.1803471390361
185.1433166650135
186.3846705631635
181.1871147545874
186.0055932509684
183.3808821373748
189.0371597442712
188.0099233250103
184.7110437729858
184.0514482453809
184.2950736628807
186.072173447361
184.6136218516298
182.4412261622923
182.0959140754312
183.390807712305
183.5087128263788
184.2860792347599
187.1048497416617
183.0841196011619
185.0027555289688
191.6417958444171
189.0337926678173
184.0789457890614
183.8101657744634
184.4002986548182
186.0805439681644
183.6005016873978
183.0496597552503
185.5683461347888
184.0634165303151
183.3119159441051
186.1696667062816
188.3380516430899
183.3401068150537
183.1159443393449
184.2152749017579
182.1249536045453
184.1858696536507
187.2915172461284
184.1306339723871
187.5294903398783
187.0186195595989
185.1145070171019
183.9094414052082
192.2851590872919
183.2131134288913
188.2346966456934
182.0453245140077
182.7971728385299
184.3878521209206
182.0874982183811
192.3413750539297
185.0835608280388
184.3215413747789
182.0458643002709
195.6298642210631
189.276277289488
182.3154061533226
184.4423467503645
181.1161508774807
184.004934189549
188.1982793016144
184.1799687000439
184.0667151990857
186.2372932341275
182.9391092362143
188.2879965426624
183.2186340047287
184.9288610453966
190.030181401324
188.4904776020026
185.1103034995822
182.0246369906973
188.3454486795812
183.3563811051836
183.0883677166364
189.2090064155409
183.0071760457347
183.0764817543775
183.305876883967
184.3457109074432
183.0118528054174
184.0207894291602
184.4267899507055
186.172949175286
183.2397313139909
185.0513046866594
188.0812707183956
187.4527149575635
183.1280900259326
183.1213537112877
184.2244672318932
182.5863545868884
186.2028377075411
182.2429352949391
182.1622955463233
183.0540363901492
187.0551693959856
181.0285268026924
182.8512220868512
185.1773516312344
190.621263709486
183.6579987893537
183.5310092550501
192.5576400121156
186.3832340665466
185.9521314143935
185.1937972820692
186.3488429798772
186.3801574058518
183.9487677965638
184.3429893688888
182.0742549730251
184.576344995558
182.0362023068657
186.6543860382052
183.146436060917
193.3925225021355
189.0448281999047
182.1620165744878
183.0584192102142
188.2025529225177
182.3245957560496
185.0783150150976
184.8139944808936
194.0629638703368
186.1159326909407
188.0405146444437
182.4442177448603
182.8594991111974
187.3776824281749
187.3864515387699
182.9686107899223
184.1459178565736
186.5845206246081
191.0468432641154
184.6505348831449
189.7003685170062
184.1505366578617
183.1769510758457
186.0016082918266
183.7420699482635
182.2014314407962
183.1490383314233
185.2361737018906
182.0842416422473
186.2702566403204
184.1354935998355
184.1697326753098
184.2619146962919
182.9489810130861
182.0824486104814
190.3821217753543
182.057861297873
192.2316031959964
182.0317246421287
185.1451385463632
183.3151513992304
187.587370601318
184.6374630820666
183.3076390332551
183.8133114760456
184.0938855362575
183.0725169610727
181.4576560998644
184.0047982543434
183.0816291039246
187.0628391689726
183.557251741776
190.0625873000784
187.0402869552038
181.86501891515
185.0227742142525
181.9945617517457
182.3684143705468
183.0771394234296
188.04697331568
185.0874278917591
185.0562363704439
190.0764539896184
185.0895357984795
185.1666731233231
189.9077926208332
181.4330023823133
185.1436821719291
185.7255631055287
192.129207970904
185.3103308085076
185.3294773248014
180.4757291212514
183.0516198306734
184.4870344254018
182.4045801190778
181.2829891962152
182.3609844922432
184.4469707676119
193.534247735564
191.0460832722538
184.1057843974927
185.7906644589015
184.6187338636777
189.0444954797763
188.74196529488
186.1259579976289
184.1404214723471
188.2042517045888
184.3609822754616
184.3561589523147
186.7103961117891
183.8356783283468
182.0825178004975
184.2057494800804
182.8597426024892
185.4304819820278
191.7380697908615
182.5404835797726
187.2175680173418
183.1814804758486
183.1174957432877
184.2207173439625
182.6390480400892
187.3245159927354
187.0168710487578
186.1385107438419
182.0442834340294
184.0269087760873
183.1302021231727
184.2343179861251
185.0034185837941
185.0880043543507
186.1351445210717
181.4246471799861
186.1773967683229
183.1320122999552
185.1288699620553
189.0800207535363
184.4533411718465
184.3001125911395
186.5317432516354
185.1893916926666
182.0531085729273
185.1701571308893
183.5920471026383
185.6470653025231
183.5771328112793
184.5604659436507
185.0999496041338
181.0326910572697
187.0080803019926
183.1323530952492
183.0303315963576
183.3938418240924
181.0998388216528
184.2015253488277
182.2290939749831
183.0357901349654
183.6818734920173
183.4995541697211
188.5055873002069
192.2835237215458
184.4356807026716
182.1299854415722
186.7446716546457
183.249500515252
183.2375543220012
183.089654746387
184.3076260436164
185.0279022780293
184.36049867864
186.5946485808251
184.2535371440771
192.3050751170075
183.0169810319925
190.056580952631
183.2895685305421
183.996158814493
188.5181608616943
189.0280134230383
189.1054921502029
186.0681777346561
185.1130981229287
182.0282433831899
189.0142070988007
186.18097851223
185.0412747392464
186.1376700811108
184.073779416695
183.8354923848983
184.4318757383677
182.1644235247654
184.4771267780585
188.5056414468603
186.0881630196408
183.391082198431
183.1862488971188
187.7773209033766
188.2031748143145
187.0195474408809
190.3216279396069
188.067723556764
183.0418867818557
184.3309018894204
184.1553948099936
185.7646790836394
183.4349293538265
186.1320910861409
182.0865211957037
184.2530598740951
185.2120621657142
187.0705537968572
186.7730463794854
185.8417943112722
185.0490853951606
181.3192361105531
186.054538288333
186.4515482539406
185.0123900118747
188.39231602564
183.507894032985
182.3773530972249
185.132921581149
184.5397476682283
182.402811618956
192.1267840247226
186.1203974043664
186.1410048501609
185.2655308285811
181.5195982770021
184.2185668547204
182.0546059592391
186.0861840414185
182.1573775343112
184.6602868327807
183.4498821363118
186.2361225778724
186.274736090774
190.4782221675321
181.3400188155644
183.0495449853351
183.1438862612109
184.3481075874265
185.4876619198138
185.0090468343369
185.3639133183513
182.3860686530279
184.5948299500813
189.6285508849227
187.0755711430796
192.0808375883984
186.3408636132621
185.5774098906261
185.930556069287
183.1538220006084
183.2981966657122
181.0104430173178
184.627521767961
185.0704384180103
184.1317619341948
187.1536328106544
184.3311791505193
185.5829520127789
182.1695176054803
192.1399499686565
183.8698134595921
189.2846624622714
184.1066166888832
187.3190115116519
182.0471438323807
184.0859790520497
183.1620330167849
191.274415347749
185.0250584581948
187.4325083108554
189.5252595447138
182.2331000550401
187.1202582162264
186.0409247783751
184.1771923029331
187.3218728364369
188.1014052811785
187.2964098960169
184.0964665926163
186.0455591245862
181.0375070575001
186.0834689363273
184.613877569454
189.053601199061
183.2990289625815
182.7983754979884
182.5585807176797
186.1089390663687
185.1075206369544
183.0603168103039
184.5499493516422
182.6581150982443
186.3836389914781
181.4086148932359
185.0473456119896
185.3815414008754
185.2553737736547
184.2089779625804
188.0577329138777
189.4338016444064
183.0234093887322
185.4606996876587
193.5368173774331
184.4223927056159
181.198052923071
184.439901317771
190.0279168037231
184.0069483682163
184.4164849554744
190.1157842963393
184.4531591293535
182.0481819499282
187.0446320126806
186.0704500027198
183.0247072056232
183.3137272693714
184.5567128211621
183.0857178526913
183.88118726981
184.0384578088714
187.3669979704794
182.0198223327887
185.6318602172601
189.0085222284933
183.2366783134788
184.7288199655576
187.1081621888293
184.0310604513188
185.6136961412867
183.4385192989477
189.4114543021708
184.8600205139446
182.4526067400678
193.003280458742
187.3910085961716
183.2602326068715
189.7752164918241
184.0148783890208
182.2616871776818
189.7027511401934
183.7388550303966
184.4918830466116
189.8292324902339
181.1632813750954
182.2941503106769
186.4695287993253
183.0811303830505
187.5456208452149
182.1764173932169
189.554371259967
183.4082762973202
183.1265725693259
182.0979714115624
191.0760467351265
183.2470566599541
185.8872592042506
182.8058605826405
182.1220484005908
190.348163765554
185.1977492601135
183.0855170980226
181.2620341054262
187.0567997557587
187.575704603413
190.4328849654462
182.228247317157
190.0481662298906
189.1973523706061
181.0963570149281
185.1851117593001
185.0466677645344
183.7893925978958
182.1552593911798
187.0506894361717
187.6577962406122
184.2206178138795
187.4899721861085
184.2435686333529
184.1553889570873
184.0455131255626
189.2017179120285
181.4648147255379
186.3653811048928
188.4989402802769
185.2388668897403
189.3742832980739
182.081461147964
185.1471275842792
184.7491568454851
181.1773508466273
184.8534991541668
182.2586288102001
188.0515713919417
189.9478739927847
187.1610115566383
184.4195268249639
184.0313995607058
183.3623716256004
183.0253621824932
186.0427929646718
182.3429794824887
183.6068882015778
192.2246083499095
192.1238003173321
185.1581348392534
190.2367954156509
182.1094938306226
182.0496879416829
187.0428487605089
185.1392490579512
184.2514423827737
187.6789222759092
186.3418306350141
192.2438409723177
183.5182146740146
181.6937889679601
184.1315444192655
190.1107316912902
186.1589467213078
185.1216304848682
184.3360158811372
183.6790714558513
186.0856912287728
192.5321049748333
189.3176832988125
185.3828113122635
191.1015903050613
182.6986166484275
185.4449994123361
185.2613614888919
188.5690149124717
182.5048024092841
184.4180418212881
181.557397444991
185.5542077700135
182.2497229002389
182.8982308851062
185.1379961173092
186.5076927530835
185.0127974095059
187.0532522520351
185.1394426844938
187.2432338303895
186.120924155703
187.9329318260444
185.2656833599291
183.702695616257
182.4275451760558
187.2062881490966
182.0756771133686
181.2649922095003
185.0679341377301
184.1802050550122
191.2214809056993
191.1432316716771
183.4815156198865
186.1164856155199
183.4224893328615
189.5637667107239
186.4077669662514
184.3461486360848
183.4329870351662
187.4192904635306
190.2896582759908
190.1271927608594
186.5891789720517
184.0142644883318
184.1769229345486
183.1498025201145
189.9365692228604
188.7630928013255
183.1643241873239
186.0934920307431
183.9954035645335
182.4968115474004
183.4578375373913
186.310412209618
184.0821987195956
183.3785666005443
183.2793200226351
184.5736502134105
184.0262379805679
184.2212398232636
184.6997832225716
182.0657188368461
181.7339015281056
186.1467406064664
184.5175790104634
186.033549736844
183.2698951629942
189.0657869431141
185.1012369415428
185.1018000078618
185.0803410291651
184.1136201982465
187.0293039742564
186.0375381880343
184.2040020356228
188.2438659504001
181.508008177417
188.0385017349978
187.9610550951732
181.1136055184386
186.1054588865331
191.1256675885923
186.1551711807249
181.7842700321891
186.3753879813065
182.2934041366867
185.0976086008033
182.8140208422427
183.0047334887055
185.0593063261146
185.0258521715221
183.348277714866
191.0357199002025
185.0761341876207
187.237196801124
195.1943483628826
187.2068493751895
186.3674958875143
193.1641172483771
184.2875547917719
181.1404570924939
186.0318107690939
186.500112948112
184.0336914549211
182.0067847274409
182.0345522883513
184.0405415058875
185.0098579369764
183.1585595418838
183.0676737582401
183.0099176764674
190.1389256776453
184.0312830856066
191.7061784163088
183.0148155129397
189.0039612936697
181.3530340276523
186.4474219485662
188.2684955323006
183.0123544244869
186.5938978739891
184.4857651941158
185.4252649768932
193.9368012000366
184.1285667696004
183.1949826289087
182.1206273995971
186.2478593441597
182.352675243876
184.2796003336386
184.0422980080746
189.1749601514416
188.3509391729352
185.3175093010285
183.0267258005798
185.2015739962219
185.0463948489543
181.4537521927504
186.0171870672479
189.4193923948876
184.1916321074808
183.081157014254
187.2791217423433
191.330778306103
186.5482908882051
184.2522746947098
185.1039606140402
186.0124751440442
184.621560226667
181.3261069825469
182.1917928752659
183.0111788171106
185.3586344124467
181.3982968889336
183.0909371832614
187.0179526984084
187.4295122787152
182.0812754537345
186.3233622527305
184.4786595297847
185.0388544187563
186.4785824381135
181.1398834704129
184.0387801457155
185.6815666320172
194.0341757029568
182.0695639948083
185.0053917249026
187.3809801142079
184.0151450645398
185.3417733425108
185.0438035238414
182.0967532221182
184.2109317791314
185.2382997092897
186.3708856908027
188.6348344197444
183.3992863507562
182.1250925584632
182.178035727329
188.0142735669964
187.1905808712425
183.5608970981695
183.1593875357481
186.0958926299152
190.4219930115579
183.1568587526226
192.306617148247
189.3858526797163
184.0107904003944
185.5681996785232
187.0434502976723
184.3879209659001
185.1440029908269
187.0199703873743
183.5426795238984
183.280533572861
186.0587784018981
185.4941245854945
184.8925758824625
184.1559600817325
186.0531616843741
194.7793575335609
189.0775987405241
189.0090036559099
186.0381349704494
184.1404326117897
182.2746364602351
182.2125357549007
181.0129734727395
187.0373797239139
184.028068757504
187.387994725695
183.4770607451053
182.0266878182024
191.1441438178673
183.3700226009881
185.4174800517726
184.0455777549599
186.5019996012702
187.1300031869817
185.5554583390213
185.0881316354554
186.3087649750284
183.0190214121296
184.2710396849246
183.2140835480501
190.268625887653
184.0641827432461
184.3451366900917
187.1956275094721
187.4027593911555
182.1063844012476
189.1534036547824
184.3780098776761
184.021521679703
186.3591738200505
183.002169721061
183.0354148549921
186.2168008437754
182.1350869824556
186.3817551759693
185.1555590070203
184.2891017270596
184.4604239016132
186.0351791170891
184.2437382453503
185.3739775885699
188.1342913286293
183.1981809012456
187.5951164441611
184.2527717957747
185.2030485087247
181.1281179809035
186.5079066265833
185.0321994185738
190.6604159046047
183.1152019161383
181.6297700200157
183.6356007105118
187.7296251068411
187.0653418166212
185.1809991716642
182.4774355764901
183.2309779519926
184.3022594552631
183.2035278092093
188.3705080637087
182.2407717004494
184.1093554353894
182.1574274021909
184.0906245423235
184.137719050853
184.5880202324248
183.0271881519414
182.2987327213098
187.0372208938409
187.0411939886861
184.2939674948248
183.7341131225403
185.1319792312515
183.0039931730674
184.0204056098488
184.5476020253453
181.4246113993168
183.1742410560373
185.074989492126
181.4275674455426
183.1552781471768
186.3467895127591
184.3821332852934
187.1158348214716
184.0658530841029
181.4777205474388
181.4428635436893
188.329879951043
183.6990652096479
184.0229966054998
184.0209646198504
184.7708567649584
185.0287737764639
184.5917906455073
188.1107128558181
187.0700664016694
186.6199433577353
183.3219284181778
183.5523994107744
187.1629847033447
184.302982237398
185.0341460342473
187.0635260339936
183.0413141188064
185.1811669231954
187.3175238154661
185.0671807887354
183.233034128538
187.012719544545
187.0872216085867
187.3164865871177
190.1761862083666
181.0945274479878
184.3368973579634
187.205317876952
182.2546366951982
183.0222703356353
180.388839438919
186.0834849955096
182.8029024491434
184.2383702807392
183.3949609782005
181.0025565837646
184.0407786210178
189.2775364781571
183.5537968237553
182.0488968563741
184.2590097609153
188.2909721479611
186.3748605239305
184.2819950586093
193.243637381386
183.1065310305407
185.5438464723435
183.4229431338876
185.1654295742521
181.7499054367202
183.5585356275083
184.0221619403567
181.3116908445938
186.226395368021
187.0513537194701
182.5222561074894
184.0817350905558
181.3324573887397
187.6190462974259
182.0873147253191
188.0558027765935
183.735005644146
183.0855053074169
185.5555058278032
188.2825996553501
182.7000123190414
183.3665345326648
181.9314269036158
188.3407204688841
184.467506839981
184.269977572992
182.2381431443642
182.0075959528021
195.745414351558
189.0591617769201
181.4038108059633
183.2121817974517
189.1245712545861
185.8670485569836
182.3995768391654
183.6791119843441
186.4535076507568
185.014254781921
186.4200918975646
183.4828432934144
185.2978589766337
187.3039184699239
189.4721458309339
185.0668372382343
184.0054954980258
182.2010720460716
183.0492034459104
189.4774690057726
189.2746149393448
189.2251789929826
187.4453503024367
186.9955313490303
182.3748908853872
185.2182632746251
183.0414433593987
184.1515435452388
185.0057128127659
190.0904918934908
189.1222839849225
185.012530962612
192.0893575041319
183.4630710188644
183.299987453364
187.5392747128548
190.6869301406276
183.3135731364324
190.0758659412834
189.2071735985035
182.2884165696716
183.8775989910077
182.2377884016319
186.0931115766863
188.2095972766034
182.5420320973028
184.1430321833001
183.5394499221964
182.3487934075144
184.4656011888706
182.1253778571151
181.5856145849893
187.14087708778
189.166909485758
184.468605077808
186.877145548358
190.1527435698653
186.0443409048185
185.0467925850751
193.1114371786251
181.4309023192818
186.4190380280657
185.05178607331
182.262133416176
183.0808878687001
184.2044072067803
182.1958059628098
185.4500105178903
182.0106776014042
184.7543925724128
182.0395385829066
183.4004278596243
185.0060737014656
194.1429145685588
187.1683100089166
184.774450384614
188.2247345925436
184.6164549277378
181.3164284666688
183.0160761008735
183.0865985462432
182.0940012218209
189.3751457604237
184.2631528645064
182.2911945587247
181.5005413651058
184.0889411406885
185.5540162986462
184.1603865884871
186.4522343110077
183.0938278067444
185.4062920475517
186.5523361245037
183.2826107170105
184.1084611771317
182.0473790754649
183.0295700048204
183.3787044469002
190.3897441628538
186.1889856986637
184.7100061090951
183.5844028782266
185.2933549600945
182.3031196027891
187.5119267939174
184.0086231310431
183.0561938269559
185.4923064512473
184.3098110741145
182.4214642830477
184.0869753365495
182.4472986169148
184.2677328897686
185.2745429009122
183.3841518989977
182.7137421085629
180.4270874436314
185.4564964059715
185.5752822299954
184.046999510515
186.7601006451889
189.7000231277207
182.5688358630786
183.2530310860627
187.1442802789758
187.5533451639266
183.7341331582168
183.3565447918371
181.4972897771527
183.2378880459141
191.0887040384588
188.216451193534
189.0437150844233
181.2917052485835
187.0269426063457
183.7718267366888
183.0925695397634
187.2302180034547
186.1679495786744
185.2028159588554
191.3828075262605
187.2202950159088
182.1051754966448
185.3096355611981
182.1487199166259
182.2950432634336
186.8139685378527
182.4365461425614
183.4580370444889
184.3312831944057
184.1993465191006
185.1726730891299
192.0366040874126
189.3759448692149
191.0214197429507
186.0853865033044
186.3616252562345
182.0889967974569
181.1449174213437
186.2874037131236
184.1977366033981
191.4294483955333
182.0801545371621
190.4758835537065
185.4047141936214
182.3539405783034
182.120207024623
186.36658227118
187.3912520710978
185.9450510211032
187.0208067755989
191.239330350641
189.1999104435346
189.1108433109974
184.1073547430296
182.0470510672336
183.457896795926
189.1004206604148
181.8263909259558
183.4422091821303
185.1149836697927
184.233957841507
185.3809416127216
184.3717232420364
182.2364606867816
186.6563492549412
183.2993250961444
186.0510629842037
184.2253426602919
185.1847489764914
184.7194545320169
185.4522166824535
182.2587182078863
185.6626351602264
185.6395766379667
184.3655928661674
183.4891574357999
185.2917236238851
183.0665487546244
182.1596830692036
183.063526673218
184.199460213503
186.2419638172004
185.4913108820681
189.3320052231742
193.5850526242518
183.022731723695
191.2595621161521
185.0264188272434
186.0413774655536
186.6112412012483
186.4399431684815
181.372103584434
184.1336513363766
180.1166148714062
187.2083963083873
183.1144620727251
181.2233466047357
185.5399688556419
185.1057915409765
184.3363280216878
183.0392286773692
181.0254357000038
185.2277181482052
185.4942455871621
184.2244867011495
182.0467388472568
185.326173209175
184.2552558009603
183.5685215606885
183.1851555212559
181.3101171215787
189.1286615131584
182.0029211897523
184.7746822529312
182.2783910512669
189.1488334373896
186.5409766711165
190.1706153278085
183.379113062203
189.6199944887012
183.2689299571348
187.8147508782577
184.1511751921958
184.1340279135022
182.2768727155272
183.0059477305189
188.2210865240728
185.174853256222
190.4323860351645
187.4599252446741
185.3599032254256
182.7053128370827
183.0456341732269
183.2459690276035
187.3410780371102
184.3033468438837
188.3342850214494
183.0892345048918
182.6286030693282
192.0021774899456
181.097126808305
193.4572128849525
182.8107710559798
183.6856714322149
184.6680565931079
187.2981833299224
185.8746994083145
186.3324621955197
184.4532129341892
186.0867165094512
184.9638394977861
183.4265836032925
182.4876556283257
184.636789324734
180.7573191528259
189.0137079771937
185.0461854497429
184.153349330899
185.0011115144821
183.0188220070207
193.2481656184428
181.7310188352467
183.7414956798672
182.1814947658302
183.9009532564189
183.2454508622553
185.0608394295836
182.2638912676677
188.0818258665471
189.1717143726534
189.2270106934367
183.186044628648
183.4468335296784
188.048056283125
183.1004535660331
184.6865567574691
189.3671527899195
186.3218368513679
183.2065574780165
184.8224444781406
186.5674842568733
186.3403449558678
188.2945004429951
187.0517522479875
184.9985968799902
181.4226968805166
181.051441124617
183.2052831392384
185.2156331340939
184.1816563815795
184.6967715453686
182.6696256124272
186.1422490795431
187.0202694492945
183.1953949453228
187.1002404353033
185.2571229364935
183.6487797685959
187.5893370493405
188.3400761812192
185.3266027040374
188.1690895633837
185.0104146363437
183.4208138771349
184.2188696641575
189.1277321846727
187.4687416073843
184.3820114729809
183.1760739074344
186.0864402217054
182.1527300498709
185.1501212160023
181.4706134032125
185.2857505012307
183.1238734961972
187.1098373226622
187.0854180775615
187.4896218525601
185.0480760360733
187.7371530512009
182.8243867262626
193.2725137560677
182.1510427838772
187.0605202394538
181.0725469051263
181.3708451338801
185.9793335163639
187.0987353823341
187.2742246160514
182.0850755896365
184.3089722472675
185.2141118248811
183.1134249169841
181.058569445418
184.4364249673514
185.510749298799
192.2786010551179
182.0884323327564
189.4780616885511
182.5598743540259
186.1490955588002
188.0269483696967
187.1928869866654
186.133893785162
185.1623689953449
188.4574255009384
186.0160176831507
184.0993921801085
184.4478033090766
193.7526080418517
183.119945601996
187.0354160014819
184.0207685611105
186.5047864014954
185.4278618965294
182.0361158745645
184.0769293917903
187.1037220986302
181.1387186833075
190.0687254911201
185.2959229567203
183.2825980565049
190.0094925059557
190.2884920554432
184.1923465494062
183.1085927199562
185.3158341992047
182.2415967609124
184.0316536056648
187.2877946241572
182.0659607562696
189.1685288419481
185.2071327691382
185.7727465600598
186.3339330802874
183.0191058585556
190.1400055822627
185.1321717468797
182.0731494447553
185.2602811020818
190.221440706664
186.7897059071405
182.3526565659319
182.4305106630594
185.0398332673998
182.4874132400518
186.1868189416259
188.3870913029734
184.2128975894606
187.1286934817173
184.2735945827164
185.1832759304395
184.2094172693232
181.4477835452952
188.3982667480153
187.5778054224973
184.3829365469173
186.2089654720456
183.8696197643646
185.3353100312061
184.1308811103223
185.8799149643816
187.2689571545484
182.2689312613017
183.2203738975056
184.113508916951
183.4462479743409
186.1727924928907
183.7178456911068
182.7135230672633
183.0613222937683
181.1380040062484
181.1498656177902
187.0751752398951
181.3403092197795
183.3551656132612
186.0063258275263
183.0281281193985
188.0425589790357
193.3192568359524
183.8697000040599
192.5110786911655
189.1238425950682
183.2151587887417
185.7347121105782
185.0042820426934
183.5017883745725
184.0997991223858
183.1787315238441
181.9968950708035
185.1147625613621
181.0359649225678
181.7881764670869
184.0821874087528
182.2237629392887
185.409890108718
182.091598402044
188.4161962811116
182.5998612824918
185.5769163637213
183.5331605764328
183.5211372045886
188.152144858966
181.3498730948609
183.0190390037297
188.1507820343588
183.7884323465088
183.4381769088484
183.985746602323
187.0095592434981
183.5960121283759
187.3286305942435
190.2284533867122
182.6355391112223
184.3654939439362
186.2270381428352
184.0853662206755
183.8553959906827
182.6330404141679
182.0202616513688
186.0435230307012
185.4724154031859
190.0530779842071
185.041213167896
187.0829368010144
182.8033224817601
186.2992519555372
185.0666532155728
182.6170799126828
181.0150064499799
189.4588234657158
184.0272981046891
185.3216116170251
191.0089777713339
184.1464639811775
186.4397432905312
184.1116472125187
183.0964372185485
191.1090430572899
188.3412845988125
184.7731788047107
183.5565488568368
185.4189440368839
186.2609925696271
186.044071906001
181.4720357189034
185.0465832823039
181.7535881270906
184.4040810181061
184.1844075359418
183.0810625297067
187.1915703303807
191.3114515341634
184.2832214974412
191.9635541968938
183.0925753886286
186.2860382535977
187.5397792663342
189.2794148525377
187.046833768273
186.4226223623593
187.3542143455186
188.6736203489946
191.234571136043
187.6062005136401
184.0443929787837
188.098057665269
186.0061051048725
182.7007501086018
186.4593875081982
185.0643252759367
184.1979428358421
182.0466587154518
186.0113128957625
189.2605307549685
184.1208020854939
185.5556868515724
184.7284729084505
188.1780963617536
184.1836575814815
181.23586645922
192.0599828318868
183.2907294056474
188.0389161999098
183.0543457523901
185.0873455878042
184.0968048632482
191.344753678023
186.2097772733166
188.4022233590898
184.5300605845912
183.2900439369355
181.5319152260889
186.460928891367
192.1185550188993
184.519620201742
183.0521313471672
183.0407959429884
183.0433061808624
186.3011546859345
189.0706308355489
193.7749963255649
187.0247135073728
185.0983868426206
186.2661900953267
185.144479577755
188.0799992430395
185.1121053639429
184.1611038172601
190.3842372493661
184.5411154279338
185.0364575987408
183.7626446240219
185.9031213896704
183.0643829431903
187.5453699781574
183.3134004442371
184.0298168526813
187.2515451184703
182.1757818974468
184.5365999949977
183.1500466546821
184.3263802619286
183.8457381288927
183.1001130241326
186.0746766565503
183.1904447864459
186.5380463510898
182.0629559376896
195.0737275565372
189.3110790113532
184.632421408336
182.1807791403182
181.4276619297293
183.4505762229296
186.6541862815371
184.1356474296907
183.6699536648975
183.031219473993
185.4479399470553
183.422886004172
184.1013560038355
186.0297610891599
183.2002096284355
185.0630587002518
185.9179203554603
182.4182805454482
184.3861835257733
184.0246693499355
184.0052577712853
183.8543514970547
192.027673528607
181.1178977684025
186.5029223321663
182.5949861551341
185.0611471749297
185.322406681845
182.1274760261159
182.3350879622125
190.8182789858808
181.1240035118654
183.3360777544339
182.1365257089268
182.536477483344
188.2659924349996
186.166036225278
184.2337063850831
184.5179021805446
194.2517869539578
189.4962613311679
183.9569719820165
184.0302541488789
182.1929153011862
184.0772897779357
183.0622134804333
183.8823632474294
