246.5564267888466
250.0474566098455
259.3284073952693
250.1432216896886
249.109274511334
247.2702360940113
248.0546062464279
251.5814794325971
248.0479333454723
252.375040631003
248.719547208804
252.0680874660307
248.0357703406693
255.3210096205811
251.2114903032525
248.2448196481737
248.3363538756099
249.4562865152463
250.0351005716526
252.4057799238821
247.1854182820376
252.4401410341941
251.156265393083
249.9685620353659
256.190878061151
248.1013198650115
253.0101817529729
248.0249609509343
248.0212363735416
249.3487472079693
247.1621230974312
253.4774965680801
252.4772320358338
249.0668156194188
255.1158728037053
252.2504239837953
251.1248427745485
254.8188229823722
253.1502177028416
253.2050674710913
252.054703139208
249.1482279167277
252.0056191397271
255.4993719904669
251.0618219098583
254.0443541402065
248.0590938357085
249.2183017779356
252.0417295115098
249.1879674495151
251.0899757208826
250.2236072938018
252.3350769547556
248.2591058570395
247.0563369464984
248.6985983555581
249.0572855021998
246.4197846183689
249.3208307715848
252.5442622094153
250.2979883753752
250.0498774694726
258.0418335431356
250.2343369401852
249.2217821493809
249.0062089449736
250.4406570002564
250.0915367159234
247.0708287499823
247.9307308472791
249.1115501971848
251.295938824077
250.7717790251001
256.1558429299143
252.065658938228
252.0024959239496
252.3463175956226
248.4949839915312
247.0442596771907
247.554093953433
251.2209485636754
252.6461658927471
248.1019176836998
248.2638769000342
248.2341482293994
251.9607149606642
250.2820198104442
249.0770512624009
255.016254843497
250.1001432095318
249.7081130726144
249.1406583076291
253.2580626542375
251.1689639492037
253.3267508429473
252.4656671794713
249.9215963790398
246.1005190572816
248.2225215406139
252.080039913731
248.3041104561303
255.1956660044551
248.2958798456473
251.1144363418235
256.0983034213726
253.3235260276269
247.6548438190999
251.1012390123921
250.4224046265064
250.0798082202332
252.5451351883844
252.0054104919246
251.2739424230017
253.341265042973
252.892981530682
250.3894604670439
253.1319111542594
252.3609287052863
249.2090892214011
248.0516269253736
249.4706392170338
256.4855480752021
253.3817033552273
248.4711963948834
253.1676588087072
250.2230078990191
249.4062398764129
249.6921701837915
251.6721837679574
255.5170671532775
249.0839097897075
249.0403493762593
248.352925093373
248.2814950328658
252.0783073576865
251.1358946876273
247.3594405492313
251.5217826052568
247.492566150985
248.3938897418622
251.0950083030174
248.2052746873619
248.0630590218909
252.7955126515283
249.0754340184507
247.2283947124119
247.0938888236946
249.3616412770627
249.1065602832502
247.3662716695555
251.2018151830249
249.3177714667297
248.3032166927537
252.392559010625
252.3494143810723
250.2395236980314
249.1310637280542
248.1785122904941
249.7658844613927
254.166078843344
248.079585385629
249.1582946340928
248.2868112105592
249.2413797416574
251.042172790142
251.0436053469816
252.0501912711127
253.2930973273821
252.162127169765
248.3103104553933
247.1969309109343
247.808805010979
255.0806438174494
246.0512829632165
251.0109889617136
251.168968028734
252.0771516489535
250.2550056990383
248.0135610688392
250.1557083464387
248.5352904960585
256.1954349526115
253.2651023131017
248.3930318002436
248.029484979757
247.1492377166471
256.1006508713856
246.4497274378438
247.3878539912025
253.1816276719707
247.2393909560648
250.4972460950122
248.3630046720678
254.0332967760543
251.5091885554748
251.4042710306422
252.4766681679053
249.0078852707654
249.1468638933887
248.0470898640352
253.002929974874
252.1894291811427
256.17993103384
252.1670702031684
250.0404294399471
251.2709908669439
252.0847627135266
253.0124120344553
249.4873944493586
249.1112140822895
252.205059107169
251.5555246428777
249.3780345844645
248.0676661638516
249.0353551044221
247.0372134724698
257.0546601063549
248.412789796623
252.1027195919366
249.1806911086136
248.2139971690019
257.6968458453572
250.6054260410286
252.8742791629585
248.9287326602833
248.159353546979
250.0327300172373
253.2212664967221
247.3416671965206
250.327721231735
256.293317205153
251.4671410303347
251.6285988747997
248.0316566864125
248.2570236627988
261.1652323390704
249.1906410167302
248.4650856672416
249.0420653264111
256.0091491482597
251.1461155418982
252.710262314897
248.449817514081
250.119164345322
251.5413239637508
252.2610251369939
247.7892543877313
248.1702996755425
256.3871712572204
251.181020008427
248.0825912959299
248.1188235553907
256.3932128079419
251.3868365934122
254.8581803239183
247.6522074160858
248.5110485563407
251.0866573720465
255.2589660856983
246.2409039086669
249.2084565254902
253.0857368339538
248.258020407281
249.1139842841482
250.1270667019198
248.0455736545499
249.0186108391499
252.3146742276592
252.0267356046531
252.0022678932759
247.4520188541562
247.1569327398797
253.0480317886344
254.0233915437569
249.0097172287915
249.0426716335783
248.2607840538105
249.0054088932391
254.2351006070425
250.2172961186006
250.3324643838889
253.0717236694483
249.4143330667067
250.2880663150216
250.3915379040133
249.7899432327602
249.5944918290524
249.3917870975428
252.254119546578
248.1839169108622
248.3824542699597
250.1561445612067
258.2267495393673
248.1381098251603
251.1043406874562
249.7254593146355
251.9325185993138
248.3805035322079
253.1803020077416
248.0062995615933
246.217253021316
247.1797445647718
254.4402809536232
248.585611316189
252.1667001778716
254.2131227617992
250.2506113001422
257.0726312739195
248.5496491509667
252.0630921374204
250.0976691039506
250.3494908833042
253.0879432810788
249.2191260296062
252.033315522416
254.1583222214244
248.2004836787129
251.901810003603
249.1167668255562
247.2268862222295
248.5962739214118
248.4690647187435
247.1323821195364
257.2558436686787
253.179135127314
247.4312994876598
253.2951085288488
247.4520341348641
252.6294809908617
249.362977933616
248.5083130526511
248.4191214180189
253.0394473086626
253.1805571046132
247.8094085471081
251.0682851119856
251.24653567435
251.359100464141
248.9045904560846
252.3705103983603
249.2764187815393
252.0776615166883
249.3996492386231
255.2050702732089
248.0985206876007
249.1213898771359
247.0121648016911
247.2494349008697
248.2267520277282
249.0445595618998
249.446825025229
251.2376800507003
248.0293151000999
248.1657834093232
250.8948296997742
250.2021454955011
248.0166664969405
250.0277276263431
254.8084099254626
249.0182805080445
252.3997943246
253.0984098949814
252.1983720289886
250.1273075881758
248.1797254147181
247.0682039694934
250.2254110330249
251.0257540947885
253.0962976274487
250.0033175976556
254.4609749770395
246.0634112382417
248.1516470476118
248.0001143122207
251.5860453455298
250.6705376577743
251.2143060838292
252.4540384647916
251.1552140851588
252.2376292859294
249.7573251678761
245.3223368066558
249.1844670150464
248.1665729829865
251.6572822144635
250.2683631914281
254.125809717861
249.2878402326368
251.1956117875027
250.3249144621572
247.4177329735194
248.1462484124403
251.136509842826
251.3375560187986
248.5496366284634
252.2083429651431
247.2361191306414
247.1096292610822
249.5872965689124
246.0553965123053
253.3808232931129
248.0444458784017
247.0213584335754
248.161613730959
252.1314497814132
247.0441029402787
251.0509103907743
252.4212589838653
251.238978974866
250.0740167986644
250.0217512641957
249.0496421808154
254.2471753069229
251.424629334437
248.2227372997134
254.2634525545768
248.1557094894949
248.1158249286083
259.1425800112283
251.236725775501
254.6094283575407
251.0893067356778
250.2572870882069
248.2086608373031
251.7895667134044
252.1556969903585
251.0703915156846
248.2872767102252
255.4338336885201
250.614497738593
250.4221400463135
249.5324646878557
250.2346035052109
249.0284160770181
248.6022334061958
256.1064329587815
249.2048166695516
255.0402470719671
247.2238013300082
248.1301780962307
248.2348039386325
248.1691947903415
252.2355112160283
246.0433862388111
251.4326787024092
252.524736127896
255.0598432702036
256.1834779208391
249.0016716667937
251.1742857602165
250.0963734028498
249.0328047890368
248.1284872435265
251.6122090608671
247.6279831725742
246.6408841365611
252.7858584075358
252.1193326203625
249.4055450306082
251.0458980250178
255.4430842033397
252.0305084508055
249.0196562240772
249.1589021159526
250.1188139144413
250.0942593291522
250.5130603366835
248.2395724905371
249.3174144935637
248.2949656674507
250.2356522981549
249.6454641962116
249.6834801277845
249.208216148771
250.1197927836625
249.2384350966051
253.1541927038309
253.2212931219899
254.0400484431912
251.0507023022261
250.1866040005845
248.670272452311
249.0756898342279
250.0219923483247
248.6887741847276
249.4792846102941
249.400801710224
251.0016578052332
249.1307925061476
250.3351855328684
248.8360872643959
249.1898822443549
249.105691999165
249.2046717310471
250.1546439243357
247.2233029130952
253.0510118369199
251.3471033748469
254.3336348239471
249.0896859460337
246.0041946440384
249.2071263682336
246.1743979927027
249.3925855159328
254.9023579194423
247.084183073519
255.2762288235728
252.6792202002379
249.0331700682683
249.0448199316971
247.2016923796708
250.1015400316992
252.2834546887819
250.5419453875904
249.3934861911349
250.1347988212009
247.1164159207
247.8008794327595
247.2715664583569
249.7622815770332
250.2307080478619
253.7861521855282
249.7769392299767
253.2031397854238
248.332503983743
252.1218061113548
252.150021223679
250.7391770738807
251.0325420703393
250.2282934850216
256.4381855512692
251.5377850463126
251.1524584637918
246.0953534578299
249.0973751275
252.9719383793431
248.077456497618
255.0676908255821
248.3355237007542
250.1852321539368
250.3158310334734
252.1170906007179
249.0181826516274
252.1230486599648
250.0403539677249
251.1873922620711
250.1280960599059
250.0225275254628
248.342930687022
254.0199338709658
246.128060782596
249.0378585093409
249.0661277525209
253.1131775004648
250.1979231137286
249.0590741191466
254.2702268934843
251.2207856294314
250.1688452621496
246.0919848110988
248.0289448118825
248.4786613949417
248.0896302111396
249.0461682515893
248.1999753898409
248.4383822671549
248.676208706466
251.045400938445
249.4099144100473
249.0181631702985
247.3356200585373
249.5854076779666
254.4265182827412
248.2907965970454
251.0275176534056
246.4594478614465
252.9693707935751
254.2294844272928
251.7366442474212
249.5458706905265
250.0702827200274
248.1689204611575
251.3885931565313
256.1178830316294
248.8320435840259
248.1838685067393
247.1332023608817
250.1054408364525
250.248209103522
247.0862718192084
248.648976307835
247.5714900989675
249.2014795100226
250.4909939068437
249.3685332510528
250.3220773708599
257.2710016937821
249.8716667376681
252.0155329443089
251.2355703199433
249.0198144578804
249.1033098708758
250.3677111391254
248.0273437145205
247.005451396858
248.435917306419
250.3177901345713
249.2181944000469
251.0560172250852
248.0247337971003
248.0603643704251
250.2404874981284
247.6658704952137
254.7426703829786
249.0203019681155
249.2878026662154
251.8432888783753
251.1557782949553
249.8146834853657
250.1085575396704
252.0719894269646
249.1882086778566
258.2512594312691
253.9728134066536
250.1080880516793
248.0989724783094
253.1540700089995
255.2965352093278
256.028518712367
247.7715089408545
250.2541470789885
250.1793625386937
256.278277373547
250.015948562666
250.1657118302119
247.146420996698
252.0773939956284
254.2742675343789
250.3902019791393
250.2635432929713
258.3478377893811
252.1268754697701
255.2514980806077
249.2075175602475
248.2274694452211
248.3739306086116
253.1811585577061
248.8245963689151
249.0077633836074
253.0905017034828
249.8023794070066
247.2436820137619
253.4136227523097
255.420479079404
249.252827565632
248.659426790975
257.3653201841281
253.0310667798608
249.6584212505564
252.0742406600909
249.1225672986954
250.0279336118184
251.1218840682701
251.6617477130119
248.0062346995757
252.0896391586872
250.0706336926964
250.3587706252756
253.0160190903415
247.1057559818391
252.1820078327977
255.2120688706546
249.0468110724267
252.5880096575113
249.2216694613175
247.0356390169886
253.0360905948418
251.0733353526674
252.1507917352853
249.6124460284899
253.4918532592016
248.8804209028074
250.5676897459282
247.1544794196812
251.5944291323432
248.258276571496
255.6839221619771
252.3383294768234
250.6039636698137
250.2925984872604
251.0084179804317
251.4421252418851
249.2246002775136
248.4959040452909
249.2065380011279
250.0058699745998
251.1729988625846
251.712282631083
251.0420615175591
248.2635573175007
252.2996196091408
248.3480026543488
248.1920612291858
250.3743684788798
250.3985578613422
251.3288278919283
254.2098971967939
248.0410974711506
254.3930728980807
252.0785886553268
248.6728181355793
254.4162757474791
249.1553419167333
250.0211775521821
249.0417357328824
247.1183236790073
248.066931656098
253.1891596064713
251.2878254913337
248.202217344337
252.219689186186
247.2199977161962
248.0300625317696
246.5182284799754
250.0751640767598
248.9942649379255
251.1744467541401
252.5455868570138
251.2503538581288
248.0761248713291
253.2870153516288
247.2205282097339
259.0847913723725
249.765732934927
249.1426694860892
249.1115300135014
247.0548081170579
251.3850408759091
250.5649908486125
250.1917052936994
249.4610152004032
250.0508015033123
251.071962844439
254.080596440879
247.1443876477308
251.3650319677708
251.1676141048098
248.0554684549138
251.4044493736777
249.0596679190282
252.5084014210108
250.2099004320373
251.4434315762088
248.19041760046
249.4218527582902
253.1633373155508
248.1507624523974
249.000341770528
252.0347629724355
252.0975857794396
247.9498233957574
256.181773304664
255.1551140285275
254.0628390710643
248.5960946941302
249.6665331595897
255.2689491993489
255.4737680972891
254.0630048923512
248.2354390257672
251.7789548603051
250.2519781438658
247.2366818651019
250.2566355737465
250.057812393888
253.2038809460816
249.762677705583
249.1313032848347
250.1806220764117
251.3879458085178
252.4662477486111
250.0002813712929
247.1172649882471
250.023168140488
253.1281346381831
249.2773664880942
252.2345034407146
251.043562008591
246.1608563245887
252.1722251595302
252.7861742904272
248.0789110449958
246.3245009428401
249.4829037818262
256.1603324460962
249.2146520075636
253.0631443303793
256.9867555616309
255.342303843419
247.4124018029271
248.0388262746903
251.5133965350163
247.3533274251558
249.1918992101861
251.7512239182439
248.1800893619949
250.271929186178
249.3074713344159
252.4349656450165
253.1079119337399
252.0025989610287
256.0782095711769
248.3880040609173
249.5468064289647
250.0756173933137
248.588425257322
253.4634076516514
246.1823485689676
248.5814760026455
248.1256220115245
248.6507773386571
252.0959078172412
252.3256390322936
247.9043526848304
250.9152511796728
248.2190806968025
255.5492752539734
256.0245021768963
254.0762056305913
246.9596200269311
247.1518296095965
248.115954658988
247.2775616560782
247.8700124489078
250.4272862925685
256.7091739642208
248.4170441343238
248.7303467378401
249.8963786885985
247.3106122822172
250.0312859992859
248.0894610692045
249.8554596884079
254.4758904049924
253.5276145124952
248.314123772623
250.4734855117288
251.2447508800317
248.1510341241427
253.3401699123164
250.4764256970657
250.2981112612538
249.1845488536173
250.0606014897171
248.1316804338051
248.1040140470033
249.1962920553249
247.9381932980426
250.0166858196327
249.1888473689255
249.2289022765486
252.1479312581593
247.5017648879763
246.0092342010779
251.1651996131318
249.0114815357334
248.846138607996
248.4210726716985
250.6246654410586
249.1169724177337
253.2054948650754
249.0277302307121
248.1177026035565
250.708537139307
251.4545828567607
250.0847917277836
248.1667121239443
251.3822593777084
250.4326316480318
247.5513413619675
255.1206232963516
250.6733627773822
245.1051145167637
253.9060351257267
252.1824011404293
248.0789161366644
251.0351193361638
254.2990181877451
252.0897794605347
251.0650560994175
246.0496660868186
253.588937866258
256.2883429835294
251.1799036362078
248.2393444342424
251.8059125679227
259.851066485117
250.0257453837742
252.0699642142065
252.2661876467878
255.0534953926205
249.3542902122321
248.5140679873468
245.4225127516957
250.1476829775702
248.1399854174657
248.2724864076211
250.119329056718
248.0344350768002
247.2618579381764
251.562193132062
248.2033936087408
259.3502331583554
254.3338243692351
248.2765970765355
250.139188393283
250.2344871010247
250.2280334843808
251.0574075267623
249.0799891844627
251.1441170044284
248.3849555204055
248.8854324007819
254.0606840395038
251.3678144044658
251.1618577733637
252.2230724230117
247.1173121627122
252.5352388726618
251.42432379933
246.1589631838419
253.9255284019913
251.0743822957525
251.4310798284995
253.2513706773472
255.0892561588448
251.3559409500815
249.0448132597922
252.1749593104545
247.0199728082366
250.3263938532795
247.1185637036887
250.5975334472038
253.3009243461703
251.8914647937543
249.4548773683618
253.5333970737286
249.1554176846664
251.7889156960343
247.1366010849634
257.0190202785998
248.2628753861408
252.0859834222258
251.1343060153806
248.1350234256049
250.0536510288301
252.0541349287498
252.277198695911
253.4478584093209
248.0967220281258
249.2030974399368
248.1089908900874
252.4481553757
248.729361092879
253.7954717843896
248.1000848114476
251.4342479756576
248.3303199988341
255.1050636821446
250.0387739533079
251.1503721025353
257.3365586302704
249.0527320061731
254.3368263812499
252.116944884334
252.3092581007608
252.6566102387477
248.1598446696694
251.1990513661684
250.0664552390159
247.18966603624
247.1859600520578
251.0087931596721
249.1968545650176
257.357359446205
246.050752273796
253.1056206968575
252.0407491552803
251.3789263874749
247.1526141915168
252.437536989838
254.734200952517
253.1023012684398
251.3220514368024
249.3872599647146
251.1022473660615
255.2516521125508
247.0991291192767
249.3903749611277
250.131875223173
247.2572282446893
249.0959927254877
250.3456833840351
247.8969474227958
249.0144920237092
253.3072740691131
254.7354778265706
250.0843286089367
254.2922138787382
249.227084110771
248.555796646102
248.3027896622978
246.5782196310286
249.1286614884656
247.1509096155216
251.1525557628477
250.0110908961161
252.9212807461849
248.1582703503448
252.1936959361921
249.1219240881373
250.0480616660248
249.2637848866724
249.3529430895532
251.6493693998289
253.9397794474437
249.3170256610068
254.1264086117121
248.0169005276677
248.3314226764186
250.2045469621517
255.2203497737823
254.2482473466408
257.1407465735899
260.2032820322195
249.0761109675404
250.0880960773207
248.6679584278194
251.0577587953171
257.4452676009819
248.3047501843791
250.4291031293041
252.5440274877074
250.3107895641421
254.0996217798916
246.2714961233078
248.5626360837373
247.375690555309
247.0867095034603
252.2221998409385
251.2322390881789
247.3658069492056
247.6114863223082
249.4980077486098
255.0434067558955
249.144872800665
251.1898140712484
252.1383829649636
252.4203602213313
250.0171895886971
249.1579344104413
247.3762729827863
253.3045167752308
249.0727604250318
249.303748976993
249.0642140598033
251.128172847805
248.0448592347433
248.1758692990319
247.3641090833254
248.0015235489091
250.2339586687704
247.2661218171127
248.1183936907724
250.4639687612842
250.7202697420141
254.1138861677179
251.4076625963263
248.7644825461302
248.0893262811703
246.0347376251245
252.1698274501429
252.2951118667183
249.144308146901
250.1582725218797
250.448722567801
253.3695208717872
252.2670922651546
249.8565702095607
247.3703258442905
249.1791830594868
250.050219004664
249.0619983321089
249.5237751377016
255.0310760068741
253.3759846800079
252.5747066571133
251.506159800131
252.7798606775333
251.3849500042701
254.5726504395649
250.0267949274007
249.1174341582721
249.0456623052258
248.3306989624766
248.1181769404996
250.3906782941222
251.06858312276
249.5911965822226
248.8645789437726
248.4969607920848
253.3854862257123
250.5139620566351
249.7956972576492
254.2631874996753
249.2130283170949
255.222908805181
250.0670531112173
254.0052938388503
250.0225462609583
248.3952201820258
247.0725241175795
249.1645804161575
253.835070888478
246.5407838624332
251.2941902217891
250.8083736590882
248.0552376993468
251.7208639754778
248.09833381162
248.0945906498492
247.3974343477535
248.4703656316127
254.01413712537
250.2480710892849
248.1173990661493
253.4502315299589
251.5738240938554
247.4582949803256
248.2202227342932
251.0301032581694
248.0674759013473
254.2337792802872
248.0731654388457
255.1978946470055
253.094570825371
252.0632361693571
251.5849854700697
250.1144949941583
250.3632733262434
248.144338702795
258.0585043408392
260.3137984543867
247.0306005199299
248.1579879316733
249.5215325061967
249.0114056902926
247.4776348027814
251.8662252728597
248.2964203567826
248.3461244071995
248.1823492154008
250.0463332961918
253.3936400901569
248.0934545989944
249.0789501559594
250.4969707566858
248.0424799483937
247.3692611801865
254.0993664842004
249.4820766120587
250.0954566311989
249.1579987549325
254.0216910126005
252.9683200456443
251.3354846373572
252.0685504519858
251.7123874867404
248.5004495731437
249.2094872041039
253.1371873686412
249.7021495783905
246.1880231823475
251.0922198358004
251.4021961724217
256.5178945396589
252.0768195105355
248.1202639348957
251.0068526872115
247.2108120932155
248.2209245445946
248.1649244218074
248.2648628178606
248.8404589025594
248.7984884049457
247.1110480561742
252.4097988533431
246.1738815635813
247.4760789339136
248.0216296582302
250.2732985421533
252.1050196586703
250.554900424531
251.2271730644914
249.1416606580347
249.403870003278
250.7097583261807
253.274811315502
252.218798837575
247.1666535126018
249.4638986380832
251.0511886279093
247.630268839332
250.4746445620488
257.5666476634628
256.1797950824791
246.6615641782313
251.1139758291
250.6839599149429
250.0565333345988
250.2880183652477
252.0363114421309
251.5191133360605
257.115329610202
247.8068884315331
249.009128501112
248.3276019013161
249.1035659815985
248.1159321322233
251.2748441638423
251.4904661229243
254.0582307315552
249.44998027872
247.9737418534013
251.7529576846869
256.8801166012486
248.0895282674938
250.1268447709544
248.0043388289568
250.7854804611264
252.4108647171714
259.1936965044379
251.0094233117791
252.0944024056955
250.2163137156669
248.1403826359436
247.0299857678077
248.0006166041522
249.0130943355929
256.1977656119132
247.3682133159577
247.0141180948018
250.1674192012459
250.3562428219012
252.1035848673808
248.2643011691661
253.9455434539724
247.9292059697768
249.0338016833471
252.1981676592025
250.0463817192385
249.3615619982998
248.2172393524953
253.4610021559995
248.2922821308181
247.5698103377811
258.6559285274702
248.3142494640978
252.021245243022
252.019873156568
250.2316086022615
252.2385595916983
247.1466299380325
249.1852535548833
246.5664943707441
251.012724555019
250.6465789657569
249.876542646371
254.8260996444007
256.2110776310445
251.1931893613283
248.0204690169372
255.0010381919577
250.3836353287745
248.2028539227851
249.6006845355903
248.6042807987512
252.0051343369391
251.6316131706389
249.712877081051
248.2396480010605
252.044704146388
248.7033587902717
252.5790998294364
252.7638446133031
247.4400531353795
247.7815347219865
249.4869226217676
248.5775581327286
251.8574133344027
250.3434466893001
248.2532543922592
249.0029206076449
248.4723428305884
251.0077012060825
254.5038084812331
249.8787147691972
250.4468118719222
248.1625653035983
247.1313909076302
249.1243842858576
250.8502559125378
247.0458981846708
248.0733358097014
256.6436022970244
252.1247970671172
255.5720129183092
248.0748414189877
251.1369006651294
254.2528873512882
248.1308327750084
247.3404364506395
249.7225061487382
247.7468633479332
253.0919667968932
250.237289655093
260.2704541921708
247.231117775548
247.3249993503182
249.8430414870463
252.0741146259948
251.0159979523016
251.1541857650786
248.7153780965235
253.1046923258864
248.6183075495193
250.0523418196648
246.1005300502731
247.7911216871375
248.1836535591702
249.0640262222905
248.347471684348
247.5545683972564
250.5935975339773
249.8381984377219
248.119665245569
252.4892475277743
247.4490239779965
250.0826396624604
253.1106566572921
248.4599744242186
253.7067144857308
247.0859200191609
250.0422083590888
250.3147571902462
252.0474295032027
251.158396171579
250.0149481541443
250.0007724416646
249.473756590011
246.7714121348881
251.0195981149967
247.08425786623
249.2973277658399
253.3677535036403
248.0496633272193
248.6261958682784
250.6634758819477
250.4276219366705
252.3202564062476
251.6946508762647
256.2606964954226
253.2259236029354
254.1290045401072
246.2830092966941
254.6181116308246
248.0437096306618
254.2534334717249
250.8066483073468
247.2416857553259
251.395266102691
250.3489894310135
253.0031553010026
251.0451473690304
249.1844413522147
248.0023510619548
255.0514743796135
248.1502501806315
248.4081757789112
250.0609223932039
251.4535421619511
252.0723518975769
249.1883685906974
248.5624907188164
255.2318572306243
248.2181317325013
247.4509483213505
252.3763605476727
252.0801260250921
257.2604250497067
251.0689618929955
247.2182986804086
249.83895007493
255.0931890034273
252.3118849867215
251.5437320688566
249.4567462364605
257.7363335717945
249.0636131570626
251.7115542602108
252.8881803793639
253.3776946192046
248.1051794165596
248.232352966857
245.0090948970689
249.3912723159469
249.0478991208182
246.215043329256
251.4248543335704
251.5636793048556
253.13387864778
253.6022544723149
249.2892708862308
255.1237326714777
256.7151476991559
249.4782932732608
250.9084282361535
249.1710862437746
249.130679556622
249.129854966401
247.1176065005219
249.1304780956169
248.2169378623457
248.4135772705492
251.192076155319
247.9090227103838
255.1932553959551
251.9712373486827
253.7037404952029
246.0015491804964
254.0683130254857
247.4716284414166
248.0150334361173
247.3742550445626
248.8124897589606
250.1594641295239
248.2474005863591
248.0158194513302
249.2162627724576
249.8374602951039
252.0784014352079
252.4424629432151
249.4288982156704
251.1478973546621
248.1136710908165
247.4305684448788
251.2717125795309
250.6226356339892
251.3583016828188
252.258091553336
248.4244004945694
253.0067023124262
249.0813565995194
260.7079500261473
250.5543466297194
248.2941569580857
249.7709461993753
255.3050042990955
251.0574810490159
248.2909931390293
251.0022365076711
248.4388728168641
249.0380334820714
251.1905807667424
247.1742023478048
250.5354768353307
252.1075536998366
247.8760176552905
247.5101933963058
247.4783917907508
254.1047853688215
249.03228750044
252.3177388287571
255.0852900333779
251.246819230817
246.0745115389423
251.1174145402383
250.0485319876955
253.3034853359044
254.7000861094806
249.3446170497285
251.1515466436317
249.8670967446951
250.2011799935633
250.8544299619274
248.5606188369053
246.5303203113774
248.6427178685951
247.2752016281901
259.1250040103226
249.9085905269319
247.3737821002704
250.4631292942988
250.5450128771085
245.1855798203172
249.2157848026669
251.2572514034126
251.7316042221511
255.0149074828686
248.3141857179679
249.3153592624523
250.0525816925355
258.6430098944284
256.0647011862443
251.0253642347029
250.0298337334918
248.0917058368772
251.0550958529787
251.4140662746296
253.5865106400608
252.1307689877277
248.0964619195908
250.1631248911393
253.0921204091597
250.4331688150808
248.4923238375636
248.3017597839787
247.025414358519
251.1783132748932
251.0470130498971
247.0673706765553
247.1848539636448
250.3081682986669
250.0493141655161
247.006499450866
252.0638686968827
252.6388001917296
251.0549504338385
251.0063599992048
247.1365683762799
251.1592803512651
248.7747065101497
247.0045493141687
254.0860093213692
250.5903111508573
252.0762351112489
251.146862064549
255.3383820135182
249.1959907995162
251.3124832102321
251.0464301747965
254.2233830339455
248.2134023279895
249.3603513409679
253.5633726777028
251.7057914167598
249.1504969036611
250.1693419078009
249.0654727790613
252.2207735367132
247.2729853653565
248.2601060544253
249.1168172654432
249.0530113606338
249.8401534181033
256.056734122482
246.2919784162166
252.1067433657953
254.8807656370041
249.5974710074865
251.3125592511144
250.1070271249284
252.4843580156056
250.2010573576862
252.1828202897946
252.0682245110283
248.1848443416271
247.39225789287
249.3395136795317
247.1877202265601
248.0077558127038
248.641469783271
251.039358012964
252.6803852700191
253.0295989342231
253.1921372950157
251.2520040217223
246.7850202296655
248.0122528805061
252.0183380214853
252.3112218479833
248.2480153804436
248.1570784837246
251.8021073732026
249.5522514294489
253.4723132429752
247.5910079087886
249.1373745596192
256.4351348862676
246.0519438331827
246.1434105568475
252.0111999828294
246.5569618271302
247.7876215515231
252.3355280425932
253.1470778670819
247.9596231307625
249.0512943332107
258.3946460897342
256.461569648371
250.0186839666126
252.1518037352499
252.0013429468061
254.2873472656771
248.6532463440417
250.268163980433
250.2025806083995
251.2142540915347
248.2158568729205
248.428276545096
252.3715836202635
251.1202455080477
252.3000490406924
250.3890314084442
252.186093631669
248.0065226968333
249.3830092318227
249.0164882033478
257.595535155165
249.0206018737463
249.0256553708482
247.0669987133387
246.3723093251709
249.3298760107032
252.158791844511
247.5395557184066
248.005520620622
251.0415313389553
249.7752845627212
250.1249211643743
254.1328810349264
247.0452978877742
250.0981573650711
249.509800232845
246.2532431505733
249.049976075061
252.8378947625121
260.2338073152303
249.6708197042131
253.0172109280109
250.0101900951187
254.0513040624112
257.6763657144994
253.269575088002
248.225646241391
250.0012245161217
251.709889225967
253.6282569318655
252.1794480834675
248.0462400727603
256.2924799043768
247.5459377617346
249.0858325261981
250.6079597618647
249.3213115232278
256.1477752278591
251.0426514406045
256.8058647006421
252.4737662480946
248.0508967931792
250.1187893533339
248.3405434896607
257.0103803900582
250.2840709380776
248.2101425132383
250.2804149036259
255.156660396607
252.1530993107947
253.5903166745455
252.0655716122104
250.0592104090963
249.3505662552211
252.1136563156251
252.1008440869076
249.1870073726229
251.0769882267616
259.1643047015522
252.1317488579382
246.0256269138207
255.242137372242
248.6365868806004
248.2426138380892
248.4384404153845
249.2213445191682
253.0623778122721
248.4973162715344
247.1565138459942
249.0641175038076
250.1828820183999
249.2199637216464
255.154508433726
251.0448847110415
248.0655653212244
246.727345864074
248.2683183792227
249.4797795094148
251.9868694529153
248.0997859970559
247.1691338167025
253.9930537622281
248.3725801893805
249.0641435895186
249.3192314181024
258.6498002715371
248.0906398771973
249.7430821453205
251.1115069224045
248.2027587163233
257.0360903614454
249.2177466720032
248.0896316789843
252.1263691776527
248.3239407020644
250.0606066431951
250.9518174877505
250.0177438566692
247.1038829803932
249.458383181883
250.6211349071973
246.8102399756974
250.7581849031088
248.5322741606113
250.0632662525193
252.476211536117
250.6973216954551
254.7561445031124
250.4132124753417
250.3441996137248
250.7519814502144
255.0373325509932
252.0438395970465
249.6444463599376
250.15057359066
253.060701640274
253.4695399994259
249.0026049427595
248.1787910820044
250.2499908096495
249.5822454418545
251.1272508791622
247.9552109817394
255.2511943412594
253.2747087211964
248.0056218648288
251.2602502385406
248.2603827842206
248.0102508952037
251.2252055998155
254.3176995046406
248.019147720507
251.0005893835067
253.0733157401917
248.6701998935163
253.4560922267461
249.7360073823218
248.3031877489904
255.8819305665593
249.1200432720585
250.4837328296486
252.6576058277937
249.4459397293953
249.6807329531562
252.1637648306587
253.2665804411844
248.4424936908923
253.0854996866288
249.0716887422714
252.7439070373047
250.0420507405235
250.2128813676103
247.3810773591003
249.0100953507746
247.1448955128849
248.4582600177285
250.0561718223981
247.1699742182136
247.1454474850569
251.303841593023
253.081023177775
249.1811504411325
256.308375487453
251.0129033435047
256.2392601425508
247.7559418601373
246.3424313064917
251.0378798507047
248.1290483400883
246.1262853487674
255.1100919695354
248.1088568173714
250.5456947191249
250.0278657227962
253.1968164753281
248.4812266081745
247.5834613771083
253.0039462446006
249.0909666953526
249.184039622036
253.1349654657745
254.0610515970386
256.2710562373594
255.3166313882514
253.4828855876428
251.475174225196
253.1130022108386
252.0059569903397
248.133538276764
252.000754415494
248.2346735550249
248.1409348073636
251.2891889948732
248.279523926057
249.2099735370911
248.2940165232682
251.2820454154457
248.188482907915
248.2306300273823
249.3147943619464
249.0200162326452
252.0257010649805
248.1668131499307
249.1166932778467
256.2948345846871
252.2484509415081
246.0218485787513
249.223700270715
249.0707344749229
248.1339898004917
248.2216627624199
254.7336126006965
254.2001402470543
251.8417417172969
249.0172645425168
253.3713532380004
250.3505585866786
247.0583876908337
249.1945355799429
252.2520389792521
250.3179930838577
249.1486553804874
249.0112733198609
252.1127533844142
250.4105381151954
249.2707419729657
248.0373555341281
252.4195527190492
247.0881450899253
254.0426591475071
250.0355029754737
247.0325155001787
249.3550560232433
249.1299566391202
249.0155392395225
251.1295483209156
249.1132077376103
250.0320770728082
251.1147948672386
252.2153146114989
254.2262886634199
252.1708241083265
254.0291912710163
252.1438204847434
248.065578201866
255.0134141487172
248.0435199482505
248.5195058456896
248.7366100769026
251.5003893607939
248.1212660255277
245.8408503481614
250.0602345376653
254.3082508462761
253.0513816889177
248.0948086507728
247.1375401058417
253.2114950071889
248.1397227687928
248.1788627611784
248.3014870560905
252.168622513094
249.5397876789094
251.0993859534716
249.4195251535129
256.1985068371487
256.1057468562561
253.6336496985181
246.1695676166806
251.1439389163601
252.9011512602025
252.170744662222
251.3319504206745
251.1225958500595
253.2889261661355
252.0610208881159
254.0213000135846
248.0363063108674
248.9984256989513
251.2197393578664
254.5089030264572
248.0290666960659
251.1432840750731
249.1123430562542
252.2588955243446
248.3171500750614
252.1695884636736
249.3560131660765
248.5238645009314
256.3720966026502
246.173534227718
249.0879205741835
250.0924204958209
248.4142813307883
247.1693865243162
247.0157065650235
253.0695361511369
251.1682958653043
249.1327023259105
252.7436650367368
248.2524861762565
248.0148969368129
250.1951767993158
254.129502240306
248.0096091924284
252.4215416643564
252.1978602298479
254.362473619651
248.7408329374562
254.1537986859033
254.1876181110231
247.0544470997877
249.3796249304439
247.0507154784519
247.0189836137703
248.1778801417874
246.1071401639311
246.09075385704
252.0801108479968
256.4934753827121
248.1507030951568
252.061896497444
249.230144561355
247.1741444159206
255.175421395296
255.6328735585024
251.164513135445
254.3936899714997
255.5263146435402
249.1509831015643
249.0827117150077
251.1844460455064
250.7591648913168
254.364164251628
260.3845305265086
251.2791417857415
249.0419720474435
251.3723388850977
248.3822679590576
255.1408277222293
249.103047352274
247.3529603158321
248.4437664301199
249.6095125817223
247.1403176007002
247.0098957090214
248.1924139903515
250.2901645039001
250.1741380312384
252.0114563657216
253.0967353291885
248.3660845273407
250.6992416257109
247.3976760353011
248.2832757782421
248.2170628909481
254.9482597799511
251.2315590893938
250.937798007765
253.0240609939271
250.0354226262783
247.3549483531426
252.1420002571934
250.2976712951313
252.5141809100317
247.073991887617
250.4754250508597
247.5014455286423
250.733729454439
251.6213666085258
252.2171283269907
