366.0728732374196
367.4078786484861
366.1028772680781
366.0580794568605
366.1019532670299
366.0547516710284
366.3715793957816
366.0041271753104
366.7124195468518
366.0491640090324
366.4602291363481
366.0519163048334
366.0843904040894
366.4483956447306
366.1565025918482
366.0143228327777
366.0492593196493
366.219419686603
366.4281849071955
366.4744987892083
367.2414206309506
366.0536163385714
366.0076899240806
366.064926185271
366.0474740423732
366.9321019838302
366.1788641720621
366.1400318099864
366.3622502680717
366.7555283383581
367.0313843878185
366.1193090945235
366.2315587084947
367.2205325130809
366.0468870649113
366.8803709364906
366.9221312061827
366.529461362211
366.2337628498091
366.0326326790808
366.7300151510748
366.7557399643895
366.0495714312159
366.376741929926
366.0067240328644
366.4905258842963
366.0229632371131
366.1630372938271
366.1997286794758
366.3027548219439
366.3601002101568
366.0787932268998
366.0029231029745
366.0848375727071
366.344489501627
366.256199482648
366.1460871232525
366.3795858124049
366.8091821289939
367.2048408600524
366.2160458587879
366.3907011029051
366.1810234453356
366.284128899806
366.1862949214742
367.0187463622435
366.6294362911433
366.1957164207031
366.0704018865201
366.3821321575164
366.1144032105914
366.002974040258
366.0572474145542
366.7085938369536
367.233554541104
366.1287812304262
366.0390872306721
366.3641805141226
366.2473405384065
366.0470269893333
366.6955574680946
366.6629126489474
366.33240733154
366.1501297074818
366.0864635955534
366.1265659263233
366.0180869235826
366.2438339698945
366.5990903816638
366.6152354224054
366.4066253107785
367.0390104045589
366.2260292651277
366.6091154968711
366.1432336446517
366.3539579625902
366.2154507785649
366.2407021044112
366.2267122025783
366.0986457185532
366.1982791269785
366.1641321130345
366.0014397443537
366.1300832317328
366.6641991774254
366.2821859881396
366.3735902022672
366.1283020606595
366.5089915896779
366.3768623577041
366.448757694884
366.0063220584441
366.5893162492472
366.0710887632117
366.2285281784754
366.2397130947845
366.3124975678292
366.7587451308008
366.4760610771022
366.3916096866857
366.2727944353244
366.1092790623295
367.0898523913094
366.9233364327281
366.0895091176865
366.3074263352075
366.1254412879518
366.642422630432
367.1932960851333
366.5760905440479
366.2467093965165
366.3756668974863
366.0242699940575
366.0262991062881
366.0928377264959
366.1857787048386
366.1040420286038
366.3204066792273
366.1704903098066
366.5849735761345
366.7821792931332
366.6411882045219
366.2091252442592
366.0739738193033
366.640917953805
366.6292625876752
366.1543310543545
366.131344056271
366.0533231267087
366.9136666375501
366.0794600350983
366.6249622180277
366.2306159250288
366.692892621469
366.1341543151642
367.366984068574
366.1525129320397
366.819007744201
366.6868299686416
366.2342061479906
366.1183032381349
366.1017318836092
366.150918346896
366.08648250461
366.0874023548789
366.1719132677027
366.8318484609763
366.5595056719642
366.8297106687473
366.0193265895043
366.1697550067606
366.1874491616406
366.2996362198204
366.0659851704447
366.9795457766461
366.2724890588989
366.0926930461754
366.9372170042924
366.140497035598
366.2523916946607
366.3934094777143
366.5532737050031
366.6391912550143
366.1148316935318
366.2755399849154
366.558891481801
367.00700731053
367.2461709282051
366.2545801691231
366.3977048359023
366.4156962710439
366.5567158304389
366.0223963998725
366.2271601889196
366.2720898713025
367.5361342229201
366.1318060650663
366.1947418577353
366.0352652422148
366.2990797805284
366.2189907675866
366.8156965907268
366.3697653817624
366.6824740847695
366.0881645889239
367.1829014083478
367.0579982470409
366.0706186963075
366.1847889906627
366.031320319985
366.5182049542851
366.1724256616994
366.0025370013598
366.1860106611757
366.9039384481382
366.0833172555426
366.7964107629167
366.186400618068
367.4183148515199
366.0022660545555
366.0409306386044
366.5030163443236
366.4476096923338
366.1061387228142
366.1616831150842
366.1002051896417
366.1403892078568
366.5582634981526
366.1982440247736
366.0183988587319
366.178889940078
366.372377085928
366.0719839226482
366.5154341264017
366.1002519821959
366.6944754889082
366.1294427394891
366.3595808758901
366.0115266965423
366.3576216427494
366.0138633743682
366.5581967561758
366.903830954825
366.2617800392111
366.4693591036269
366.1505590023554
366.3376602456768
366.3344064115309
366.734060200243
366.2156824714631
366.5481324394425
366.4805640346652
366.3763308750476
366.0584174871746
366.0246147637157
366.4009408185017
366.3412785886812
366.6602809059065
367.3897284508952
366.3459047330507
366.6341450840931
366.1131940732732
366.0327992420796
367.2578277908128
366.164726362075
366.2586921424331
366.1834363475674
366.3457238384795
366.2428157684793
366.2893711836398
366.0589333687953
366.201686966172
366.8712843760475
366.4082006469091
366.3863286723776
366.2833277218352
366.3059072041988
366.1086647914741
366.8162186466809
366.1076101833446
367.0706990984986
366.9218127746615
366.3629202904914
366.110676052971
366.0966147874108
366.8241460057919
366.0023974069072
366.0012862602106
366.4209866538071
366.3238563883582
366.3040725784976
366.2092549583309
366.518608516611
367.9182687726981
366.0005479682561
366.0055080071016
366.0831751921304
366.0905484651833
366.0400667350045
366.0319355081371
366.3464536077262
366.1729529454871
366.087571606
366.1709025081478
366.2687256071034
366.1375046221194
366.1705789614866
366.6859600766788
366.4537952984297
366.4212124804287
366.0927305798727
366.0200134635886
366.291929770032
366.0183614594598
366.5244578096465
366.0349370701925
366.0398453355256
366.3086586810753
366.4819294494215
366.8523591276412
366.0295060920902
366.2476735752628
366.3967055401609
366.5003263664316
366.230746325554
366.1537786450436
366.0912195065969
366.0970997952029
366.4914217078459
366.9116667304966
366.0044758809743
366.4283325288724
366.3768661755039
366.0944022206455
366.2397205470868
366.4834105503427
366.1269661442285
366.6960441929289
366.3027274810889
366.2707645644128
366.1474477833259
366.1458494885275
366.3781673612925
366.6385299625027
366.2552463761467
366.3825677910502
366.2673005473157
366.098343228822
367.4521388428643
367.0961500151004
366.8020576075729
366.7699944521722
366.6265241239513
366.3786590236799
366.0969418925694
366.0721893488866
366.1149213278368
366.7354957422671
366.3201839714248
366.0869988583311
366.0099432974401
366.5379956447058
366.2454025247395
366.1425825429554
366.555684720146
366.4760848293545
366.2264491975171
366.2474392240269
366.0846861723355
366.3216325205304
366.0196551672726
366.5062660614607
366.0945493872874
366.0942557572982
366.1377178221778
366.2826480439666
366.2555723109879
366.1653769941737
366.4526179042327
366.2988626299383
367.1761433186144
366.1263369361878
366.2489561224195
366.72304252096
366.2281459216227
366.0442506967461
366.0471219107843
366.1063387673969
366.0418505904556
366.3530617179134
366.2064120904088
366.1769428106086
366.7340092093403
366.1840814498328
366.1598355646403
366.0193864625201
366.2115356934193
366.4065162757976
366.9943640130733
366.1601525922624
366.3777600670859
366.3439874086712
366.7911109213613
366.4263059753419
366.2836055740884
366.1704057624366
366.3108162935243
366.0953614864376
366.3020354683699
366.560991569215
366.2983504809051
366.7066270943852
366.1112554224383
366.0340915545072
366.1868693499529
366.0578971267538
366.1107018468811
366.0407412884908
366.1689103242554
366.2530949779562
366.4136540899634
366.5411512584652
366.1476968097466
366.0937192840819
366.0898254109865
366.3521910463057
366.5351398214895
366.1363811567076
366.7774565312398
367.3496843539403
366.6098422016459
366.0302474397385
366.252119654981
366.5902621606693
366.2791322601105
366.1567145707149
366.2271749754664
367.3180220648121
366.5040727613002
366.0955884579145
366.1091517522743
366.1432977570665
366.1464619445359
366.8878535306004
366.4043710318186
366.0532140457905
366.3516760868663
366.0550279646445
366.6845841257712
366.0490630244795
366.0989200810869
366.8446037205287
366.4776793944664
366.358367102148
367.0950404459104
366.1429397989241
366.3388623888208
366.1987433757047
366.0041069256312
366.1682680687302
366.0572280523271
366.4861908633015
366.2832400847231
367.1809125678604
366.0385116592885
366.3074432197531
366.1609105101977
366.0605940077273
366.1384694275195
366.2284197980297
366.2234411853071
366.259717484388
366.372826069852
366.2632350494539
366.0958660292538
366.5593307185968
366.2952184326265
366.705100653203
366.2833133972698
366.1400796779582
366.2997961504261
366.1385506737707
366.3969901719572
366.3310102214588
366.2489692231291
366.1060695617222
366.1243627523983
366.0022062019628
366.3106317482746
366.5449645689191
366.166291171022
366.0905418855789
367.0058808752846
366.7070081681724
366.5052710410595
366.2031753975858
366.4617597505431
366.645122687788
366.0583091922684
366.6109088273532
366.492636679755
366.8194785074956
366.6161557452293
366.2145550021736
366.208617499213
366.0036627528849
366.3526932994282
366.7245657065045
366.2635102368847
366.2825772845555
366.7417509261689
366.0557169556344
366.445466703042
366.2101193663549
366.1098811040309
366.2166665230073
366.0212526208919
366.1706889867575
366.143602106119
366.3660847916573
366.3730842072267
366.479303702229
366.0175862329779
366.0908910734634
366.0767332394396
366.5772784124723
366.0889290890901
366.1378992040022
367.1009931232819
366.0390225185477
366.0674379514091
366.0728573201151
366.0292369838069
366.5239394376929
366.0490145142859
367.0176445339384
367.3083916238187
366.4098146838015
366.81286366337
366.5834136357893
366.6802232681122
366.0582978293515
366.6772197871861
367.2486446096176
366.4295487843137
366.0974755733326
366.1320808396735
366.1707125950553
366.2249854162815
366.2805873601862
366.7007791284376
366.5412929056642
366.4040247062843
366.3312276733825
366.0346084382929
366.0586129359154
366.117230535302
366.3486298563507
366.0189014496677
366.0239429668019
367.0322198284559
366.3557085704854
366.0200671150731
366.5482163726993
366.3444857169844
366.1317804731419
366.0244796890173
366.708561411699
366.1441271065238
366.1289309870124
366.1310714235497
366.0377798686888
366.3014120742063
366.0271346253044
366.675774320316
366.0086747231533
366.2705389591384
366.1900363666858
366.2357525890471
366.0975385657738
366.7447510042544
366.1315146313941
366.6560176864233
366.4258074576766
366.3889168798167
366.0950001498018
366.1242215041623
366.5656633452721
366.2829369880142
366.6824995082758
368.0016932862176
366.1680228753742
366.0752095293792
367.0204385793641
366.3067541756974
366.3998010710238
366.1265688702364
366.1558708635969
366.7319408206515
366.8096981244574
366.5926502509968
366.443221766898
366.2616570373383
366.1840261969578
366.415117452298
366.1193861282256
366.562262627034
366.8028311280984
366.3594626905917
366.017807115145
366.0947233773096
366.2008903887507
366.7289174317183
366.3505590788963
366.3557328634409
366.0867924443414
366.0256455184793
366.0788881266722
366.0608166622684
366.3989219850491
366.5865027689188
366.5476523750425
366.2630818398859
366.27321266046
366.3444534177268
366.7705413150887
366.089627942001
366.3610901461506
366.9925410247953
366.3958928478021
366.1428261331441
366.011790404589
366.0595194552529
366.8859999216481
366.2255331009437
366.0806640108715
366.403343730795
366.1469703584467
366.1990821250654
366.0853732632943
366.6076388762685
366.3708090239346
366.0775043505473
366.294808915968
366.0227140972891
366.8748416614976
366.0608224542262
366.77586820825
366.6088802089916
366.2407281695523
366.6163676333252
366.3190833116828
366.2125368495279
366.3029188433981
366.500855049659
366.1304068757981
366.9532445476711
366.3484368794275
366.3803493902092
366.3575579205921
366.1393945135807
366.5764434306544
366.0286206355895
366.2139670138674
366.2513821590433
366.0599051446949
366.1073545323839
366.1050794713429
366.2725432064299
367.0401462820183
366.5568392022396
366.4255187217253
366.1390230848586
366.2700047303173
366.7917642599506
366.2633544705755
366.4308199581916
366.3299462363232
366.2545131805385
366.1617756732617
366.3641590576681
366.0194866930526
366.4833031344752
366.0865513059864
366.2207324492284
366.8082072361381
366.177433871744
366.6909330618113
366.5041926992282
366.6541406465074
368.4066712352899
366.1930484306433
366.1005295078373
366.0437754805983
367.9742101039803
366.0555453848039
366.844266540524
366.0222853670871
366.2792309339843
366.0424912609373
366.1232273934354
366.364246340973
366.0967618061767
366.5504105794441
366.051822259132
366.0418919135823
366.5685770660257
366.14583281666
366.3055732161529
366.2658020548647
367.5419813332156
366.2525033349573
366.5196877907252
366.1412471313425
366.2484855676364
366.0382239542349
366.0284576389598
366.0450331560527
366.1367795166125
366.2611584213717
366.0784277520468
366.0953395411532
366.4189213636894
367.2051749986185
366.5178548338932
366.0753819899885
366.1607751569778
366.1018006031605
366.0150203233957
366.0563826959626
366.0446059760874
366.3293096517007
366.1034147277357
366.3867291369654
366.2339107519621
366.3026613606885
366.4944387799515
366.0210542841547
366.0641592866373
366.5920372228921
366.1457054598724
366.017672382732
366.3934062565462
366.3697643087491
366.2279604936801
366.3641119806111
366.2242330378861
366.1247876400018
366.14166047531
366.1959809521091
366.5178665020206
366.160457490534
366.1044331990146
366.1642468467679
367.516402395714
366.8498198016701
366.8985459182629
366.0929437277815
366.0441218614366
366.0197643013792
366.1367705418849
366.4982023680645
366.2732730611927
366.0810302854216
366.0405059169637
366.1341776096773
366.2245723860836
366.0657319113324
366.0842844033704
366.0598629187208
366.1949477783714
366.0180983493007
366.0744210809028
366.1154010690345
366.1366151073073
366.4895024171466
366.4242292274409
366.0471798303419
366.1656589853583
366.9331345362305
366.3229907861163
366.3439917305382
366.0186831100193
366.1731801768966
366.1192464397966
366.2166267833355
366.0198906371597
366.3649940401581
366.050944487297
366.303590657206
366.3790164732309
366.4861771941315
366.4858947324376
366.0740995322387
366.026404563022
366.0831319131737
366.0983340130488
366.244535469755
366.8991243393493
367.0390808826093
366.3711886913403
366.1406050488644
366.0800581336992
366.0698628131735
366.4879195286853
366.2554446248175
366.8989458995681
366.3823663439794
366.2240491245803
366.3934753581971
366.4992932753274
366.108415893735
366.4472019414411
366.1819806339468
366.2789468373966
366.0695668261898
366.1384687440352
366.1431590729874
366.1683808205462
366.2896757225848
366.1600345179171
366.2939426519448
366.046941330107
366.215653423669
366.0727046948946
366.7691239799886
366.3765908575013
366.2582045575912
366.2287868932068
366.2617065287348
366.0080284783177
366.2573993205152
367.1796186181517
366.1889202514512
366.0398317358963
366.013368844432
366.1752677689028
366.4316368621966
366.2243896329247
366.2536866418387
366.190313055382
366.1691558366122
366.2384130550832
366.054831042657
366.8380836982511
366.5852570972382
366.0408250724282
366.0674988729126
366.1461116907236
366.0241696250774
366.418008803437
366.0204495309324
366.0127081481622
366.1882976687738
366.0760824259365
366.0656755711782
366.3042590662073
366.7602336869306
366.7778334726678
366.0880843524282
366.0448406193311
366.9722696531167
366.06407485633
366.6836649534065
366.2675933361799
366.237274854321
367.046502138717
366.0693298825689
366.0850421959335
366.4681545173895
366.1676755330791
366.3694395162491
366.0590021296193
366.1146745919994
366.0757317345766
366.0637214897145
366.2686208863088
366.1259698383111
366.1171424702293
366.1329077682673
366.5306355087123
366.2449665017393
366.2054293799254
366.0500162449836
366.1258783315652
366.1273556792409
366.1512978770638
366.6172121619859
366.0618465753004
366.1410285170979
366.6737446895048
366.3220867924056
366.1559037971668
366.0141444085577
367.0942114191564
366.4627475936829
366.027115045045
366.4556064633725
366.5645643253134
366.0555324979458
366.2103629392334
366.2793553508407
366.2804217925087
366.3048873409184
366.2066858535431
366.2478815172904
366.174657844441
366.0408292888718
366.1814149835051
366.18134090276
366.008016536808
366.4472857437125
366.0385423306872
366.1360455617834
366.3221342879125
366.7887306191975
366.0724485386597
366.0491126538479
366.4102336714212
366.4180127561876
366.300192930362
366.9845936573464
366.1817807362427
366.200865900234
366.0890536177725
366.1488872950724
366.3149430433594
366.0122957578108
366.3050164434569
367.030426663685
366.1309097572052
366.0434692661427
366.1013818369177
366.0963747794967
366.0063030800878
366.2297088345849
366.3807333644867
366.3073862136754
366.5288846187788
366.2631506877314
366.2360871640069
367.4909873909757
366.0799137546352
366.0391619670547
366.1210100274203
366.0396388660835
366.1582991768499
367.0101629104017
366.4075592178474
366.3901039785557
366.2458266825244
366.3466786119384
366.2715034728915
366.0699391298768
366.3893834175179
366.2704004315986
366.1088571587042
366.1760754712963
366.5941152426163
366.0620277602748
366.2514337377281
366.6487006019519
366.0893077585641
366.5349923002212
366.0849396581094
366.2113483119105
366.088374287373
366.0406940842557
366.5646338679131
367.0069567266673
366.3757664378599
367.0631170957998
366.2434632951889
366.2619847277254
366.9645028964296
366.4050024054152
366.5517827114136
366.0532874842053
366.1235023671178
366.5181668789114
366.6617049479754
366.2825535433793
366.0214041434062
366.3994209102436
366.3995778916849
366.0622411386865
366.6733820632884
366.0062041314553
366.3016310695988
366.4508627854599
366.006251962726
366.3749372896989
366.8899710092975
366.3732663069642
366.1248997275731
366.3558106016031
366.4412331739077
366.1163200665059
366.172963919556
366.0197381884162
366.1685947733451
366.0347097375154
366.7799083473896
366.2302877287719
366.0324271792783
366.2357622055941
366.5776897860529
366.0198964788842
366.086437756233
366.0274960760908
366.2140096212775
366.0042834768403
366.0946969458633
366.8298939803565
366.060690614925
366.7074214631014
366.2207767958141
366.7563806928355
366.0432024744699
366.5139178545355
366.6376776521967
366.6008069045238
366.7071656707804
366.0708400234718
366.1640444700013
366.515945622474
366.325818798843
366.1083814447416
366.3794085433322
366.0258024012315
366.1212477648739
366.8350853324333
367.0741054965673
366.0983558216426
366.3032282106756
366.0724806559212
366.1379765881784
366.0839178963904
366.3177303435457
366.0317830740979
366.0858279987451
366.1568140847792
366.4984883089276
366.2039720521561
366.0819573483597
366.543179965671
366.0272983111748
366.0832303539239
366.0079531871515
366.2244921221498
366.1300977859813
366.5098483568436
366.1952504094663
366.0149877973248
367.0680472147336
366.1188429722706
366.3265706429758
366.6959286109894
366.3889783870533
366.4325412593193
366.0439830758303
366.0102253266041
366.1948243097274
366.3544909779708
366.0376267079872
366.0863734425765
366.4342869822543
366.6254867332018
366.265964961807
366.0139464077938
366.5412174613706
366.0384228496476
366.3698779792461
366.1706826581457
366.024968209404
366.0124024494352
366.0405422878338
366.5175171150738
366.3857108243848
366.1181994163651
366.2610556950689
366.1337518488447
367.0629103672099
366.2795246898848
366.0660173679117
366.2838544607511
366.0972547908852
366.0250813698667
366.1586183718278
366.1797368128459
366.0084486686634
366.796126204518
366.2560124227584
366.4391188961854
366.6206011418226
366.2266295327991
366.374574044518
366.2496897864142
366.1959294950283
366.7065576237341
366.2569812786925
366.3770447413755
367.3646151733056
366.1190821595051
366.0248725214281
366.2666687443912
366.3907092611208
366.1539210990983
366.1617220986168
366.1614121830121
366.0520952082432
366.0315208160474
366.4648910634564
367.6417408125602
366.9290419032122
366.8656965418722
366.1004046741236
366.0857817451816
366.0609959902746
368.0917189611623
366.4357254613772
367.328502305913
366.0489864900297
366.0104503920873
366.0157195511103
366.2687948554193
366.1793181951163
366.3147403871835
366.4640440222215
366.1894830283761
366.3281959129613
366.0152596872636
366.1796098877489
366.76447673921
366.0598213110663
366.5796794229279
366.0902129796124
366.4539143337088
366.2025709638712
366.61012676181
366.0089074695865
366.0200535992492
366.5749302768772
366.0356650558323
366.3679937697935
367.3068241424471
366.1376467697054
366.2521337746744
366.0806760105423
366.0849150112613
366.0773219843556
366.157499518138
366.046934116269
366.5398304771954
366.0891123084668
367.0271549042435
366.049017439904
366.1318950001387
366.5030976499754
367.7175408083613
366.6799668838245
366.0987707656743
366.5009876334962
366.0098122577857
366.0006551887792
367.7081325043928
366.1783522507151
366.2121334960967
366.3377822977547
366.0443836424792
366.2593237058232
366.122175180773
366.1801011854023
366.182429910133
366.3293466712963
366.8170646592085
366.6341994779176
366.086888230666
366.0427188921329
366.4170196342972
367.3365991953863
366.0710466018191
366.0420638921701
366.143155502118
366.2974463967231
366.0458880352085
366.0965614140928
366.5681994287672
366.1462300543197
366.6875526249862
366.7060076389622
366.2386717098492
366.4520299570554
366.3681077731007
366.2317768082535
366.0346294178572
366.1855164701602
366.2341486973548
366.2772915349218
366.2428795309794
366.3519861059024
366.1790972575186
366.5573415349984
366.2778677306428
366.2402114543336
366.2915642423096
366.4780994917732
367.1906285826504
366.0202317239443
366.0898322990657
366.0491507534236
366.1749197666599
366.2319938811763
366.2769657605201
366.0122915409224
366.1612388430407
366.2619084252453
366.4771147998565
366.6361975767527
366.0424295745406
366.2382958031671
366.159287900569
366.1460177727638
366.1437268895518
366.4208663430052
366.0683858625162
366.0605594770468
367.0144762769376
366.202905969199
366.6061609664151
366.5186329798448
366.1270057045517
366.2429516331263
366.0796956404948
366.3500453473176
366.0070663966246
366.0617082454809
366.0976571839189
366.2315735437761
366.0936026310358
367.3456072802524
366.3324860092017
366.0025568188166
366.0072043406631
366.0908830245225
366.1834014923258
366.5547275496002
366.0041601625474
366.0850187320704
366.0500574002183
366.2430892639146
366.082545015872
366.5608365798229
366.029549959688
366.1030155892592
366.1775270296464
366.9975475334436
366.8134802039147
366.772485339383
366.0253171180805
367.4639959443244
366.4262326061909
366.1502476475999
366.4389356895207
366.3945005295441
366.4951856350267
366.3194983604157
366.2565309720602
366.2176175773286
366.2526394004591
366.137796494975
366.1507886261629
366.5948444866705
366.0519555180113
366.1807011012912
366.2165913225094
366.1782084781033
366.4349118489199
366.9029980307528
367.0411891332592
366.1718650003858
366.5938049449586
366.4258620003828
366.0406614949488
366.3366263905341
366.2164879805522
366.3421153516928
366.2961786515271
366.7495153437169
366.7158507998694
366.0993895295328
366.437473831587
366.0233976046761
366.3714127123823
366.0453566869822
366.2128109177655
366.153434378382
367.2261000537462
366.1831951476323
366.1272513714817
366.2048843708911
366.5991011702216
366.6242853079382
367.1139549033301
366.0905734337591
366.0309950582536
366.0199127873152
367.2454169266973
367.1641520234659
366.0835467166502
366.2828810158973
366.0009099245261
366.0095228080827
366.3047520261534
366.16745205014
366.0363761816639
366.0499687538169
366.5872041021122
367.0203050951953
366.444569865751
366.2515052324239
366.1710123730696
366.1069662321925
366.0363170886948
367.2157793581292
366.5730847921289
366.0931756768716
366.568742106412
366.2535051554497
366.320452352341
366.1370841481044
366.4838486312987
366.3950617020861
366.0958839934078
366.0562949052241
366.0759858838452
366.5484349417089
366.1580022748794
366.3293596178993
366.1790699387562
366.4435418194918
366.0219924454041
366.0669447728341
366.5835646119388
366.1262299633423
366.9845494234343
366.0992188883133
366.0921207930281
366.1637791721078
367.0337821839202
366.1579648416682
366.1638087285002
366.0209303371439
366.3626056828171
366.1565731387002
366.3138709217033
366.1910560692241
366.065939289986
366.2983303316583
366.1680199136655
366.0699519737836
366.2410019510828
366.305163696398
366.2367687626677
366.277578989543
366.4010936953673
366.0177263757479
367.3246480453117
366.0005675663664
366.001791040354
366.2304922824
366.0241555469544
366.4660810074816
366.0928529129357
366.0401654955593
366.4793017829973
366.7086245728601
366.0259733954
366.3324100327792
366.52524941674
366.0881630148242
366.7904051645041
366.283236165819
366.1650821390533
366.5954821615563
366.0970620520232
366.0979159486244
366.1338340228489
367.0152756520484
366.0051114923958
366.0556951396137
366.135265898528
366.1140067194598
366.6782503932729
366.0393672042654
366.1877352939847
366.231577190388
366.1860575361205
366.0075422301942
366.0793562571058
366.2378731759674
366.5540953595463
367.0583924651777
366.0263470450404
366.2149676101378
366.3647211568668
366.9708085943222
366.3602340439166
366.0792577044316
366.2705698045743
366.1010178244636
366.1429185280956
366.2018084712101
366.1152888484778
366.0136463748972
366.0030165844507
366.2347854648063
366.2773212295887
366.2101594157473
366.1357426877288
366.455327275859
366.0721116301877
366.4661241570656
366.7617013814659
366.1696440579552
366.4573612622668
366.0608031926793
366.1045204713892
366.074035465496
366.8975219742463
367.1727140997534
366.1168969773739
366.1226226195624
366.0950418325012
366.0398218641307
367.1097104619005
366.1644447596084
366.2119153891614
366.0503786675544
366.7564020668404
366.1038489264902
366.3880133080465
366.4690757770788
366.1029971595282
366.1765548834724
366.6297721018231
367.2594541086532
366.0363204464178
366.4295150368137
366.2902929522415
367.5691561112952
366.124278204697
366.0845895914596
366.3484657403348
366.3451413395869
366.1535184777226
366.1636307466904
366.0173279044017
366.0482743415084
366.1845536078787
366.0818059688674
366.6437163677834
366.2568211115258
366.6830870516927
366.2381451441446
367.4945443380028
366.5749454556732
366.4332947565231
366.4283776023988
366.0716651511353
367.1563668700828
366.8118693618966
366.1817442783963
366.4321816579315
366.2968227063269
366.0086927962243
366.0957952237699
366.4514716319891
367.9727315788753
366.0464053624327
366.1993162190663
366.278983979336
366.6945334414204
366.3928444705494
366.4540778440787
366.5006935770441
366.1507338938031
366.9664667084755
366.145093035962
366.399576619356
366.2869647396952
366.012014086839
367.1154991320123
366.2856364167052
366.5190758135412
366.4708676553582
366.2081401406616
366.0901267739807
366.0072503209106
366.9475135216873
366.0322673846545
366.3672797886784
366.2880378096318
366.3085919787513
366.6000563986373
366.273315216374
366.0595747683996
366.4200601989214
366.1882350565353
366.4585516470254
366.8385641526374
366.1358976806728
366.1859176080089
366.1806491597756
366.546594181617
366.0180715191594
366.1375048851025
366.9312055685284
366.2864654931849
366.0054376447245
366.1720004975547
366.0844513574309
366.0781241695313
366.093908705962
366.3189169153483
366.6400657596682
367.0394999265312
366.1000256083626
366.2898068711639
366.1340454406268
366.3080990373357
366.0110461484271
366.496324101301
366.4233281221742
366.1860833719078
366.6866407969822
366.0128798804471
366.4844047661213
366.1284853874874
366.3460347715986
366.1458976327723
366.3392263458925
366.5791864275349
366.8345633407168
366.1366519295123
366.1235652861281
366.2939444438308
366.1725651013064
366.0834515455189
366.163010734046
366.2178948175811
366.3728628973877
366.1297356053487
366.1998063798073
366.0441509791874
366.078188008424
366.1324801876064
367.1892188451836
366.1266978794767
366.0256417888659
366.1593352790418
366.198760361348
366.1120232691409
366.0474249872894
366.6865848633927
366.1638569273058
366.2912609083253
366.3082783246981
366.8619725070694
366.111988591442
366.3231569539044
366.3171846947285
366.5559910645412
366.1678100789373
366.2348819846727
366.4908452168402
366.4271709252923
366.2515003597845
366.1310257785647
366.0027700955479
366.0124386538382
366.0900364902359
367.0917907774285
366.6052083745807
366.056324475102
366.314760533574
366.0419715075489
366.0954082221796
366.7673506605541
366.2680244081811
366.4054899148785
366.7977989439811
366.2563917419477
366.4966929030653
366.089906937362
366.0865589188263
367.3442512890471
366.1832592531597
366.0413819003326
366.9520151703777
366.098655555328
366.3342551364561
366.076956258803
366.052173238176
366.4461202470924
366.2960968622234
366.025158425703
366.0805436511761
366.1302547692466
366.0724916334407
366.6509176980192
366.4732977957625
366.5341734531219
366.0784210430688
366.2896961049064
366.2028107502929
367.3119834056558
366.077277908328
366.3068633632535
366.0927041380086
366.0625759294973
367.341094929682
366.2684118774393
366.2155135797313
366.1496608282074
366.4568897323737
366.4093181476196
366.04609063088
366.1103151691721
366.0725773864042
366.1098092221289
367.406585682319
366.0283089882905
366.168927436301
366.1827335397729
366.175143517684
366.2814220650481
366.0184974655918
366.4137247017223
366.1448376173998
366.0750132502583
366.1861569361211
366.4331288428726
366.0551434458854
366.1334050538308
366.2917613328218
366.045857031083
366.0949465961141
366.0973501221771
366.4964056141072
366.8231775789259
366.5594462962483
366.1606764897901
366.1912351546887
366.3072415662965
366.1889358528855
366.4572112011986
366.4142283603176
366.0351683708286
366.0060274973646
366.5365522324311
366.3033618748831
366.1589929837406
366.0621353457865
366.0246837890755
366.449906112148
366.0390026865289
366.1268162817269
366.0366469710308
366.3654389178171
366.2123210064302
366.0301675379904
366.2290127136257
366.0036544133953
366.6638877584467
366.3414302657611
366.2255863781998
366.006964515622
366.6427921584695
366.0381368183095
366.130964539429
366.300057992988
366.4669565066692
366.0427470785634
366.4085986768168
366.8485320965817
366.8672110544362
366.0475104045448
367.2705324760257
366.1275799711535
366.0619620640325
366.1233820946179
366.5072188164784
366.2812037303258
366.7044236786664
366.1479099537973
366.4961521921662
366.3941894183162
366.1981373581833
366.1963613021095
366.914467329857
366.0013133248238
366.7975972920303
366.2178726778986
366.4601828642634
366.0098100840801
366.4459099390334
366.0293038791016
366.267841598348
366.0512276994152
366.6433296291914
366.3288693316336
366.0239565575942
366.0359945020369
366.7597347729686
366.4515505812744
366.1320483710287
366.0504384338997
366.4632816207813
366.1029650196795
366.409997012135
366.2724929258982
366.2598801974173
367.2081851875138
366.241702184902
367.1195358705349
366.2222222077753
366.1220187104242
366.0400215385069
366.2140750147153
366.278156006959
366.9664438758439
366.4552816428684
366.5388334647998
366.0914356297321
366.0476992985562
366.2190783585113
366.3815614282081
366.0243005143817
366.2374985085747
366.0445195617546
366.5861618008743
366.1807384925294
366.3840235984282
366.0308631522159
366.1231098936469
366.3863982737461
366.1818787260651
366.4737118093286
366.5990305062357
366.2787027003315
366.351947050146
366.4411205308315
366.3436424735938
366.5328256567812
366.1611356186031
366.5231592135536
366.3359842525344
366.2808533647944
366.0870420442391
366.018509028015
366.4081454543791
366.1256049550132
366.0672729286857
366.0992934731995
366.0509272523031
366.0423964672178
366.0314044673178
366.085709571703
366.137975105364
366.0160217201048
366.239280825959
366.5564561353712
366.2885656164553
366.3288644420348
366.0038661979884
366.0724374264938
366.1996707049688
366.008902888802
366.2078452749739
366.1135958888825
366.4225035566313
366.0297479474
366.1611141686405
367.2480729198149
366.0450118561686
366.1770764208454
366.2542217778807
366.0396106919512
366.1995309712337
366.1408437560185
367.2569710780456
366.0784176265829
366.4665803584639
366.120569544329
366.0969593847236
366.1509722900179
366.1033085415995
366.9444942103513
366.1338003174833
366.1524394456465
366.6721776873385
366.2700821018183
367.2092782790085
366.3946219468716
366.4417693096905
366.3214360714483
366.0394914483065
366.6780105402747
366.0073964645874
366.1884922112601
366.0414986451472
366.0340168883786
366.1449221957647
366.1026941426258
366.199115191731
366.1059163487785
366.2797074068563
366.0994159200508
366.0772498457574
366.1608026437676
366.6825018786389
366.1340571203427
366.0331859862408
366.5457918149248
366.4692260509493
366.8603696415608
366.5110190275096
366.1521869144137
366.2974909240131
366.6196655203603
366.650485088928
366.5235699441907
367.0223134998805
366.4540631803351
366.2802958862032
366.0054560996108
366.0709718969969
366.6969725561235
367.1503075702101
367.203058163531
366.1756311691295
366.3838602462379
366.4206307589719
366.1677410764144
366.2399594276015
366.1959029021589
366.0287078680651
366.5491792956254
366.4149059607392
366.0545710972321
367.1327791915452
366.5213384374816
366.1276656144212
366.4930954008147
366.5888002263504
366.8522811916394
367.7502614745968
366.3969446102514
366.4135375650403
367.7419924599407
366.2192817400046
366.3811137839794
366.1473193840584
366.2427676578087
366.283312012606
366.4756509383056
366.2592966928939
366.4221863851418
367.2159936393552
366.4333504875317
366.1734512306581
366.7414269607469
366.2986149469853
366.0247142473983
366.014413386111
366.4922003305695
366.1768759156111
366.4039374092804
366.222594680811
366.0610705229077
366.0828934363698
366.121091174238
366.1465291695977
366.3322673624061
366.8601504188467
366.473245782988
366.051065810791
366.3674131379967
366.1488718792915
366.3144867478663
366.269951285698
366.0144038882498
366.688779203182
366.0338234719868
366.527876810254
366.1263739492593
366.5239306982412
366.9281653636437
366.0823005693708
366.2709831653983
367.0868745808166
366.1719825509609
366.0929467256755
366.4093957193249
366.1237841563245
366.5421330177268
366.0203772099049
366.3643947711762
366.0035385173956
366.2888749740673
366.2182266782751
366.5842432281253
366.5580833071621
366.1797598420128
366.7447510357964
366.0231503316348
366.0012532396934
366.1631398119657
366.1605502799465
366.2839438167729
366.3825057671525
366.3256131839626
366.2118025352565
366.0387509211179
366.3522321226486
366.7326434531853
366.0870207478104
366.0396451961522
366.4204698121939
366.0239706137103
366.14615465883
366.7741679989616
366.0018223380892
366.1022086467304
366.1322620889342
366.0380690802839
366.0117123610167
367.0622286724916
366.0416435712576
366.4287792024888
366.4316864280768
366.0547969501755
366.11673254702
366.2394447701234
366.5371255258885
366.6872400733997
366.4503759427571
366.4255882347147
366.3852375655581
366.1792480501303
366.5548472320755
366.163654925746
366.6300988936472
366.2306384554134
366.1517396169764
367.6331663281574
366.7613634384032
366.8522627328556
366.1378117887093
366.0640471733355
367.2111787908453
366.0774025919879
366.3671667024872
366.1565711464162
366.0389142139207
366.1715062272013
366.1537360608313
366.4502047479639
366.17545026746
366.0533232014996
366.349328805864
366.2462589022047
367.2359751857343
366.2320069451646
366.2836292492321
366.3310449542706
366.0340718559265
366.1735126631253
366.0701712500072
366.5332341831263
366.1379259184014
366.3732979832066
366.4851306372835
367.0546274768715
366.0105622061416
366.4235707480804
366.7738796818796
366.4599004928675
366.5973965529412
366.5851273818333
366.4607559289888
366.5407631425456
366.3032859518972
366.2116998111932
366.2422166917904
366.6694238827203
366.7116312048929
366.112464529003
