74.43737527035529
74.10514819411172
74.71394657556503
75.2495728461439
74.10674979061781
77.66925132681985
75.16490415061718
74.09205735129548
75.36589779892715
74.49211291023212
74.09115610762613
76.35349204006174
75.8322631454856
74.04659669392173
77.00253509347942
76.23722014233174
75.58456647691303
76.14600514644488
73.37366663429462
75.25289510323647
74.09317633360213
74.01779634108192
73.33713825412475
72.13253684156854
77.18014071902816
76.04699011857642
76.09420172723857
74.09726935747145
74.30494918317642
76.01918123743565
73.22641944030231
74.29096600385452
77.1801485884867
77.02593726898714
74.08344407019865
75.02525552635262
77.11601119888411
75.52748414993665
74.32625619331726
77.4676448682103
75.46237649316639
74.03207655265419
75.01550329440555
76.05411659264841
77.10729411301243
76.01226824754865
73.0492632757597
74.72295925086986
76.85278975306113
76.28543695068389
76.07968863912677
76.02265000251302
75.0524462854845
74.45437148736346
75.07454407381425
75.00048733662017
77.33053105848974
75.15240505931372
77.39138706194623
77.48706527908847
77.14760438515643
77.4402844266527
76.28750883736242
77.04956607999789
75.82366195142184
75.28678107182915
76.03959256653795
76.8954967543996
77.03725439655067
74.2166400312948
76.87357864984016
75.16565761180273
74.21631979183667
75.00028991301552
77.09172829687317
77.20406837097435
73.22162606965645
74.42165044230694
73.09892089866847
76.054457388004
75.23167033884893
76.05780425771097
75.10666823933894
76.36679348331675
77.11714645131178
76.07976145198434
75.1282891621312
77.15961258465056
76.45689128542601
75.27319797943146
76.40972512033404
75.23710767887749
74.18390916408848
77.32645141143254
76.55572231123422
73.99063798867051
76.58527667928321
75.67053160485717
74.70137968961403
74.34368379687238
77.18109262890461
77.35442470886093
75.25175597117158
74.55717963419265
74.09144379410748
76.3681425677445
77.78859424621645
77.03770640772521
74.39039702124121
77.06066883413952
75.20112470748951
75.94449013600062
74.2656292504822
75.0312576258237
75.65855742821056
75.00981187412633
74.9956548985999
74.1509663529548
74.06971460606448
75.32610325356063
75.1085781507679
74.09516066034156
75.51387907940331
75.07972622383299
75.21896336071349
74.20067255531013
76.58476056851997
74.3291637395378
77.10914233879579
74.13166192928941
77.29728165547606
75.12194971198704
72.45458069763744
76.06645338155745
74.086856878578
76.15470358873156
74.60173901540526
73.25102340787296
73.05238772584336
76.1404399124241
75.026286756041
77.26560662109407
75.03384366356251
75.14157548405784
74.75297868962609
75.60955360812213
76.19448278178255
77.59302871588486
75.15696645567857
76.07733685210589
75.44126765862339
74.96411082298144
74.61425471799619
76.29667709698681
77.02827106749066
73.51173323742928
76.03092523979115
75.80601437419672
73.65540165816162
75.45038888246096
72.51711278986114
76.07229986793793
74.09147131425509
77.35993651108016
76.16177474354977
76.21127814608435
77.59190077950474
75.76908557262189
73.38001732373597
76.44708153334876
74.98012246517196
75.26163124579875
74.07005580948746
76.02226469208694
76.15758190841994
77.14890453507748
75.83678583983793
76.42117445640399
77.53600583911891
76.39537740484089
73.28968974880495
76.07858791185122
75.03774427083577
74.10619896064651
76.32134364073507
76.4612285740863
76.0082978349185
77.06188608800237
73.26627985068802
75.13132656400465
74.042507088545
72.02357866181308
76.85188894404418
76.12272794819076
75.48498764847571
75.57705352058905
74.50400979781973
74.83940770508819
76.01053377407926
76.00067866790366
74.72421799982594
74.36749387192012
74.27905146696075
72.46976546961018
77.02230125558918
76.12055563180137
76.43292866326837
76.11018607881182
74.89775767023448
75.12326521669772
72.17885192578538
75.75903621930756
75.10088682378526
76.84297520082586
73.54641553434085
77.23032011906184
76.10561833370708
76.32456410482553
77.1003729847295
76.04371537375512
74.23168930690021
77.27454193834184
76.04184808992673
74.07167728515208
72.17850564438972
74.04810236318514
74.20977165634231
74.50945796462683
75.77378110316052
76.48451468687661
75.24665413961867
75.46798535416245
75.13676214823376
73.41787561062863
76.20048300989055
74.59343079710274
73.29313112097832
73.58946629219315
76.26780081917624
73.2538257896102
77.18374140701731
77.05132077421035
74.44221224916053
74.63251764562976
75.05522850281172
76.07861242431946
76.69651901895763
76.21187503468511
74.12977074103952
76.5167653634831
77.40071507688305
74.07513686109279
77.11658457357332
75.50798928146203
74.1866368792188
74.01006625737669
73.14590472948021
77.045206461759
75.41377913144498
73.12482647242582
74.07070168775854
74.33991549955464
76.11220216810081
76.07244250655255
76.3409586103493
76.20045945647523
76.9055644609228
75.04580987351612
75.03542811652466
76.04532807870886
74.35516423504598
77.23748254712861
75.28610322498405
74.1340639042818
74.56148680077592
77.15573338465
77.00855153698778
74.39227499748321
74.37307249409254
74.7073675685567
74.30427717250886
75.01321950618744
76.16557850345589
72.37181528990115
76.57706410916185
75.11679044201429
77.0646164373056
74.1095634098492
77.15835888338259
75.397265082351
77.24865455442455
75.40712303119935
75.30733356763271
74.18101533999909
75.83123952129026
75.18757824094072
74.29579136401807
74.85014207544565
77.26251892503899
77.1456421970688
76.1594992312223
75.03399250117083
76.6897901322419
77.49079655974225
75.17475816523199
76.38860016112653
74.11905479708832
75.18394030255529
77.26493345911256
73.82459709854291
77.21967448167247
75.11496266278297
75.14555964608348
76.42853870807886
73.15028520839863
72.36084416600629
74.21250648982016
74.65454279583375
75.17888548654095
75.21455823594879
77.09064059561508
74.03563783011947
76.14444588148336
74.2659723036663
73.69421747919391
76.21982579778224
73.10466946591974
73.6449350602968
75.12944801951865
76.08496348736864
75.19097492860676
74.02203490388722
77.09169838262888
74.27179502079652
77.34944493498202
75.3963138780997
74.35614867796777
72.06274675155754
75.6786335266052
74.08012849709417
76.05068790460184
75.19239428239727
74.03521358948134
75.51141941677804
75.10868476035871
75.1792279120196
74.1908824110125
76.66546265346634
76.41854909331124
76.87055927105253
74.06796114868202
75.49875177871495
76.84444947068918
73.55548524267684
75.04503356594462
77.12100269857243
75.00124028075962
77.22662367450454
76.55157442030993
76.2686300664475
75.08266480524888
76.17918618641451
76.78047486877833
73.18979524403025
77.12865914322101
73.62886409498522
77.4274617433888
75.32275098992896
76.39170232600065
75.16240188175672
75.08726462166324
75.04861528942922
75.07436456812148
76.00984416774291
74.09830477468886
75.91587687440615
74.03668987781637
76.27567108314554
74.111934640447
75.68142647564443
74.4254028763575
75.21362438416554
75.05256543082531
75.15488630547647
72.28006438676663
75.14143322458933
76.02816693924859
75.20907630728239
75.55750097961258
73.78988876703477
74.29960791391032
74.08444563449
76.16377716348129
75.47894111113668
76.11533372919891
75.36974377965524
75.01743299700627
76.12071010129395
74.3260265890549
75.10544845325632
77.14131731722601
76.37937032974747
75.06911962019655
77.19242227089484
77.2981030918047
77.11303850975379
74.3298147574552
75.42974498011444
77.08793167558989
74.12975497370914
74.56817256925497
76.35943612201166
76.39377163904602
75.84827129899926
76.10280832349135
76.32292325462481
73.74162395401059
74.56751938337236
77.11412574719618
77.20890717710363
73.16386450028494
75.77128333279758
74.5152977001615
74.01089957843668
74.51913815561281
75.25838838560418
73.39747052041032
75.30127806809264
77.53894143012064
74.41988996861865
73.3800287327888
77.11187777160852
76.25333343939788
74.15749201520323
76.67748892763892
76.42147717690032
74.53744706062824
76.2095017497346
76.22181884075007
75.04732320082378
75.13881618176461
74.84657718639325
75.08133351347489
73.36999596762733
75.11014481950411
77.95049909807662
76.57139091554622
77.71055765430901
76.06260181605661
74.4414104668332
75.38128761908924
75.05100998350244
77.07045347292602
75.31518651716728
72.32792309684983
74.53130700621064
76.04122315818583
76.23023188998854
76.13107489040537
77.75793617197414
73.51536334389596
77.12920527733154
77.01477758244903
75.56695855196682
76.35155599633862
73.12433102383103
75.06841203804761
75.02378632019534
74.29573351850414
77.16437256495522
74.02589272963964
77.32970289726723
74.35757433783039
76.18380465034413
75.0805111530908
76.56665652901602
75.12856708070062
75.4477196685204
75.04031218708123
76.12874532265063
75.36274825158421
77.41757177922501
73.47272938852902
76.80716414875245
77.01095548465831
75.54667529798607
74.69866358167172
76.0300084282983
76.24638955443886
75.08411431041269
76.39008751892152
75.19348874697428
75.44759047887547
74.38865959273328
76.8430744404683
76.92941720265694
77.06897371032188
77.29442373835104
75.22665306491493
73.09321804487081
75.58912958772476
74.34309805763858
76.18225702473535
75.38153646391932
72.52558383562689
75.27039384464943
76.77398473265761
77.46783720337358
76.51620905872203
76.41005853351486
75.21056974224412
75.073954492674
73.64812468739201
73.04293214024568
74.42100917670201
76.62719677183848
75.01845128548352
76.58220416513562
76.5907932273891
74.1808317754569
75.26785337753665
75.07973604745415
74.63033955483131
74.28696742182504
73.35660950451741
75.32464621687608
75.1181895606029
75.11843776460576
76.2550904573665
74.04685286009959
75.24083903610101
76.07667943420972
74.7311834914624
76.31289518107754
75.42307985437824
73.22341828290605
76.00521569175427
74.01080031582882
72.6793685972476
75.36248204634222
75.1843433383723
77.01204355628785
75.14348547953158
74.36861231137652
76.28313431268204
73.16924993494986
74.47473562815308
76.11363003179699
77.60732337713134
74.26065823085344
74.99394815614
74.80231461685102
77.0190419503437
74.1232680504675
77.67707680112173
75.4423540884373
77.41350736401965
74.10026997058246
74.22488421248462
74.34007066353448
73.6951233653584
77.63975086382055
74.06541671934026
73.08732548439276
75.3039986523611
74.79113311004859
76.38081162812082
73.4668109144201
76.40492272367982
75.56565759583216
74.17649161000769
73.6295886923432
75.09580505939897
75.13103506928698
75.77208151465346
75.13105500449693
74.24494549756884
76.01139291393713
75.02201340151514
74.11598528356207
75.20182077593225
74.68773178551059
75.5000310207078
75.39368243005907
75.10879950132049
75.57225958470997
77.72152316743983
75.01401029453137
75.25970224197165
75.23848563885089
73.13986081593464
74.11134630563821
77.14094858284264
76.4127017817143
73.11655608792618
74.52434797337925
75.22804311067421
75.05379532069793
74.88934935271351
73.94519578125117
76.00617205698067
75.18315532806079
75.13670910028603
75.86787147706255
77.33376968712788
75.93762099599729
76.04086011602368
72.27524191710343
73.66345853435102
76.03241692914466
75.27156513991648
77.08526552775392
75.0761219654415
75.22912888950073
74.03403469619522
77.01041508103437
76.31599357326998
76.20097082846131
76.05255006828405
75.33677508556417
72.46087016440299
76.08641865664482
74.17853979573353
76.12447351570512
76.1048966799595
76.03456154666969
76.23292287458099
74.11187991173499
77.62518818522109
77.5468393154056
77.00732037014086
76.78971947919669
76.91878254541578
77.06510449698875
74.19527234237249
75.24628239822069
75.11974173375869
77.59746031788487
75.48153392305217
75.15262096683114
73.35307082332372
76.624829662959
73.77229706231546
75.14365469986349
77.52838640827086
77.09927417775954
77.05304887500691
77.04701833610221
75.60972374645507
75.46729922793449
73.69114427596531
75.18282047517937
71.12266951521076
77.1720386796566
76.14691130613343
77.15521554001629
77.25803498273179
77.0310660911828
73.13566112790362
75.05312221002244
76.24514709446683
76.80004537934381
76.04988903268699
73.81131170834973
76.96792740406931
75.14157375634186
73.72529420389284
76.54847298707332
75.72827159733849
76.11452746206753
77.15574466791004
77.11870486083045
74.65826161168033
77.28946386790459
76.11471339840517
73.91881804815914
74.370815858217
75.12547695137107
75.2337258065908
75.05171645845274
77.85240215865095
75.30278496807901
76.04067615071176
76.78094589156858
75.30513475559684
75.4026417180799
74.13988825059583
77.6938507627691
74.15662014083263
75.36627267187737
74.53275305207106
77.43648596715123
76.07987430416694
76.09740084480097
74.18052093018962
76.21308898562432
74.09457440156682
75.36570144641374
75.49516169794705
76.02604520844902
75.35978755205247
74.14855651076688
76.44159599532819
75.1214806846767
73.10470405823949
75.65003066330713
77.32979248231877
77.33888754011535
75.38705694188494
74.91432558946619
76.39918575012776
76.07512792858032
73.88692921638196
76.16192861286126
74.92379045942464
77.81792348553618
75.34791108659176
76.06033332799277
73.48935456563805
76.7939029641245
75.10836393872096
75.5485718346236
74.36732234310948
76.08119144381588
76.5592334829015
77.5905592629903
76.27556033761408
74.1415844836326
77.47392117201285
75.08053878606502
76.09353492901987
75.02473162621679
75.2550644812201
74.00455031956257
76.00874262844412
75.48153189453542
75.0538187807836
76.26912922524619
76.87828453366477
74.00537525862708
77.26711759830077
74.40126027358328
74.32128950830624
77.1528920000188
74.218876695699
75.0074145525311
74.59062633933542
74.13806884467394
75.23829200540942
75.3726199850387
77.1209131544627
76.50526696760816
76.040200247292
77.70266889077341
74.26478058569094
74.10001725097051
75.35986220843658
76.07112790383482
76.3971473056773
76.06373351226469
75.32861046903886
74.28589792284036
74.53415542210048
74.62496712321646
75.13451479551718
77.1175694492831
75.85991030982157
72.93950575624557
76.05625987254672
76.08625485799618
76.15519902188582
76.17166790343852
77.38993117764167
77.07891465667494
75.0391769429965
73.33411865763453
74.30868182584433
76.0651468809099
77.81642885701723
76.04828794528152
73.0397681729247
75.82273398312424
73.03030585435798
73.20783452251092
74.0596846406568
73.03234101854366
74.58256996267815
76.00262679914297
75.11947454592186
77.07098016935034
76.08989780135919
75.04165861578254
77.48388777514475
74.20365120744748
76.15915957049896
76.10448647069036
76.04282026534463
75.11390290470862
76.03645655191903
75.15778023620999
74.308439097668
75.37940346021668
76.86902999489172
75.2525345841759
75.40573126114337
75.98463253863474
76.14081635195751
73.23755555416358
76.0966675352894
77.06043081356344
74.38001252396361
73.1006233793705
77.37180013180179
77.43084851410238
74.23810944349052
77.39711447222471
75.6467931084336
75.1546013664965
76.05212210464683
76.10834582573047
75.13554314358406
74.14524434334282
77.18695959874373
77.15527075145945
76.21485195732198
72.29075293543659
73.18486690019694
75.75653500072492
76.85812728016649
77.12873708299982
73.38324916759099
75.35178859846413
74.15018285213785
75.44198295155451
75.1575859164794
75.14014072881668
73.31508103538064
73.2878843353683
74.08976912832091
73.02501580591863
74.357253536684
77.05186306940944
75.0809646817294
75.73881159908231
74.91401445081483
75.22906984932533
75.65773755257366
75.02803678208745
77.29972728007442
77.74655199204666
76.08974966563302
76.12839300550233
73.47980828653964
74.0229360842287
72.22286202041174
75.3456198464816
76.05320183101696
75.45531563653569
77.11135907968266
75.06656224835416
73.48897079334249
76.30462814848681
76.61204068757239
75.23243980435566
73.20934653055386
77.03033794939307
75.86824527694161
77.13434331482235
76.55655944809047
75.12266303437649
73.38844928090802
75.0549286496577
75.19775669851397
76.23951612502711
77.06717225470695
74.53806212790855
76.0945297304167
74.72709955116774
74.21520966685725
76.30788246178167
77.0418031207722
77.5784725079662
76.20102305779547
73.31661786606293
75.16948120896761
76.33434975235998
75.08679804098628
74.64969026722625
75.10726053263858
76.43987877532749
75.0676867064315
74.27180963396938
74.14278693145761
73.19403153714542
77.52311846334224
73.94202993889994
72.021074933324
77.17413339538585
75.14880416366708
73.00961024529774
74.07207134897966
77.05404308328008
73.1417297340824
73.12730763801217
77.2966266462649
75.1872053668886
75.35468478449498
73.66289558657746
76.1101418260325
77.06531826414009
73.2824314931148
75.4268302289776
74.62458515382713
73.04179770811764
74.14427318861294
71.31270703458118
76.2022955923763
76.38341202617559
74.21457838854725
76.92070137214601
75.26081184250954
74.66796838185381
75.2371919185756
76.12381925254039
77.41703534431001
76.33492659896915
73.96309048505069
76.18719079220541
76.4040871528935
73.28331896676474
76.00639153674544
75.08179972491725
73.14612354764373
74.66430564137208
77.6513945656853
75.42970462796767
73.69391769998249
75.82601321612576
75.40769340381587
75.18512440854319
73.41343435940904
77.39106491184243
75.00462299822676
76.23247097298848
73.10833383721894
75.30016127301715
77.24114278840516
75.33368859404067
77.09794426350255
73.15039115583765
74.04610722050627
76.01942520282623
72.0452862975662
72.50862437231427
75.02462742532468
75.06169439728892
76.89870837690883
76.60639351843281
76.37521442275643
75.89453725865694
74.35552887251053
74.08959364689339
77.03152868368225
77.06590001127783
76.11616505187384
74.17566287504935
77.21271179257145
75.81139895848823
73.09703964900467
72.27687815456879
77.04486493363504
76.33983979936637
75.44776725346101
74.58061398587634
76.42006791305997
77.00266755829206
75.08213666736899
75.34105979350959
76.62970562189338
75.20132651185992
76.37321591154013
74.46965704415081
73.07882515668136
75.26954185964378
74.33454707781749
77.5642094145331
76.38920339256745
73.25830640304655
76.0193609465485
73.34091906530139
76.0598807031909
76.35033150018168
75.39275312272834
75.1832957053043
76.1216332059743
74.30685127234297
74.79947345049496
75.70198574294321
77.3167517649101
75.36640190418679
73.22236850842118
75.19663888628706
77.08448048096643
74.65895071650624
75.39000967118346
73.4761968475455
77.3500297610733
76.14566960738276
75.12295498711754
74.83832806780794
76.19494122029573
77.45741120366202
75.18902800148678
77.01572774011599
76.10546217248465
76.06098402733278
75.04256660628874
75.56826006685927
73.0292950686675
76.02852035719445
72.09745258782385
75.0983540860209
76.00877425989523
75.65906702011408
76.0825825617387
75.75143877160986
76.25052082854191
73.02670268528836
74.14913070942652
74.10549606041491
74.00981731152466
75.18906228829071
76.03616859374027
73.13537729388281
75.2259215068877
77.33045686675068
77.52498022530459
76.24537219934865
74.1290904476908
74.17143567837479
74.77364614800986
76.45641164334344
77.05428239175386
77.6440612639528
76.24970348115954
75.00325522814822
77.62361678064988
75.07782360271173
74.45593283746474
76.05720409728981
73.16914647773311
73.32870803180342
75.398702937007
77.10253914406773
77.49921245910015
73.29155166274748
75.44031876226238
73.05922710205473
77.06366974787163
76.13352054284519
73.89132296717321
75.24690109604502
73.06950698175947
73.5404902176618
75.04110388876309
77.18991906314179
75.5311853698876
74.5572032547214
74.66266044739812
75.0349427408143
76.44745689777551
77.05429574165251
74.0247174068155
75.22566877750336
76.10313687082319
77.49408926915426
75.33487764329719
76.35710710221832
77.31518108549245
77.11122757908761
77.39307712480729
75.9278151460467
75.23694633442217
73.28617808099379
74.20491550342969
77.19172293605166
75.30155674640288
74.10569069263316
75.08210967855001
74.50299213643349
75.60655310689586
76.95938683770677
76.3625966015138
75.25170272726515
72.1359147094079
77.32949451035286
74.06262359244954
75.06526839254393
76.38909150243963
76.55928035762216
76.8521656641584
74.40732819172564
73.84685131379496
75.28716167471944
74.55622963399179
76.49740292546421
74.36841555999595
77.04157149699547
75.30911593979994
74.65532517389352
75.34368228695843
75.3389835271899
75.0882598510215
75.17080972570979
75.37577640943358
76.00817917146391
75.27756027063549
75.01116975352149
77.09760333950777
74.81928234408801
75.36925911585803
76.09354820110961
77.83560381503983
76.50892037822987
74.29213039559656
75.02060328881909
76.09252036744955
77.13300258108532
74.01943957942056
77.01125731826936
74.21112812587755
74.06400081886032
75.39705656179801
77.22058526519798
74.27456927998156
77.57146062404983
74.0539957458556
73.10624732466381
75.37037089780942
75.1082173856638
74.87252702619803
75.01515851320451
74.33533997260034
74.68650113863502
76.14619766549919
74.37538453006276
76.42468251113561
77.72845494170421
74.95996478026468
74.27536772806651
74.1567040099744
76.5140524588576
75.35505725677326
76.58240137038644
75.01223028368449
77.19442987607218
77.1133911218574
77.2776074117838
75.01460582024593
74.15163092000957
77.09542553170937
75.51113105784975
75.27342178773536
77.88425542540273
75.49976662215435
76.02128183745424
74.21198710386238
76.14662238364588
76.03583571345278
76.17126993452129
75.86653088395147
75.26386164353715
76.12283951048461
76.02040145980511
74.26276169236901
75.25184431395766
75.1343885838852
74.30142413348031
77.36614490176449
76.21699703461636
74.23110667809189
75.03666700479451
76.07021082779303
76.32338537744675
74.36677887439194
75.15452697529074
77.03619790793051
75.13555008115587
76.05250265365547
76.53383164433644
73.19521143841075
75.3154712252817
77.27488153140328
77.27529517944991
77.41668798838342
75.49309445989056
77.17692334257667
74.31053823760047
77.64183212886323
77.34715414098117
75.46273824945939
73.2364827744581
72.24701050871678
76.35991986431743
77.01170149907118
76.4620730911405
73.42110911884755
74.15673849229856
76.45729016637483
73.19222948682187
73.53908904873225
75.0111089952158
76.25926859374361
75.42589278511686
77.0612980706037
74.04068187455871
74.05958202127718
75.30535964636888
76.08163176571593
76.2335623453864
74.11440332148278
75.4611904187955
73.31365097680847
75.43819114567172
75.50220282850022
75.2020359245456
74.00497561794222
77.39074395732985
73.37266601601473
75.18874681663875
73.65668226611619
75.16240415237377
76.26803723704143
74.06213314278183
76.29323772177061
75.00724086918412
75.36209730644202
77.05811131992746
74.58856484865521
75.10578459723301
77.28531880387192
77.08797212763345
77.00425136417783
75.40415468538083
77.57622144492913
76.00633109932421
76.20056067570121
75.04311716973196
75.19218927384996
73.08229495694145
75.5935053912236
75.03953020662593
73.4359749055607
74.10744691932457
73.36864976403109
74.14391529201315
75.4739492207667
77.1105033534553
76.23152950632
74.39155648777592
75.66951896726806
73.2946926846873
74.05306877175842
73.13402238550299
76.28536337129937
76.15777219625588
77.00514013925034
73.24267867246893
74.76151479542209
76.7138359529186
77.53522933467471
76.16174023380306
74.3134794895718
74.20800180232007
76.72450605312041
75.24158189049199
75.29056752221769
77.19767394388326
75.00839278035173
75.43940983052235
75.38970254465028
76.17039407368347
77.08424982940329
73.12961199514217
76.33139932845087
77.00617402934355
77.11743956947252
73.43250550999177
72.7204434106018
76.18787507621248
77.19553418498408
75.29271169506569
77.07573027936243
74.0973815516395
75.13818686522657
74.01771410677948
74.08972114256005
74.44930079579785
77.16639852900651
74.31036761995905
76.13871925342535
76.25798956780687
77.14115195516017
75.04379476964169
77.0506748404406
76.06492715421112
74.22127203635884
77.54577631371164
77.79872837052638
73.49963676550813
73.15217983368579
73.164837775185
76.31246818917634
75.3751122283382
75.06910624860875
75.15600580739606
76.07919237255565
74.17417377400957
74.01054501603268
74.61943954575162
74.39818181770134
74.72410811255925
77.41471328666141
75.02749488531484
76.14358565608178
73.65059784637008
77.17477391392278
77.8830325756359
76.73171129966737
76.24455888585
74.66420128401664
75.33825247083867
77.61636372636642
72.37667885828397
74.4364825233372
76.31935376759668
76.08331210824825
76.48555245332288
76.57513104254171
75.13261245448557
74.19780051110004
74.76915872273499
76.51510275571096
77.7108206286871
75.3073470989931
76.20055978975698
74.57210614948382
75.25077674209592
73.29662524113247
76.22075979810867
76.0880333026189
74.02479767215549
75.21385196750879
76.11457572269408
72.91234763942516
72.29807329705558
74.44724701268593
73.55995938064369
74.38771191764815
75.6593793936723
77.05529975437972
77.18242094862222
77.41746505168302
75.01369944756776
74.19520521621077
74.17427072630163
76.29187050362273
76.14546540363855
74.29993088604199
74.18182624399849
76.11468535340245
72.52348716775681
76.08820958870074
75.33849794100038
74.48462240278816
74.08644801263371
74.11923148423779
76.04501658394672
75.27396906682341
76.3078280593439
75.29021991643401
77.35583902621846
76.64626421619936
75.60958617232237
75.07597176860301
73.32539067136317
74.04260916410982
77.58792132577183
74.04703231463962
74.26400334692374
74.23685068154647
74.06169370673692
77.32520210322666
77.06095717811071
77.15545544630564
75.73938606379653
76.07038692220235
76.26280884176327
75.04478458220329
76.03683112039529
76.06389179234002
73.27653522917628
77.53673404065208
77.14513843458967
76.09721104737113
75.60826306765982
75.25457099698075
75.27865851590417
74.42463256526841
75.19895137280301
73.71997611997193
75.21757336623152
74.35841915384016
74.05874207456041
76.63332936603533
76.12376310762762
75.00537634403207
76.38526201613878
76.7086598449318
77.03369507432357
73.25896253414822
76.15726953081463
77.03514372082523
77.10846861888457
77.31437932905709
77.869459557912
75.7613982956119
74.01143686681004
77.85528007175554
73.96531754279574
73.35592503576777
73.05770319855105
76.26308115371533
73.99910050596368
77.2263599821713
77.74963115220599
74.0715504528817
73.4349040318677
77.0438629356839
72.27040328598004
76.31478607368237
74.49768049996203
75.23869831700901
72.29216847954595
77.62055598157474
75.07581193607297
77.01848499477987
72.43741494550889
73.14359427672309
75.86204115420743
76.57024215601596
77.82858866020199
75.21634478932607
73.73151799300744
75.93092974074222
74.50527540335692
77.18503032724502
74.03699281393328
74.15690243748986
73.56253011453023
76.94936952426929
75.31080183332264
76.07482242914888
74.07738521454907
73.30655277575438
74.18797728773228
74.26475826900591
74.45243033378074
76.1525664579864
76.19186821198429
74.31329953218703
73.23014846223666
72.1644336414984
74.56377757046398
75.83362890351283
75.33618139614826
75.06003776915853
74.06303150121948
73.34993155039707
74.54910835579452
76.36520099537944
75.04911886151206
76.12580313436906
77.01624907176532
76.5191586033215
77.2086841931145
77.17053117623406
75.23351281180959
77.16199788471306
77.49116797527495
76.15582345838041
77.01609199146628
75.11995561381751
74.06316689708758
74.25241269351977
73.46162380384841
77.00347217446938
77.29939952891388
74.04871136411491
72.29602711250594
75.23573703835322
75.0212523348724
75.04741249458644
76.35320842403833
76.3154296379655
76.03972938685278
74.6611045873483
77.6673469024399
75.13265920202093
76.13448489936782
73.84510701051967
75.22271504481277
75.4214744613224
76.47014545437877
76.16787127744757
75.19554477259143
74.06160243485508
76.07582682910518
76.37107984781429
76.33599666138694
74.46025909834324
73.1965616517435
75.89909051719363
74.08166552946875
74.15471612359939
75.01768185293882
72.33272534346001
73.44466465452268
75.00149447194246
74.0029174535854
77.29039405447541
74.23516344123904
77.11445428282403
76.02184204843522
74.03404498266424
74.03288480198549
74.23534302249115
74.95983730455382
72.21618523083396
75.20527380658243
76.8896846742136
75.0091473636971
77.17396804218066
74.27754027042596
75.10672231101876
75.1504923660288
72.25876930080626
76.46981371737382
74.68602719355229
74.20708387109465
76.98510856763882
76.75534352927745
74.1424579756103
74.05604857469206
74.20934238570466
75.521849192367
73.22219727104138
74.7368075963273
72.00836896335636
75.33928684062316
77.1623090535523
73.22602939491513
75.11064197330465
76.27473051680758
77.07484885219476
74.15998841360468
74.70747206717581
76.59580572892474
75.14322350860084
74.08215398009698
76.9928088819363
75.98721008437802
73.5245251254612
73.67847746218996
75.336193620921
75.68343057739177
73.2411935519903
75.59637070496379
75.01762661840827
74.21380007138407
75.02991902231145
74.08552997216823
73.06638913790094
73.07100199475958
75.38581513210444
76.03585008369055
77.50947718583159
75.07556876077884
76.79850837364401
77.15640887248261
76.4213544265998
74.04936526530486
74.32332386589312
75.66327105300302
76.02325086441638
75.05989421332825
76.54792613530155
76.4275066334841
75.50540217832415
74.11404728474955
77.08339804891133
77.16832213971485
76.22786108490186
76.66141944852852
77.4889203967559
77.63186655393987
75.08820035535089
77.48738372524267
77.74991283756484
75.2750331962324
74.17207012430254
75.15837432479738
74.39135649510919
74.00622249900097
75.15042093048986
73.09166935125027
74.43744845753017
75.01006725630512
75.16366656118458
77.13642416641883
75.2101436791265
76.13714495959437
76.10496543765932
77.0066112159766
77.15611203131927
76.28702411035533
74.54758933890257
72.40404583278448
76.39261338119488
74.06939620133137
74.02883404312196
75.4672094993039
76.19512559012553
74.55041526509895
75.63353660718305
75.03480891936708
77.11131702765067
76.27512859909905
74.36747109486339
76.36257089163416
77.77359367260873
77.30483205280822
74.06301177181659
75.13963845172229
75.01395319393004
76.17294747082815
75.32307342751517
77.01919771494003
75.06703192944309
75.04457174847593
76.46213998405506
76.00160378509212
73.44003277241748
74.01275526361404
76.07482914949004
76.82820238109429
77.01335053956814
76.11751461075119
77.5332728056452
76.19485900456834
74.10102905245135
74.3382030899659
76.01356278381483
77.39942910040948
75.60472934396661
74.70320525395097
75.12683605271229
76.2299229136187
76.21665937406968
77.3252128480413
74.0973696277581
75.44820224693565
73.32096684706528
76.43650970968957
77.24759591609214
76.05076599702468
75.00892505633074
76.15561096806982
75.14723698172489
76.19935741562225
76.07538252736269
77.40445978390959
77.03588991371092
74.26655202925893
76.35442278398082
76.77915142880984
76.06650864516654
75.65924930042479
76.14296394216956
75.86040968681473
76.38120034942985
76.10823990159574
75.39230984476279
74.51910277890862
75.01712456191507
75.0614123360695
75.34764436563053
76.79155615827973
75.11912985948199
75.08804984856589
76.38813123290298
76.35224533737143
74.45854260747802
76.22872542451144
75.41102054458514
75.20249840934623
74.58633752594436
76.1179242043031
76.20487713945468
75.1273073929062
76.24931128303369
75.3769246110643
75.08004088818926
76.05804516884422
77.17585721438465
76.46661572725536
76.06900371749646
77.01535759026049
74.29737809028478
75.04155227728533
74.01569581131366
76.09933243188866
74.01971304269334
75.78444193546973
75.45344679703645
