183.8887365854268
184.2038953554667
183.0291078375309
186.1030646174332
184.0484434374354
184.0883815703945
184.863289181758
186.745121746971
183.0736270966381
183.3132221593599
184.0127339904749
182.0467070640236
184.2933298645341
182.1724686052327
186.2060557955229
187.5542460546757
183.6410724233372
183.3098928048491
186.8111370136735
186.3931221060667
185.3477894534908
183.127683102399
183.0267224511644
184.5243980141762
186.4968544903763
182.5084865336317
187.5008575222183
184.1737994531263
186.1018255655577
183.0759865401347
183.3869069283071
186.1917027276845
183.3916172953112
185.6850285890396
184.7786653533927
184.4509595614693
181.8301870543567
184.5211748129267
185.4465482303657
186.2072864596772
183.1363814444441
184.0879206711264
183.4686865806316
184.3171304241326
184.6117433465749
187.8210166998677
183.0015361614456
185.148586793307
187.0293251071166
186.6442839511536
183.7604085396367
186.2929441548609
186.0536989556943
183.1178634210655
183.2972928034343
185.2204005003362
189.5296027277797
183.1996851369857
186.2922772441693
183.4051642910627
184.5083440396245
183.4755948102859
182.4002110303471
185.3225709446195
188.4146211433089
183.0268946478929
184.2077448938892
188.4716881340258
187.6769419816154
183.2735138869213
185.1421806127494
183.0239717190794
182.2127665305389
186.3141201351513
182.2599419617023
184.8437570018301
183.1092687711581
183.8678840164461
182.2570073108098
185.6514270994494
183.9147008685212
189.3972508070528
183.3707554651507
188.067972991308
186.4979277682996
183.0338247361829
183.708144497019
185.461831287159
185.0944330947518
183.0405802513477
184.4637597541321
186.0500418869726
185.0325414421171
183.3895467589216
185.2982650240168
184.1276745100001
185.3433458225179
188.5218022039794
187.2170871347851
187.0704030038418
186.8272247441929
183.3953205441414
184.1485380777714
184.2872483498631
186.3443971119871
183.2225613293505
186.2198657060999
184.03307658319
189.1788798544983
184.2228748459902
183.0359876683624
184.561275911755
184.2322552550023
187.12077845591
183.3825800516843
182.2652916103829
185.5753315253258
184.2533790631325
184.0638793373609
182.4750617083679
187.406594078063
184.0414109064615
183.1059756023712
186.1165001978326
186.0049284294163
184.5785044972121
183.0631350624099
183.4978514531907
183.8436896072411
182.2197757781234
182.6070429680911
183.4364023360897
186.0032882479768
185.0714439590757
186.1506233801328
184.146887055052
186.4584555200084
187.0307384007636
186.4551789588758
183.7070260943344
182.1494085954823
184.1734781818722
187.0043634620549
184.260202195504
182.3579060849546
182.2173287775574
182.3039323988467
185.4187790132617
184.3055369058864
184.3764811501209
182.0261872940742
184.1939135098322
185.0772620657841
186.0720867645514
182.5908842507399
182.1838477678231
185.4167107483823
183.6800054914309
187.1118454966022
183.5088916024017
182.3763162165783
184.1333907793389
183.4806569173269
182.0519338670124
185.7133390908856
183.2347314038785
184.2112599842121
183.3534113206486
183.4928801270021
189.2086148881839
187.4439399041421
183.9149166664955
182.1939040802447
182.1607823933806
191.9014974483232
184.5026642754497
183.3466800705006
187.4625435058128
186.1597502740703
185.6887822473622
182.6416325607948
184.276354049198
188.2399652859578
183.0265779984091
183.6268721584902
185.0766815695546
185.0346402244618
181.5676091570774
183.4189798833012
186.1310229258157
184.8341052225561
190.0377605266521
184.1598918115938
182.2813156940721
183.434702178792
189.5006142928133
184.3623936820425
182.195172150461
183.0861380406921
182.779217657578
185.1782204610546
182.4724290915816
186.1947986008245
183.1106820276212
186.7576728175361
182.3859920345339
182.2413981264254
188.8044069578243
182.0507388734036
184.0408963410347
184.3312958329013
182.0912636212956
185.3222939796229
185.0669101556201
182.5322776281799
183.0319319229459
185.0819221675025
182.1686722811388
186.2205424102895
188.0184673757987
185.432090863767
186.1607554216757
187.4317400346816
182.0575274216288
185.3188699827182
191.3606924823844
184.2466686895714
186.0747636820773
187.2804556838168
183.6620407247977
182.3740694258024
182.6204249972563
186.0288935097169
182.3109945343512
181.1094073492752
183.1974674182359
188.2224444652579
183.3096256189958
184.0743940465633
184.111954461912
184.2303311295524
184.7586679208601
182.3096916887716
185.1763599382889
186.2700993318366
187.6752543831645
183.2235883311352
182.1497763425308
183.6484551169363
183.4807615240773
184.1527967101837
187.1928600256696
185.1983407101583
182.2443582333545
185.0463442465763
183.0915132598106
182.6305149769546
182.2714311803575
184.247600370694
192.0088824077796
183.0108501646425
184.2402585053369
183.323722460898
182.8044124824246
185.2163066908204
184.0659206734079
191.5031217999632
184.1956970699042
184.2038332082541
186.5226675344207
182.361820636692
183.0542122065795
182.277029942754
187.1075863989255
183.3323925829533
181.6524962754129
188.1193269381599
184.267995356788
184.3352165434063
184.1249661652329
185.0887212459305
187.0069231155724
185.0413376599216
184.0007228967495
183.3830957154672
183.0813122731362
186.0719640295328
188.3727718223866
185.6880630345635
183.3382090014435
184.0602209120063
185.1920556442663
186.3197263896905
184.4153331854217
182.242473764284
185.0129351503246
182.1199264545828
184.1791398983628
185.2150509799181
187.2440747780691
187.3712200685237
189.0205032711801
183.7905780813562
190.937748919625
183.3815598137936
185.0881997281932
182.2334933018798
182.5419506216873
185.1721382940177
184.6102717976868
185.0048134627139
183.1079183961953
184.1605302569539
182.0138688286184
183.2966737042038
184.1242048473425
185.4612655823977
187.0608549736332
192.3348495767034
188.1560864279393
188.076197545558
185.7359232926909
184.0095199825864
187.018002088696
182.416950909949
182.044349262701
185.1365723068405
186.3561670980648
183.2417642574976
183.9955891136786
184.0249623950948
184.0237777600578
183.0908262905085
184.0856105912079
185.1455599548599
184.4816239934655
181.6190841601964
184.45362935669
188.5604767655089
184.1272076066401
188.4715555980318
184.0044983534209
185.2183501719074
189.7978622653947
187.2558763061139
190.0016826919612
187.0549942199054
187.1177903720708
188.0138321316662
183.235869425123
183.1232789288172
182.5307495776247
191.6528531296888
187.022274621285
184.5337749147835
183.1759503623596
187.1006808183905
184.0231589363912
184.3687441032104
183.7486316480654
184.0948658197231
182.965592885919
183.1758301348555
188.4356429399856
183.1879042669732
184.0179803944521
189.2416176595573
184.5534574490668
184.00944612858
182.5532545695123
184.4797850052929
186.0767641159948
183.1433692582086
182.1106713482134
188.8926929377337
186.3881498539604
181.3623631880369
186.0921896890184
181.5706288047386
182.4916788468274
182.8193739171462
185.6911210552164
184.8520885828072
182.1159266130902
181.3707692993441
186.5095069885646
183.0375837461449
183.4584733120488
189.2410492687837
184.0459984572033
183.0313591271249
183.3499836491428
184.5022822880044
184.1124987172462
186.0076789766752
186.1556077893981
184.1091325660502
190.2998379780212
182.0833506570281
182.3420910734862
186.5123792275766
183.1968250953307
182.1073660227488
182.1137698741491
186.1564982939461
183.3645934608308
187.4589942966157
183.7355789422181
182.2669397829067
184.5490355467916
187.2783290168051
186.0538262470882
185.2702255577778
187.8444116919773
182.1768327924262
184.7295395247544
182.3233611412108
186.102795608043
184.1892415518186
189.4013750933633
184.0890655238317
184.1358604999514
182.2362390989799
185.4481641535071
185.1368743510178
184.8601933574886
183.1066744951829
183.4661343221037
181.2985079150077
183.9117824984888
189.3821002507725
183.2137688669175
184.1038443835158
183.7976209850863
185.0031882834772
185.3332707562636
182.0406918910228
183.0519072029313
181.1684921872356
185.0045825432468
186.2294691091002
184.0753826907005
182.0690060933891
184.012643711808
185.1554515822582
185.221769988734
185.1098339499193
184.4145866760164
184.0465788026957
183.2323530593428
181.7948657835016
186.2672281379779
182.4340245241928
185.5471128732334
182.0168401332168
188.1825614653036
185.1107616007347
183.1004811714418
185.1772380921593
184.5905563067634
185.0781465739016
183.6250232068736
183.308474431869
184.1251709863599
184.1869237184395
184.1480959395312
183.0647927828153
186.0292125887387
185.0441354573066
183.0709749199795
187.0329011774708
184.2267043846563
181.6831276107245
185.1436811712931
182.0583566524022
188.5618926636949
185.2257919032336
188.5958318335198
185.5313411917556
182.4068493832991
184.8030718865933
184.120044061633
185.1600692637258
183.4905455288303
184.6182336209199
185.320479139408
182.7870986197833
185.2370350669844
185.5345146400332
184.4271240426716
185.5109560548863
184.2127550745653
182.348147352869
183.043648828171
184.1127675567933
184.8019313471864
185.054746669419
182.6440616773923
182.5757644498908
184.1380997053262
184.0108523779545
189.4991155213802
185.8580339508291
184.1628550610885
184.0265363356038
185.3416686778094
184.1041483939773
184.7816259870779
185.5282383057136
183.6815760752704
185.1841262391721
183.7276541798811
186.7075698443286
182.3841196465681
182.1003199626259
185.441804462149
182.5087412513499
186.0194367179989
186.6027925391242
186.0115660516903
182.1160616994163
182.1677740706514
183.3267330781428
181.0874858933907
184.1863074061606
189.5550402283592
184.0684194104251
187.9129656774701
183.1060984001011
183.1823819171922
187.0591229890369
184.3095025054905
191.7981885214084
188.073877976742
183.3744423087917
183.1762570494233
182.0852009337884
183.2453859953943
187.1221377474611
187.0414122404053
183.3041369363206
182.2426091442973
181.4287882979483
185.2736458499214
183.3315470608823
184.2616972842953
190.7167926336523
187.1078973804766
185.0252234820597
182.4807839741241
185.2496559082774
182.6949679575845
183.3863422319923
184.1581270772359
189.0254343353814
184.1408371961261
185.0972290526188
189.3520096908283
185.0777830128522
185.4628419447296
184.5597938835377
185.0262903412745
183.3779547992566
183.2768176332252
184.8943121688157
186.6063826992216
184.0531216089087
189.0236626961017
183.516400342203
182.242645522147
182.4736296258828
183.1469785186448
184.3457123444567
185.0410964240127
183.0975564343611
185.5203998729909
184.1502737757765
183.5332725196137
184.0255413494864
187.058322949493
183.0504038417568
185.2524330478674
184.0996649994671
182.3077813914092
187.0226880634745
186.5115626773139
183.6088891702953
182.3825217750575
185.0466849593279
186.4260012958761
183.0700103586254
186.2446238540091
185.0332339940996
183.0470987457804
185.2041813863535
183.6653187474646
183.3652711600892
183.2468046358713
186.0437069475186
185.4093148348641
188.0554168498269
183.0580858432257
182.127802568374
184.170664982413
185.2808486771359
189.157378305443
187.7616502342255
187.1632704790559
183.2189820084927
183.264209412304
185.4042998027312
184.8315546509829
185.3282463014633
183.6927557104742
184.3294068972198
185.0930908973041
185.0425952248861
183.0490340298934
187.1852241345092
190.4883914972985
188.5331807726978
183.1437730141262
183.2146735608212
183.6963512962321
186.1590858692039
181.7367722747819
185.2748934523152
183.153619143187
183.7924909653971
185.1132247298676
182.2610348250571
187.1461700045388
188.0098190045283
183.0408377484667
182.5228760829155
187.3977477604944
186.3406098718445
185.2646801837106
185.275771354515
185.721923841398
183.0862921008076
184.5247994813893
185.2505241792217
184.0451733471677
185.0285070663277
184.4973365029334
184.5761898361481
185.9824637360152
187.5335445282607
184.5751219258024
183.3182557142109
184.2645990918954
185.1131413141946
183.1423194945001
183.5606137318102
183.5470925654868
183.3808053788757
184.1097560039626
185.0283131658583
185.7668396724387
184.2004531121987
183.0601251046005
185.0780898822486
184.123198160791
182.2413429020699
182.0395057869278
182.033387912467
184.2744321810332
183.2352757367734
191.6926241040502
183.3292716322719
193.2581933237594
185.3209729216284
184.2924462206658
186.3043777109442
183.2033044709265
183.5269399648532
186.0359446107485
183.6845312264344
185.044411502618
181.9174431603778
183.187861331388
182.895003332161
183.0732007701868
184.7783394941467
182.219460353144
185.5619380225625
187.0092949322669
183.0317808923622
183.3057604968547
182.3263123253355
187.4361759557181
184.0763114782944
184.6307025241871
183.0230898164506
185.0235255845023
182.8335742164828
185.4061119269732
184.4166674239853
184.7043667799882
181.2960653482971
185.3485864513175
182.4204133715299
184.2609541603989
188.5866052310718
184.0728662586166
185.1797991336003
186.0162701382237
184.5969364711507
182.6811989364546
186.2060353570987
184.3335401913455
189.1879702412167
182.3026146975367
184.1324579886649
186.1745635638298
184.4522325655245
183.2463455606125
183.4369523704049
183.8426145464578
184.2174338499549
184.408710663388
183.2025853285012
187.0914540108995
184.1115402185613
183.0768190876115
182.8327194931057
185.2361962004132
181.6007129292428
183.6751202491128
190.239394541018
183.4790443238684
186.0700199246195
184.6404004104676
182.1764728037311
181.3845660685408
183.5735966827984
182.561301343523
186.008618046613
182.7143559756149
185.1025215580308
184.2496038402605
183.1930147312767
184.1673195363691
184.1453678282518
183.3971109520777
185.8684805177218
183.0497736481809
184.5845999897843
184.2124986624054
188.3880743057753
187.258440995145
182.2932885438119
182.9101763964502
184.2616576621552
183.4629323529763
183.1503412961653
181.9184448064467
186.5210201256198
183.2303537771464
182.3891103023052
190.1451685423364
184.0358488083552
185.0728550919908
182.1351279796379
185.6233817939112
182.1466804901786
183.1583164198361
188.399414094692
187.1029236258919
183.9021101661921
188.0849200883719
186.9691869263919
184.0686411681252
185.014118856492
188.2002214024795
183.8880643498553
185.0144138275932
183.1323861369742
186.0158388977862
187.0563265953022
186.0985054531061
184.1496424211108
182.0739854201597
186.0310764298456
182.3936690139219
186.0056020051302
187.5513592905702
184.4545012161577
184.8414097424252
182.2648980115812
182.2647882688697
182.2495493579654
189.8218098033298
186.4111133260745
186.0122451017411
185.1278158092296
185.0078389411941
183.2437136540275
183.3991001660833
187.3964818987204
184.2861078572894
183.2971665254872
184.2537095139254
183.0375143220625
185.5892011417625
188.3812077377809
185.1252472485569
188.4277065032673
186.7221166248161
184.0144630872921
185.3320172135188
183.0050364232157
184.8580328714526
189.0969512079602
187.1914236762694
183.3600181635994
184.7378326569456
183.5491494922962
184.3207629113667
184.033104713528
184.1504114471339
183.2740214954733
184.3229954634361
183.3330374635729
188.029783920259
186.2596915330652
182.0791297903016
183.3473373524991
184.2512278298292
186.1419786776044
186.5187130425023
192.3911939225099
184.0685878949289
185.4988062888519
185.2180969061637
183.0741274108959
186.2788552600441
186.6983740130549
181.1713654819306
184.5786242192693
182.130988517695
186.4487421352342
182.3850864612913
184.7342102592953
188.0607925524654
184.2561764212556
184.1311931819722
182.2516673679085
182.007454173685
184.0788674975358
191.3848939426403
184.0337232043172
184.3859499794796
192.7052262750387
182.7399609085487
183.085232947876
186.0368015102783
184.0176594054242
185.1997055017968
184.1907126763824
185.2294313142123
183.3304929208123
185.1805690308511
183.1723623461582
184.048554567221
187.329123081535
184.1126210708397
187.2059501767211
184.6054033565013
188.3021109708854
182.4855737457454
187.0191509002171
182.137327336093
182.3187076543977
183.2837975229352
183.3480995284508
185.1487961200445
186.6691045421541
188.0873278242399
187.2972051899943
183.1235370418577
185.4854965478498
182.230691169297
182.5544902134338
186.5463816333341
183.6032384356818
184.0525306326043
184.8740945804281
183.8129876412436
184.2583378051501
182.410612344819
185.9053569296086
184.0378393553376
186.1066759181237
183.2335793296374
183.148441429507
185.0465443339028
183.0478787076219
183.087374210169
184.7907073047342
182.1033518927781
185.0036851524167
184.5588884760001
185.2507244416995
182.1746991332159
183.3733355313244
185.2716367940802
186.1384131083411
190.8563364281364
181.8278121794284
185.0130919991967
183.1486948386648
186.1194101522923
188.1817057595606
183.6603999233826
182.3289538733003
181.9015082248497
182.4277385564606
184.4172626276311
182.3905354032374
183.2344573222227
189.2159430941709
183.1905492616303
182.6270272682921
185.0492805420564
183.2034555320847
183.0525794803947
183.4651831369142
184.2348456615883
183.2919558993098
186.3304264597555
183.5603818675865
183.501249076044
185.7187384737878
181.0665071619551
182.3613514565656
181.3406749046596
191.5252747011502
185.0424590996394
182.3942119109191
185.3293667775779
186.1568336702992
187.3655583752848
182.2727581590311
186.4243340971246
191.179307582064
183.5074704114479
184.0626002684766
182.2312422120597
184.3002316222135
182.4627968647297
181.4677197446696
182.0168485977215
184.5871436416423
184.0525025772457
185.7421993334879
183.8625882869116
190.3631339173204
188.084054099919
183.0457701250955
183.0244326615426
186.0767419214727
184.0584488735514
183.0301684508113
186.5075974558618
185.4386257730789
186.0493260934489
184.1133043883285
188.2334385144209
182.6638344719792
184.269125778567
185.2897972533794
186.9925121011259
185.3669921576829
187.0275655437284
183.6223208323816
182.7211025063602
183.3725517931595
186.1962632214325
184.5152479675213
184.1964341093181
181.3073989419592
181.3947168762221
187.0999120897745
189.0007718881731
187.3460581158659
184.4587125133342
182.4094499386347
183.1521157886889
182.3056626154751
182.1373053169291
186.1558649090937
188.0405091136008
184.3772618780528
185.413929963775
189.4234482544211
182.0278279222993
183.4087375340688
184.2567268278969
184.6042805004391
186.5159394942261
183.107050446505
182.3414497848381
186.4019068701241
185.3830440420718
190.3002467242642
187.0119590623511
183.2553120925099
188.1555595897592
185.2151317078067
185.5813421118471
184.3532385472164
183.4148279314349
188.3936237896939
184.4624955239425
185.3466425824078
185.0681009037111
185.0050991435272
183.3750882365736
182.3176423184854
182.2101930982966
185.2096167507115
182.4154240576136
183.0620057517067
186.4347534901963
184.5375454778657
183.0084548536538
185.0168298048096
190.1317172880216
186.1353531109307
188.2319831632542
182.1180310856859
185.3607237201211
185.5000842365008
183.6383908536214
183.9970170821676
181.2353292462317
185.0393459278331
186.2772862440965
185.3712151457417
189.0790251128597
183.2975477818691
184.4417067401637
183.0581139984511
189.1617154576175
187.4253423245189
183.110762366071
186.2708305096177
191.2190429739845
184.6373618717733
184.0582621915073
183.0454885402739
183.9057846134216
183.5498096494886
183.8969279432795
182.3727198456199
186.0421946152745
183.2245459334347
182.3743464411286
183.397044233932
182.285055296523
188.0343277068337
181.4274277547629
183.6975853533528
185.145423611485
184.2034711902148
183.1887254715047
187.7592585469458
184.0580054587706
182.2941826227737
185.4455457610533
182.1850009008894
183.056919492061
183.4311005104003
183.0581199547004
185.3231420472571
185.0990947087414
183.3610315478684
182.3743183606049
184.5106504367748
186.0864081048836
182.3573633934839
183.5872589165231
187.6071416957397
187.7611000422848
184.1861843090492
181.7080349566243
185.2789082521455
191.3155322506157
186.0699459276031
184.4342745700183
187.0105288493305
185.2627654961084
186.0921630031852
182.2377170921444
183.5133079536256
184.051035822687
186.2119966291173
183.3081920241727
183.4802516704096
187.6014029483265
183.0573013528079
183.6931190275005
182.1118150515435
183.1096373684069
184.4735817329766
185.6469079479087
188.0893812227857
186.1870137966446
182.3276280995591
182.7795725727892
182.1091550872055
182.171053168921
184.3331638758671
186.2839544090239
184.0718759175249
184.0238258106443
187.5093303757012
186.0413781919401
185.1488250991403
183.3196156167928
185.043647315653
182.6503955160381
183.9321809527169
182.2859586991299
184.6943039778218
190.5289064873872
190.2626327807546
183.3977309407868
185.0370256419317
185.6077756802968
183.6754616015333
186.3090669032509
183.5013719582442
184.1817400072684
182.026704921051
185.1904087385504
183.0819586805125
184.2555703220063
186.8764479942977
183.1607484800252
184.1190407339135
184.502645615489
185.4605428548557
189.0076453330909
185.3342739168019
183.0061679960725
182.3951123798821
188.4533881473567
182.257885612242
186.0106536230099
188.0547110711817
185.2994686118218
187.3346822103997
182.3984816843325
185.6337415635766
181.46033208925
183.218181461548
183.1217397178206
183.2169697777601
183.0073273102188
185.560497005224
190.8756979868077
185.5605688920915
184.5027342445804
182.3498195446043
185.1452520401569
182.4787286417082
186.2545006807953
184.0193302608674
182.6993203225233
188.1973281591785
183.224209780728
187.1259979378648
186.0875509316888
183.1009321168572
187.1324602374509
183.1569549790392
185.1274511845104
184.0009360184725
189.341216513987
182.9953415845229
184.1148923035264
183.346166762653
182.2977245132025
183.6376181534427
187.1526353685088
183.0942636811682
182.0960585007385
185.3701452529486
183.1434623491451
184.0221641112757
182.1599321358274
184.8302626197936
184.2212361753987
182.2619571711893
184.0730014090488
184.1605557817207
182.4516042086923
184.490522891844
183.8432570727599
186.08620013974
184.3230322143388
183.1536044386565
184.8507500419555
186.4761573374332
186.1337853900377
185.0332322712137
186.0447349325943
185.1256940568982
185.3559447033872
186.1131831835032
185.5856859728356
183.1585830358942
186.1630220287009
185.2774324809723
183.8320422002294
183.0676517043405
181.2997046371807
182.2517148356842
182.2973491276671
182.8582082139401
183.2114522062435
186.0521773605151
183.3964488594691
183.1204123348184
183.0730452840678
183.3175474077132
189.9134549489902
183.2492025991384
183.4984484690876
184.0274303720367
183.4524920881267
182.3028192680557
182.3758250265541
188.0434602761013
185.0492516111327
184.2735251851516
186.5061266459108
188.2492986417402
185.9582961458741
182.1706757924959
190.088357161487
185.1876129399863
183.0133724905979
186.7830824423327
188.375479116976
184.2184658635548
185.2372305071128
182.5187057025195
182.5637704453972
182.1336618912841
183.1959253978565
182.2551068439408
182.0362677503863
186.0695536857476
184.3895387664682
185.0404383474184
186.0138368346971
187.2549240873008
188.1896422809354
185.1655493351642
187.4954937624387
184.1053514099694
185.2360179964718
187.0733485433557
186.1686174025816
183.0961361193057
186.5633890871665
185.4559036916403
183.0742002684136
182.6123207369123
186.7100877939351
184.1336855273835
189.0595037882401
188.0104062430086
183.0439246444918
185.3337277315863
182.1191479005273
185.1150199205541
184.0217974663733
185.3819240138756
182.3192983615091
185.2820236412712
185.0318116362229
185.3488398480957
186.5354385881706
185.0517701336805
189.1331698798469
186.1422025773829
183.0921903151674
183.0689205797913
182.0567749339548
183.1231106627689
182.4274882827646
186.8086623844128
184.4310092695903
185.052407991744
183.1094751725989
181.4960825327479
183.091870547375
185.0104588673813
181.9243712875947
183.2047310836872
183.1083865582526
181.7362467827019
184.5652356946817
183.0781747433875
187.0159236084558
183.6332572714633
187.1013972586313
184.770539284545
189.7683180921673
185.0021884135392
186.6176351279964
187.1107196737665
188.089099261828
186.3395504207063
185.382575839974
184.0914580137179
183.5085735231443
186.4923990035383
187.1009181538011
186.0974980914713
184.1019054453529
184.1408304925441
186.1484936373107
183.0610256480617
184.2914552779043
183.1412622840968
183.3279708332796
184.2267371361223
185.1500620962498
186.1068434993842
188.1636061410443
187.5224758150648
184.0868952269565
186.4281694731472
185.0729643439317
182.5146678187986
185.6343507036229
182.2142140650656
182.5781437702222
185.3847752981061
185.3464207432662
183.0156185200971
182.4922408619522
185.4553796147692
183.3865413296575
185.0426016784634
186.0099162527294
181.463936718414
184.1482762864819
188.1402466015522
184.4736690938882
184.2905191061968
183.5416812212827
183.6374027492279
184.2742024745225
186.1938025179594
182.8048851245468
187.0032555597859
186.2489758732411
184.0036683025591
184.7097506758985
181.465381149987
183.4540971182461
182.3403239400238
186.4413925190279
186.0292069932868
185.0772228813488
185.3551485517648
183.193460161049
187.9843604198368
183.2737350221945
184.4606895906034
184.0150110930793
182.0747025543617
183.2330284741311
189.2056685564195
182.073390978041
183.2972021539316
182.0436016309617
184.325162735349
181.2121864335507
183.3330174791719
182.0381112714141
185.1827215057637
181.3090062689487
183.0142356737154
184.8302834080103
183.1527867328682
182.0710221317562
185.4570437480545
186.0636093700848
185.1866847346216
184.5062792940777
183.2409773332383
187.1945439242841
184.3465703504237
184.0196562992747
183.2073822269031
183.3547034858279
184.0759970793935
183.0770773040837
183.0920268933191
184.2081912817195
185.1310162297949
183.0415495160422
184.0679926710232
186.0692554101359
184.0357933785447
183.8986149923321
183.0204092833978
182.6318669620996
185.441656015001
189.2019507438653
183.1727432095441
186.2192245649742
183.5319964002902
183.9874957580609
183.0786508297835
182.0824705700029
182.2251794217771
183.0613663313574
185.1641759840512
182.5264409916768
183.2255997076444
184.6565088528885
182.1391990848852
190.1622661373806
182.3547105389844
182.2845578372213
184.1284071632421
187.3025593646139
187.2761905672771
187.6457107398967
182.0719235955393
189.311186351481
182.8378477206403
185.2280211724216
190.1570696849703
185.0642058757286
189.0920028299668
183.3643589030088
190.505876863784
186.2196645415141
183.9698844738732
185.0770620127539
186.4137142495077
183.3351306739792
183.4120978654536
182.5905677008886
184.2473276255474
184.0479122263883
183.051712492699
183.3241984863772
182.4274452137126
184.2541654173733
185.4266460730983
183.0252319991303
184.0644047396449
185.9828485789339
185.0960172903665
184.3339751306399
187.3880673396978
181.635522959591
184.4477968883465
183.2936441444483
184.3666727775543
184.2978205294509
187.2033100337354
185.164683524437
187.3936023870931
184.189778010456
186.0282481786603
185.005029847119
185.6329844182881
184.0846066388318
185.2657323200547
188.3312884912865
187.1405920437134
187.7448107004932
182.7811274376665
184.0026012302454
184.0671474028568
184.5105428571991
183.392391928922
183.9608954673381
184.3059869250629
186.0666663829061
184.753913808167
189.0545824628522
181.6051293951268
184.0548475032099
182.2432990477566
183.8720097265853
185.3102043795068
181.8400355449637
182.4279649394734
183.7264558051489
184.077746580334
183.0265533824522
185.2810591719571
187.0175165572748
185.1108820710277
184.7126968807857
182.3206864069176
184.4686354879684
184.3953616953751
185.148503975504
184.8238084782893
185.1181033197505
181.8620524865419
183.0733175853219
184.7981071959568
186.3454573973571
186.9329900636022
185.0250827253824
184.7126944332376
186.4612784247625
188.4654583986236
182.1306136101135
182.198116124479
182.1584878479652
182.0650439661026
184.5144842728392
184.0378060053148
185.0875866501486
184.8924048652878
184.4649593762016
185.2268740195296
184.3298782759561
183.6835129469159
188.1636064458318
186.1555200153059
182.4263188297375
186.0251245113012
183.3670248784099
183.337492714726
184.1561902491976
185.8365902678699
187.2392404485213
184.1553766730862
183.5934226050136
187.5488936070948
187.6596761951882
186.0002078125094
187.0198128959683
185.547666242497
183.0316427187243
183.1552162616351
187.2065165190946
183.0061077946865
189.0178935280826
181.6699320779967
186.6116166857371
182.4028668216696
184.7399534268055
185.3420848871741
183.0467668621134
182.1083222878135
182.3389881560367
184.0639656750544
185.2658147558289
183.6450902773751
185.4805699283667
183.0751508907857
185.0602732035059
182.3755439966199
182.1408239032905
184.2240919766325
183.5090292960477
186.2673604231881
182.0765842765894
184.081609353004
181.0750119273256
193.2650004108291
184.0304348524255
181.4713027594358
186.0337044480962
182.0238397742899
186.3412458335548
184.1042948461784
182.4625404657691
182.3077127877378
185.1993595527787
187.4331200791241
183.2379257004327
183.1945055070396
183.1435985847874
182.3187421268832
183.2243937481102
183.0673589706744
186.0325465536616
184.5316599642751
185.0346386383074
184.2282939605909
184.4368980040124
189.240959223056
183.1789540875707
184.3199692516781
183.9626293133126
183.2916545330218
186.5351225384385
184.1540077240233
183.4529425855763
184.1184746332728
183.0493786150986
186.2492286329922
185.0528532523095
183.120715583999
184.3448316603052
185.2562716837156
186.001451537002
182.8721173692899
182.039618419122
184.3179869700733
185.5384269194358
184.1465396476002
183.9451421260674
184.0422272975903
186.0557549151791
184.3398452616128
184.2806056790334
184.7237621936746
186.1271468763171
182.0046818047121
182.5058052407663
182.9146524174809
183.1536381140268
185.2351263776635
182.4469389619385
184.2873704927365
183.3984653743127
183.4177218705501
186.1116357978565
185.2154961369181
189.5617149376015
182.1898997707979
188.104963118362
186.1336926044359
185.938269884711
188.0830299868242
184.0791469741517
185.2287022274705
182.1310545645992
185.4176402976503
183.0217723008395
186.2558396632641
183.2871466371458
182.375107373948
181.2433591495724
187.3946663640143
182.0001584785246
186.5681910632582
183.4194058204451
183.7342292847239
185.6495777689144
186.1179946182511
188.4768542524433
185.7325636271519
183.1701114616385
182.42431624261
185.1038577196472
185.4789006782371
184.2697801027646
183.1616248283619
186.4794671371413
184.2446433924928
185.0259459662108
185.3323407528407
184.1510943083573
184.0591603569604
183.2986810577455
182.2194950383969
186.8457785405756
183.529553586083
185.0071529787672
183.1216483457451
185.3266655626001
184.7249858199903
190.5105913238247
187.251196049641
183.0774465587436
185.7445958455759
182.3081342638817
182.1379323785908
185.5498112302765
182.7925136579875
184.5872495550472
185.0042288510928
182.2051198443959
184.4520808028099
186.3575865896614
184.0149210327345
184.1474108321846
182.3392421666435
181.9291029526112
183.3243444984728
185.7392315803521
184.4560520965759
185.4344114084941
188.0140768267227
181.5639177909185
188.3490941310498
186.1569520751763
184.5744364314284
183.6098679849073
186.1351915333835
181.2323217816922
185.190307154083
184.1744865346947
183.2674901759718
183.0973156204793
184.863925039127
184.1990003057197
182.3183592810133
185.1256204240703
183.7401225157489
183.1859274721002
184.1607723232803
182.3119833103968
183.0664585394349
189.441191116574
184.247077013632
183.036069225683
185.5685677026969
184.2047771130625
183.2673276246298
183.0936443130349
185.1212740725156
184.1289643320314
185.6584890161109
186.0236191241639
185.0540223418503
184.4175576529181
182.1001264509775
183.7325978116194
183.3439189832829
185.0946345433733
183.1366603536162
186.1031488191607
185.2548723683046
185.0085815533816
183.4542507648189
182.078040200991
182.0301266666315
187.7364814701147
185.0132215586383
181.2706064039247
184.2726325260176
187.7351670702487
188.2725292874489
182.067691564903
188.1896496904882
184.8298734570389
185.106594241913
184.0351064374853
183.0077033489893
181.4751621346392
189.1131915972487
187.3755789723976
185.4076046220761
183.3134870845445
183.0005233660903
186.0369741726995
185.2935984167373
188.3924466502176
184.2241767179156
185.9427159396955
183.0809984537794
184.2925198525888
186.1570968674505
181.2483361429319
181.3643765553522
182.1381526046607
183.1756261921643
185.2446580103812
185.0716626794259
187.2814910121369
182.4135375644114
183.283648831597
184.2409087046632
187.0077875953301
187.0259031479489
182.077904105737
185.0074321117633
182.1574525221553
185.8857103172085
190.5227489335158
183.2947915667245
183.7835713341984
185.4141557447363
183.2632510930148
184.2227801405714
186.2580002993071
181.0416681385271
182.3230561159574
183.138983154117
190.0777837679329
185.0555620280829
184.7319044707594
188.1746742750377
186.0759081463848
183.0485930750303
182.3018663645168
186.2059528041967
184.2281925077144
185.0902081942412
183.3490162765159
183.2418473933747
183.0274856276834
185.5396934979036
187.1356328540424
186.6416843244886
183.0503121643972
183.3807808524186
181.4650479919119
185.0659497910858
184.4236932459933
184.1092328732132
184.1181862607679
187.0619038203612
182.555232266582
183.4324330740987
184.0808941543178
183.358196503673
182.1563483878593
182.2342011786993
183.2560567493048
188.0169242822788
185.5752863656447
182.2257896470007
184.3268152833029
185.6172383873951
183.3391082733363
182.2338395104967
185.9667650664105
182.7298840234289
191.083144694179
182.0294241009726
182.3196039611751
181.1683617204467
183.6138094172244
187.294773347036
184.0052444496852
183.1814715124852
185.0958065866323
184.8570240186774
188.3999458255798
186.1657286317489
188.1534455449235
184.1960572636665
184.2544533755282
187.8459927957315
183.0157786747785
184.4467996373759
184.2873471531222
184.0209150553558
186.1054097240269
189.2112874262884
182.5504803418869
186.219553561516
182.0440869942869
184.2863847987098
183.9809871231598
183.117441302772
184.1375384684413
183.1293394105955
182.0861529693663
183.1102899494805
186.0289283775644
183.7880946764386
184.4805408909766
185.1139208189809
183.4132774018206
187.0772128983345
185.0698048475261
185.5587579432687
183.2331826128654
184.748715278481
188.506984655951
183.0628578114264
182.0924329407636
182.491587023242
188.0956164323751
185.153768845053
187.8952508369569
182.1291246222681
182.1608718018429
186.0099459439519
188.9699677684541
183.2541341252294
184.6718602794674
185.0349805804198
183.1208813067765
184.2035562673555
184.1971192964406
183.0473516420811
183.2681189968721
186.2361120062038
183.1386070145209
186.0966826779218
184.2421918181418
183.5968974926802
185.267620643245
185.3846168006177
184.0194205246503
186.1979170547858
183.1281978668927
183.0772977236535
182.3699718655519
184.2988654088696
188.0272340821288
185.1387222747823
182.7304989518978
185.1308073265402
186.0415458653475
184.2373858684983
188.0673883544151
184.1051784310461
189.1384735361827
185.2219174889401
189.0258631891146
185.2629082728519
186.0611416247564
184.2676308015267
182.0734370778816
183.0404625358322
182.282770128482
186.0902645139865
184.053918252007
182.4523993844913
182.5090468008707
182.2500508527386
186.1096379417117
186.303560082103
185.2436554110452
182.1853850045683
184.0306533822704
184.0567740866092
183.0071386450784
183.9504037046641
183.0676122439444
182.2831086206748
183.1050714623741
185.0340036067207
192.3595626495355
182.4110110941393
184.0268643109693
186.1021317996976
186.3691587960894
183.0181352819953
183.7298090247409
182.1467615142122
184.0196617183488
182.070179721264
184.233800415289
185.0507046810942
183.0473284239031
186.4122880544712
187.2737848727022
183.6426091198482
183.1842089697204
187.1566440141046
184.0371802269633
182.6286529569479
185.0130609454856
182.2904501602866
188.1388813528199
182.1787461662937
182.1063788409161
183.8935941657327
191.0144437069393
185.1456024934647
185.4785322006001
187.2151039753016
184.1250800807997
181.1888748539839
187.4628849544088
182.3213864380473
185.3644925458531
185.8369939927
189.0567119483953
189.7997312641133
182.3706647064697
184.1945054405126
181.1165437941029
185.0987210141433
183.4411838017393
182.1540131347379
187.0427572775186
182.4292232212617
188.0590616639981
185.0354258889779
185.4392852361028
182.409824941613
