412.5828843060283
412.0735891448617
412.0695831446216
412.3797645563238
412.0916753922317
412.0664741830105
412.3651584996304
412.0781624210865
412.273810750642
412.2953465845737
412.0785921913772
412.9285468615793
412.0494704591046
412.7393028342663
412.1156922450249
413.3442175498805
412.5684214869877
412.1007629959304
412.7073030988633
412.3579657489232
412.1744301246611
412.1940985138307
412.3105223594604
412.0584586932263
412.6087257190208
412.6174012937242
412.2431996137392
412.043072252264
412.2105759684562
412.0782556120309
412.5544638932163
412.2266688422403
412.0159487246785
412.906048397771
412.0343983224463
412.1648550205132
412.3014279082176
413.1933307734394
412.3833815143399
412.0344280060108
412.2935623190211
412.1166758044699
412.6262812561566
412.2234886576101
412.287711072506
412.0553555265502
412.2392002562917
412.2740834568658
412.5291664986306
412.266928054372
412.68095376958
412.2554702513638
413.0287922861051
412.2182107146844
412.1346408459989
412.4601427893915
412.0156855842267
412.022155161415
412.1654362655081
412.6665201826483
412.5151623706251
412.644226093966
412.1057753205275
412.3678858326057
412.0230880729226
412.7703190300857
412.3173532525577
412.4464350249174
412.4188469137356
413.0970295306934
412.4791223629805
412.312720693736
412.5051102699259
412.0145057379511
412.4704990957196
412.2744114194023
412.3601838212482
412.0087867559361
412.0481186874736
412.2139080284248
412.8073434990409
412.9014495171867
412.3557214483222
412.018689819698
412.0866882509419
412.0361914219973
412.2410078987522
412.0588932710284
412.4737297693778
412.7165365776449
412.090117168791
412.4571908790109
412.2871509429434
412.262778604342
412.7525326612812
412.2656208634684
412.1483770294222
412.1747842574976
412.1305636556212
413.0114202699211
412.2938929791516
412.4933189735106
412.1347540025988
412.7928368128731
412.469302652055
413.3553195939087
412.404142560907
412.626203874174
413.1999252795611
412.3263582118269
412.0675566128382
412.0388944587773
412.9187233365555
412.0270876317149
412.1182094984921
412.0439084922358
412.4972360777422
412.4800746136506
412.8394554572292
412.3155952037921
412.1528954228701
412.1139236795543
412.4780038703399
412.122593675228
412.1907901990535
412.0343356253882
412.7174697788714
412.1924847490505
412.6531157034296
412.1802125416685
412.5187609890376
412.1541635634327
412.7477244253578
412.124675102173
412.2334825537343
412.08178998095
412.0733500130571
412.1648137972967
412.1443408894834
412.1301852955154
413.1813767204762
412.2444256412377
412.041566480734
412.2974941050407
412.1268776703285
412.1309907840633
412.9726697258051
412.1191885655251
412.589940333916
412.2862398043264
412.2492493356492
412.3996728765383
412.249496525558
412.2668662393415
412.4075266066707
412.0452339916405
412.6539915273252
412.0628133388698
412.1009269272434
412.4461346474185
412.1844901483711
412.3716233192847
412.0212172592759
412.4273002837541
412.0565209321833
412.6104290749612
412.7327349183839
412.8447094344055
412.2464074343875
413.163402561478
412.2985434248301
412.3010390853256
412.065962172053
412.2815283989872
412.3729644473467
412.1299205368329
412.1261400688759
412.1699440187425
412.2717998331168
412.1478064390743
412.0677136064841
412.0752527734022
412.234522848526
412.3090518014561
412.4360072333244
412.4694200883399
412.0203026087662
412.3525286398907
412.0465864072964
412.2616338031112
412.0484788525626
412.4804886274472
412.0786422736185
412.6391795870541
412.0482908122638
412.6295811535167
412.3205695034938
412.0313122246773
412.1055426138738
412.0681499404484
412.416788535673
412.1072529169995
412.2949573154913
412.0822456022815
412.3363967477688
412.0413194007132
412.3165197625312
412.5648396633543
412.4871289665709
412.0691062548493
412.3011223921571
412.1343489401653
412.4042185176805
412.0363372046227
413.7476575052287
412.0017253005794
412.0133519385373
412.2575888453879
412.1138028812419
412.6887267860815
412.6155652218596
412.3909729277676
412.5425594159827
412.3322818991649
412.0931792461875
412.3818966900841
413.4074894581435
412.3557748428664
412.2700610494991
412.3053604902119
412.2689439340246
412.094385820975
412.0317324632622
412.2198299729087
412.1717373375142
412.1510727618629
412.1410099083161
412.7170770561851
412.4577752577604
412.016497540443
412.6039963577716
412.464603870619
412.2744332964323
413.1110393219644
412.7206818942449
412.0400146413785
412.1533986948763
412.0097133011193
412.287319069035
412.0655089916172
412.0821900131323
412.3004034091998
412.1223525283857
412.4055791135859
412.2732657022216
412.1372430736845
412.5138570306165
412.0119557784178
412.2570474078244
412.1288611764425
412.2350351594707
412.3885977238982
412.2716095761988
412.0024389807688
412.0023261497406
412.1399741775026
412.529834531309
412.0451995782926
412.0234348027197
412.1255479469251
412.10779739852
412.1628560082982
412.2688950713958
412.0732675394256
412.2597636924862
412.2342471627919
412.2390937567347
412.1347602376569
412.3667938155858
412.0690415152691
412.1933772302813
412.3957193167737
412.4949641023002
412.0847430850195
412.3733678746585
412.1406636886805
412.2443661450159
412.4448989788182
412.0457446119284
412.0372025554094
412.1464924825092
412.0301901414776
412.3003607254731
412.3422883574414
412.097426671759
412.4512075536526
412.5950107034446
413.029871498679
412.0022141350616
412.3963655790964
416.4092101552799
412.1568818370416
412.1321213633757
412.0248501925341
412.5635881044096
412.051940077814
412.0330074887521
412.6879947602491
412.0659076091797
412.0787166525149
412.4278838851699
412.3072391901756
413.5193292413967
412.1067651322744
412.4992254710054
413.2308246097596
412.216477494546
412.5056844971699
412.1141384464901
412.0343082430722
412.3632230018176
412.1810920527506
412.2343519281442
412.177022914141
412.7093565764536
412.0818580111034
412.2468286149081
412.0355087303378
412.1464969738343
412.6732376195152
412.0989353762469
412.1347593540063
412.3689760620069
412.4183431994076
412.6183264921468
412.3998139298999
412.166918954847
412.1467936426062
412.3340417677522
412.8906919748628
412.0174419935472
412.0133699119108
412.5403469892991
412.4213960513561
412.0419829236828
412.7404093847766
412.242937830126
412.155279073403
412.0777262074814
412.4049430338784
412.1183803482159
412.7371256494172
412.5470377961389
412.1531347914679
412.3245232774218
412.2837265861743
412.1413059854625
412.3607196893536
412.0816944420045
412.0904878391107
412.875396293541
412.0874947775335
412.4250815913221
412.1474935139772
412.8908737653005
412.3953842293517
412.496812852037
412.2069962755434
412.2686397687348
412.1120739886754
412.4117354325329
412.0584640762445
412.2143618318407
412.670673811883
412.2532679383755
412.3457583827808
412.2145859498175
412.3125054109993
412.7905835834575
412.6421296284072
412.0797262495474
412.4639484587162
412.2890119323918
413.1607549234183
412.0328597289874
412.1646802725086
412.4252852676025
412.1089228436663
412.0849145732799
412.6240700895449
412.3315202842994
412.4031830711856
412.3437109388089
414.1336914326596
412.4821181304202
412.5039550654124
412.0093231935944
412.8651226271241
412.4200241312685
412.3730486474412
413.4665931348139
412.0635702579706
412.9728640361616
412.6189861176475
412.332469970649
412.2164868941755
412.2330963385764
412.2288762902633
412.1814400971939
412.3833654994148
412.3483575187619
412.045398333347
412.1555970055716
412.2028904074718
412.0215678136699
412.089681544042
412.1415477568748
412.7025092904089
414.4372928113317
412.0211902774379
412.1851005512385
413.0348806350492
412.0508139632051
412.5736856724356
412.7356715817102
412.5512047489515
413.4278498179241
412.2090399447114
412.821761891154
412.1796481786172
412.5392795422237
412.228845982717
412.6475205506383
412.0546214773446
412.2533196088154
412.1346264864349
412.0282776841003
412.1336220328221
412.0046018149525
412.3813646466699
412.1260001337087
412.0392310363222
412.1018336728014
412.0551928308188
413.3311262174417
412.1278695834764
412.3026224829302
412.0530229000559
412.2888099682482
412.4366837718985
412.0730305304173
412.9705128417696
412.044454925056
412.0678635686241
412.0408913418411
413.1531965930732
412.371736658786
412.1643652040669
412.838000810994
412.1462153342978
412.198282505577
412.2023630352373
412.3323249587423
412.1679422739197
412.0385851712277
412.5424413910243
412.2503203616173
412.035773510043
412.1709594010336
412.1293733797247
413.9350439969617
412.1786484131667
412.077379261813
412.071275430008
412.1051207085044
412.4866767702628
412.7072098219701
412.0447246706264
412.1782354549028
412.4585379716347
412.0241080370159
412.0660144654796
412.1665597607355
412.425770833802
412.4245127302499
412.7307716768656
412.5991529250772
412.4488657472937
412.0964718703963
412.1503139475345
412.440265096456
412.0744335451749
412.7714475742407
412.2615494238225
412.2577161826724
412.0518502880539
412.5630112033553
412.4763598851857
412.9597228348266
412.1758886932504
412.2505107121832
412.2197270855766
412.0658049792653
412.3012959708386
413.5486996714904
412.2742633002879
412.517609517824
412.3688978702948
412.2778387650545
412.591998897688
412.0012857952989
412.0989721908722
412.5025144933242
412.0052963040313
412.0229153249739
412.5627795527118
412.508708402362
412.2249150195405
412.0524655302033
412.3615720111702
412.4088854016696
412.5105429762929
412.0698832110006
412.0023318237004
412.1148682838306
412.1515557758117
412.8299523234247
412.0034570334551
412.0472008513761
412.9440199159721
412.6825917715894
412.1284904348293
412.6179467045451
412.3554820085758
412.0639237410026
412.141212581538
412.3364917379606
412.2823359017475
412.1489719790139
412.0859963645789
412.212429715742
412.9874863663411
412.3244233936532
412.2080694099033
412.8715088850073
412.2368062997191
412.4577890552877
412.4332013880282
412.4201666457624
412.3334872479862
412.0081344639203
412.7607814943869
412.0815074463401
412.5626204909724
412.3365280700554
412.3543873827525
412.1078124042133
412.2154007268076
412.7859796478992
412.381222368446
412.2449317493371
412.8561784038069
412.0416639844095
412.4829249126241
412.0437850835946
413.4431662118812
412.0000942430264
412.2343662438858
412.5404114508495
412.4640508863473
412.4724739476954
412.4307204660611
412.0725033331655
412.3532033440229
412.5785875678378
413.0463553572321
412.4446178316301
412.2012786436674
412.1255851270968
412.6425036296724
412.3945933802498
412.0850189619335
412.6699851367051
412.2743097293883
412.0027398151501
412.432447634385
412.137570045037
412.1760819560233
412.0124256126251
412.4939492842336
412.6751871230272
412.0027231091481
412.1513433716219
412.2895359144327
412.858176564951
412.3262855900714
412.11346064282
412.4109792963879
412.4130746077286
412.1681980719152
412.0781634841486
412.6353209948478
412.0270862064677
412.4147051438683
412.2269792231974
412.1980694316367
412.0069776718023
412.0958073681597
412.7568998082116
412.0456859742043
412.6356275251835
412.3513828668996
412.3511697720971
412.1886221832405
412.8201810573866
412.1254229416866
412.1301909782549
412.1258346539603
412.0554423049241
412.3814022782909
412.6825594398796
412.3544822523338
412.4016735885212
412.040887446083
412.9831850392722
412.2271974214719
412.074139631913
412.1567308856635
413.5400802786864
412.5248189178422
412.1433598112334
413.3059366068601
413.8569455278344
412.3601931769847
412.310007033885
412.6460720137043
412.070611953783
412.8861131767156
412.2714458762597
412.2706033849582
412.0752395595784
412.2850791558877
412.7364502138693
413.0184171326218
412.0602433348931
412.2159953029144
412.0588631400478
412.0243111124915
412.4729857151957
412.0954053817734
412.5833203714084
412.0286842150535
412.5376764541728
412.0152389272893
413.3087905727879
412.4722422988609
412.4009202486153
412.2907168790477
412.2337998219724
412.0102109025881
412.6882931199895
412.0766236172369
412.2059364049426
412.0000341097101
412.1749279010596
412.4157143025142
412.1009130233578
412.386995017398
412.0587684546452
412.2458072751458
412.4013173783046
412.1009594129131
412.2410559314609
412.0889600509937
412.0096232878203
412.3699771546455
412.0104143338141
412.1398386437226
412.095805754132
412.3588232088956
412.4900901798249
412.0015840296072
412.0144129742635
412.0063515662556
412.0268521518418
412.1033408046574
412.1757602332461
412.2943377371153
412.1087268818216
412.2096005576959
412.0475506847337
412.1616041935359
412.2436815507689
412.760542984935
412.7044824861812
412.0444374610288
412.3440077037964
412.1989046015591
412.0537667936158
412.0626530721033
412.3369525845465
412.0030589134604
412.4795209833636
412.1268431123418
412.0871155887589
412.6030373271843
413.1300643207086
412.49293732711
412.0349612227949
413.091254079021
412.2152481158359
412.9487392116218
412.2378191804848
412.4889899229424
412.1889818915812
412.0916781631051
412.6152992388188
412.7242309323994
412.5345068394373
412.3248183795386
413.1353865043313
412.3199238883809
412.0087304155371
412.0413998522689
412.0495443190811
413.7005790879945
412.1356081076181
412.209591097429
412.3066890801709
413.1193833656661
412.4061864026031
412.0067916352325
412.0553879093065
412.2636056383019
412.4360172813314
412.0076211446621
412.2534018133082
412.3942033335858
412.0102415696397
412.0533115769768
412.4452377239264
412.2840667797081
412.4453400237109
412.2469328836149
412.7406489890353
412.1465607874719
412.1657400595991
412.3599667932911
412.0180756328627
413.1415598851298
412.0007007059618
412.0107984367663
412.0020771191794
412.1337337279212
412.0662135106131
412.2345539682772
412.0152581186202
412.074420453032
412.5952979559967
412.1872171024962
412.2922835286146
412.0154476086727
412.0834684087458
412.0689739169846
412.1156029516923
412.0623605412758
412.403680758474
413.2231232340638
412.6208804025675
412.1167744751603
412.0294357338637
412.0123832333688
412.0511361922913
412.082199367144
412.212431201092
412.3008822829863
412.203101311403
412.2361904962966
412.6786483057429
412.3421316780552
412.47601417454
412.3284830476533
412.603770038958
412.7295125986345
412.2575807766038
412.0400192019761
412.1127063210346
412.6391899816783
412.8904186322766
412.0567816075723
412.0183196928739
412.2268945108055
413.1120965088221
412.4257406142402
412.1072556209932
412.147085622701
412.2393936938968
412.1875864889182
412.4983667865234
412.1825356805818
412.3636871711553
412.3355101403844
412.0538486158799
412.1111174636939
412.1641250476569
412.272360857046
412.4451430103491
412.1388039026453
412.1594599592879
412.066353713611
412.7438902507358
412.2639596111561
412.1088178494412
413.7433324884081
412.0886482339116
412.2488312703198
412.2603323472732
412.07010352861
412.2728520214958
412.5897049372171
412.030040606092
413.7642295941027
412.0936063702342
412.5112902248548
412.0682616804245
412.0979660899283
412.4323545517481
412.342481506932
412.0258407563007
412.3066817840179
412.2502133358493
412.1488027422981
412.4684110552566
412.046106816647
412.2344158130277
412.6383924901878
412.0834786700168
412.081451375074
412.0876142050824
412.1183682344827
412.3288586077846
412.473230396416
412.1996148388017
412.3055684157737
412.8868852973487
412.27963611128
412.2300531215491
412.5192429584683
412.1226148941171
412.6493542491055
412.9658506572663
412.0916710242076
412.2835348843381
412.2177962235601
413.0531753730344
412.0942420469565
412.243928375935
412.078657788279
412.2025140977055
412.4053696986472
412.0622164865061
412.0869007298566
413.4478236323359
412.2660678056402
412.0050105727699
412.0539943165956
412.2134438349595
412.3158671307033
412.5322315984276
412.0640497790376
412.5152220153931
412.0823435751831
412.3103062715174
412.2397252730667
412.2614747092944
412.5045031574007
412.1647122801596
412.0603332866915
412.3927630437619
412.114345223851
412.0930126210153
412.1445967919942
412.2008781283771
412.0317892282958
412.1215137293948
412.2827391893262
412.1870579607454
412.2016124742831
412.4184897793114
412.0994539304666
412.042050365946
412.1141824828746
412.4682335442837
412.1379526321094
412.1186649771421
412.1612782471261
412.1492634059694
412.3326313193462
412.1395872787054
412.3067512716713
412.0912041899543
412.9671237373773
412.4585663192819
412.1586506092587
412.034944974588
412.0873717721811
412.2288022725984
412.5462508304373
412.0675280845253
412.0264040639758
412.4277664560619
412.2289015036689
412.1433594144228
412.5528251917415
412.0576696417721
412.0754778175866
412.79264383167
413.1232999239909
412.6947218820786
412.1078408984085
412.2977654412983
412.1688465363803
412.1495749375127
412.0645617566876
412.1118675446442
412.0274741529195
412.0760903221881
412.19251148847
412.0020648971336
412.0010282181441
412.0467868643669
412.6858909912336
412.0102895195752
412.0869204242852
412.2872556750485
412.4727192401964
416.4366359123259
412.7761086674367
412.028957628193
412.6570966320176
412.1070968797188
412.2401753991678
412.4225836256763
412.1818775588964
412.1135948550972
412.2794336918613
413.3939972483081
412.1300495107327
412.0705034943487
412.1121563219597
412.1285935961129
412.1070525727565
413.082041771691
412.0176761865877
412.2266363777342
412.3128236941398
412.0674557245345
412.4138110699246
412.1152095545333
412.9152262653856
412.0382139419638
412.6360958854256
412.1632488763959
412.8556854190079
412.0602765464096
412.044295231748
413.3392200409661
412.0927449008112
412.2069125562392
412.1189637435202
412.0824620773457
412.2664192759457
412.0084135017804
412.0929368212317
412.0561774677841
412.0867359974076
413.5215371199394
412.5358732785142
412.3194871334292
412.3388015186671
412.0757539081098
413.9523807568239
412.2896955055888
412.529912913384
412.5272810706276
412.0319118835842
412.0687417286832
412.0489484086444
412.034079231992
413.1490143102759
412.1139697046145
412.187560928608
412.0616252179192
412.3797333204959
412.185238809935
412.6424547452519
412.571591520853
412.2280556010983
412.1946717143123
412.0349222025477
412.0747860088333
412.1960557569504
412.0408595959465
412.1119377841392
412.0310485783213
412.1383336837191
412.1252045346518
412.4644832843032
412.958055554063
412.1829176415733
412.018456566456
412.2382602235985
412.0677017191452
412.3927614191907
413.4695542436355
412.4021436279017
412.0292009096033
412.8977115701565
412.5168090412797
412.2010483501753
412.0461027335928
413.1478814299662
412.1822867143379
412.1492793742071
412.1880013497437
412.4911686648794
412.4803185807144
412.5696533687762
413.2194114998576
412.0234742650242
412.5536148675594
412.6187976714459
412.6913294105515
412.0176438394735
412.1815857524674
412.030577109919
412.699658832668
412.0912102473795
412.1818838982382
412.3552492390309
412.641789277017
412.5616063380983
412.0530841378794
412.0565399405251
412.4744767049672
412.0609412128711
412.4822824634946
412.1353547455497
412.0497063495423
412.245873837973
412.0383273749092
412.3838226998554
412.5697001089026
412.1868532811027
412.1133469758543
412.1264969581312
412.0416366599543
412.8651222809843
413.9963608793057
412.1478067727795
412.3514706813713
412.0760421406754
412.2607914103754
412.2779529520955
412.2832917361329
412.1737515623743
412.1346986041424
412.008539517821
413.21368866481
412.7131774354741
412.1375388838749
412.048763061169
412.5596883397237
412.31271406683
412.1926557169279
412.1251459266111
412.0102111416538
412.0659635245356
412.0844598825039
412.0121731507598
412.507465587597
412.1607073262115
412.0199678157492
412.2762412411221
412.181805759571
412.008293421571
412.1507468245065
412.301544342464
412.4443917833304
412.5681064150116
412.0473729777497
413.0542570765523
412.013055733431
412.0492745323907
412.1096508551806
412.3716224338605
412.3350934189211
412.0858644654975
412.3647816416999
412.0519010040391
412.7177295459161
412.2638594058087
412.0002913679288
412.523717384135
412.2794238768538
412.0007881028534
412.0405771813126
412.0338321513731
412.0950825218968
413.0960251783721
412.8116692600412
412.2269599513443
412.0270707320138
412.2568816634687
412.0197612415183
414.3354095601847
412.0095024139545
412.3756065063021
412.3569668132332
412.0851439071758
412.6919080294949
412.0166756167258
412.5957198777231
412.022739802336
412.2277337259104
413.3264765396078
412.1692738259221
412.3442816363863
412.1596378120121
412.2488413515274
412.0992895828933
412.4696106766825
412.0241601474523
412.1073777775247
412.481556703696
412.0370736687074
412.2364368116287
412.6341796379014
412.1204128413407
412.5394981970597
412.4897307959913
412.9534238776409
412.2412748719593
412.129214871933
412.8175072460892
412.014271256421
412.3917514768746
412.0436037601383
412.0060510781322
412.5643563552483
412.437599440105
412.1513081362191
412.331489787356
412.2242361648829
412.9467041870492
412.3186077729694
412.0888934919026
412.5054901448497
412.31085231335
412.1878674046677
412.5984790506578
412.2601024236997
412.1601951304934
412.2601673267388
413.0617132291254
412.0734872925489
412.1639547004089
412.8374963008513
412.4344296912432
412.0366878464181
412.0856491267089
412.0106725150377
412.5428764880442
412.4840070998127
412.020617971189
412.4301038210014
412.7949208130917
412.6957760127274
412.0676841324426
412.2238665862717
412.5887977860066
412.1405690762051
412.5143840126365
412.1129878311554
412.1447168326685
412.4936523925304
413.0709305250091
412.0456658511931
412.5252354643308
412.1267261479658
412.0249612912992
412.1545593751798
412.0342937010917
412.1012029973224
412.0404861899377
412.2808575040187
412.034637251343
412.5954374294946
412.1658352922688
413.0177784782886
412.0059954254214
412.8720660755482
412.2090244970296
412.015677841601
412.1817756103753
412.7311719565353
412.4168111884259
412.311009165471
412.3061185540965
412.1453405631582
412.1148648109165
412.0630671653684
412.0295874977473
412.0590706349543
412.0665085604047
412.1205721246621
412.1372682069186
412.1299089718297
412.0066850140354
412.0387050950808
412.0449962174707
412.6144519953634
412.0927616428608
412.0617017154063
412.0695661585598
412.1061228630253
412.2513647089024
412.046281498028
412.0800066723827
412.5541654076334
412.4095852803409
412.1782741063405
412.1261610190328
412.075981816458
412.0690907307621
412.037510529076
413.0597103809167
412.1586956710365
412.9077376351078
412.2156388491568
412.4241278611511
412.1640903207769
412.4048559964241
412.2567296739088
412.4589382056171
412.0824205402332
413.0785946964843
412.2050436228639
412.1421116313056
412.206977046945
412.0732956144839
412.5061179439997
412.1341118708592
412.4091043378394
412.1106298895993
412.015463388345
412.1203531928785
412.3867052075046
412.744359840055
412.1534166845847
412.16771461651
413.004003215716
412.0064679938349
412.1419927307754
412.5010447997537
412.017850775384
412.1137792055989
412.3927855350792
412.8096458547234
412.0888114899617
412.1605528696174
412.1745332277274
412.3141714334155
412.1771868235067
412.125593515953
412.3657265890401
412.1467242588704
412.4375675674404
412.0110397019757
412.213672878568
412.8274739148658
412.2902931316881
412.0961126835873
412.1288530744903
412.3544827507783
412.3103116056038
412.399274742855
412.2895057105872
413.0831419659425
412.0563648416986
412.2520886855546
413.0107021198224
412.38541141061
412.040389304783
412.2590801910057
412.241197733176
412.1827549568977
412.1080985151461
412.2609444843037
412.7612205762223
412.6551373099749
412.3499468381808
412.0194151261218
412.2917271533472
412.3291247352653
412.0291755162647
412.0360130756513
412.3259624964352
412.0952997695678
412.3174352783397
412.0146198773255
412.2389893297304
412.1273401822937
412.4611533529284
412.2370593118849
412.4676659833251
412.0610623638706
412.5738204300396
412.1046527172688
412.4054216992789
412.1511987546672
412.0365383264902
412.2843783542487
412.9892249140891
412.3505834507824
412.2011054727576
412.2647134135196
412.8616088799812
412.0387722825467
412.5864246328948
412.2099848524663
412.9147122936278
412.0319232667891
412.4256255761848
412.8487068768026
412.0665913316107
412.3905537524344
412.0836993934053
412.7977042891694
412.1365033496938
412.2578556428259
412.1142407857542
412.392096439001
412.0759190679094
412.1298924248749
412.1479832083684
412.2877061428758
412.0098279375697
412.1907402748006
413.091660581498
412.4679494792452
412.0495403421336
412.5069885120388
412.102504353654
412.5652612265719
412.5430040814776
412.0876485577476
412.0094528771098
412.4465814445911
412.8163165439369
412.0414044977051
412.1476646819195
412.0411142592312
412.4116981648755
412.7405420954696
412.1301090910285
412.826275458045
412.0217988625016
413.0998529845942
412.4886178026625
413.0906457098373
412.1995904169447
412.0435145543858
412.1192933780022
412.7674637331621
412.1336147718204
412.0139797003619
412.1017992016538
412.444412115693
412.6420375439052
412.2503769644984
412.409474767829
412.3666979516765
412.5015287382386
412.0901210594047
412.1821912530894
412.0879084810601
412.7059903481244
412.5158200795112
412.1219412480244
412.2077600452695
412.1359470828068
412.4951127975515
412.4491370920491
412.571743422192
413.0397317085554
412.0308223403078
412.8915980890544
412.1884418099542
412.1708170168499
412.8890282487982
412.1211653117655
412.428899634278
412.1834783834705
412.7292095847327
412.0031393758767
412.1699085809773
412.4223160379294
412.186820815752
412.0671419393615
412.4662233872545
412.2151429149179
413.4776113029866
412.3211523798087
412.3509249438487
412.2277571474843
412.1552914690266
412.3218637233925
412.0421513534232
412.521292590091
412.1030310811002
412.2579052731491
412.5689165142176
412.0151942311595
412.1256281041915
412.0414344506546
412.6342027362458
412.2760932982999
412.0171981343096
412.5547615346007
412.083300416422
412.618067480971
412.4899710260567
412.2653014267357
412.1338224434106
412.1994008606845
412.2635993327315
412.7715528712446
412.8755766237177
412.5788442684748
412.027188890788
412.0196970834152
412.2101867023972
412.1844601487626
412.0851138100647
412.0038868144778
412.0813034434695
412.0755009400567
413.8627421321899
412.0511736466242
412.2039915702491
412.1849552438953
412.3358264236842
412.0987151989386
412.1719216224672
412.2846421778333
412.4426071421146
412.1977746825476
412.4274736273563
413.4720904042494
412.0148992781419
412.0589536015504
412.5602845941834
412.0597399937795
412.102337907746
412.4805365870128
412.1297212618022
412.1005482164038
412.502023172959
412.0467801291195
412.4652527830663
412.1199289730162
412.2095302727691
412.613957670279
412.0703303768576
412.3489258522893
412.1041562883723
412.2125657347291
412.4475720258536
412.0035738337228
412.0957203077439
412.0393683828471
412.4863683305962
412.126795127601
412.8835196360072
412.0209989850612
412.9051216702507
412.6430777320143
412.0718827846682
412.1447941791137
412.642728826454
412.1736433086654
412.2854411540821
412.030029175005
412.5787367267454
413.3885042846625
412.0032896736224
412.0829219737089
412.3152524146755
413.0386463019897
413.5816318166321
412.5889117555759
412.2949736900039
412.4743602045206
413.8222238979133
412.3310534714809
412.154573523841
412.0010131418962
412.1768184940402
412.0211808562045
412.0355320789568
413.2082363377764
412.0315332200512
412.647341948652
412.0124531492164
412.2494165706838
412.4054606848376
412.1347906959361
412.0085658925505
412.02450479642
412.0395434194564
412.3147169693339
412.3460435271504
412.8060430960974
412.0561986914034
412.1311737751463
412.0042279363205
412.2323337653796
412.5459633103411
412.0259549966761
412.0772526600347
412.0282399003976
412.8598008160364
412.199648220881
414.1330496868654
412.602638505724
412.7859175857192
412.1743540223151
412.6049182479063
412.1513141338258
413.3178705431338
412.0119930268195
412.2129375035744
412.3264812530672
412.2404661809699
412.9441627930729
412.0363553088881
412.5542291377228
412.0251986063672
412.3950618165535
412.0288469243415
412.134943436016
412.0316572198415
412.71133780386
412.7215967880919
412.1790606174982
412.1056685510571
412.1868739903272
412.4010640467992
412.0333862447478
412.2188865479727
412.9202662810771
412.7421329330921
412.0790108750789
412.2210457044464
412.0142076656103
412.0128327193322
412.432595499795
412.1028397855378
412.4889042287633
412.0222640429674
415.6915510443474
412.1176872248294
412.0427734533318
413.1824489296848
412.1091278640032
412.7319559985156
412.3958117907193
412.0830843381427
412.019281801319
412.7219081117593
412.3516505587053
412.2753454828459
412.0539652852004
412.1418667685393
412.045355869344
412.1071951486215
412.465726138341
412.5999958500842
412.1100818400246
412.5540792840418
413.0722867882983
412.3560202571066
412.1778883632544
412.0735901070513
412.4293879182341
412.0366494232412
412.0983064038143
412.9840116018928
412.262183697409
412.0050310759351
412.4314144284682
412.1856781833398
412.2286852770243
412.4898589099811
412.5027515212417
412.1857555919207
412.3638968562716
412.2618224099854
412.2267280270337
412.3358148197135
412.3959193378283
412.8930406147595
412.8771146737471
412.3014464907361
412.1737894311171
412.9621762518498
412.1175600212294
412.5223902394592
412.6814523081817
412.0044064067074
412.4970337169453
412.1818517933358
412.8052595436949
412.3945946211733
412.0881023538599
412.3005422504476
412.9559502232851
412.1798402646363
412.8466882368504
412.4496810452612
412.0590594835014
412.0159786193137
412.082665940742
412.6574595650363
412.4829626680873
412.3094372766732
412.1367033093861
412.92049678322
412.6857421322782
412.4736661033057
412.6496735708255
412.0967591682747
412.249401396526
412.2458872528049
412.2409106942736
412.4009288368628
412.2240783403122
412.39713635405
412.3106183306713
412.2139794534044
412.0925710212686
412.3301511145798
412.2262802473227
412.2703441097007
412.359057723321
412.0373038954363
412.2553391040099
412.2670051801202
412.432463822493
412.1786602734271
412.0303287738632
412.5987075665419
412.3561880723554
412.0190773066537
412.1093883314598
413.1086166398409
412.0501262876397
412.2824524809682
412.4035745852175
412.1120271724801
412.2134947052157
412.055860756769
412.0727124093149
412.560200397037
412.6159468422651
412.6801566969144
413.2122128623989
412.3217942236933
412.169446408724
412.0651582128098
412.3501892884856
412.0448452858211
412.0592546702622
412.6963820118037
412.3144531202468
412.0683339756087
412.1342037958682
412.3177745380876
412.340975295727
412.141878173895
412.051426638614
412.3708473006141
412.0079498188919
412.3591402789488
412.3007724369655
412.2365392770867
412.4741173904732
412.1264781141422
412.6928249258365
412.0233601023432
412.259290059532
412.0276211210539
412.8979356042274
412.0220554553579
412.5936709535555
412.2256899425798
412.3656089314545
412.3752835069117
412.3117175077249
412.4083199748948
412.0003054543291
412.0951913546327
412.159226124675
412.1878092492562
412.1517155088515
412.0704641339116
412.0593407654242
413.6824799467145
412.2945985311347
412.225602451835
412.1699563530917
412.4881022450102
412.1892768424971
412.1662019316455
412.0416805824333
412.0803666593238
412.6998347940099
412.0798081739014
412.9791252486045
412.0999272399695
412.4500991797913
412.1192727851775
413.8911741870677
412.155487870015
412.0106532046699
412.0032880767434
412.3142372482957
412.2816068352562
412.0998573705277
412.0790517609403
412.1050128614734
412.1576008626782
412.2043584010263
412.1559304914057
412.3820942140765
412.233184491927
412.2725986789845
412.0673943774723
412.4987315502788
412.0609445389969
412.0387852396199
412.1779732282173
412.0831021241659
412.0998614155142
412.7994281782546
412.6497267271346
412.4452466492376
412.0777778293753
413.2500493953373
412.2693340288196
413.3400599327474
412.1422501610326
412.2111339454873
412.18662959204
412.4513133928467
412.2512589126461
412.7515624939988
412.114208487613
412.2175403780674
412.0823256021008
412.086692706095
412.2726375832539
412.0595595594459
412.1664739879247
412.4764718325842
412.6501308454479
412.0518516295995
412.1665785676162
412.2793437107012
412.032701997359
412.048972157238
412.2096113273622
412.0375804081004
412.4611388495435
412.2219265432068
412.0006620358843
412.3455238020549
412.199465299556
412.2558364715354
412.1734387123923
412.3136327016158
412.6062122654663
413.0999669853386
412.6127994213234
412.26605072393
412.1909968986802
412.1590584838846
412.1630245522732
413.2935664833231
412.1122192705379
412.2395495702324
412.9279653469951
412.074911677088
412.0518708823456
412.2502450325138
412.4054120270681
412.3910590588887
412.1118318162561
412.2676333537235
413.0233733141503
412.5269621277973
412.9088404358858
412.2782296484432
412.0788727006004
412.0922571137348
412.0895660300591
412.168897124496
412.4975283522137
412.7011654789877
412.5730792546794
412.1666982683435
412.3655024908716
412.2013009690811
412.3492622583733
412.0528042493618
412.1708442457988
412.916861821731
412.4332926188287
412.1820565398184
413.0698376960295
412.3718687933629
412.3444854512488
412.2832152062653
412.2459642558464
412.3166145256613
412.1032743609401
412.3010374288124
412.890406369417
412.0483434578109
412.1652358252092
412.3741908980453
412.8374310314351
412.1241419985478
412.0773060691572
412.007672091535
412.0714523466454
412.1386214831422
412.3815622569902
412.3021375947255
412.3273642922593
412.0927246552662
412.1737077696532
412.3171357439132
412.101538465435
412.1671910235706
412.0224557202177
412.2990804333417
412.1777278729466
413.1645787074486
412.1229977996028
413.3782504458721
414.0002321783402
412.5907904571382
412.3284975231057
412.0095764863174
412.7956913679331
412.7221767070615
412.7540090545882
412.0620487826333
412.068851835064
412.6474228896049
412.0362652738468
412.9020555298675
412.7794279328635
412.0835139531846
412.5322740698432
412.5741969174635
412.2537588917964
412.2976040423222
412.4388954643462
412.7025490181467
412.0055838220623
412.6238957762966
412.1055510331767
412.2529263166322
412.4591482732096
412.1414479135689
412.2858470786312
412.0024861817699
412.2663473083545
412.3247173184941
412.2601959645312
412.3937118670295
412.3358353205336
412.9382230465799
412.0797791640454
412.6292228947727
412.0633080400542
412.2003473747701
412.111225034253
412.2165550045961
412.8236472279522
412.6768272541763
412.0214421561539
412.0933929677571
413.2957141855811
412.2090426139909
412.0512909996297
413.0696635645106
412.0038463713326
412.4471651991671
412.2811542609371
412.420327833902
412.4859247699133
412.3749448717223
412.2654498532791
412.6743669307362
412.1263631688633
412.0444274460506
412.8739607311089
412.5830597492975
412.6520869701168
412.7566334027169
412.0907977741688
412.3046638456485
412.1173225497919
412.220416793946
412.2785147861269
412.3027344669002
412.2848066497633
412.6143848453361
412.1942408206364
412.0782934412907
412.0855933090047
413.2772581881705
412.3274067921245
412.1217119254001
412.1914754719643
412.5014120609403
412.0340666975414
412.2857466984931
412.0734943527734
412.0746348992946
412.255067689088
412.0989942213117
412.0189329013954
412.2292948114641
412.2468723324625
412.1653067173758
412.0509965628925
412.0053223993764
412.0149877966126
412.1236626872045
412.0194918355761
412.6935221266787
412.7142441785444
412.1494126047547
412.0615198635587
413.141045706064
412.1123440511628
412.1682403744992
412.0613795005659
412.4495936733779
416.7142516032893
412.0148196196838
412.3814962757938
412.2932832524889
412.4302184387684
412.4118106370622
412.1882673831882
412.7355831194851
412.0653650070211
412.307164987789
412.7620665381697
412.0497938003861
412.14612229247
412.0077248848509
412.1304434986387
412.3823522986726
412.1878068749663
412.0720300212992
412.4033822753458
412.1776628343057
412.0726867206934
412.2800532173561
412.3998977056548
413.2287330645618
412.1917865023631
412.3841688819024
412.558891391799
412.1922186850196
412.0998088393815
412.3075705642766
412.5174969253324
412.2952096735623
412.5801725390702
412.0137934846957
412.2217662504596
