198.1091711003714
195.4573498323754
195.7396340809831
190.8955981171483
195.1164326657684
193.2432886284244
195.6996806991946
195.0568107763845
200.341952288977
195.1385964941248
200.1924062350915
198.1300268227262
203.164984120852
200.233559707281
187.4708308468543
198.355145873597
199.4676945687765
196.1536777570198
193.4810980694471
194.1144975793346
199.4159791563607
201.1346082611827
193.5636034123912
196.3779791101695
193.7295630517412
197.5859237186832
192.0044413655036
199.4013224799558
197.0253750847294
203.5849752178725
196.2327072148097
192.9259939040052
194.1479840319566
198.1707636110374
192.5783429290572
208.5149445257992
195.4798962977048
193.1019523070807
202.1853641730085
197.6039568510714
192.5982463237289
191.0319356843194
192.0727195752106
198.4206999578531
200.142793715718
199.1654996331129
194.8007391059386
199.0831454599776
203.556877794963
204.1103835974395
192.3345979395201
196.5247914359846
200.0974209322814
197.0857542507562
206.0735696423171
198.1854478449192
193.7730689748576
196.0906671674946
188.220157636121
190.0063163258633
197.397376171954
195.4020096876595
201.3409471863567
199.0540326214007
190.148197914557
202.136515368877
197.0352714070191
198.1321775079988
193.2703778309263
204.1627381674293
205.0639703649263
197.3864594246956
199.324196025324
193.1883519328806
201.4722797059524
191.134982634571
199.3104006551268
197.1426501134875
195.0341498593701
191.2316930082277
195.4366104366846
195.3647911472345
191.4367076274708
199.325015482337
197.024557442013
201.3052650576199
200.2189840206853
196.0005164187171
193.5612945457327
198.082331419529
192.1171248062355
199.0022374339139
190.689231045354
202.1874313417485
199.0233994183391
195.2915804423422
197.0227062149676
204.0624984191955
190.0398733341798
194.0413285992257
201.1411457737905
195.6025311766022
194.378343436822
197.105040422493
195.382062589536
194.2545286884477
198.1137853911623
197.0306878933622
198.0705832344122
202.7136016429406
195.0697038753024
196.0609661709417
202.0553790769085
196.0432210967531
192.1570122165606
193.832803837712
201.5290840243471
193.1604128323055
202.6003665149725
195.1411194661475
193.0288348073614
193.4984533156379
196.2711428601982
195.1530348717337
193.4078956460495
189.4835054121435
189.1799252238013
191.3804210813095
192.1862889664851
194.0818258955723
202.1119457208844
191.1173890116473
198.4869023722623
211.3368040582003
194.2316509093388
200.9417146165933
193.2270002627414
199.2161146190112
190.883848821612
203.2689370659142
197.0854727485948
197.4942549346684
197.5866293439639
189.3688216278831
187.5563723440989
199.3573945203099
189.8058732370929
206.1625527941971
202.5694394424468
197.2559845104733
202.0465231893371
195.029188297693
194.2337378686651
193.3557605913307
205.1405441130732
198.487051040399
195.2840629575709
196.9101648207954
198.4075545775253
198.1731289950393
197.194107176855
200.8480119236135
194.1883784055802
197.1676053630713
206.2694441896679
194.4000171321323
207.0666011931717
193.3896271212615
193.7151646512795
204.0287036875931
199.6186439295375
196.2297772941133
199.0504057531147
196.1403166342154
196.1914089790371
196.0626941228061
208.2211409673528
192.1799189472841
195.8507447480093
199.6457736479501
195.2944454068455
197.0088046121387
198.2245037531927
197.0890835762165
193.2728661043637
199.9002502968297
192.8216350426491
192.174390260733
195.1347014794561
206.1722524135376
197.5254454536277
199.900642854015
200.0555711039417
197.4022789095484
197.2227372398264
202.2243905914685
188.4129700183315
193.0008102924269
192.3023204755472
201.6333554382116
189.957289879996
198.4655615905107
193.2044139923291
204.019667728847
202.4651401639527
195.3569059882993
191.6335825680473
199.2100532658369
197.0254170450637
205.5548252457022
198.4449236431624
201.5280321968725
195.2456486003243
195.1612307138931
194.2606356464758
192.2802593531165
196.1000798161278
191.1929984628449
198.4966129014541
196.0605008156651
195.6500206794641
201.7217287657286
198.6358876211913
191.1915259445713
195.6782814845836
194.079838047263
198.1328580895807
196.0215389409599
197.3497584044994
202.0034021173128
193.0989156401802
195.2387096724144
197.5312120373582
200.3226964375302
198.8134488400461
199.0467315099825
202.4307066249537
200.7244277299952
193.6281290535612
205.1629509966092
196.0440076479081
196.0734058964198
191.0292648639664
200.0085558860495
193.1286953614459
199.1821156015699
198.0509069405981
197.1158993103656
201.1313550429859
191.0535379817458
203.0888149386401
201.17175832237
200.0079172212103
203.436632466011
190.0857355206189
192.1788234219119
192.4724870911774
195.8212460126049
201.1264350956605
198.0424898733714
195.2872072015194
198.7513235831402
205.1870561542123
211.3286523130608
193.1593145034599
195.1343476298766
200.3476736949035
194.3264829061453
191.0689045206529
195.1183943355947
190.3522972671244
212.0669623905214
197.0048190188694
192.0332167795336
194.1910808110558
196.0201478884585
194.2425001695481
195.2975102188791
201.3075141004515
198.5432455552392
198.1700636413958
191.0151653061032
193.0005323714719
203.0141350153496
196.1444534092707
198.5585692260228
192.4946851825606
200.1792566511431
195.7122756777046
193.9909629413198
198.446806477518
198.0406851521476
197.3719260710625
201.7183573121856
192.1038199444231
192.1745213539209
203.1950259184562
194.0075786291526
193.5372701695527
198.5388199494103
199.1312622699322
191.0882722548425
201.015897166422
199.1212567631893
196.1178289060914
202.2194842696442
190.6828746747801
196.2508639834403
208.0363511597225
199.3696779548912
201.1801600161279
194.0087225995035
201.335081203793
203.2965379143656
195.1324464349027
201.6740569239533
190.2784018674397
196.34605907805
197.4175045684908
193.0810209199757
191.6582020487013
201.5967679199474
195.3683488648117
194.4594689482897
201.3331493600632
193.096356690215
195.0537334070079
193.2215527013075
197.6236542263408
209.16309189174
197.181334658341
196.8552569365624
197.2223684430722
196.9116243515196
195.3805936508521
198.0576709620421
197.2072783629895
189.1347120153163
194.1772344941663
193.0372741092974
195.5814487526089
196.4927113567701
191.1827874080688
193.0192558206614
206.1285708578395
211.0711932199613
201.2051496660532
199.140243222629
204.0495341778251
193.0708935046487
192.3688135217791
199.4821202195357
197.3226089940901
197.0153062574672
195.1284561167751
202.2786899360778
195.0292825355394
198.116683661452
205.1795129888754
198.5821278245794
197.0325456362626
197.4084872985869
194.0614543446505
190.1089223507966
191.2679714166874
199.002360955069
198.0771281095537
199.023358556348
197.2674571772358
193.0932419410481
200.3096780934112
195.2583788736176
199.1136988040799
196.6833882102783
202.1922228402424
196.3616279767439
189.2346794104958
200.5902444948691
195.3073004207346
193.2584200288802
199.1398188615983
198.3432307402445
194.2114190448537
199.7882095770833
195.1164988195393
191.151339141986
199.5477399776542
199.1151282579272
197.2064800436183
187.923923347867
197.3906933450884
202.1111103849509
198.4935847470325
204.0816128792425
206.3653262628986
201.3183996533955
195.2879653246362
197.0120428166527
191.4234154350656
204.3295458100147
208.3828470945807
205.3129493074712
196.1755032068548
196.1004675635065
194.0015328976727
195.6806808822017
199.1486714840365
198.3221355988296
199.5354073584074
199.1560770433149
193.2282921282961
188.0143989243236
196.0256004797688
195.5084010358267
199.1202493665831
194.2012638360429
201.069605953575
194.0134457130986
196.4687004501538
194.7985985256188
207.3011432846373
195.0076038250608
195.6509982206563
202.9894705913952
198.0093774097267
195.4482608977924
197.277583394947
199.1119503460216
198.130424360694
195.3720238242107
202.2658954296927
199.0267258748748
198.1389180541892
192.8671376160797
196.3813627141055
191.6066373125494
199.0876603079586
196.0131149823606
202.1722082513861
191.7609258421806
195.0644258381253
201.9396310013348
190.1390829559032
201.5102442735585
198.744134691404
194.9038136093325
196.0683215390131
199.1316084026762
197.1725190418928
197.2595478398444
198.4461800547499
196.5166579815012
205.2947668200509
200.1349245842208
199.341449843203
200.9081904304973
199.6714047079635
201.2925164893602
190.2339084647344
201.4894666190771
208.2323699854981
194.72702751422
197.1939449042287
197.9080154661271
202.1207322036954
197.2175731853173
198.1005543816455
202.0005173165515
198.3562957869066
196.1881029817687
191.4829626233072
203.1564391626065
196.507636673625
194.3123999250238
189.1434725598829
194.9519448905428
202.3224252947271
204.3064667731158
194.2376643729306
194.1197026551345
202.4690069849204
199.0773906450316
191.4166556947974
200.0751713860496
200.1363405803056
205.121574774287
194.0701931204549
199.1732741034976
197.0631734271469
201.0683272033803
201.1226841726465
193.5320982202473
196.2311322320733
200.0450825528152
191.1635747021728
194.6319574199883
196.2985386765403
197.0975875608488
196.0808435225297
198.0667447932663
194.488131622052
202.8031863606236
199.3783133462458
197.0074650837929
196.4132189531081
198.2712633943154
198.4154319735896
195.1776287632248
195.0060555343116
194.0554518505625
186.0429697140862
192.6125196663259
190.1919479470164
211.2507824802341
192.0716096100232
198.1648309918638
196.4167725796176
196.2568847440238
198.2290015700979
197.1614900059797
195.0274189320754
198.9504011037616
194.6459447711363
207.2525896307909
202.4951688887606
202.5183890078982
193.1530661595015
194.1164018520321
192.0818696948218
195.0909749221859
193.2616958937047
203.2109155374075
206.0482760652099
200.3190909230632
206.394060330707
192.6349400915128
196.2094559422253
192.4959316636369
194.1427932032815
196.0091848743358
202.4125445922612
198.1054793706319
198.2167215557641
202.1474764029356
197.3782784357165
195.7451783922446
198.6024907632717
198.1970322582074
196.2564759248714
197.0009107099984
196.0075837006983
195.1012030356349
198.0466073079636
197.3834204980899
188.2304708553939
198.379867526401
202.4187351953025
198.0734738456407
194.2935302373452
198.3838046727522
197.0426166574914
199.0680183272396
194.1866175090722
193.0102425524518
207.3124646891791
197.0046259230312
195.6134350197999
200.3162051287768
193.3208615578986
198.0151679917597
195.2014546836662
193.753278265444
198.8033399953085
195.3320791331782
201.5579022295335
193.2651416506179
201.9747048165163
194.1043581191969
193.1815094713661
193.3546234444969
195.4219208136598
198.4481296342369
193.3706672329328
196.5606119331292
198.4369445483221
195.1313910106317
192.3208768977878
199.0477802449395
203.2325436020288
200.1252998874658
200.0610431289791
202.6925132806047
198.5376297631511
200.1057159422488
195.5559920261866
195.2661612534327
197.483435120401
194.007245198501
195.2995233372337
191.367730236269
201.526908907935
192.1116697217432
198.0872562220733
195.1535024452099
194.2346384815699
192.2529738392283
192.0990659490636
201.0501053080543
202.0347734255658
200.2904065790829
199.0793300857656
194.3739985943999
193.4426686922323
199.2316878467443
200.1619919966938
193.0609397981379
195.3476517750042
195.520039730261
193.1413827587657
196.0696214418657
205.5924597293925
200.4332173940384
192.2454698836982
202.1298104376544
203.4483966318905
200.7075424722602
191.0318506124886
195.1876577579577
197.5018539215063
200.645095077119
190.3467802958818
199.1494177848229
202.1113204898948
204.0358683046083
198.0722264373186
198.2944304792809
200.9607911386082
198.3052653970568
191.5138583066892
203.1171121599554
203.9629473539115
199.0236741968553
198.1692064133755
195.0856820525245
199.089404169883
190.1502798294638
210.1987603666341
201.1354244995641
201.0668014439254
193.0106396838742
196.3611193792456
195.053003140663
195.0478864274083
196.1982729459703
193.8784563845222
201.1735286182793
201.0032425593848
194.160309846103
200.9554066748157
196.0198094143171
193.4644079338276
194.468790603206
200.0462113652593
191.0129779091444
194.5605121725654
193.6520489729699
196.1096596558992
193.1667921017581
194.0812991954321
195.1219571426033
200.728552715271
194.0945099543866
197.0252202878794
194.0973905814216
199.0727421045714
193.0156518831714
198.3729081574638
196.3024908639008
196.2880674176151
202.261136205371
195.39243058329
190.5936239653915
203.0914953274122
195.1251927999897
198.4446436163965
199.2271781474096
192.0504173816128
202.946106928615
195.0112730753922
197.7065272380501
197.0000232796698
209.4899631809725
192.5135851540259
192.7137057489654
196.1861902958992
189.385883683662
198.0962890803604
197.0061206469105
194.1413105773894
197.4890618114059
191.1581915762918
198.1793849198606
197.6023528654611
199.2680748192076
197.2275374101048
195.0157345330739
195.1854716851325
190.0263931413757
195.0496374888199
195.0657962122766
202.7371017307643
199.0153244104429
196.1957168775668
202.3838347838525
190.3020197103356
198.309268448068
194.1485428257729
193.38577059729
200.398157294008
198.0598672771461
197.8822450533522
195.0460782930598
197.3883062145281
191.070853216423
194.5256795432874
205.5980173175609
200.1218527730948
198.1383328767819
201.3439052689455
202.3719967441872
195.664886769208
196.7173598855925
198.0034134720918
207.3873932614233
188.7501135397114
197.2909911142122
196.4442931384812
192.048438034406
194.1112970199275
209.241025550598
198.5129567486563
198.1238605245225
199.0765384602012
195.1201971645033
199.4093118040354
199.0701094803069
199.3554914864472
199.0721817075585
191.518167407518
198.9706151855104
197.0155787703802
201.2367020738947
194.1171987993775
195.3101754150262
195.0330253108214
205.0901191999703
192.0952106868585
200.3305802584107
198.0284452396616
199.0632300363837
195.0911314276889
205.4631337249066
200.6237527267988
193.1771187282306
196.5830051743748
196.1247452411528
195.7502598074343
191.0287823500738
197.501462875765
189.537230230192
195.2028070618348
193.3615835563543
202.6158814916167
194.8839654486241
196.0867171353339
187.359714818865
191.1468915569289
199.1533841319845
205.5677226598783
206.3679935396352
204.3460204644311
192.0950753413363
194.1188139989477
195.4911866748247
197.1011687586697
193.6371823195691
198.4769617328622
200.3836270756664
197.0548036824088
192.1126502975672
201.1248709734209
198.2114456025534
196.2221925537171
197.5143160799607
200.5785835751208
197.6538098096527
197.7285875298264
192.1505245233826
196.3724338396846
190.5021006787443
195.0701772800715
196.6306693884664
197.0128388027497
203.6801719579422
195.2731684478949
194.031837739622
195.3762382362929
194.5029713057789
197.5770666186847
196.8754693866975
197.3397153877443
194.0304619415693
202.3606202429494
198.3246938011143
193.2409923015258
211.5116874239001
199.0782379531829
191.3619883917847
194.0938673015046
207.3118049583444
197.283907144774
193.5754303020599
195.1542724235156
197.3444535130283
190.2293722038715
199.1807935361254
198.8784557605145
202.1213275725758
197.2245516577709
197.2650008398177
197.4027119381472
198.1860428027613
191.0070382056201
202.1331575712234
193.0781978120069
193.2945332965928
199.8265671126743
193.0033585470754
199.275917746309
195.1504286210455
198.214043264766
200.3610521801681
197.0364269089692
197.0267946361437
199.2194206370091
202.6864343835652
193.1749722890139
194.448123970446
191.5122335973362
198.1788543508335
194.2823701865452
197.0444400569606
193.515910587521
198.2111038635662
208.0645142956557
199.1651038594005
197.3104787208053
188.4130647825625
196.3731244327451
195.0390517523481
190.1051680218752
193.2009009080317
194.3165841400563
193.3624194961533
195.2113743031907
196.0698970532844
200.3643848809949
192.05861474358
193.1259812842338
200.0784409498286
200.0632115379294
198.1735284000856
196.22498901346
197.1077592523826
194.8177878878028
194.617617014118
195.0285261212934
191.3362979565719
195.0341598334642
198.4776770910304
194.4573933384294
212.3284528009682
195.6409867038819
197.6505384927367
199.5767723873516
195.2676845102832
206.7558154413625
190.1183994825182
197.3976659115448
198.5739246142053
201.1268907573864
197.7604736438132
206.0075100559133
195.1589816695396
198.0814106193535
191.580607251423
196.0936215846644
195.358354678026
198.5276222312925
203.4936025784735
193.1306974258169
193.3831321224908
198.0902744810441
194.0299064633039
195.1500314784718
194.0473422026147
194.0345661378925
198.1713254698113
195.0578814617767
203.0371649418562
192.0305114451479
195.5778800290411
192.1991113973435
199.2446688931163
197.0968019118776
199.1884169796457
203.3942749309517
201.0042680522398
196.3604238946818
194.0052750184113
193.0228426292937
198.5712634325734
196.0508046517959
199.1154819791016
197.0923041930375
200.3173629290872
196.5139994574487
196.9827396752884
200.4295020291806
200.1985810344443
195.1874357607638
199.0008776200026
196.2976998412034
202.4465916474935
191.1028139787218
194.3942134501827
199.7161942536159
199.1054086456557
196.0549293652356
200.0237177782734
202.0927217443908
200.110893225814
196.0096484118105
195.0841142914267
201.6648625976967
195.1044478380759
196.2882576679328
200.1121050215443
195.1735577456443
197.6068188517065
196.7679577472584
193.4971449252093
202.6737908252279
197.0318477539556
203.0481950133348
198.0544995727913
202.1565803061049
190.4492184541971
197.0030615510733
199.145419775274
195.0018686929275
197.4953349165706
194.0735371622625
195.1153146834434
196.153069199521
198.3514945133013
194.2827996025285
190.4360879800347
198.3131237639055
194.0230059325173
194.1273451909781
193.4573064650943
198.1311710963371
213.0000373787542
198.0051672200805
197.971555456052
193.0823196611592
190.193253506535
197.1290679263876
197.3566529495382
191.8725827681412
189.4054602157399
200.0800027941195
196.1671568438438
193.3843059600279
197.0425820715899
195.5530210720728
192.0336559676463
196.1139963606005
197.1000897750832
200.2444220790802
199.3254349201746
205.6920826366357
194.5902642563851
191.9537064323178
200.1694284506156
200.2162695871124
190.5781274917449
201.4099468986266
194.0374079152647
201.4166606646794
197.1042636016125
196.1899208904377
195.3720695583948
193.0562541410251
197.911323829528
198.4121691021974
194.168253396145
195.1573419317024
199.5976682788906
192.0344345560946
197.9296404750957
200.0037796445827
193.0121140974338
194.157399656824
203.3242792060652
198.1216402754314
197.1418671523913
194.1796059828526
192.6333736649708
199.1652371516012
198.3618344603261
204.0549718184286
198.1906153211023
194.1426758568012
195.1468130654846
197.2666027256097
209.4858423282138
202.0615796033846
201.1133773134806
194.0022855172411
194.4429745241151
195.2967692505865
192.7709890038444
194.1308183154005
191.1731216316054
197.36379552877
201.185793511245
199.3099041863187
192.2459310760216
199.6251045266703
193.3123785200691
199.2074845702485
193.7214874758688
198.9773081622463
204.0805489035014
188.3670492014393
192.2396970623345
193.0614505116586
196.4878861358804
197.1953576585943
192.2896902165594
199.8160116729754
207.1370482541926
200.4865683057634
194.8094599559212
197.2117216031324
199.0539888611599
202.0961290618502
203.0068202595226
200.0524301056388
199.3659463871428
196.3288756702964
204.5035119725162
199.2073568414046
190.2479679317025
193.5091445843216
193.4851389377971
197.029658602371
201.1894337574514
200.4534273043128
194.1002920304972
192.8258159835927
198.0381160005795
195.3595856176101
199.1593041022301
196.0567291468264
195.7795376322594
193.0612737810347
194.0532852998345
199.4949362607283
194.0611232973527
203.4450048004003
200.0192183020739
196.0513357362001
194.0427971956659
197.1232075009341
196.1773558008324
190.2470732102116
192.2021023129273
199.1062526392559
204.1200421031641
205.5208307741563
198.5610834816562
194.6379590446125
194.7163495891394
197.2693916483936
196.0548467073484
196.0366832731906
196.2113649372378
198.4801549672672
199.4111243732191
198.165358908885
197.1086694318365
197.0272721352653
191.4909663833064
196.0976093065825
194.2264433481487
195.5817484979602
197.2554404975841
199.294855613361
197.3680613543592
194.038302313359
195.7893827639215
193.0559972218542
196.4285886361887
198.0045333694613
191.1552256484123
205.2753246664187
203.3792978596129
205.054522471035
209.8984681089287
194.2261442969252
192.1842824827067
196.0241115446914
195.0555385542644
192.0770654604502
197.6302547417364
201.2890060212553
196.0104545903504
194.1655580804235
200.4494193220435
208.009317735106
198.1504578759373
192.2190407307693
196.1997890152243
189.1561645350716
202.1550990037029
195.7570717513535
194.2378811195319
194.3525185571438
200.8228501163569
194.3208140365225
198.6036311100973
194.1131736093323
198.3872808765999
194.3947511399577
195.648838617365
194.0725055611243
190.1471910143196
196.1806005972714
191.684969882601
195.1990188069746
192.0118343484625
202.922744671536
194.0433294073916
198.4820018526283
195.9773043321735
195.1400912284118
196.4365146109045
198.8339436855771
198.2478366334665
195.0755585543951
197.0112582590617
202.1616617432287
192.2121432085553
194.538852478159
194.4975995914772
192.6750876223834
195.4853526594613
194.1353430523662
197.0733848977917
200.4688688006607
194.1091185621006
198.0812424230128
190.2913202547453
195.1649134949991
197.1566105625905
187.1160163756394
190.4658578583829
189.4990000819393
190.2921872886154
198.2253572210298
210.1603499092869
207.3858864115548
199.2641869918854
198.603641825078
193.7157909810692
203.1465904266365
195.2924704932809
199.3653778122199
196.2445656894486
198.7305650813786
198.0283423253253
195.1556433781073
195.0276696187872
196.3249043630178
192.1291736844408
200.2126965136187
197.0407121883236
193.41252563718
199.0985856223242
197.0708564102934
199.2985518151833
209.6282766650706
198.3250103264959
194.2662628834235
198.1487670224312
193.4991215805086
196.0068821596695
197.4444466612379
192.1865639057462
204.2319450445657
192.0442120409951
197.1890393819376
195.3720445511027
205.3250977286661
196.0637937586007
195.2026403095248
192.2147026696048
199.2710031511254
194.6242218127246
204.1166018664787
195.2470540562229
196.1781188800537
195.2433694027721
198.1088053643215
196.0795148530829
200.0639109280805
194.1696428547809
197.667790238417
208.0337247494232
195.6023900865761
195.2220139118677
195.4544963987117
205.2370204743406
194.0010405382993
200.0915793800399
207.532154466045
189.0442331838936
198.6263462895675
197.0557902958335
190.1236539095808
200.296422383758
204.2486480003945
192.428461287957
192.0910682007137
194.6247429167348
199.4894242758503
197.1710505694887
191.0661389059529
210.5305213182681
194.3351160671698
205.1164120259293
193.5678936668746
203.1492665855718
193.4908959930188
201.2315793007665
196.390263461017
195.1986875546449
195.3068370029343
194.1810516320581
193.847081495467
194.4267742068151
193.0941961892604
195.1017549611074
197.0866276107766
197.5266714370923
202.6331467069688
205.3072831870523
196.3693306790044
192.0971589950832
195.2123810290212
197.2293950269569
192.0519523127475
193.1808360183794
192.6294308259539
195.434441134847
196.0534676410282
192.0063462787824
202.2530066442047
201.6777320618093
200.0355189248692
197.1323797981422
201.057397165051
196.5201605760042
198.0173145455547
203.5331013972017
198.312608002227
193.038360340771
200.1945959064552
203.2272279794089
197.4971024493609
199.1701380656823
197.0718090269878
194.1471680695606
199.621827319325
198.3350496648994
207.1433495166547
197.2962545432396
192.3000858808561
200.0177810569129
194.6621446489665
202.2349920000658
202.3356218337562
202.2630847654991
206.3055488597549
199.3947047750386
194.1828210993926
189.16329489937
188.3216056558038
193.4568069772116
196.2589146848079
199.457057111501
204.5832341255245
193.4569752129152
199.5664311194612
192.5108180812714
198.4262174650596
193.6343169427582
204.5436758117727
198.470738823008
196.3863240054725
198.0400561931508
192.2725869283491
193.1352691588694
195.2413480000736
196.314705926496
196.2280748908073
198.0633170772652
195.9110764465604
202.576670264994
193.5880925292931
195.0665367061877
197.2910482197612
197.239340949658
194.0362842635984
204.0246374078731
195.0960286795954
201.4548563800284
203.8901626120161
204.3442143488855
204.091888965585
195.5574799165613
195.040786174129
195.0064735079475
196.0521643074088
195.1179109068071
199.1051716534059
193.1112506397172
195.0992263788262
195.1614500719446
192.3771830273094
199.0598541285658
194.4597098024549
203.2310306150801
210.1613955439329
195.0230322338695
202.0032120281842
199.3462058200033
195.2374556997186
202.6986000186539
198.2752794860128
201.2334204950683
204.0985725817399
194.1460694070523
196.1282524869361
202.2440671607382
198.0847373304308
196.6304108441546
194.6274890998747
196.0825506919075
199.1618974756394
198.1605176229503
200.0347966802643
192.2560819114719
192.1859605882379
194.2931821789676
194.4000517840845
198.1346454677744
204.4805281097051
194.3481597730669
200.0192140134321
201.312474533398
191.1085045346801
199.1231094433892
193.3663795702361
202.3000174092406
198.4419106229957
197.1443313383893
191.8520122945528
202.0497170738519
196.0385383925332
197.1262143089479
192.27206396951
199.086938095191
197.1291687500415
195.0117217542134
202.4866417481364
203.0057608388491
191.3061809003312
200.090404529063
195.3476541493217
192.6997246499149
196.2664508727173
190.7597529035272
193.2342053053038
190.1168932196518
201.6807509415046
196.0489299319882
200.2281707213546
192.2187227198764
196.3508739665056
199.0003241996837
188.0945806742046
209.275203581198
200.1168047578335
199.4365557238983
201.2297744301408
198.2217630517444
196.2318345854885
199.0991821491684
192.5322012448739
210.4259783045048
194.5078562448547
195.3374861192983
201.2274114126279
189.1128551802289
197.2509729023878
197.2123215433326
195.380830551223
203.3417710314253
195.219598289285
202.1117660062314
194.0027601181732
201.1257238746922
198.2209131449742
197.0574133981115
203.0116640420865
193.2752983091398
198.1587612546826
204.0187886000477
202.5148782277587
191.187596230573
197.0027753329599
199.7618000538799
198.1775618617049
199.6380930573133
192.4328035944763
191.8070241625946
197.471372349519
196.4776815400995
193.0982898438678
199.5587823058889
207.0599157365339
193.8389439151868
194.714875279794
194.0984862354377
193.1162705209438
200.3644076056743
197.8353113556448
196.0536076549542
201.0362383839586
200.6634491841575
199.8110158060033
201.3870855591011
191.4791707926336
208.099201894184
193.0490129548693
193.9930218933356
198.0434761886268
195.5311460224539
200.1668271512791
192.192583685408
194.0163797088387
197.7256744095911
197.0123777091858
195.049334876078
201.5873110818642
193.2375801148475
201.0029788812574
202.3593081432196
198.6898900181833
193.2029843722533
193.3048225079861
197.0797575725655
201.565360607681
191.3785611995695
200.2733180769995
195.7075019024214
194.2700155789905
193.6286174042492
198.0212804425814
198.2628845334104
195.0920760096546
196.483979025077
196.2713390452013
203.4396760942783
198.4219493627564
197.0009061027643
197.334722046296
195.5651622116181
197.4167805086301
201.210693546981
191.0929931774105
201.307963299401
189.2837199821624
197.9321602969541
193.98160681184
197.3846330195584
187.1329247948003
194.2187071719503
196.1808737714783
192.0556331437981
199.6757377150052
200.5271450409846
196.3915273871079
195.8179514726581
198.367711310685
193.5153740753778
191.5677240387114
199.4939886710976
197.0468770205307
193.6242989586942
203.1222521657685
194.2610503165228
190.181533313103
203.0532733326043
204.3069234852064
206.09382486644
199.4670215964567
201.0925479615527
194.1368952574358
197.1719071375647
194.3770360582718
188.1310983748531
194.0532610797096
202.1301644445886
200.88072301795
196.1804159454369
201.2576002416676
199.0367841163057
203.3436749113373
200.2121569460234
198.1107911881971
201.2339908323802
202.0202615193047
198.143080815619
193.1628214750745
193.0253650822941
199.0710322116192
202.0389516463975
195.0427597563848
197.0645477678323
193.8232980116687
191.0259378871505
194.0229228498169
191.5439156199694
191.3626717971428
195.0846612791051
198.3885667260703
203.0561896121327
192.2842962674799
199.0836452556164
194.6688758096465
201.6060524302316
193.7539042501872
194.2134813243846
197.1996791661259
198.2596222690147
195.2362860785316
200.0011395080602
192.4409932985024
199.1333949225464
201.0334273757245
201.5936155565744
193.4262409428023
190.5559541982784
199.0378187548627
190.1392096911929
199.3654470511458
201.0801578540884
192.1965436597026
190.1231409626722
192.2046254274081
196.1546984268163
197.2948352555371
207.4347075030513
195.0361120116013
191.2116478540807
192.3835671000742
201.0403097320422
191.1431883675288
192.0140268538966
200.3120070899473
198.4966326192325
196.023413806188
200.0286016838708
195.2443131928082
197.1391296854874
194.0825395138338
191.4910662348532
200.2344762165713
195.011042085064
206.3579660855856
201.4715075166948
191.1448793122128
193.2618981563722
194.2668982979136
191.9517495261208
190.0268102603451
190.407835703297
193.2241651517304
201.0958851989093
200.2671132222169
196.0134779071718
196.0818693197301
193.1385920005989
204.1357936498457
193.1470628937815
194.0511658110205
194.0104013817869
202.5335134114552
205.1560041890866
198.4712879270307
196.0603093657614
199.1219526584962
199.1371685850498
195.1952081818559
193.2048393127231
202.0890791507762
193.1041380869918
202.005333475868
197.1643377280142
202.0231881110602
202.2791657402706
201.0172785028931
197.2975498300266
213.3201808785907
198.7626036450865
190.0368841055295
201.2002097193715
201.3008338324289
192.6286894531947
194.5547697270122
199.1588887594974
197.6817835096134
194.02926336057
194.1018636007049
196.2084583896928
201.0216650290755
198.0632939348024
195.2163749785774
198.0446627212143
192.6576461870211
200.8692681093843
199.221324027986
192.3614778521631
194.4501918544602
199.0750010193862
192.3645245676287
196.1222865699291
193.5279477460871
194.0386382374243
192.1501483550556
208.0338385608506
196.0049228148217
196.138513443024
198.1794842655069
191.0813041448421
201.0441053242307
199.1165849863797
192.335488384721
200.2314116337098
197.0981698780044
198.0542949336847
195.0210406190822
198.3429669756302
188.2353881254936
200.3622124780505
196.1620722252555
189.1175639935486
199.7700489038692
194.227101165711
195.3601346215963
205.8542757227171
192.1382826767704
202.0294855584325
197.1734671653048
195.5340386562445
197.0030429729417
197.1980899842368
190.2335244805757
201.217214106035
193.7766732427237
193.009872728909
198.231078638548
194.1165581604421
198.2285573756724
195.271523812607
201.0835160396205
197.6445882271223
203.1034756815962
198.2736414931675
195.0443573085425
201.301315915411
199.136485979521
196.1277573568221
195.0328831055677
210.2985776513995
198.1297386322828
192.0132973006595
193.0541987744898
198.3584997749338
192.2885697357176
205.070945572112
192.4186458429333
197.0384946968531
200.9537534785275
200.3150695772254
196.3949942299189
194.1303307082717
200.0346555256028
189.0010563724343
199.9703215548079
197.5879122970282
205.1126750658726
194.0031735404773
195.2866269440966
201.2681097836776
195.1149949392203
196.0729568824422
194.1815601173218
194.7281561712578
193.0093170876557
195.3341265820577
190.1375161389205
199.0093151836083
201.2854856367959
199.1317401877648
194.2497713782085
198.00817177543
196.4004232692039
202.061955747532
192.1266212336791
195.095203292151
192.009220527244
195.204850901447
198.1717850683871
199.0054472089862
193.2344113483756
198.1326967735073
200.1591226356383
195.6027458282403
210.1400594631637
204.0296918643794
197.3327641485655
196.1758812177931
199.3787638614103
197.4751884306247
189.394888920558
196.0140905446964
199.2338181747747
211.1677376846097
198.0470630015696
195.6671374728768
194.2748735074156
191.38504552191
201.279171988292
199.3127047667998
196.0672669364185
190.2133617164911
202.7436124043171
194.4634485606622
208.1484187158495
195.8184046728855
196.0877686874443
198.565051377336
199.2799647435038
197.3555874441149
207.1221494857604
198.0597107924296
197.0120405713445
194.0811557240332
192.4089843974294
202.3292948605306
199.3245674773615
203.0733724784467
198.1436786967792
193.7487456096982
203.4555274583302
197.2910451972309
190.0654807568628
189.695338066753
196.1975005215299
195.9807698898846
202.006083747738
198.2604117180571
191.0867291983
200.4647960929546
204.5554943663806
194.0287516094995
196.010340682431
200.2418733264122
204.0116957072251
202.0643024279691
195.7031466929217
194.7091182128096
193.4913764851785
198.213063183407
194.4446468600722
191.2573728050853
194.8669903898597
190.0399965042788
202.7905391410639
197.3939034923521
194.2331626412141
194.0087362737444
192.3165534267981
198.635534099299
194.2915743207562
194.2507881731589
199.2825097947624
199.3905688079409
199.3089690340817
194.0476604547717
191.1109142261359
195.4136470450024
200.0042577486267
191.0280466794984
200.1922276582938
190.264737265228
196.0811412403552
200.1015401938423
204.1037842614481
198.1357653092537
192.276558296001
196.1591047383282
192.237127551926
196.42061696851
196.5655232763916
200.1454173145644
191.0687538068767
199.7456892124505
203.0623652647483
202.408926369016
198.2557163399868
190.1532240929903
196.1418297795626
210.5355865221231
192.3051532466962
193.0290514036436
200.3761970613756
193.4216095906749
196.0626172712287
192.4303103957425
198.5040519171194
191.4574596039184
200.2893850432995
200.0895666248915
197.9768807201365
202.5244162372142
193.3513836814489
195.410868103028
198.2148800581339
199.7426224090679
206.0676147210218
205.212208627641
191.2070236289819
205.1668274584026
193.2816293136538
196.5375593139611
197.0415911292801
201.0000972831697
191.2541575387365
199.4604616942327
196.4518388459938
193.8337713038328
199.0763095220005
196.8531630999345
195.2081109838891
199.534689953501
199.2159241372023
204.7579722021447
195.1348365236949
205.5656501071418
197.0179692261543
204.4232039086795
194.1000806614929
195.2182702699778
195.0608043661678
198.5944683088316
200.550234753996
193.5910959276496
192.4759602164997
201.0956659402747
197.2714096873557
196.1995382031755
193.9019691013573
200.2355762981067
201.3982906495473
197.1114583301522
200.158862913181
197.2102764974539
197.2915904441674
200.6278109384751
196.088524285551
206.2721349304295
194.0733574904868
198.0525860143693
193.2913495282196
198.0378510348179
198.5393759835387
197.0689926668661
197.1052454202735
193.1650844266518
191.0596587437517
192.1999218489979
201.1808737978916
200.3990225706291
191.3546708879119
200.1736602714914
202.6590298583842
214.0603945771012
193.1235166507967
193.0031011471857
199.0160787603679
192.0988527324538
203.303888604351
195.1620611764013
207.1069201464642
198.0574612612668
193.0557385304939
194.1761937459531
202.208189493555
201.6070867990095
200.9298349981105
188.4032136154054
198.4147373670132
194.4421852511654
196.2003517362392
201.0815299167795
191.1786232275589
202.6246095412529
195.2589193210389
196.1237160139775
196.2874119843486
194.218407054124
197.3860526854668
195.5047557991923
198.3331281050063
196.6842366591736
190.3620333925504
196.0109966894124
196.0100643621861
196.7858029217118
191.3119903317272
192.0345416310002
198.1746715188544
199.0380058171564
206.6521586261501
194.2831373581699
198.202871142159
199.3834785758515
194.2834025060572
194.114129889406
196.1257189600931
198.2894629612404
190.1860180084469
201.0184801980883
190.0038309370479
205.276989966518
212.0400100759741
188.1255134860378
195.3398498052931
196.054222835045
201.5325839344857
192.1056274206942
194.3081755607717
193.4989484326935
201.4937427360796
198.0285238471817
194.0100689372639
205.084359371795
199.0904407411508
193.0467334693173
202.300266582162
200.705732977903
197.0716265214672
201.1093743430374
195.3614703782952
193.7709090283014
199.433326557366
194.1616627090214
204.1952638790857
195.1587249227736
203.763088667252
191.2292885659413
199.0754572113433
