86.61933738376057
86.38440703002904
86.05046955749921
86.46709511726878
86.0350651043327
86.05890744902592
86.2625213279651
86.0165439585157
86.54805838748246
86.03302289934119
86.157360022737
86.21400019061007
86.38079661103097
86.09265354189087
86.15836893893055
86.07858498096302
86.9205231585673
86.3056197665984
86.00558539472485
86.03360741191402
86.09923963828977
86.74656942099422
86.06238757279291
86.01720056216963
86.8741720270644
86.31089827265257
86.10454002367752
86.07728916767267
86.24126256352405
86.30925498099045
86.01710445777833
86.30825240252285
86.6249278762769
86.2437936459269
86.34044788748729
86.05162819742391
86.07383795055328
86.12357990395313
86.26999515551861
86.53143367717692
86.3026272871852
86.24590533554952
86.48923847495935
86.64366122825514
86.15313188862113
86.1017563358192
86.11640893188388
86.3688560092089
86.39678208429204
86.00289197977976
86.40425381139335
86.76590178060437
86.16015411318564
87.25326065937205
86.31748959930822
86.38462509805099
86.60106595699868
86.27714580525435
86.16734554718468
86.384072775516
87.27155101788938
86.10670006691487
86.92265670104877
86.3479915406952
86.86523468528355
86.43150685670534
86.31809481433362
86.01606668107902
86.22552663826445
86.27977414114886
86.05356510644617
86.75791005377252
86.10011476646248
87.54675672006417
86.00432315570015
86.29569002378277
87.31443587084935
86.26947787093418
86.4971040596586
86.52531191462357
86.28507727377637
86.21381725032471
86.5289613900665
86.13388574591144
86.32342754143131
86.10699819029891
86.57058218453736
86.06051736713876
86.02365785144065
86.46800867500863
86.15406632733536
86.64015165591604
86.4651705298541
86.85641838129364
86.2377370862912
86.47416320305442
87.35669498532734
86.1525737350866
86.47619432007663
86.25566197356856
86.05698278323798
86.29706889196646
87.04147913967066
86.02953843121807
86.1053090229611
86.2431424391772
86.13845671141692
86.13329599656385
86.18888918541978
86.0232267146404
86.60087029739655
86.59092097809852
86.05471720764406
86.9085806222957
86.11710511774494
86.07771847737263
86.28761803942302
86.15984429784001
86.1564573594684
86.62575421401748
86.29190808414107
86.80190472447599
86.03743898334845
86.16726978423617
86.27867604126153
86.67629826056293
86.3232817162202
86.06422566227491
86.59502613314645
86.15373565990824
86.08477472184413
86.1116471249974
86.38799423816586
86.35225250677868
86.12999808154684
86.18572641241585
86.49912212995469
86.59928586548087
86.06760347819355
86.15195455941816
86.20338593892103
87.66810217686971
86.12242908341982
86.11836221282205
86.46383033837044
86.08754596398322
86.13065893813716
86.12603719547921
86.67157015617148
86.15097490247436
86.034424705925
86.45787006490028
86.04243873947725
86.36593610096162
86.48168506056197
86.15084238467846
86.20891361341332
86.55392492215235
86.02746697601515
86.01130602209678
86.12008833679491
86.02400617318955
86.10896555843107
86.10890805613803
86.4076514867471
86.37415891578405
86.16881844804517
86.06988568656493
86.10485542165254
86.16326851863721
86.09826932327185
86.35575992913593
86.36022197384655
87.43297926554206
86.45827583162972
86.13277338489637
86.2990815411157
86.87322849706332
86.30252471579882
86.49918653885491
86.91637451616552
86.96364564559279
86.86366379647603
86.2553798760934
86.0806820984873
87.04035427540163
86.05307747638953
86.40450653963204
86.18222252044248
86.27389852743227
86.22852962290925
86.28561315688327
86.29777417924493
86.10854640543612
86.22100992355826
86.94210332992007
86.83041488489643
86.1916011274663
86.79039865094951
86.39916901908228
86.00810123410926
86.20834769514708
86.42905492541735
86.68699991649429
88.69407744183833
86.34296500770924
86.2762569494302
86.01647618210292
86.42034882416165
86.58504920289955
86.32764481206998
86.13667099857516
86.0285597435474
86.4780224039812
86.1033722419709
86.19152020784516
86.07196454956883
86.52065778857232
86.34019563866829
86.0643257234685
87.56046298680327
86.00568605469937
86.03434772188459
86.03523361460057
86.35574606595196
86.71085044388204
86.12126950338356
86.16978681265184
86.1890914155805
86.04550146672015
86.06876563764956
87.155202872061
86.313552823753
86.44199408917964
86.04319385540502
86.00851645848142
86.17536489265396
86.18992045732085
86.36247836216577
86.77885758521019
86.55310263687592
86.42781803775219
86.2425623390261
86.00906736855772
86.17486693802216
86.01216744935526
86.40500368771127
86.21084583645307
86.19215442995443
86.51454917109585
86.02359587095155
86.15890016869203
86.05705054900528
86.17620617151212
86.05213932076363
86.7668445314647
86.07463412033074
86.18878135434767
86.31728729053913
86.20035277911678
86.42949554490568
86.20431912517864
86.07104466261276
87.45648522614891
86.02664459468836
86.21648293553822
86.01917336504106
86.56728814676376
86.2914429133968
86.06967643482804
86.13712287849981
86.44598923511519
86.628297300026
86.10914882257939
86.55675328060809
86.0861716838793
86.03704963886611
86.07414607853397
86.24462064916796
86.56829108859007
86.121244844089
86.9265393564433
86.1121539944737
86.10035401164947
86.33575198235799
86.25916313739894
86.22115208319372
86.07686915930546
87.06716717756086
86.31334372457245
86.15510901367983
86.65051368116802
86.3664199118388
86.11911474166143
86.25370420975838
86.31226250294908
86.21319871977576
86.09220835090213
86.16305310781465
86.15923230196017
86.26295098039105
86.93136155614921
87.91058022403391
86.24609902116049
87.13663661721267
86.07394442064866
86.39088582196601
86.32579740029333
86.09674453165049
86.89011619549761
86.42613906399033
86.19246737976825
86.33144285039366
87.88216642569193
86.21141593306832
86.04491544256712
86.14899804023592
86.3846503811729
86.13289105686431
86.03609207801678
86.1914849662159
86.0044413840965
86.44254155126319
86.9170107418617
86.38193015947391
86.77812600075094
86.15861716786983
86.23885057506784
86.16774860158884
86.44572419227718
86.18821104536863
86.2695795750934
86.3282295036841
86.09993180378835
86.01730463734529
86.09700800043925
86.33933881732007
86.05783306952547
86.74380483441017
86.30531806306102
86.11879277628141
86.08039765549643
86.05226792647147
86.14118257370681
86.11126860336684
86.18068210334744
86.52834069393268
86.76348640190513
86.31252883890966
86.13527654727501
86.66820111361017
86.13136293239174
86.49022908572502
86.20368234460253
86.02822633776897
86.19855995129164
86.23765221937543
86.51961429238821
86.43350894502386
86.06707579394232
86.23217740958418
86.14407942692229
86.57865503330083
86.25379959324908
86.13482360359066
86.69640869958701
86.72796757296933
86.08740313020897
86.86894813767998
87.09860981128682
86.30163715053958
86.60365177580135
86.06747420099549
86.13368374176277
86.58729220098972
86.1278076331976
86.08784498520819
86.08039095940272
86.00545419309307
86.06535000536222
86.39694194904591
86.04711907628698
86.08748817786196
86.0564160125895
86.0608662465383
86.28721760755798
86.23783379583509
86.04066564626099
86.61166686653125
86.52489233621147
86.2292449574875
86.27902674548547
86.00532256424697
86.64231658523164
86.00497088420222
86.54983268071976
86.06033013559733
86.53554518800173
86.059828505493
86.08630754311883
86.24777271205174
86.77722471544581
86.02586967764125
86.19271521527013
86.65727505427998
86.25797924196323
86.18492229719845
87.1504757313626
87.41141060512032
86.04448493704419
86.34559948909342
86.19515007610795
86.06241167069997
86.44322673312432
86.14037523979239
86.12680083226897
86.23993786459475
86.06255575861604
86.3959488393521
87.42332195877124
86.04669005464893
86.0645928492538
86.46053926944363
86.05822686524719
86.93654175270595
86.0560401293039
86.14577965574665
86.21890637925983
86.18579825125104
86.0496667697834
86.13239387775437
86.3375171648751
86.18288241012827
86.16076700039636
86.29658433703676
86.10853958220123
86.17188597820416
86.00082219654767
86.17737773675648
86.05375884855206
86.12027247747504
86.34634815892234
86.1282860208621
87.22638133747095
86.83092450718043
86.31133695932677
86.6960871484486
86.17835639049453
86.66917425526711
86.46768439925798
86.47969990516768
86.05356423867963
86.12775693009284
86.12641717356357
86.15948255274238
86.93432548041402
86.27903688947269
86.09363019041602
86.17525286252598
86.4411549773186
86.02248951420557
86.03727751776997
86.16153109665267
86.29576884604046
86.16047352345748
86.58160074808686
86.44818252960414
86.42867615536792
86.75221769545067
86.27574321829375
86.38599584195877
86.31192633444007
86.34893585698816
86.6811934403526
86.02878703446736
86.2660186933908
86.22395771349917
86.98000832980712
86.29731695653751
86.22398543061279
86.08935592611664
86.26046713282422
86.05303315596137
86.13228808139024
86.26399939140215
86.84706147474179
86.3683327296711
86.09458091783522
86.46156798739865
86.48488737337952
86.3758369762893
86.12177349986486
86.0618849828132
86.01313571509476
86.80088508081492
86.46488151214575
86.0753751471221
86.17877490532858
86.01914986971016
86.34074039106036
86.32457711977203
86.08220564948591
86.37934682284468
86.12287971229253
86.04703264270829
86.30221766269999
86.2369596761053
86.22816034045508
86.29700649722892
86.09986220239442
86.00032724735574
86.08316571181872
86.00531106756809
86.05860842755003
86.02006783750085
86.08991293593321
86.12022828427583
86.26898416799224
86.09557009472705
86.3955741852557
86.37761967227847
86.02550001768512
86.41351832168715
86.24391504354473
86.32810673044979
86.01205277714854
86.01936985924475
86.08557308565007
86.38860354262076
86.12024681895399
86.20588942403731
86.12965447333187
87.24335773757507
86.02576046836856
86.01602860475226
86.15725559099707
86.41541480744851
86.95924759837565
86.66049469382439
86.00002079152426
86.1239774468518
86.05626099778034
86.4812254476988
86.67471896505783
86.31051342970298
86.08060471662972
86.2873802386941
86.16340627122857
86.18578838109848
86.04073817693121
87.18573883524277
86.01190960669864
86.14279616789732
86.06707226111608
86.02692181762669
86.7134492307503
86.10116798955245
86.16372640195354
86.34313543885246
86.08556055339616
86.99300377336523
86.09012536228542
86.05936423020222
86.04149833967044
87.27469820187287
86.04055905201066
86.15118857997277
86.08237880359572
86.25999585980476
86.19009817096654
87.29060201561535
87.06266663392793
86.22063291844901
87.75262170301649
86.84829381350745
86.26475993442668
86.25367409302112
86.04647430095594
86.25215643654836
86.195326968415
86.20355691544881
86.22540932500456
87.40007489325254
86.16263684218332
86.31928918843863
86.03813764109759
86.6498074659602
86.01259578741359
86.71312988462593
86.4144158171534
86.86339530922321
86.01454999034823
86.14943676648316
86.95844641955864
86.01228275583013
86.17257066258564
86.16433237897701
86.00317701507592
86.22160731905066
86.02784018292098
86.12180427276434
86.09118038069923
86.70199990155142
87.89304443864758
87.04750820215517
86.46638383884017
86.01208737361858
86.12532863126091
86.34419125816005
86.09823879618658
86.44432811563647
86.23648571677985
86.36957595953062
86.29039857035683
86.42897597682702
87.09788267632103
86.13972820977023
86.4537413246889
86.95331675009405
86.17563055435681
86.0344461030317
86.78854761161287
86.63876964521329
86.0552269355082
86.28798266136643
86.00598563610454
86.02531132332747
86.2408663863578
86.21310594493687
87.05277403634659
86.06143146994839
86.35450608306539
86.0322242365385
86.11034567669725
86.3022271006422
86.0127855398746
86.07655320421463
86.29155295374719
86.14578459889401
86.18882737001624
86.38287053137219
86.18086490682538
86.22056167523608
86.05621575114652
87.38958428807658
86.51846869268616
86.1569779469296
86.2374939479665
87.16245322811028
86.05764971316688
86.26546153286388
86.37751114108578
86.08093334130285
86.31437745937387
87.16929948952263
86.89636680858841
86.3095872850604
86.89771770932616
86.05092260063243
86.34277432989606
86.97203511215314
86.58689584550278
86.0353627566342
86.51368429707279
86.40566274694052
86.10655437835906
86.08357106378512
86.34109401501959
86.14086222848769
86.26345477515602
86.10428574417267
86.12098625098807
86.16242354814067
87.16059235272704
86.07717014722449
86.00000310290525
86.23014176261391
86.95332380454387
86.59367585014002
86.16465237299913
86.57985593183608
86.0961524465437
86.13788705990304
87.0928991568485
86.96945650594171
86.6503739857517
86.28648250840286
86.15433617252611
86.11504102001649
86.08182543674226
86.65020067398268
86.31475563378221
86.03389148760928
86.34981853094537
86.57099582389581
86.10953023267369
86.02239036316355
86.72969301497295
86.01696116369091
88.90500871807795
86.19395306374709
86.6426444237734
86.25433626139113
86.10187597830844
86.50169773138032
86.04810981368091
86.75060613590259
86.19468569115183
86.45414967984169
86.29496365522249
86.20119856290484
86.07461149128211
86.20567863005816
86.52211283642292
86.66444543182644
86.08397951728749
86.211538280297
86.07914635052103
86.39416049053808
86.05622488723108
86.35968189610372
86.45365169575194
86.21676440725014
86.82054879305605
86.2725929270785
86.29985666755427
86.31175815763467
86.01967305743268
86.14902463378226
86.23256786205272
86.44014030494098
86.17674429368277
86.01317765521395
86.02271636747572
86.1056152741141
86.01833184356616
86.08299246552396
86.03099958049876
86.21684940751369
86.7314957361158
86.20886886452614
86.2742923516451
86.49060899678275
86.27391502718154
86.39093159498893
86.56051879598354
86.37926772342342
86.07089075867663
86.09511436908888
86.16964401502416
86.1758868597683
86.12926589047775
86.10176724891197
86.76407414452883
87.61811085184877
86.21028088053686
86.77086191878284
86.39779137761813
86.15297406847434
86.09307934064148
86.28040910285257
86.31230357196392
86.59991796845478
86.19948036370835
87.21216835013394
86.56333038163227
86.40826978749138
86.83510115665595
86.01842725565487
86.68344390222242
86.08062151134122
86.42697777585138
86.07203035968857
86.26290787432136
86.58090561113484
86.33209640419001
86.14125104317786
86.12292765868851
86.29879508926022
86.03203071571606
86.31066602825416
86.19087994002108
86.26724067569398
86.13266091137965
86.62713184106777
86.56375309427362
86.14477617824913
86.13190697657058
86.28374936804538
86.48844874443465
86.1661793286157
86.15625043052987
86.10191486279497
86.44838296569083
86.10822201042102
86.36692492385579
86.11984185019125
86.3926320612243
86.73466734312387
86.25266343583824
86.01352092089493
86.18270474419852
86.16394252823717
86.12508612573907
86.09495419369095
86.18011477747208
87.56303354378346
86.62985926284598
86.010613969668
86.85120419676294
86.049052743056
86.23837137830942
86.34148905565706
86.33038424770075
86.51380798403957
86.0405093364806
86.24136058891249
86.0263257795358
86.11932168933929
86.12698310767318
86.60952346814302
86.60696300838093
86.4286449490062
86.622787908711
86.04212415264031
86.21814840261821
86.6250605429507
87.02397211126959
86.49184887839196
86.0510297682487
86.34751124831386
86.10410640967115
86.30247274812888
86.22744270638766
86.53173416130697
86.01034397539746
86.04357431696852
86.3563340694522
86.52190436355572
86.20950266666593
86.48798849925748
86.23431064677482
86.75713791058723
86.04861403685946
86.54922488762435
86.15396101422307
86.62349506556804
87.07923296890809
86.02083464326064
86.19374366168628
86.13365098181083
86.40163465060033
86.12902752597913
87.11663597064154
86.15645324734373
87.0513635335221
86.19789428436756
86.00814794212778
86.16386892603698
86.17393957931179
87.74815263917309
86.85999253614129
86.3781680258218
86.316103172175
86.39464458605494
86.10094304503123
87.47168646889726
86.38919015269876
86.04431582854355
86.33727721692932
86.73605668686248
86.26928251925149
86.26105512847931
86.80483376176359
86.25076250028489
86.22530848740308
86.30313575754184
86.1603721962213
86.00689149606782
86.41370979506829
86.00764285885892
86.70325346903635
86.16508944409783
86.15269242309606
86.02020404412337
86.43145793628804
87.20013838693845
86.12443476410412
86.4572047303427
86.83857265144078
86.30414038471008
87.40942070511906
88.40199118517505
86.02905684767842
86.57876454855025
86.05352480538292
86.02012685178376
86.12123167832475
86.96507785892946
86.47980908326595
86.01340402329508
86.6853534998153
86.1880543702891
86.2427590686749
86.14553940087546
86.33192496676291
86.09189449826656
86.16591932448031
86.16046598467383
86.22372460580169
86.6164512035647
86.8626681118621
86.09726831117257
86.27497009312928
86.02022599768263
86.16528899368303
86.06510443712112
86.36534701876576
86.94275961519322
86.13505330226293
86.12200467345058
86.42169779681697
86.5020022307068
86.02150508609708
86.03154688159137
86.4956890798784
86.12115786482953
86.09973041607155
86.30230256566026
86.5540495681772
86.47036164956775
86.24150708529451
86.09617467934224
86.20227781222438
86.35315691534477
86.88855978728024
86.16623875383296
86.11793355506117
86.43268148186688
86.01503629307534
86.31903124944637
86.52871581915481
86.25386464233497
87.046297913026
86.21505035386868
86.15912481227123
86.40013083551193
86.48295077220693
86.07766937320154
86.97655082654613
86.59424824742523
86.1674235933553
86.09989836228775
86.01648321252455
86.03475358397951
86.27018492621839
86.04963556136309
86.11112104259381
86.11702526981937
86.11206211583627
86.43387160348799
86.04829389012252
86.66386485590404
86.54305594862917
86.13151865816711
86.31129598238277
86.1395883861203
86.14218723410377
86.38954609024222
86.1351348163346
86.26499461963844
86.71433042089178
86.70752255490937
86.11348677295004
86.43691160959193
86.4884862791993
86.07307911230303
86.16115819240204
86.36758247546805
86.1541627261881
86.6172687623068
86.10451063979328
86.21639624296193
86.26065414394381
86.2366367817728
86.4489864472726
86.44741517739355
87.18246692620068
86.3311342796094
87.55945301622802
86.45409062157039
86.30489251108692
86.11140285694655
86.2013277757948
86.04910268417927
86.245573357469
86.30018836269085
86.04797879365107
86.04592253846242
86.28327401402893
86.05538545376943
86.09592893197055
86.0860595283375
86.51429938234173
86.06980769480764
86.59637815813909
86.22013859988213
86.44130984656353
86.62797324633195
88.21028972604536
86.40150407531178
87.40589051667638
86.04636586746685
86.20191243684013
86.50638535060283
86.1968027853303
86.75391345328514
86.21356718620967
86.68732168293653
86.94347649513072
86.3067925280295
86.16469477165246
86.15505529436331
86.0452589016995
86.62766019872535
86.403434983344
86.47628875235742
86.59145631282217
86.7423777362035
87.700179649519
86.61913294527888
86.36031433532928
86.70417763954133
86.02141947753263
87.0797944982318
86.43122808651778
86.62937057793039
86.10445697399003
86.28862781090568
86.02504514442353
86.56031154523245
86.19330863729036
86.03938112174855
86.09962872765226
86.25577803865482
86.3511476481834
86.03557653453205
86.8629199094728
86.11506944229735
86.66698360223918
86.14194305745512
86.38842047601801
86.17875556378749
86.92924936973363
86.15533696829786
86.15951349198325
86.02240398693272
86.25335591933916
86.37853940491536
86.56802819116372
86.37429715516485
86.04359232972806
86.01935161053488
87.63233516033355
86.04290146767984
86.69027968011682
86.40564662779593
86.53679180390742
86.58220792446943
86.09314408259786
86.05307984078746
86.39308118438258
86.72676695370573
86.1143079091218
86.44150088061296
86.08343949497251
86.08386048326771
86.74967063524001
86.02856071979326
86.17928655464905
86.07737139473693
86.09371843809431
87.24695201936999
86.11632155687495
86.37892961147489
86.24659238147433
86.55598111402894
86.29482944548624
86.16171820857168
86.21735029362466
86.49614958367613
86.35852619649519
87.58134981451117
86.15523820572635
86.87007194869807
86.00888965965882
86.24597731258591
86.55854981044642
86.10891763609571
86.04488883589238
86.12216111243312
86.9644131438059
86.14199249779878
86.39957468173782
87.27418073525388
86.17431346678835
86.60573694072454
86.75160784797995
86.59044378119455
86.27304090246872
86.49403185647517
86.31472053333708
86.22070690201167
87.67210294588553
86.00016580145942
86.42856629280017
87.75385450356696
86.14141712897806
86.33944548157493
87.19611105731545
87.2253898753604
86.32991765620856
86.08777546803994
86.27090890654375
86.70994300624982
86.32921868625215
86.01918883796314
87.08464044636408
86.22655617638497
86.4235481949773
86.11446912898792
86.04683013355829
86.19926730095199
86.11720969262339
86.33251974531944
86.31610476843369
86.3473621069513
86.31761222633368
86.07145443842627
86.45914060876294
86.87453045681862
86.41563550682936
86.0619525044342
86.26729109899655
86.16897174182913
86.03820101876717
86.1536986536141
86.2607307502571
86.37256736254503
86.01907292535296
86.15849028290756
86.46239145569011
86.05686041084957
86.92678277970467
86.53133583677784
86.27309661593395
86.14182953144505
86.7408568481329
86.44772439679981
86.17600803247737
86.13972041397913
86.29744729627492
86.18789335699398
86.23490684843091
86.00469696779786
86.25131318373435
86.48318322599485
86.56855662966157
86.0522531732868
86.26866861828022
86.05770796981345
86.01201690080205
86.57303156067344
87.13196136441869
86.04021154949383
86.40079222958006
86.06868294251865
87.41197219293345
86.31719550243058
86.56549489492872
86.17258532144095
86.38372018551344
86.22360962895476
86.13763107424786
86.29850074510792
86.23008847827691
86.04515651442982
86.12766507368526
86.67254915502004
86.81455347448458
86.07661688524176
86.68448357759733
86.12924178511858
86.36758475139966
86.13022219814394
86.04003181573712
86.06316197923509
86.18760868980539
86.58016727535468
86.03542588754303
86.30650179478187
86.26848398313398
86.97718980809114
86.12981342205963
86.09624772271945
86.16647262811945
86.01835615692546
86.78046361956288
86.34789397047581
86.37129189689897
86.02863660392755
86.65656991873283
86.535050090017
87.65407075587902
86.26253830775921
86.75245401428872
86.2331398667763
86.29673917709522
87.08656477657141
86.04375458119844
86.14830551021595
86.0735962119009
86.21815189954012
86.13231083129467
86.14874225408
86.05761938471841
86.097393265832
86.52005008793456
86.23691966859475
86.4041113016651
86.30913706018261
86.26998556817979
86.49788112160905
86.29661272109023
86.03130666326452
86.78317081928996
86.12758030204998
86.07044047214113
86.23898308919833
86.43150284871486
86.75576099636686
86.1956427188288
86.34486625195798
86.14687178367014
86.15091062941691
86.29672535724158
86.17973081220038
86.28176268327802
86.33393645889592
86.24102579980611
86.13669950995346
86.28053223558811
86.07275259662194
86.27640355787688
86.17189476743512
87.17824606959937
86.18871315128622
86.05183242094273
86.04129690437131
86.62309572458547
86.76448839326616
86.83096657848255
86.55877577981903
86.15697682126974
86.37485436474515
86.04736366671682
86.04637555192559
86.11447743256929
86.17031567900814
86.28455689749298
86.41310390653247
86.29163802659883
86.68005756809603
86.06234364861714
86.04232538714491
86.15742737583481
86.1940784632414
86.09053843234203
86.55511792515297
86.36907987522812
86.23735300440376
86.04063304252469
86.56636918899581
86.19621523117954
86.22523651161266
86.82358496625774
86.44726091257549
86.20465657699049
86.75399090694873
86.18972388346853
86.169953196265
86.69108672216363
86.43576804311311
86.01999245565561
86.33531529713417
86.54246073468087
86.15826176456305
86.45399376085213
86.47566713431979
86.13133547787649
86.09753756642303
86.04995383702556
86.15702709311526
86.0950334336241
86.16033884499646
86.12683649938224
86.06422971808686
86.24958274140074
86.14746067667411
87.42286891491533
86.1788429350531
86.18914929604368
86.80064894516629
86.24797022455171
86.03970429394973
86.17438268198737
86.11793444368273
86.20459192111116
86.34851378876571
86.03897346138734
86.60654636808427
86.30592437096843
86.36501360597292
87.08751531490081
86.78769236657652
86.0131557002601
86.03494266826993
86.12824929723566
86.41134459787183
86.75115290242033
86.83941002398787
86.64372503992956
86.4499650676073
86.8386656737495
86.03542412323928
86.00346316624797
86.0126469800037
86.39763659118076
86.04073586278012
86.66273424612154
86.17123938414998
86.21798496548162
86.65840615731358
86.01175806571997
86.27264153383064
86.04503706692476
86.03989961117827
86.66867147312891
86.21924991837349
86.39867266582223
86.8941318873277
86.1858615209061
86.47475551129051
86.29855552270851
86.21471600194494
86.33375134510308
86.30417424035534
86.07303777715812
86.47181323046729
86.02656521603913
86.43247231865932
86.83011868922281
86.06456153591787
86.19484960871385
86.43219055967417
86.24969262377228
86.46114183220627
86.79067402070162
86.2197933393104
86.30587183453082
86.24359445658573
86.29052805057175
86.08912135511623
86.0507674309169
86.7530491047036
86.05299367415368
86.4134463615182
86.00139331008216
86.21368956137101
86.89982604309387
86.0892942130789
86.18666578631434
86.0181741961706
86.5715855052503
86.33994925991756
86.68285097270845
86.53971165533135
86.08832204700262
87.5515775371416
86.36466009356903
86.64107986061741
86.3289775772928
86.34207289766938
86.14690543826882
86.02765653082447
86.12290165468532
86.4083313119069
86.63348549826544
87.07772386479515
86.07325323646747
86.21275583680902
86.28823176403534
86.4716625043436
86.91051735124367
86.44744423329232
86.48447203628568
86.10625082451702
86.2673222487971
86.27760266649275
86.15783073216726
86.00180622461377
86.17716523026633
86.05276090693741
86.26491940145256
86.57262265769837
86.66427246055062
86.27325357890506
86.42207424296511
87.02968345183226
86.52230956704044
86.68570289981224
86.02763581584685
86.11350776144148
86.26685929758304
86.00178366504893
86.75438842961563
86.79992597494177
86.01589133995536
86.73511225709089
86.35764730438811
86.00887599641511
86.1702546474378
86.13388208558581
86.28256234871273
86.01315140436083
86.75599147820718
86.6949776786989
86.43907267942582
86.3295736367691
86.22322405962748
86.06219500247775
86.00882119934278
86.36394406716806
86.42253432724094
86.41704596093774
86.0897644061672
86.50541713841461
86.27637358786582
87.56196569867674
86.14554663115436
86.45357722340204
87.22086311044238
86.43602564664565
86.1946843531833
86.03073161234217
87.47663221967343
87.07895041618094
86.06886123690124
87.04876027569154
86.1044567874728
86.41500673016346
86.58098159352672
86.15186710446714
88.43613055635954
86.08321442574064
86.2917656561682
86.75063744198593
86.02868751615543
86.00939503789705
86.39665441763026
86.33034780909995
86.25979618274573
86.32129178814394
86.16038134231647
86.0109185560337
86.65788310000292
86.5493565644763
86.20766803843891
86.13843535734311
86.2428950089442
86.41649854033761
86.31716963180362
86.0701717449972
86.31316279314606
86.03949175000322
86.21890756514497
86.424859004585
86.17784203422993
86.0311417574576
86.49277990982081
86.6079587583194
86.25217691734125
86.99249907728692
86.11917079112484
86.42414292730749
86.03807933529805
86.30818706330089
86.36026407245967
86.10853896324355
86.16406982657752
86.19540275509866
86.1593314453272
86.29017896772173
86.10242680777739
86.01282660883678
86.88479829208033
86.15179189368658
86.03455850974034
86.36405404585203
86.32850386597772
86.57193007405192
86.92374778707605
86.32571677663317
86.42850164221144
86.28689954021553
86.46543595223501
86.19449361158516
86.02504093917625
86.39401537897956
86.03078718745428
86.10581349268757
86.36402935294991
86.06196257598995
86.86160155122383
87.54582367884322
86.36256412413775
86.00261798606715
86.02492951968586
86.23676656909166
86.35945382025353
86.04842291985472
86.62442012877963
86.0696071337091
86.51047837379552
86.43561783466716
86.8725237519179
87.06670526490167
86.01930775214545
86.50798750255937
86.12516382804175
86.27924494414908
86.27773667836038
86.35934079433675
86.18605249181748
86.39581902190575
86.29542332560081
86.23033358736983
86.3507670577358
86.04717550208787
86.07040532897855
86.06488093793753
86.43874192484691
86.43133940561246
86.29475759234029
86.25495246393798
86.20338385792282
86.15558197137011
86.86540160369216
86.0446467607699
86.028799583129
86.03183435385787
86.43033632151307
86.29345263622079
86.71211465797388
86.02764422488531
87.13502933833529
86.21415201098927
86.5149326117272
86.18288514748726
86.12496566266513
86.38809558981838
86.29328199819786
86.00029344265295
86.02135693166731
86.0085680691144
86.51469626375028
86.70383259896262
86.80130492954129
86.03737353073633
86.83587391001633
86.46962681548897
86.79388717780688
86.53741782147179
86.45615385849081
86.36289286491203
88.108782115245
86.04585516789255
87.11391371903754
86.16648446629074
86.05608854178175
86.46498613670592
86.29304995634014
86.11733066950629
86.37900279424382
86.2261038235251
86.24952524328616
86.53912383006751
86.02606368743174
86.1784037919636
86.35170289016712
86.09453784534615
86.28038063248414
86.78571797536576
86.10116662597915
86.07405610743815
86.4340779471538
86.11456585763268
86.20429611500711
87.39326136244766
86.11268976091264
86.2775346177087
86.3660871805024
86.59229722879141
86.03479289780398
86.04357566469318
86.61836326051943
86.5364163451849
86.24951803667835
86.07627043615702
86.02023363661304
86.20565010053991
86.48176225996629
87.37391849044943
86.26636561785291
86.17861113311588
86.13187779619888
86.17954716614798
86.0051250050006
86.21020110473356
87.22244577389273
86.15807210626004
86.44876213964663
86.1844007180434
86.95036768067443
86.04519278430688
86.23279173387583
86.21477786201919
86.05175826380918
87.16443271815356
86.24070572920792
86.28907202482448
86.33804000887444
86.52189296310026
86.00648792940255
86.22572032473066
86.71289090204739
86.0121637562557
86.09883318369462
86.44419238301766
86.4404355304044
86.59272957364671
86.30573867376175
86.16295535740929
88.10759550595158
86.06354729080742
86.70309820363798
86.01184897220021
86.51703104410335
86.40580571324298
86.0772241051092
86.83095195171593
86.2190726840161
86.0540461614388
86.2810271262812
86.08067873568638
86.07438570721027
86.11984747342444
86.07264224196538
86.95909703269379
86.62195490900537
86.02724904881487
86.01688791646258
86.19416057328931
86.67869011718285
86.11616176524998
86.18090450814077
86.25301924639099
87.71533939659618
86.2997427634738
86.45365553626952
86.08294926617222
86.01711371768269
86.17515581214846
86.08849972038249
86.16699488024813
86.29559130081905
86.21382435964867
86.73248283662834
86.22806226994979
86.0278817211814
86.91420148068134
86.17574407198836
86.09119180513595
86.07207087249432
86.0392168442348
86.15298475749343
86.21467273546884
86.43768069543684
86.92448938798765
86.01338096829636
86.0728232371929
86.45729500253276
86.55308274749818
86.02375746623709
86.27108548379735
86.33045348061944
86.1686685280247
86.26094354105311
86.11256384932837
86.08121589495454
86.29707455121223
86.33961211463803
86.65005905339333
86.19510806850282
86.12109366541952
86.46487301068882
86.96200991973551
86.03873838028494
86.23909651917815
86.41669063177409
86.35222003269058
88.62057760589886
86.1745950689262
86.15142117662653
86.07953397209485
86.05094806020887
86.5172780836099
86.00549638720774
86.9034836533409
86.26381315084927
86.69840349605515
86.54308426603595
86.62922949712315
86.38136334393931
86.25229887748431
86.19903468657662
86.2245302519299
86.66748218222811
86.36739471874577
86.06042592311321
86.340819365013
86.15868609573727
86.99761287347414
86.20269410203329
86.32946798110477
86.51133918293979
86.00600292884552
86.00383842174136
86.10949350972663
87.00706711842224
86.47345456562287
86.37347299639944
87.0390907651264
86.71705696445133
86.6801876361789
86.1823588344992
86.1320237085761
87.23584187218913
86.44299092027633
86.25075034811238
86.2155468802864
86.35507468332369
86.03782489901477
87.09723162273089
86.37559675081053
86.1930065111395
86.13630982324376
86.80411117453073
86.16928239751775
86.26199365953987
86.46813545172114
86.37984377151162
86.48215093367143
86.15491124688717
86.00888425542381
86.14658776664704
86.2313587126619
86.04449390160198
86.47577143730868
86.18955316501646
87.13352032319126
86.01103224456648
86.3025602416988
86.10123211412777
86.23708521716573
86.27130968244438
86.15574557333093
86.04056893356066
86.1796267294588
86.79105568168221
86.03435225982095
86.6956924880328
86.440525009932
86.12799467498002
86.11737291931216
86.08088435226041
86.21924363044711
86.9977130152849
86.34787541124388
86.33460974777579
86.17260478450413
86.0819237509388
86.18492724310153
86.22306100898354
86.00466679166075
86.11767585686347
86.41982935243168
86.34555392396634
86.55329444804401
86.26160239559562
86.05277353797028
86.08837435132801
86.35870693183287
86.0453686357224
86.56994457973973
86.05848678643912
86.18300758068263
86.01947050932617
86.2979377140306
86.08946637634007
86.06011459349739
86.33233430421386
86.7672585145696
86.30980781089407
86.21965042471321
86.0176096441963
86.31566663580469
86.269393963734
86.27996861796545
86.42867016126537
86.29995878130373
86.45521688715047
86.71758813757202
86.36139166189577
87.87667038914049
86.15153315447719
86.06077572914593
86.11255177757184
86.00232269479021
86.5516976281957
86.00142086480713
86.02012880980298
86.1878417099
86.33331161919409
86.22479903309025
86.08114925306376
86.22356111736828
86.48500509797964
86.07053547600543
86.04848542111561
86.29265593781248
86.15257287203238
86.19066988741412
86.14521196363815
86.13883912464097
87.29374375633627
86.0068442426579
86.04291833911043
86.08707537768305
86.25443664293668
86.24460175400084
86.04423199452441
87.18986089940665
86.16116037228505
86.51901554651865
86.12058752299352
86.00132365296865
86.04416032870716
86.1268836466361
86.6131269680342
86.08947952624271
86.8827174302008
86.79442983641306
86.40311033593815
86.00051117614618
86.2998796077498
86.17197225378283
86.53865656361737
87.48690985363407
86.00213691859025
86.21522738421092
86.33064985909911
86.55119975315796
86.2354091375084
86.15615091756365
86.03067684275753
86.01918606640857
87.0637318369809
86.23405548517981
86.567380772247
86.03036614549472
86.13858120174864
86.76295990370843
86.2022318128142
86.48899852894819
86.06805043232177
86.09517133810466
86.09719800178881
87.34560698420756
86.02106035177725
86.23394492995786
86.42683177415684
86.00015659469696
86.2842322611749
86.5504811422837
86.58237723447668
86.329286937597
86.02310495464214
86.09899742248525
86.24290960347025
86.13383813768381
86.6277788490919
86.02484484286408
86.34209437601963
86.14668681959787
86.0714803331574
86.14623625041267
86.06522915931566
86.15857473441574
86.03094349987815
86.03350986589123
86.04121462725666
86.42435994710823
86.46673596074
86.198315693687
86.18805895880315
87.46974186986652
86.5373689580361
86.21784091397409
86.3188724099486
86.16651366736026
86.2363797130315
86.10795490564644
86.0426000583095
86.12214127765884
86.07301982975483
86.39208448444148
86.14514894462506
86.04097060070112
86.04551592207069
86.77836005831746
86.25482009441448
86.05716102517994
86.32850649212843
86.0792503370299
86.23313616797053
86.63187210386872
86.17037198139758
86.15808354392298
86.86909759062475
86.23752196583341
86.75471724545899
86.11553982516047
86.08197621989997
86.72465312140882
86.07856872594948
86.0179521515601
86.09561517477205
86.06937914854946
86.4233691340906
86.97418127919923
86.11056323839962
86.46876125939644
86.46000611332343
86.09549235108283
86.00371385083783
86.14060507350504
86.42175329442861
86.28344894159956
86.38457319000977
86.39961822504202
86.24317905188335
86.23202849916457
86.4355356365931
86.37129388319768
86.10567727880202
86.06270168462791
86.15439024186199
86.09872224096164
86.71892573102336
86.16371316088913
86.39337129233816
87.04451969241703
86.02010155057035
86.74970997349574
86.45561211980089
86.07453069078073
86.19152898587502
86.4765709346
86.73006551027248
86.72309717876468
86.48525912915304
86.18995844622853
86.38274636016976
86.28079036895647
86.51342092146712
86.61850219899098
86.03929528423967
86.31557862423722
