144.4919906517648
146.8120274984568
147.5502022162671
150.1973419502505
151.2557109234544
143.4081435266528
150.2479944881228
146.8598608025229
155.3244552942757
143.4493089507001
147.0485101996463
143.1996668668217
146.7751980141404
145.0788593775387
150.4565349078145
144.277992135057
143.7873506454615
148.2363019416271
150.1230732119496
143.1215907578308
145.1927316326295
152.0789128091242
143.0425677129031
144.6775022612293
146.1279032088684
144.8610525320165
146.3070484886609
153.313096088754
148.1570082782927
151.1402312218329
151.039140491086
147.0406947329787
146.0829434499434
144.7065992684062
148.5143424291565
150.0264690358372
145.7566622940212
145.0272735171554
149.5458702734153
143.3652162011577
151.1640589314705
151.0915812314169
145.2357166647682
144.0186395048424
149.2676397508835
147.0128727931826
149.5276362256992
145.4841965823377
145.0410300967939
145.1861537782649
152.1223469337242
143.0352595375492
150.0645756464519
149.0203478860109
147.1814360501516
149.1892319628712
147.219010167139
146.1859620593492
151.0600954242719
148.2614738437209
151.4225298737039
152.6009278075423
150.6191058620058
143.2343591257934
152.0136749611517
148.4808018720669
150.3296017628587
147.1324638614836
148.0111643158847
146.0933156459857
145.3368514231529
145.0391716241906
148.1444206707083
148.1653400535527
145.0414948776697
150.2543059305174
143.401054315378
146.6667087023967
147.0485354438055
146.379299266874
147.2519176764185
148.8223573276051
150.445200603567
146.9115558833678
148.1018987109362
152.3636313996878
151.3791340831848
146.0079401737519
148.2178556310485
150.0999473426014
145.0682120835089
151.1689034530779
148.0362325050702
146.4423302633594
145.5043701693862
148.9744446327627
148.5432290276092
144.3588728376141
148.0209159986622
145.3836980384752
149.0187694456623
144.1195256436471
145.0437121087177
148.0036783013234
152.3090146932047
148.023857021955
148.5634418402316
144.1964709970584
147.3030501856828
148.1889985002062
145.0752764470418
151.3978809347866
151.3909922482773
146.0937172412398
146.4228430147147
150.8931811678495
147.4012621280973
149.255907964165
148.38570915728
148.5554460229114
148.685066369329
149.9421201701102
144.1575822438163
147.3123197091069
147.1103996422264
145.1343360191569
148.456513150435
147.2884122430179
147.2476583735583
144.2801257381307
147.4339016163706
148.748152361581
147.0655370837563
147.0267816859252
151.8089261060813
145.4503145626901
145.5656767044507
150.1294846855544
149.0363577912608
146.1421998515473
146.0911953737835
148.1419448431699
150.0188492097145
146.1379784525169
143.8208641946827
147.1767414860651
146.0719885850651
144.0957870334603
147.0630596270397
148.1348174634201
145.2380218042452
148.1198793862271
145.2546087498482
149.209569289213
147.1722184340434
147.0852171259169
148.2975947015608
150.1091953929294
147.2927654112244
152.6523680652509
145.6594225011535
146.328861870941
149.7938583510071
150.1315423511058
148.9126164920625
144.3340057790323
144.3173820048353
145.1389318181762
146.1021255919512
153.021800520371
145.1956352096351
146.9389339483297
147.1398069695059
150.1490068420613
146.1897923675575
143.0625117002276
143.4516603123386
147.1625642622051
149.0435136102685
148.2303189479524
148.0524519104571
147.0462770196305
145.2341339663011
145.205859896021
147.2818258772353
144.4369399423638
148.0750201930576
142.3157357090413
144.0995775006806
148.0146279376453
147.7799496369446
145.1031350397832
146.2898344086737
147.1960265041037
145.3494329753065
153.3429654243182
148.0848187400876
147.1429155524818
151.3777248239518
148.0963603677724
145.2037306446229
145.4864272801151
146.3522449260177
144.0740929869137
145.4197097285469
143.0158599724023
148.2013012496594
144.0046606606259
144.0396326680116
147.0174098181646
146.2434346720961
143.0765645487177
145.2762147074739
148.8159685027854
146.1484600794722
147.2394652495903
149.1438888329757
145.1482237214524
150.1145806738598
144.130431515471
146.2109306351744
145.5429772175521
146.2818845159042
150.0079492842387
147.3208690560912
146.1483886498478
144.3017766421491
147.2491584205821
144.0085032252067
144.4388137289149
144.1202051064813
148.8459929626497
146.0671188901265
148.4965883794124
150.0996041226564
150.2770949250963
148.0503022812806
146.0150939161129
147.3875422840595
153.2709540691451
150.2302839078212
150.0204389813688
147.0285276387615
146.0547436852026
150.007213405414
144.3333292388852
149.3468457393064
148.2070445665127
150.1921552853944
145.5373113006531
145.2095617923808
147.4263344227207
149.1025080898884
148.085452473167
149.087878589535
151.0568554081332
144.3028719090419
145.1938992874252
147.303548596429
150.0100414638712
150.0008878170131
148.2913466317721
153.8009553914102
149.1347502432398
148.0293014596711
150.0231161660772
151.1093148136106
151.7077773420319
143.3571109640278
149.1965877904282
146.2046517779011
141.8363625365727
148.0515046455181
148.1835802354316
148.0124998496854
148.1290668270229
148.149659797223
151.9747660693766
148.0205182080736
149.2454105139096
144.1513237058232
146.1547819069791
143.3819302172218
147.2318360128776
146.3430643892238
142.3200307093871
149.2702221603907
145.3055979169176
145.0145380441994
148.0958139852106
146.2423473281896
144.8538084271765
147.0156074108498
152.1215927738675
148.1031700053061
147.1940275623015
144.0564943186906
150.2669703333598
146.3025633254724
153.2162839501557
150.0737943518843
152.357719173565
147.0984254456712
150.089327164921
152.549907684126
147.0179666681596
145.0384685523835
151.6121050278272
147.8998248726587
146.1414432909191
142.3184452089927
148.0192858572886
150.2456271244497
149.5026116952713
149.4150996367334
147.9115343864329
145.2929254875795
150.5310553153277
146.0210990486951
152.4754681096134
148.0151619779134
148.1472499488406
144.2585160735839
149.1194785522728
146.1396943711685
149.0326607895949
144.4037599516602
149.9862528394596
147.1441505818897
147.0322835043297
146.0110710281324
146.1301764134172
144.4057283337743
148.237197874769
144.4719839927621
148.0047160263774
144.1062659203511
143.0788235444129
150.0323515072243
151.1580835309328
147.0690988255432
142.5067936824884
149.2815857890757
147.5368510268171
148.2046892785999
146.2762959322207
148.1634595229694
146.7884108581639
150.0525731187122
150.0860131485062
151.0142777198012
147.1909231614468
148.0849728144323
147.5761016057872
153.1122382687497
147.4147816580347
148.050108202044
149.106916954325
144.1885456155144
146.3924607518744
145.2783870858662
147.1865018317429
146.2536864770951
146.032749256369
148.1436073988793
143.1473089497892
145.1006534500953
148.1198332709881
145.1496414880154
147.1118992119756
151.1459668795795
143.0953004438223
147.1615828269697
147.0820992397718
149.4912223694662
144.3868823566771
148.0392080045225
152.6222802147157
148.0843720156411
148.1525814460954
151.4859730393994
148.2043919341382
147.857985608989
150.1368183225669
150.2391478233819
147.7299820976804
146.0284443905233
143.1996411471728
148.5269597089616
146.1847613310031
150.0370281801158
142.3351349820768
150.5592846912689
146.3601014315308
147.5983023214236
147.3831103400731
149.1218646428919
150.3520801835049
149.8105603008705
148.0572768558934
148.032965011794
144.1366885392723
147.295600418131
152.41231051888
149.0554177007552
148.4502583676029
147.7754028560351
143.0006902947464
148.1935175917364
153.2514998787953
147.4986687013758
148.3095323176514
148.1222462593924
147.0877957276866
147.4320012980732
149.7382703353423
148.0252500467106
147.6645544713948
147.2724761872173
143.2885500273471
150.2016355890439
151.0859958197025
150.8621894432586
144.055367339502
147.0651584122822
144.13490914279
147.1873366928048
147.1914894653119
147.2660628693397
146.6983941172977
146.2129910063933
150.0794506687296
145.0161643717809
149.6633291166221
148.1317679285865
151.1221423853183
151.8041764188018
144.2402957051806
146.1437729126717
145.2083578424064
145.0416122599913
148.0205542790312
148.8890340313253
150.0852081804447
145.957374227148
149.0256211484247
148.3792375578388
147.3683430553144
145.0465858535896
152.4487521837154
143.1537535094153
149.0190988103287
142.1056690589654
152.2950146838651
148.0681117556978
146.4916164889625
152.2547758343185
146.0542526653542
153.6014324899639
147.1090435804328
148.370658249289
144.7912908325429
150.2190536970569
146.2685438798376
147.9597098200792
151.0810528005421
147.1329020541824
147.5096217497106
146.0937772724645
148.8130709419959
146.0655290168992
148.6559148254109
145.4017196761142
145.2066368421005
145.261555235444
146.1703285278723
145.1788051784648
147.2845074254323
151.0571159576571
149.7308781762404
148.0386088399889
149.9344840889355
148.0139807656044
145.1482350231461
144.8014369916915
147.0375799268578
146.2427110795191
146.3349622477923
153.5571061730661
146.4460288116586
145.9295294975595
151.0207825881133
148.1980764339016
149.4087986450741
147.2422709334586
147.8770821822881
147.2365026408723
151.0473623320238
151.6271834997077
144.7418158735007
149.071156492297
145.0855462650906
147.4176004307853
149.2286625014265
145.7803421909084
147.0674791779278
145.0040296332376
143.096624969995
145.1924611004194
146.8178216531521
148.7220796999079
147.498370388167
149.0670285006931
143.3174599951129
151.0685537266596
144.4495231144868
148.1429608346025
151.2235769017319
148.3170160743817
149.3254102341558
146.7792257770238
148.1596159973014
146.6048239831048
147.2140699086293
144.0444331931571
147.5390214816449
142.005588190471
148.8502540131913
150.0218013984693
148.0283378485273
147.1455526671635
148.228374659817
147.1612707354641
146.4932000012834
147.2419319288551
146.023085034126
151.0483779129751
148.3019834766386
148.5151957091431
148.2592859610822
144.0820662606337
144.0832280843629
147.3080774322889
144.1687440363075
150.932839919136
151.2675600463814
148.039690519879
147.0339627750895
148.0635687396119
149.497540147907
143.0979275097862
147.1861498247415
148.0367316247447
145.370891055339
144.3519825157042
144.01821329803
146.1169925398712
153.2116347831039
145.0010534659594
146.1021182857116
153.5919699354268
142.0109205821835
145.345927232684
150.1004335246147
144.0393547375118
146.3930585480865
147.0720868119163
146.1906871360583
146.6256172458382
150.5038926628442
147.337665311844
147.0892741498383
150.5405294646782
144.9903502002907
150.3774876798719
145.3117218995259
149.0250586908271
149.121800234812
148.1685272159508
149.3118289592083
150.887595631749
152.5048732297473
153.1349403539912
148.1963451017388
148.1405431139325
145.1016411811028
147.4340252837956
147.671368211918
148.0905340314199
150.6770918040111
148.054837949155
147.0122131595398
148.1283167556873
144.393629005295
146.056287082049
146.2058635308356
148.089438604193
149.6046572553915
148.0926501213325
151.8171001164209
148.0360842195331
145.1209810817154
146.6436721550506
147.2969261645352
151.0368601942183
150.3115996006188
147.1145896723657
142.8784312007224
147.2430899507363
146.024663056052
145.2029163561972
145.2839757569772
145.7371422614503
143.5235334100059
148.1945122510141
151.0097124678481
148.611785117831
150.5287855402306
146.2044198641757
145.8401156381842
146.1855200539607
145.0163671171392
147.1178546776664
145.53781150481
150.0043435830666
149.7777460770097
151.1735107277288
144.0226211798297
149.3154421618191
145.1067450820805
146.1230932110666
145.49238137703
153.9622032900862
147.5536641544454
148.0690783814003
143.4336732442513
149.2531473377028
149.9745881076454
146.1939814358247
146.3354881196285
144.2794001757956
146.041516953991
146.1437766477073
151.2524539897525
150.9881442693399
149.2419959305129
148.0844637012175
150.8121864871287
144.2969557967552
149.229137973117
145.2757961734889
147.0627038042542
147.4435363739937
144.0256333939919
151.703015227699
147.0087451067678
144.1947151844191
145.3199826969184
150.0915386686441
156.0745978561543
147.0007465873698
146.2768003846019
143.1092321106278
143.0042471393197
146.4344991240165
146.2011943720321
147.315616523656
149.3545471381383
152.2252170151351
149.1899946534463
146.3416216083141
146.141244732284
147.1624697646992
150.3028377963675
146.1136546730653
148.4669178470658
146.5013217504647
145.2118807405795
149.2733379306646
144.1654024662159
151.1975946049095
148.2241389236689
149.8093500365704
150.1301961523545
145.5331783419277
147.0900287360712
148.0763934107748
147.2517940101315
147.1570198494768
145.1223340098709
142.0673261556721
143.0871986470393
144.1170672740477
149.1901867090833
145.7550153680269
147.2854036203325
144.0663244167665
149.9432023163247
150.0544157313829
146.6097141113818
146.7156283530554
150.0252836710513
152.5943749024141
146.2148764702337
144.9519358860625
146.3526985886556
147.2968844254847
146.2279796080261
145.0390134693241
147.1008348906017
150.1205733556064
147.139307700305
145.2856308230178
150.0617049250344
147.3566846722133
148.1429591366674
146.2905223605856
147.865855681425
147.5567376926607
146.0075523643741
144.0597318906059
145.2902396882585
147.2290971796783
148.0106169975789
146.0646847094138
148.346650562016
145.6747020993634
147.2534352532053
153.0496661930337
145.5725063444572
146.0169947431211
143.5081988145058
146.1455398226568
147.4824821912126
144.1320037688255
146.3699019000559
147.3207333106441
147.0189809328621
147.3242145425552
144.1587962222749
144.0156709683982
148.9336858663428
145.038798847574
146.6835012231108
147.237381173541
148.1992426148111
147.3635189155378
148.5361792260408
143.2133548447837
146.1703417144715
154.3841708016941
144.138179225663
149.35781030979
142.3186180749732
150.0853899267162
148.1507983065219
148.0931930345086
148.0246930236688
150.1502754374595
147.2137600443901
149.398809408767
147.0786278574526
151.0771782090378
144.0295078150815
145.2175799615291
153.0124303856989
145.9476384294535
148.0957819658387
142.5226169582257
147.530675963711
144.0664822685761
148.3323672856598
147.1498955632736
144.0091533865115
150.1698604845671
143.1151877164306
145.0212017674993
145.1224452873452
146.5002075565531
153.2439746377958
147.6527788368747
145.2671873414947
147.062677376444
151.0979277344854
151.302415094436
147.7040717782286
148.6545660228874
145.5368647000997
147.2969933459071
150.1875219988171
143.542148702597
148.0475945126156
147.4083505420816
147.296765807839
147.2383953279747
150.8921757374916
150.251858208527
146.1036946485263
147.27012305524
146.0040569378322
144.0785826350343
148.5704726968657
144.0170351687511
144.1750369005826
143.5315706534357
143.1756836231818
150.3407574542428
150.0912157174426
145.1144885418171
149.0643474516013
145.8034193335091
147.2145830769973
149.6847519073721
147.1794206861063
146.5796058626878
147.4898200824933
148.2034177936449
147.0395211402712
148.0957329326394
152.0733493151484
155.5668674675906
147.3635380052303
152.0596436527417
148.5980969619664
148.3435329203124
149.0347913070148
151.4712763940103
154.2740570313343
148.1442723028944
147.019291063284
145.0267208225674
146.4658673968145
153.1942542891083
153.5421667899962
149.0625819462296
150.0810122766071
145.293213157121
144.3770086697822
150.5991956451879
147.3641480533806
148.345534065956
145.0229604122131
149.1646703317384
150.3386105699985
150.3423409755181
147.0893627124612
148.2474085051166
146.0609509860784
144.21696570283
149.1098102631027
146.3230565277385
145.1756792045334
145.953464541704
149.1479356858956
144.2607343254217
149.0830312631238
152.1172733156891
150.2450800664886
147.2382822657326
148.0318773676048
153.1700678918717
147.2575122576212
151.2480806433715
145.0224680155439
147.1576293071585
148.1417209390032
148.0758677923773
146.6867166317156
148.2211857086027
153.0006174495825
144.2117885554412
151.335606226831
146.4763483205352
151.3964482435486
144.2545925694241
143.3196270615229
152.5016811677112
145.1047770840899
143.3212907722179
148.3500666953757
145.0048453317444
147.1020856875436
150.0584504553659
144.0674492712574
146.2627877545208
148.1481549210165
145.2345750613394
147.4880530349175
150.4584337057781
146.2417368156044
151.2110586020951
154.0409131452264
146.1920122671678
147.5308233146015
151.0950891450715
148.0688089801561
144.0750309879943
152.8885658097047
147.0741788698259
145.3162158062756
148.4817005135772
152.2250368530707
148.1896229074693
154.4164984762833
148.1813054659322
145.0996666101758
150.1612172143543
150.0913233395046
145.0277479895573
150.6285078729012
146.2287807757218
150.4811924142863
150.0919360672963
148.9435604009465
147.0411586569584
147.2428912077125
145.0378431906349
144.4895440224815
149.1171083288893
149.089400123896
145.6551077568038
146.059482521759
148.0457621054343
147.7218089445584
147.087851987118
148.3437321313579
145.2774537868669
145.2983476685575
149.387077808941
145.0853349073359
146.2163938342181
151.8442110539837
146.1576132928085
151.2674499883911
151.0707143598424
144.8403677206689
145.0606861167546
149.8735126861396
147.1746228319261
145.4223851316368
143.2456977602403
146.1143754343074
149.4346773382366
147.3182213874667
148.5152615070079
147.2871668127697
147.1767379935339
145.2206406300781
146.2200274839937
153.2297237596026
151.8402699846666
143.5222519874617
149.2035497798881
145.4686284740278
142.325020131669
145.2910991224927
147.5626878554467
144.3840145281927
143.5536644267537
148.0895886944088
144.0019791585638
151.6706502000076
145.1536542486085
149.083126453315
148.304726099213
148.221366426771
148.3013441501693
144.4618607919407
145.7552421181069
148.0697654019399
146.4360794449733
148.0166101865922
145.2464364258831
145.2528006333159
149.3415169852045
143.1181027328184
144.0499677313649
150.2912828671481
148.1897755188496
144.2437412994234
144.1259654446101
151.4788262030494
148.174762135876
146.2008047320806
147.3766636638805
144.2823916470524
148.0392945636466
147.0392613722268
148.0672728857139
148.1827889571139
151.1990736386883
144.1551246068466
152.0690520435439
147.937101344515
148.2194799983431
147.2997971324035
147.4906816192964
147.3773021563966
144.0085068603514
150.5210857344475
146.0007890763379
152.3105576917118
147.6506571354298
146.3827904846408
148.0502835547218
147.4293509228621
147.1492474677846
143.9304969596242
146.6790048431797
153.6160836100623
144.4425903172156
147.4372402022232
148.0009213156049
144.1712379972655
145.3093215966583
149.164572488541
149.2439752183035
148.2297786480329
145.1068038238466
146.0282109595643
147.0983720639653
145.3915871631912
146.3883673826211
155.136538417007
148.0644730884781
146.4718052655753
146.1675802319248
151.0615556914968
150.4412638747042
146.6625898423933
150.2961799163303
145.1743281530522
146.1075343805433
147.1218489628864
145.129779883145
148.5665569959585
149.0844737068071
143.0557746724717
149.0777003964787
145.2508961303981
150.2182613933784
147.1574516218868
145.0803801066046
147.5574649499879
146.2403431952123
144.0117740405259
149.2434036899393
146.2410993818012
148.4165214439366
150.141673778573
149.7974254013801
144.7625145061076
151.3915824378966
145.2538754071845
147.2259116849537
150.3772622750242
147.8939550713722
148.3054250425076
150.2443836235514
143.0640521622547
149.2007499816215
149.269828353708
144.0090985674707
145.0322873586194
152.1093455723947
149.3847326654704
150.0444237727998
147.3717427152964
144.5319886508221
145.0369098988403
145.1371081749378
149.0798919868609
144.621392804707
147.2349701553026
145.0769347357231
145.1399240077278
149.1330085150372
152.0352927541874
145.7524137673883
150.0253623107522
147.0172101339916
150.0205470473373
147.2667092111619
145.0676087760626
153.0667177691703
149.4411693941985
143.3028155365293
146.1213961031637
148.1262282674519
147.0437766102844
144.0040131425504
151.2256608334231
148.0522492267738
142.2052076823783
148.4951950902717
147.6001831245644
146.4537139996367
151.3429634800052
147.6279782632118
144.1780802202235
143.0249114718394
143.0245837630969
145.7724238204586
149.1875267507043
148.047392294013
150.4707700543258
151.2996700819766
148.0367757109062
152.436513506973
151.4402393445454
147.4402358583349
145.0221166599226
147.2068455954652
149.1093243168004
149.9912790500699
147.1379283724166
147.1001526475859
144.4027937218258
149.0331595530008
148.0100367110462
145.0083550164933
145.0073973036083
149.882667327633
147.2201481650638
150.079114827628
147.3321406089722
147.2443731354469
148.1054895531622
147.5313952903862
147.2023180185832
149.5788346920924
148.4525021048468
149.0589893436066
144.4241393456084
147.2039759774688
148.0627854042624
149.6874307877926
144.0899818779071
147.7091269904626
148.4779975754221
145.2497439333148
150.0690710113788
148.2989165397174
146.373757590544
146.1619583797429
148.4739409431078
150.115401085716
153.1155922216082
147.0829773622682
149.4447470647752
151.5184754911504
150.8286247483732
144.0147967872492
146.2620342942785
149.6333277580742
146.1636564928957
147.0309160226215
148.5114318167727
145.0401632875992
146.3453179270109
147.1681881819327
146.0260927301117
148.5391488911014
151.3213866212838
145.4182726618171
147.0533925746373
146.5236111224268
151.2068597245784
147.7662702972408
148.0364747205005
148.1776203407258
149.1611895804238
144.1998588391414
155.6652101398175
149.4221341127365
142.7378282300677
146.1138610628915
144.2717124738301
144.1499449144484
142.4949676817352
146.0995913794731
147.1938015629552
152.3504218848478
149.4196879036839
144.6324494089897
151.0251294806217
149.5618708013394
148.7122163568081
145.4606136851527
152.8363958336757
149.4031974906383
149.3315816442646
146.053890624879
145.1811785657905
146.1066015813567
149.8875154788446
150.0833045039908
146.1557067514839
143.6376822443606
147.9669107437205
147.3596152787607
148.1594885520067
143.772032906008
150.043216431636
147.5214137730334
145.0117471048113
148.9918404255762
153.4436526408335
149.2341179180824
144.0001246698756
149.2483093022546
150.5789925328248
143.2093654415516
150.1782056455782
150.4301990227331
150.7387913697536
146.0460443398104
149.0099338496437
145.4370096539108
149.1741613178473
149.00809146135
150.0444993961435
151.3138239079112
149.1216696379621
149.6405227626979
145.1591024861227
146.2092299227207
147.3017189949641
145.055976279576
146.3457983818048
147.5838225687041
150.2429638693717
151.4237663554665
147.2339737691693
147.4266748413875
146.0007840854683
148.2343672775277
150.2731261825858
146.3291871615215
149.8578577140727
147.107910435
151.1414080408502
146.2497399823762
150.1441159719273
145.1775123551752
150.3008104701917
150.6843542439709
152.5599863961119
144.062732297375
144.1533087542258
146.1459616599203
147.3931532492647
155.1694189847222
146.8111455962276
147.102895796905
146.2021473000846
147.0560828488968
150.1713831546012
148.173590751499
147.0451938246767
150.0977796092255
147.1970566634382
150.0420566867068
150.3840614140345
150.1866350803553
147.1193727636476
143.6904536905735
144.281355800196
148.3872302197462
148.0407485798894
150.441417161448
145.4073738752877
144.4210990330019
147.2244294543229
148.2131358465187
147.0713134305129
145.2508782717755
142.1452222691763
149.1362149531686
146.5846195870283
145.4980823744625
150.3754563513845
153.0397017906504
150.012208527295
149.2854069258994
145.2719341530904
148.5664042095474
150.0837674390248
148.2402864237553
149.3997664344781
152.5722959119831
150.2786260402839
151.4388052738109
146.0764412204718
149.0453323012313
150.1294756805353
148.0849675051619
150.5618027807539
147.452438490565
146.2433243092086
145.0576385491748
150.5873678007729
150.0050287974467
145.1420864777416
149.2739937003179
145.299224731033
144.160016543678
146.1937493486787
148.2742767584366
142.4583133841282
150.0676371704405
145.659210781695
146.4319962019428
149.8816511639818
146.2073182742087
151.1067953303163
147.0806185952361
146.3788879926769
147.0368284184155
143.5497584573897
154.2914726602596
152.3429339342123
146.4042993888238
152.2370675797209
148.2197404261349
145.2175684852264
149.063840028683
149.8475717124244
146.5927190472964
154.778309261649
147.2688882063233
147.1229088007814
146.5635015356025
149.2591402869776
154.1083829033836
144.7536612846577
147.0005977088555
145.1264025654448
146.1905163410109
146.0857802583145
145.8015123205494
151.1162601964747
143.9420228711412
149.0252714171212
151.17227926586
151.4084694729469
145.1360042092944
149.256989695858
146.1643972943775
152.3140112630475
143.6088572448054
151.6577731222239
147.1424328167796
144.017799930806
146.0572685446104
146.3034404092155
148.9085063774408
151.385852116249
149.2945503390539
143.4494080056756
150.1230471720012
147.0600362752048
144.9188568657188
150.1151479226174
148.7489219021005
148.7947865033816
146.0384586818842
145.1290169847935
148.5857191084768
145.1614130487908
144.1668228069564
146.4160746612155
145.7748860352405
148.3838932752673
148.1360944815565
148.1731061213282
145.1211084833456
143.2291819107058
148.1603359792748
145.3089562997681
147.0060561635341
143.5336979362932
149.070548790193
145.3083523466365
145.3425605289304
150.2976633567795
146.5420377196663
148.0943611782642
146.0525311698982
149.1900440186728
149.987998285372
145.3728573194958
149.4856974531045
147.0000975903899
149.0308519551541
151.4740675457589
147.1091605583454
145.0377057606668
146.1242700730554
145.7718673609996
144.0587956632216
151.0058392599683
145.2286203977231
143.1717378788791
151.1672597331153
147.0535920367515
143.5072673044304
145.6061575887355
152.7368752566288
146.2179204542846
148.0806940564378
145.001871760253
147.5833166963201
147.1631149628475
145.3953312190386
152.52284879695
147.033389321637
152.0576530140367
145.4137983379896
153.0938386274227
150.0057562514183
149.2088308659648
142.18773713842
144.9653370243389
144.0221700153354
151.0129842449223
146.0599874726446
146.3740437880722
145.0323807673189
146.2983211305807
151.2717037542753
144.1686046672676
146.1656931924697
150.0371918815757
144.1770764598276
148.4280910305733
147.4745894244485
153.3736552245687
149.0659642377047
146.1523766621581
146.3748432913007
145.894621783563
146.2964643389001
147.3333602668981
143.2333837868644
147.393682929929
148.0840870716367
147.2624141352467
148.660346639095
144.4668019074147
143.6143699645827
149.2551687376673
147.3642404277799
152.0123118647072
150.1026522918794
144.8626978685912
150.0256980249626
145.0284792944261
146.5500920989843
146.4087374355425
146.1528460699275
147.8968036030654
146.3893176467774
154.3743721612954
144.5610054828117
146.3021607659707
149.0913644587311
146.0295597448595
151.0468970180995
147.0243770289009
152.2705700552883
150.0775623924065
143.1661215240825
145.0948011842182
147.7376339762297
143.4385134593992
143.3676657012612
147.4627983570629
143.052273801708
150.2524099385025
144.4052662540023
147.890836133845
146.004460991863
146.1681581204672
146.1105356303997
149.8294311441061
145.8406370425993
147.1811877757212
147.6563535568549
146.3802902122619
148.123821216706
151.013728931204
146.3044159679382
149.2355027793426
149.066424730335
152.0188002174816
144.0079538831426
142.1760256661731
143.155688512333
146.0152185758488
150.1590226809655
146.1200393442533
147.0402869236982
150.0425778474149
149.1089557607032
145.0772466390982
148.1676093457795
152.8225429909763
146.8189236844436
148.3712097562912
149.0349629917165
147.1567081346541
146.3209814420151
144.0345493291411
146.0884653037503
148.1554243862111
153.5387408547747
155.2804165264485
144.5092480628445
144.2737391939048
146.0150936664284
147.2653479396383
149.3402263498501
148.508452340896
152.2994322371637
147.0765603177873
149.1625234345202
145.149142001464
149.1248582433176
150.0898722828114
144.0000602825273
144.6180734615922
151.3074501561005
145.1998304881672
149.0055491217558
145.171206048418
147.0208042261196
144.3270879626106
150.1148195904246
150.1389893946213
145.2394507301623
151.5450154573986
147.1219987710715
146.5571734089739
145.0704907839171
152.0121121385935
150.8129014747338
152.5947078214929
147.0689682204223
147.9437347115399
146.1164096974129
146.7282928945909
147.0904957331093
150.6355991630168
147.2971620403553
150.254877929814
148.4641208680417
148.2254365635224
147.0277768185085
150.496352947936
145.3285616617625
144.1672781074001
147.6233268544847
148.0751481050941
147.1947557613155
147.5662498405632
149.540190395124
150.1143685810907
145.0230773468944
148.0665461913323
148.6338630336528
145.5016623539862
150.1774333530328
151.0086921892371
148.1650565044607
148.2967036456631
144.5150255009866
146.2810143976443
153.052693538709
149.5687904674927
146.4224728732961
144.3209486866478
146.0118440053482
145.138878873663
149.1743697423788
150.0365806086344
151.5289982957869
147.8175032818822
152.0516977998543
149.0004440778868
151.484950415136
146.1701487381237
149.3288345801034
147.324148384508
145.1685786403832
147.2306364366759
149.0414620085265
147.0850715352236
144.3313515228558
146.275447864388
146.099050891615
145.037122508564
145.0134066840773
144.0665352511426
144.2033556016334
150.2068345952361
148.3864479946252
149.392469732882
146.3101542290315
148.2385247903581
149.517152992319
150.1643837113559
147.6291151282103
148.6154597020858
147.0383694670552
149.3279258550208
148.1556431143811
151.1094467487732
143.8535728651848
149.5079984966785
152.2192888849561
147.1043220195924
144.3943057873854
147.3754133743405
147.4289997891252
149.1686025561126
146.0849199119454
144.4572545498
151.6415639383506
152.0127923927651
146.6160335995878
144.6605940986392
145.264503307495
145.2132158124377
147.1729729037268
149.0076898420612
147.2097336868874
149.7654176951943
150.265117024573
147.5871296541266
147.1369989138637
144.2141809489651
144.0900745130094
147.29311234694
142.083341909071
148.4104014909585
147.0561037339158
146.5092570705296
148.0781618788337
149.3160455768132
146.1649113148243
152.0635691447293
150.2583234230501
149.7304251173452
146.8112410301451
147.0589886927633
149.244051971431
149.0994204559892
147.1406556160352
142.4465563603398
145.5491776506465
147.4485983537258
147.3788911574528
146.6619343436793
145.1364107212357
152.0558227500026
151.5973475264711
145.3651539435603
148.0821697590185
148.6520979438404
144.3461730582617
150.5782587453004
151.6580119649628
145.2180866680058
148.1732989634531
150.2253950603278
142.9255648643494
155.0978548830833
147.1132753296944
144.4226634810318
149.6490784457508
152.0861897911978
147.0376862182151
146.0194797309024
151.1828717783986
146.3115128613855
148.1246050469123
147.0254422540585
148.0716116514061
150.3867315652934
146.122760780381
144.0556465903395
148.5635228749278
146.4623981099557
147.03734823507
150.6224055268421
145.2926996791546
143.7509952932685
142.0363771459199
148.8921618665513
151.3368580633797
148.5890474291228
152.6747122547693
152.1601049305203
145.6132507784417
151.5050672764576
150.062700467679
147.1804009591212
148.0353766954366
144.0786347997384
147.0247998773524
145.0828304801574
147.5839589554932
147.1338196681701
147.0102402943977
147.9504774499179
147.1275331281549
153.0766107984005
149.3160403539071
146.4048612031073
150.0511013807899
145.0565618898198
148.8131730382808
146.0166834935701
147.0131364171031
144.7781686642135
142.3480902126473
145.4848674820971
150.0077046085403
148.031523976661
145.5936674857668
146.4513464779526
154.0231015188951
143.2085884621894
149.2722761643134
143.1693884613851
143.0187758861254
147.542257474358
144.6424365886843
148.2080674155972
146.0225631501662
149.1546181597918
149.2124900413175
145.232373396606
146.1255662362187
142.4027305185256
150.3177730128943
145.3777993206944
146.2612878537005
150.8407536066707
146.535738279197
151.1961527669014
144.4154628854593
147.0829312839595
144.0492793830257
147.4762519780715
152.2215581287181
149.0253715551504
146.1042366422142
150.5457030647363
147.1044326573748
150.3835450718014
147.8837276434667
150.1018776743207
148.1352330983834
149.0504230338395
147.0715355472864
147.4159732092315
149.0949299220533
150.2849968222486
150.0828828543204
146.6194229166428
147.3848215103641
148.8078253200583
145.2751782487294
146.6521147465467
147.172001397243
148.3389332943875
148.0292943376056
146.1644827648088
148.497825354317
152.0340338641458
147.1385168242792
148.3085795085858
146.2432076485199
149.0888136518108
145.3064032643792
153.6663188574075
146.1126423023524
144.0717937681709
151.0108640381269
148.3222367480049
147.0439421933362
146.3212349525066
150.2016468074807
145.8824764425219
145.4577580445784
151.0281162551895
145.831840220486
148.2698733243556
151.1987720087651
147.0608827969693
149.1070627099724
146.0116466788231
145.0005858977507
149.5059988148938
152.1938805778188
147.0100734537755
148.3248764247982
153.0562975969158
148.1469949013841
150.3897683115147
142.3916256632998
146.089784944785
145.4220187515159
151.5739072287381
149.4306840103402
153.1121444763459
147.8595059562907
151.1101779861224
148.7511340718527
145.1542839909455
152.1079479816011
148.0118057253622
145.2550757155718
146.4428105481377
147.1256174314029
143.0474657025827
148.0209812687116
152.1301724536032
144.0202780086267
147.6102230448416
151.1342514573803
146.2053753673918
147.6680453141824
145.316600673075
150.0678770252405
145.0561639903897
149.7787972201399
147.1424725031899
147.1081404187422
144.1517439993515
147.756774792197
144.3589301040679
149.4460944006542
145.2251470643025
149.1453285355989
146.1723118161285
144.0415314467052
150.3653745670464
147.232830943651
147.3208758762418
145.0296243995193
150.4314584275347
146.0320280340329
147.1302963754862
144.5575127303289
148.1013033778264
144.1296428096163
144.2371811587832
153.176983537281
150.1665373936533
149.1603806125734
143.928662856636
148.3238192576141
147.1281733410714
148.3109345608533
144.0698976768549
144.0595140748717
152.4211747821687
145.0027038904018
148.20431491565
149.2520168287485
148.0500225360506
145.1678107944041
146.1239327357169
150.3258169505149
144.3018792533641
152.185137384119
147.0336165335948
152.0141410273648
153.2924018201039
149.703040751086
149.1844771454869
145.3937546751247
151.1508693383376
147.2812366732383
147.3656562727368
144.1134993650931
149.8723709952039
147.0156600784807
150.2700305354481
146.1569014425172
150.1497774979561
150.0459466094564
152.6659303973368
148.3099985475534
145.9425000916043
145.4702645913221
147.0910646230734
144.890686644885
147.2412867875683
150.0078065140106
148.6048984467229
148.8048052975515
148.349039474707
148.9502993091148
146.3088107385365
151.1485648181173
153.0939562206464
143.0400721313356
145.0286738440302
146.3252706630896
143.0660565956817
146.2621621376476
150.9790546621046
144.0966683042758
145.4539235102084
149.7059454717793
154.128850930031
147.4257029996848
146.0561786432476
144.2969468126503
148.4234422707941
146.1978862027213
145.3877185480649
150.1253094793445
149.5742407156164
145.2785642477906
147.5876497779935
144.4263333848226
143.0190678184115
149.057895345614
146.1047089553438
146.5891027919861
145.1837066515461
145.3610152496568
144.2104211813425
148.0419671318197
153.0229125583623
145.8560956055441
149.1288610893557
148.0486706482775
151.0161283268967
150.7525720295257
146.1111412591906
147.5289316320298
148.02357318699
149.3493462066444
144.4680881368008
146.3470617082982
154.9738183272041
150.9507265731607
150.0120576694178
150.172909112031
148.5133533861041
146.182198468801
152.0363334527153
149.698744293242
150.9494863171086
147.339727755906
147.2143391510211
148.1611860929856
144.2370999555094
147.0053887510259
148.5845302319219
148.7303490027222
145.4794415283046
149.5296752806277
149.3963605569408
144.1294503797043
150.892222100804
151.0335105647992
148.2620189736361
145.0126273940878
146.3727711544888
147.117184591685
144.7523708979886
145.0867879095278
146.070064767266
147.2363100232858
145.629966850798
147.1459946081659
150.2677957279228
144.1631829585464
147.0213337733153
147.0586513439463
144.009867332728
149.1387896965475
146.010374784201
154.4514714162958
146.2512425168582
150.974098896034
146.0802131564841
147.0751433483206
148.1230453822708
146.6147118434897
144.3076592329814
145.3367188167821
