518.1094534925805
518.550025306477
518.413913963092
518.1291541270651
518.0364397321501
518.1768869769464
518.0402368303006
518.5260943765171
518.677807255313
518.252620346722
518.1159627624447
518.2471503535202
518.1814058369781
518.0342714441673
518.0322552318293
518.0082754160728
518.414649468984
519.1982914506149
518.0749324408729
518.1879425250817
519.3643537532597
518.3338917318061
518.1343256384098
518.0374220367772
519.5643959509863
518.0886890969751
518.024607468105
518.4316163010316
518.7157913574058
518.2393261755012
518.0165969093993
518.0883237068391
518.1839087690892
518.454249201974
518.7550797938188
518.0060389446788
518.340338690653
518.9145712480334
518.1086050154321
518.2852859945863
518.5249421394121
518.2546086914411
518.0498265400738
518.0160385647179
518.4608195959589
518.0364488200249
521.4702590401118
518.4153627421232
518.7195499317278
518.0769785015626
518.001373216645
518.2752145655097
518.3900279737026
518.0178806065129
519.1231806126696
518.3344758429321
518.150522930576
518.2702372163752
518.2604714812184
518.1190849970417
518.06576882393
518.6239067080996
518.1696543942165
518.0167861707416
519.248320233625
518.1808518134457
518.5616268698333
518.3908539358798
518.4234540866903
518.093437264462
518.0332361338677
518.2300207631899
518.5250371635002
519.4941860332494
519.0894214953523
518.0778404475847
518.0392506379759
518.1937006604317
518.5108539471563
518.0471828916538
518.393727215007
518.9706876191661
518.0965548072711
518.1634359295487
518.046452344665
518.8109457152823
518.3022193221631
518.4489377073008
519.3403250673573
518.2352949638682
518.0120011848736
518.1934038671382
518.2414450335509
518.1795471630619
518.0508912089391
518.7457885764862
519.133047548214
518.1483694117638
518.1290380490607
518.3157020765291
518.2520031936124
518.11885748394
518.1758442412099
518.0641368138378
518.1632270550754
518.4733732161291
518.0576394877779
518.150465626547
518.3972152502033
518.2593176178971
527.1687197513821
518.2755831267704
518.2890997652213
518.0006444183624
518.1987231847733
518.9599533220669
518.4059202330168
518.1916853486198
518.5945103205837
519.2229491682912
518.1556166066136
518.9154045300083
518.6682944021591
518.583016143719
518.5968160460499
518.0439801502054
518.1259924975709
518.3132914290397
518.2551926260036
518.3100581934199
518.2746608691594
518.1388149498456
518.548740266178
518.0511633990338
518.4741447379766
518.671450286025
518.036384520335
518.8476915782499
518.4035532063673
518.0053246349717
518.0130072939896
518.2506133013418
518.0184960456542
519.2260339295184
518.2818013539578
518.961711873425
518.8207759431931
518.090008638658
518.0615145179537
518.137848904069
518.4503740543381
518.1406596524552
518.3937101236799
518.105570214901
518.2239802473856
518.2625971570995
518.1403760588834
518.0895305672946
518.7382631884523
518.5149378210676
518.0724466325308
527.0341171284099
518.6026214135247
519.0301218885498
518.0920212941859
518.7901049627512
518.1129898909243
518.5186663215353
518.9621980217325
518.1748922186375
518.5569739302587
519.0045753622805
518.4325860924985
518.35867461593
518.2460518588044
518.0318974423941
518.6901704089942
518.1722186807505
518.2770536800322
518.5724926456975
518.9828452407196
521.4694217181096
519.1062787918656
518.0644498198651
518.624204928128
518.1768931000937
519.1310823758274
518.837851474279
518.4165085539062
518.1170942136544
518.1787191864098
518.5103993254355
518.8655052804003
518.7422195965923
518.139633317762
518.645350144978
518.5447150601943
518.4631017031469
518.2427124927514
518.230954872497
518.1306606207978
518.1507494519731
518.324911371248
518.0687196234766
518.0147424666646
519.728329836145
518.5987477089363
518.0437058244132
519.1311626518119
518.8332840365713
518.0913563103553
518.0703942735873
518.0617350408606
518.2386616941733
518.3995700592742
519.3214089393355
518.0701832173831
518.1847634759255
518.3637788845878
518.145702152511
518.6275226105572
518.0937078106415
518.0946622986232
518.0347256109677
518.0382180258497
518.2295656889603
518.1446325155756
518.0711984498345
518.011921581561
520.540857006442
518.512084077802
518.0515694179735
518.4605884844648
518.3963309686166
518.0630715164409
518.027432992565
519.0994178141516
518.0810980621217
518.2681708155411
518.0833484496313
518.4631644085139
518.3325220687211
518.3387871934257
522.5145252597906
518.2180308969707
518.1022471569712
518.3043734871015
518.8048736523975
518.5487448274571
518.0308709761991
518.0337161027604
518.0126443739282
518.0134099283972
518.0049983235308
518.1809786264051
519.3082442029677
518.0635308761001
518.1112292752094
518.0073907823243
518.5043584578812
518.0157914370056
518.2906651123445
518.6780566733828
518.1740603469185
519.0869860775286
518.2872456792248
518.115004360246
518.7853446006052
518.318992759126
518.05391807301
518.011336723226
518.0358978855057
518.3641860835261
518.9464889860814
518.0490424755276
518.0750750695777
518.3181925679723
518.0396564599387
518.7857712669379
518.0190352040466
518.6363513694727
518.2283941137824
518.4794870196685
518.2075703440959
518.4541815928527
518.050381950963
518.4942246691419
518.223777717743
518.0037000212357
518.1641386044192
518.0154036457576
518.0753458160563
519.1593491021041
518.3649820251459
520.5218788906291
518.0302907962623
518.7156941156325
518.2385727898087
518.0827149555513
518.1246640464988
518.0755512100885
518.4348552940513
518.09448860297
518.2217036842532
518.5264314467746
519.6942135290544
518.0658247476036
522.0143686403553
518.16050304629
518.4034403874603
519.6869585477169
518.2895063022637
518.1005691735851
518.0439960598322
518.5065750898868
518.0061431849814
518.0800602291625
518.0649823755662
518.5575197048145
518.8531399936008
518.2255887126039
518.2557001455251
518.4435612843195
518.1326690658766
519.0866883644168
518.3845347173792
518.4248015939406
518.0834160927783
518.7519345207417
518.2215788340477
518.1986412891018
518.0480522867058
518.1344531360262
518.9781892043428
518.3127800171949
518.1750151297149
518.1751131532055
519.0971973816764
518.0950859231506
518.1498503888944
518.0641675010775
518.5067692835955
518.2515536970773
518.0626076247067
518.0908470132568
518.1474675024504
518.1685485293231
518.0059932835891
518.1167973283714
518.3916927135903
518.4241343257069
518.9855900315472
518.1516082998446
518.1795980618899
518.1398666575765
518.1337270217679
518.0714939772238
518.8174559363667
518.3647561825964
518.0443893990235
518.2069591904648
518.0959659288536
518.0339195132658
518.2257327289187
518.0875072656065
518.1022881843062
518.6133248839436
518.243384737029
518.3571027200228
518.0675960578384
518.0195761055289
518.1309369142555
518.1379107622545
518.2903787205473
518.8821810910118
518.3279205113342
518.3155952365403
518.0146384114926
518.1824994676242
518.0604525119026
518.2077995185249
518.3092389654313
518.3666902517639
518.214700738432
518.5160786704774
518.0653982131729
518.3329583844527
518.2524795204773
518.0026401379424
518.0836334539194
518.9332718242889
518.0712982248549
519.7449515350714
518.2817323680767
518.1531701199694
518.709745083336
518.160255735491
518.3996355261737
518.283845959867
518.1457812539957
518.0300431859216
518.587877857425
518.3414368831792
518.0191312294311
518.5398096426006
518.4339202230362
518.4180917639685
518.0299075279175
518.2169346162482
518.1209288140022
518.1860933068533
518.0435217076937
518.6882628145231
518.0715063188879
518.5951512430246
518.1968044803272
519.3989577529538
520.1433779396548
518.1761099399131
518.2842221864116
518.8137778047999
518.8414936779218
518.5727865532408
518.1419721118075
518.0449858056129
518.030391948578
518.1659336590557
518.1498874191566
518.3034796199478
518.6272024516779
518.2368723280653
518.1752032011474
518.3102877260629
519.1797575815832
520.7985197088219
518.1248963433425
518.6866123961478
518.1140561563074
518.0047620883121
519.084338880395
518.1065475657805
518.0275835132221
518.0234396042938
518.3554559761292
518.4411162619539
518.4124613691667
518.7967020469326
518.2572217839695
518.170150544589
518.155900934717
518.5281092373817
518.3562276788447
518.0296903125434
518.4158219392096
518.8103950762531
518.4122352398101
519.2048477384604
518.3993503110863
518.0409585031924
518.0060882916665
518.0535711099405
518.0386425570554
518.0883212927755
518.1352173009701
518.0710570897077
518.0628535618458
518.073936209543
518.499114219934
518.3785189735473
518.1344801881958
518.1859815107216
518.3049858993083
518.1457894012042
518.518654171638
518.1852963725237
518.171226624658
518.3851904327986
518.5473903335411
518.0203013518069
518.1881022003946
518.0961251762475
518.352988452979
518.7428777189959
518.7469151362372
518.0772407588751
518.2671983922994
518.1388966454754
518.189142713565
518.6502247343285
518.301346860446
518.0819223424616
518.3454098398896
518.0188806473683
518.2247212441022
518.4188396211321
518.4627314871957
518.2227955495907
518.8865784273199
519.0165545065199
518.2023860955992
518.0769598291561
518.5032046478049
518.0129130827147
518.1077766705837
518.3118469315635
518.2719334654658
518.1281084770511
518.4443787112748
518.4722277080988
518.4871687527648
518.4999677287149
518.2157891749271
518.0745054112343
518.138844717085
518.5057992709732
518.1425661035777
518.3325877255863
518.1189510565886
518.5818665651105
519.1321555867916
518.2325974854879
518.0883031646224
518.1665155790574
518.4439709603505
518.1735693383813
518.0484102499744
518.9363483075615
518.4843829144388
518.0089098035438
518.4096792514413
518.0743052527861
518.2354006508386
518.2958775883716
518.9685527966097
518.1656590341554
518.1779708773479
518.1757375435545
518.0397848753385
518.0056695307486
518.2240554219037
518.2192316160075
518.2991124757542
518.0711869950068
518.4762283704138
518.6507259718398
518.4033496865906
518.3631742796797
518.141902427055
518.0460186076995
518.3780911692791
518.0062871318584
518.0415924283869
518.0494854156043
518.5567912755657
519.6514513859798
518.4503235221532
518.4843512937292
518.0596634660043
518.0447199987752
518.036014960504
518.1684027736179
518.4204241099936
518.1504249106457
518.1945395387864
518.0976205155013
518.4756123185742
518.232426952929
520.0197323413631
518.1884707605354
518.246793256818
518.5312657101347
518.1659021773627
518.2509060609281
518.0588429842971
518.1359699991517
518.8351514046482
518.4431346208534
518.5844664931963
518.8112529659076
518.999691652956
518.3183770176364
518.076610077961
518.5822902930885
518.1533935945666
518.3462598022516
518.1470078714699
518.0438745956733
518.050670262078
518.8418445393634
518.1546222514967
518.0484432778672
518.1631662933189
518.4676997770516
518.7405811797627
518.0819669890739
518.275019968791
518.1476933522878
518.0239427221071
518.1347600880467
518.448385556666
518.1670597518828
518.8852865811957
518.3171905563922
519.0389528226765
518.0796491892299
518.1167940565522
518.8689965586947
519.8475424734856
518.3710516617916
518.2551589500051
518.1176409072845
518.0517984155975
518.1548099350238
518.15175292455
518.8934429866086
518.4259214094192
518.4914126596666
518.7093944242047
519.1288379054345
518.2067110506052
518.2023859197249
518.3219376418184
518.0899390147082
518.1083476424571
518.4246057781598
518.0260638928439
518.3306401027404
518.6182538143859
518.3136776801632
518.2379343662187
518.2164199428892
518.3821931338532
518.1960774467458
518.0887512261528
518.0799120854261
518.2688994975725
520.322031417527
518.2312562838529
518.5201172625837
518.1660524143402
518.47492874271
518.1452744250719
518.1033469821585
518.2647313089188
518.1157600246299
519.0230127034059
518.649493628105
518.0506096092333
518.5476985712303
518.1107417046916
518.0209960264405
518.1025147065246
518.0590577958159
518.4177368898514
518.169013201596
518.2057926760647
518.0257974741662
519.311324345492
518.0984983469239
519.924354002532
518.3728668922191
518.0964860589569
518.1341994204229
518.0640437506391
518.1949811036667
518.5823204619995
518.2039033038668
518.1855650053383
518.0086000383533
518.1715107986494
518.1931144439138
518.0428907027052
518.0910504529712
518.2553800207518
518.9650554345455
520.167215601049
518.4458807774553
518.3273799577719
518.2564479142914
518.7077225063261
518.0647631731701
518.0094510483095
518.909028395141
518.0070267101245
519.0892941414419
518.1453462717498
518.165621938898
518.004414201613
518.1454894670559
518.146293696849
518.3610375754699
518.3553365759537
518.0176896274614
518.0538498631831
518.6570516349681
519.2272852285939
518.2412313776268
518.2019167533962
518.1254169107084
518.0962497801295
518.01827098885
518.0411646149217
518.0282405459968
518.554370322845
518.2721368247036
518.0002084759124
518.2822735367971
518.1630663534153
518.057304163129
518.3267264254285
518.1395744226365
518.210778457193
518.203785959385
518.4743112361821
518.1800891172916
519.494483236221
518.1656826809165
518.568981644609
518.0125480364474
518.2035092668594
518.729029311889
518.0205340878971
518.4083038689464
518.4131141434267
518.6126265859091
518.0569883182603
518.041263828579
518.4105949201154
518.13385878725
518.2571944476127
518.0904336662967
518.0611408463991
518.1703785238373
518.7810676025356
518.1292996769348
518.2893181194112
518.0910964185211
518.3077879038331
518.0610745832264
518.0106442052673
518.6406808579214
518.0587046788485
518.1919556423035
518.0087820581078
518.5177635297526
518.1613975912509
518.0639896251896
519.033479644544
518.2047749743872
518.700806543152
518.2746893988051
518.3390630298644
518.8155766525698
518.0199092206092
518.4636990911752
518.3435658594506
518.2803624101651
518.1229976064262
518.0286795971504
518.61330264705
518.3289260129576
518.3634042497895
518.1319530911774
518.0230599128115
518.0779669305006
518.2667156861166
518.494035807334
518.720328688486
518.0460936371213
518.3836550893211
518.4065340626462
518.1777333575841
518.2997795056973
518.2799038852738
518.3425249157273
518.0384829016141
518.6028561047469
518.0947380606178
518.1112951870404
518.0797515125889
518.7743877016023
518.5520725147751
518.1598106095576
518.2838904931584
518.3217194242847
518.066396749165
519.7461453393265
518.0404444897898
518.3969593842002
518.0529455381875
518.753672230525
518.3011847540512
518.259049588327
518.3445442399365
518.0383293294258
519.5252254366374
518.2283852910261
518.1054639819687
518.1122206433729
518.6431808591872
518.0753544268432
518.6083486141189
518.0760229729185
518.5788449160474
518.6373815928235
518.2273741350999
519.3447731979187
518.4505387278449
518.5546078872496
518.1498532372742
518.3635601034811
518.7732880286823
518.2502618431608
518.2994892176754
518.8908870546366
518.1775457799413
518.5902052835295
518.0175676118989
518.1542756015791
518.6507804695301
518.3095693476955
518.0579741686771
518.4293025206277
518.1393568949197
518.0852774379266
518.1108392874622
518.7394354726846
518.0142932101515
518.1429289453494
518.17318106508
518.560626385263
518.5163907890129
518.2714506763972
518.1338276875446
518.9679786095321
518.0124049476484
518.3732691286564
518.8132925989977
518.7246530955422
518.554214062195
518.8809229297195
518.3925946381082
518.0553564859978
518.0141026064828
518.288547695962
518.1350919720508
518.7183393212239
518.2489732019421
518.54303885695
518.1637716473593
518.0131639352758
518.2954685481795
518.1238333637393
518.0591166593066
518.0344829487956
518.060631109632
518.026478050911
518.2401545683231
518.2299299059079
518.6441903439368
518.1923970294558
518.286718413561
518.1930086221107
518.3955102886451
518.6439825507566
518.3031854530001
518.6253430620337
518.2813489674295
518.2429927401399
518.2509269897663
518.8369775639596
518.0330804462526
518.1406571025428
518.29242281649
518.1094738764995
518.1154755494057
518.129657564645
518.1450208692344
518.4130468522986
518.1175478682941
518.3080507307515
518.000089994524
518.2122089022379
518.081756265602
518.0623926245272
518.1312765337967
518.9198785172625
518.2705324283398
518.1610873409984
518.4697675222463
518.0957989398162
518.2183072106438
518.0882423014931
518.7500251077779
518.1145981311188
518.1240249994858
518.329905602943
518.3325799179196
518.4685784226617
518.2259297587286
518.027436222121
518.8075523595403
518.1523698870506
518.0876864609701
518.1219614704163
518.5984025306915
518.1003606336894
518.5943750942541
518.0648329971741
518.0829613908151
518.1505827920649
518.1230718833775
518.093030700997
518.0809103138047
518.3341218622162
518.2192469795448
518.2528179357787
518.3894481297876
518.3313264797912
519.746829440471
518.0949168463234
518.0119453011539
518.0221471921318
518.3011780196321
518.1594642544278
518.4178005620092
518.155054083986
518.4142640666299
518.3710301824805
518.0978883100421
518.0563381451943
543.3138704785364
518.2430893424221
518.6183495903126
518.192896412111
518.4354088219781
518.6031434213187
518.219201801459
518.4342543921224
518.4490582465542
518.143645819146
518.726842643815
518.1435018398521
518.2423115716101
518.1436438113025
518.2219243500522
518.0209824704324
518.043306448479
518.1476651478372
518.4421819433217
519.016818644963
519.421023023375
518.3424463669772
518.709702107405
518.5982254525038
518.0444472832487
518.1730220593582
518.2809938771895
518.2373750504652
519.1666300204723
518.2813180066315
518.2656206575351
518.0918279797075
518.3853775862151
518.0903223555317
518.1151767856265
518.2326700394814
518.3346317729429
518.1545475464819
518.2400181981706
518.0269962257634
518.3913733856373
518.1543537103682
518.014042462287
518.0792016049221
518.4120818365345
518.7414635914937
518.0564311055401
518.0347560212548
518.5016539658428
519.3010412186624
518.9870612822709
518.1834854618536
518.0701045117805
518.1688927741169
518.1394555971276
518.0975017975026
518.5614259058852
518.4652079143946
518.5177460698557
518.2229956611702
518.0847180846175
518.6126172455013
519.0477269542992
518.6055269209567
518.2289749361847
518.3653654211927
518.6392301633605
518.039582141047
518.4169747496704
518.0865965570434
518.1916379461047
518.2989958691273
518.076687093297
518.1357428736144
518.6287683180157
518.2062568139395
519.4555224727279
518.3328384142616
518.3519373121243
519.383132300425
518.8131660457241
518.877899842052
518.0179718195973
518.089020661027
518.4652778285408
518.0687876348192
518.2389945568779
518.7571922209108
518.2532330206096
518.0814594354483
518.2350423075103
518.5471467366351
518.192991786796
518.4637524820513
525.4970861937974
518.1566826297129
518.2702774555788
518.7124424015467
518.2176644014196
518.2463898446598
518.0087249479328
518.0025361342942
518.4556723449791
518.6271820617865
518.7698397437565
518.0252659565743
518.9827398099533
518.4293792997466
518.0309909243289
518.0489890702069
518.1274729199024
519.0145187464371
518.010821563923
518.0858151445565
518.2010757049912
518.1349774089526
518.5856575342827
518.512927454256
519.2544475238401
518.1010734002626
518.4212251389774
518.0000581183825
518.1253183661886
518.2324101108486
518.1263065947045
518.5551533889192
518.4765467569293
518.4787047458178
518.1724802032652
518.0637891435207
518.0385681742501
518.2865407397753
518.048230924889
518.0948841598048
518.1240529918217
518.1614160283135
518.1727358401675
518.0405822590653
518.2110310889393
518.0233434106675
518.1106968840094
519.0695558799118
518.3739120267369
518.0440822034494
518.154519360372
518.8317463230005
518.6048140326161
518.6645880186654
518.4334013357523
518.5120066591013
518.1267985520461
518.0836589897384
518.0080542109746
518.9504909653967
518.1045874754999
518.0193639376988
518.1098571213104
518.1561218652823
518.1694155023688
518.4836327531539
518.2557305666915
518.6497276035462
518.2221696168178
520.8081910136613
518.0585510161967
518.0181752191044
518.3585964179869
518.2283184225047
518.3759137825531
518.0674110149096
527.0636625316336
518.0325740996516
518.0167672023472
518.2944947386235
518.1478519544738
518.2646339204381
518.0649836167321
518.6659659244183
518.3695043767682
518.6595706369891
518.4473868576723
518.131670191411
518.3761437113935
518.2268963936348
518.0104133726485
518.082422335382
518.3386178867355
518.2421704560317
518.1319225067206
518.4005122101834
518.440767945158
518.2746325498213
518.1877894947813
519.0330601052882
518.1344076605902
518.0491230306551
518.5431765845927
518.3889848969376
518.0820238112494
518.1152857993675
518.3141927014713
518.2735917632666
518.4323149267431
518.0021633330012
518.6803951035334
518.357156514245
518.456580309314
518.7442558456911
519.1032196592741
518.0321657652025
518.4366041033305
518.9344999348798
518.1218622358444
518.3270878422528
518.0402116920471
518.304347677789
518.4593949382514
518.3744106865682
518.574939241034
518.3211396289491
518.0623777319518
518.1023464878842
518.0404663240992
518.3956690122629
518.123284543409
518.7734364936908
525.9163630424853
518.0060329282742
518.214302357854
518.2570118940357
518.0910071141183
518.2117795411473
518.0825559245325
518.0158828432004
518.1626714085954
518.1372572148568
518.0578109355351
518.1478941103016
518.4489466290972
518.0740024494733
518.0627470549051
519.1727854923892
518.855914615927
518.6196922519232
518.5299992086889
518.3295737926278
518.700927201189
518.2191129054471
518.2087112401612
518.8435865564832
518.6629344313562
518.5300584524794
519.1255223535397
518.2774820819969
518.052907054308
518.1529573958051
518.3058712620364
518.1731783034484
518.7748573442918
518.114386819023
518.232911016458
518.0255419786896
518.3007569555657
518.045195224339
518.1966338208846
518.003569104766
518.607521564482
518.0132377307656
518.5143602341074
518.4451831511396
518.2289993546138
518.2874065545834
518.2406587309318
518.2955929855838
518.0867087641285
518.2028175591985
518.0012766689684
518.277575385522
518.0939441965684
518.5723129445729
518.165567891086
518.2113860936204
518.1070382680648
518.5337157844159
518.4150041150448
518.1795834823281
519.0673797085244
518.4062845191576
518.2120451543668
518.0647317469073
518.8060120637823
518.2898840238197
518.0420878253665
518.4483055783983
518.0528895742691
518.6846524978962
518.0797318109935
518.1340586540572
518.9479596832072
518.3886058248049
518.3281508959825
518.0464873243205
518.5236454865052
518.2515894157231
518.3997592623505
518.1609079938762
518.075196708333
518.6206954636589
518.1201966414288
518.7354777960217
518.1259978014456
518.7305400932928
519.190463355645
518.2641842579985
518.2901804042291
518.411129774435
518.6410964407492
518.3937289779246
518.1187499325686
518.53078086812
518.06717041284
518.2985511351826
518.0636265675416
518.2599683082598
518.740710546032
518.0276146668529
518.1837807464556
518.3278355928643
518.2844929569267
518.0531188021147
518.0293599912942
518.1037437198918
518.0037523071367
518.1891091876781
518.1551585675707
518.2181996402339
518.0241828314333
518.7353876768651
518.3384804665593
518.0037302432576
518.8273482190689
518.7228643325681
518.6369895936824
518.2081896803572
518.2141868593417
518.4824064401132
518.1215559872344
518.1933392351642
518.8122372410598
518.2081255808577
518.1168836120082
519.020609828197
519.2061990201729
518.1304717964363
518.0495271204762
518.0924725523071
518.2047519767108
518.0886241644663
519.0674967355201
518.3083728574836
518.3959409620475
518.0828308882029
518.5460911392566
519.1285460613054
518.1480075904697
518.0549041999725
518.5505332561097
518.276183875814
518.5371274139413
518.0011233006461
518.1936311464009
518.1489001137148
518.339666205813
518.3985309526057
518.157808422438
518.0265467696752
518.1252212816237
518.0616743141699
518.3420953802083
518.166608311915
518.5828633333516
518.1821685608633
518.1240182389514
518.5418348234239
518.3095278800453
518.1693573703168
518.2547646526016
518.5709270379838
518.7567810722007
518.1304004783768
518.0754500168835
518.4239380545556
518.2143502374395
518.8210860153156
518.4554028834765
525.7131928521023
518.0579245462322
518.0311560256661
518.3295086825974
518.3354889999059
518.3356299415702
518.4266365842332
518.1533523966414
518.1721214601375
518.2954465655496
518.4174747948235
518.1675648777855
518.1667848411829
518.2768171165502
518.173183170987
518.0647861417469
518.0535761224683
519.0073939655466
518.058145710793
518.0547994896497
518.1336953705895
518.4618523838441
518.0953396955083
518.0940151749414
518.0830066805999
518.0500010838301
518.0534591509137
518.0245843438212
518.0387477149418
518.018091805055
518.3242572605614
518.1173895060878
518.1657398352452
518.0130725190852
518.0902526603394
518.5151407306391
518.2681732882828
518.0444552277615
518.4348665244485
518.3998200565403
518.5834572083083
518.1481291022922
518.1478554734708
518.0293930378883
518.4586389596137
518.9486588188716
518.2489252715723
518.0832755100895
518.1088114994437
518.7312802541895
518.1991569507109
518.0543315045635
518.1527302318764
518.0559358811852
518.1862609550305
518.1489644196823
518.3046414478775
518.5744774477171
518.0587802486898
518.6040466303025
518.3703278211717
518.6035665727939
518.0459796702819
518.0253482519257
518.8045784095717
518.0254109416154
518.5687258992855
518.7908404277238
518.9632130258979
519.1934524381504
518.1758096072554
518.24036178695
518.2796107908346
518.1053676126555
518.7310807549118
518.7516956430986
518.0241304943876
518.3943226481015
518.7797923892213
518.4860712788746
518.1063316128837
518.2605277058263
518.0495191747045
518.4813520924854
518.1027655908956
518.4047653724331
518.0152390994941
518.0634351026824
518.0118890138256
518.295796891828
519.2526093342476
518.6193683442582
518.340458916936
518.1299723745067
518.0437500671402
518.7767453302566
518.3191253356549
518.1789449140197
518.116949531273
518.6276352828655
520.2243963129297
518.2775422973655
518.9344472011444
518.1883038274015
518.5668667260838
518.4285525617282
518.1455964209752
518.0584249065735
518.3739730869388
518.2710082322589
518.0336868612098
518.2280885098021
518.031948214396
518.0261030126356
518.0099836573329
518.1490747408002
518.1260205215978
518.1875392422224
518.5785963822757
518.2008795601954
518.3277805199634
518.7073583405318
518.5500207322104
518.1033383866579
518.3141105570676
518.1754746863967
518.2393304612741
519.2341712453309
518.1374736783807
518.7722774883174
518.5229521683705
518.2946378546407
518.7341452522662
518.1802253790491
518.252906368533
518.5725487473062
518.2144432738273
518.0497822998807
518.0262619244264
518.0470325867865
518.4241797707789
518.4357043131762
518.2133583380946
518.3308155433374
518.977651906808
519.0035469999389
518.8637885429522
518.2418832973797
518.2879872308882
518.3588347628317
518.0333693154538
518.0760697129732
518.563811014565
518.1151117865064
518.6208271866959
518.0840319953165
518.1970527434672
518.1004888625539
518.0478524132228
518.232665721621
518.1417668105782
518.178771097614
518.0612386131581
518.1228333257034
518.14632111511
518.5327343520909
518.3521363031854
518.2991354842823
518.2582099296629
518.2224458058164
518.387637890605
518.0088816298529
518.2173597761197
518.7544001552801
518.2720721691928
518.2308735359328
518.0661135466439
518.9110278995706
518.3802424039429
518.2378301779014
518.5102890920705
518.4355618992494
518.0635719687774
518.9880995086523
518.073284874281
518.8055650053237
518.0356551132098
518.0213444525161
518.0695965020988
518.4135119932894
518.8732209436231
518.0991539293132
518.3204177057879
518.1250578293162
518.1626194198611
518.131713206064
518.4091576709343
518.5994031214127
518.0699871884143
518.1131920951216
518.9973982868072
518.1437609354546
518.0543130824749
518.0085643411304
518.3845943207501
518.094278914427
518.6699104272143
518.691104009978
518.3517591665029
518.0206241012165
518.3735412672775
518.2729581151276
518.0175886352691
518.0302240165149
518.5284703231105
518.4171315722092
518.368335138824
518.5678245976995
518.0420464909109
518.4223338564854
518.2732739244856
518.7267497895863
518.4762738715929
518.1203244375176
518.3098071924991
518.4450564717553
518.1245620875744
518.1593635268786
519.5356754916621
518.2844708775874
518.0216881389765
518.8602352859994
518.563048843898
518.1630133664
518.32457072985
518.1093452442543
518.2238975226866
518.2077685344138
518.5501309001105
518.0766637401581
518.7986919206033
518.0026349780061
518.0629324636169
518.0125476749879
518.4062385984296
518.0158200297803
518.6753158353462
518.6289651051766
518.0475625193678
518.2112339696323
519.249818077923
518.3674257325478
518.4350591744354
518.3494371986319
518.4770657189937
518.001098714954
518.4500928607595
518.1518633705423
518.1603521433121
518.1901769915212
518.0486200397985
518.2085621290269
518.0252957046521
518.5688030976917
519.0434144115508
518.984937726703
518.0621229562172
518.0883742192754
518.6686289551027
518.384135161379
518.0697111263748
518.2574025404436
518.5549009357559
518.2374882349716
518.0901567383817
526.0912503800203
518.2023919119591
518.1100134709917
518.2677709145939
518.2687235861756
518.2953347772125
518.0690427926062
518.3495974392631
518.2786500049131
518.1817661702407
518.4174984008554
518.3117309909425
518.2524972027225
518.9510508765369
518.1096095104082
518.9693635216369
518.9955068843661
518.2911390648322
518.1990072597688
518.038064916597
518.072019324304
518.0002447597589
518.0370997039327
518.1971937083891
518.6399747638568
518.4759608734283
518.6073558657913
518.5074818152845
518.7325016606345
518.0511280140599
518.5531700116293
518.1118468357103
518.2050944105871
518.4674294357461
518.2843928716153
518.465862000945
518.0672155110644
518.0183804204808
518.0471262182916
518.0318002650145
519.5152797202996
518.9867495165721
518.581036401713
518.1452526312127
518.8913578843789
518.145603550275
518.2636711809337
518.6082878790415
518.7938405947029
533.1414798293748
518.8997031435302
518.9339318987451
518.1723155402028
518.7814591522093
518.5309691094442
518.2841107434915
518.0133451363
518.1684263017054
518.6628335799159
518.3894793967703
518.3530979146195
518.0886353431727
518.146462397744
518.3146923419948
518.0362436392794
518.3832199051759
518.1588126765464
518.0510865237977
518.0846589126297
518.6897993737953
518.0419764295447
518.6471631333147
518.4960195759559
519.1663957562422
518.0314278415777
518.4951975385173
518.6256705417094
518.7806220104669
518.5309090960197
518.0164434287574
518.3059858090322
518.7025950701599
518.2969234108178
518.0220549528067
519.1454271874718
518.0629382055517
518.0166955789197
518.2395317419298
518.610589493459
518.0794046757547
518.0010305976976
518.5553492067702
518.1529712223883
518.2224196604421
518.2653803580098
518.2277009433175
518.0588880223848
518.0303371698315
518.1843667203984
518.3195781085923
518.0955734558765
518.1065998527831
518.7752342423086
518.3132822321612
518.5256264789656
518.5558136350359
518.529813383406
519.0747914588896
518.1692653518187
518.6924667918996
518.234533350342
518.0095896812446
519.0579545485218
518.2373168595534
518.1771685921414
518.5098997763209
518.1004107231602
518.0388745123021
518.0173456243474
518.1206257539721
521.162832608774
518.3008462201003
518.8127326199237
518.4008539299844
518.1428843241999
518.693001162951
518.3756225355723
518.6285812101354
519.3914654564901
519.9118319255945
518.0414183680431
518.5442107778838
518.2526504138746
518.3241052481476
518.3599691179718
518.1720132818078
518.0507690342823
519.7060906693246
518.2220026574894
518.0982631185818
518.441479908592
518.0075511166458
518.9407101893732
518.0117364380717
518.3762822995512
518.3637987397861
518.7805106777711
518.0628246182135
518.5538296642034
518.435961641941
518.2416832970093
518.1647031224862
518.0051089623372
518.0959650072019
518.0588526066001
518.3171022581981
518.7697865266555
518.0695431099832
518.1703680100647
518.3292922644873
518.0564782872628
518.0978367060304
518.4872634699223
518.0449462317854
518.4022250175763
518.0902134922941
518.2454159843533
518.1420857067303
518.519327501258
518.6388066215949
518.1472580237994
518.3344851187994
519.7599633896284
518.1964679977775
518.8015987271108
518.1778139119723
518.025458153851
518.1785627893389
518.8730467627557
518.0676497649811
518.3229859929319
518.872403422556
518.408232236719
518.372159726625
518.3354942122788
518.7169592783492
518.2538199391728
518.0356703689436
518.2610347666483
518.7137401189632
518.3227759139434
518.0449292487019
518.5467347944724
518.0740855982395
518.0814554851999
518.3571507176202
518.0505996789997
518.4881461155234
518.1827158388081
518.2881345382913
518.2200923824626
518.822369595815
518.3048422565545
518.4319624455924
518.2399948250107
518.1122205032201
519.8109338741435
518.3806109009682
518.1294850488898
518.5911131749084
519.5866760962964
518.0795715495401
519.2042857645654
518.0744764140906
518.3830027181605
518.0210616405652
518.051555808144
519.1891410119275
518.4030623654896
521.4483495215562
518.189634895819
518.0187073114007
518.1802897671349
518.0231675037887
518.0458431061854
519.0129648028756
518.1770464511122
518.5487013621802
518.929882975373
518.538257569436
518.5627276363464
518.9968376182269
518.2821051253966
518.1557744094495
518.1303953882223
518.1828675521122
518.3050601322894
518.028530278551
518.3174976490383
518.61349090131
518.2805980291193
518.230156721076
518.185342630848
518.2249039979015
519.3601408672357
518.2924811393741
518.5113345167963
518.1203269758912
518.0832924431195
518.0047051830701
518.5362917432363
518.3144931617542
518.5562378516287
518.7961766846038
518.741140341613
518.9528781907504
518.50217940891
518.1334008506266
518.0984463559192
518.0785701940895
518.5387910233865
518.4310395199836
518.0606796559562
518.0972404917309
519.291960233183
518.5455094748842
518.6954748794598
518.0985252236261
518.2030700890881
518.3419641983775
518.3001518477042
518.3666473702106
518.1711659164707
518.0245576195383
518.5819172146037
518.08973556753
518.368448510351
518.24390931639
522.6220698071619
518.0781953810371
518.0065832957193
518.2857984476044
518.4032165355605
518.1204302448052
519.1967686082077
518.3608746790323
518.1518594623743
518.5526782048593
518.2981167494622
518.2157014842755
518.0550290504395
518.1679531988354
518.2330547028821
518.0264847879484
518.5036372387419
518.6179799369002
518.2620406020861
518.996707873987
518.6485408795654
518.5204995005288
518.3902686220425
518.06270066781
518.1413824298714
518.2252972701125
518.0026505223206
521.2917967023898
518.2832804313554
518.1822660936982
518.2638378161141
518.0743115605852
518.1349921800066
518.3436046058257
518.1743018723266
520.6803947446236
518.3272541885141
519.2546848044007
518.3367640491463
518.1008871220299
518.4440325227881
518.1265421773599
518.0228486046772
518.4810082580022
518.0533503206914
518.3982036700102
519.1786647783529
518.3063406021042
518.1171366672811
518.2848669975136
518.0924002236421
518.2506201543705
518.0876297535028
518.0734885225952
518.1056841706294
518.3281866538169
518.674101485038
518.1914245657282
519.2797518363067
518.0982459569424
518.3951106745033
518.7111755058157
518.4319836943945
518.3150089565073
518.1036499269151
518.054558637526
518.4017531321032
518.6260286728619
518.0460791957576
518.1477176447723
518.5198057859235
518.4588537626063
519.4276936406966
518.6922334900357
518.527790893109
518.4450532697361
518.1569002848046
518.4190806738553
518.0429841600954
518.6541187398246
518.0435761891733
518.6464796788395
518.0653746119838
518.7906737518073
518.0498299143778
518.0375577790869
518.297356905925
518.0594885425229
518.1262510692015
523.1756505292296
518.0254545363065
518.3289575826545
518.0476827814286
518.3353292836691
518.6745828361825
518.348531917356
518.5338321153766
518.6012146845567
518.6062574353343
518.024929477256
518.6019502754062
518.2940116468538
518.4138890164274
518.4708711828746
518.0668509063704
518.1186300025163
518.0279323567356
518.1614063372086
518.0198481222318
519.270238891822
518.1495282160178
518.1442016175636
518.842355594237
518.3201672748072
518.3622271207627
518.7212602310211
518.1644472703979
518.4931736620525
518.1100351414898
518.2656501298981
