117.1411456029941
118.0935901141837
117.6915951630982
118.2694973525034
117.0430397115479
117.0333355916811
117.2114317746226
118.1283511865405
117.0050156969686
118.2889505303184
119.9591412752745
118.4458339614222
117.0426688187919
117.1914755016673
118.5432749666508
119.1017461440937
117.1218645156145
117.1734193766867
117.2187394237971
117.009493075815
118.3256222401381
117.0494259091461
118.0821187337965
117.2021277986309
117.1348339788795
119.3131756434129
117.1631054245528
117.0037784072619
119.0482451405123
117.1255528861595
118.1384140153324
119.0993122116544
117.0226507357854
117.1762673484281
119.3259774040768
117.5971790434574
118.123730318942
117.469232631644
119.0492575085865
117.3763078305769
118.0629219451109
119.8991159418457
118.0765925949186
118.4203016973869
117.5296626644118
117.6553494109123
118.7167208626095
117.0270619681931
117.0969859305191
118.338392867561
117.2142065784694
118.3923864152007
119.0964687944011
119.4681786725799
117.1036612313331
118.0201075264025
117.1650930708356
117.3951173130761
117.6124954404159
117.5204035701631
118.7003918431978
117.3371631809849
118.1646986857748
118.4387084877119
118.0757632603716
117.4535716691844
117.0456602799113
117.0456385476299
118.1065497274606
117.5370669335452
117.2348110061333
117.0085431462888
117.3141858163032
117.0876655550242
119.0741567022615
117.1261326331241
117.012438208028
118.1281658464933
120.0400891733545
117.0850157491063
118.2928217175393
117.3430746847995
117.6769723576617
118.0799717034367
117.1131351528773
118.7860394039043
117.1478860998923
117.149870472125
117.4495193937312
118.2048493697371
117.2775654734207
118.4170251152605
117.202586567846
119.1453864653933
117.048139623859
118.0667949468249
117.4477751464964
117.0252546064962
117.9065867021627
118.0177227614381
117.055428469807
117.0257435141322
118.0383681014486
118.5273827659471
117.2820225128084
117.2501841493472
118.0368648296856
117.3979520372393
118.0362392833319
118.2936163656329
117.5971292802184
117.7269334595606
117.1348396100304
117.5513606649505
119.4664440057351
117.086265133331
118.007361199942
119.1108662359521
117.0295735025917
117.2579415208765
119.3556740616979
118.3744960798017
117.0582679379412
118.0149633663861
117.5977224441844
118.1610271383619
118.116343760258
118.0740363966785
117.6995014591534
117.2230271645349
117.224947150392
117.0291079435331
119.0070211849975
117.3812392715032
118.368426745133
117.1224119084253
117.2153494723063
117.3273952490652
117.0656170587688
118.0200391004167
118.7568820097948
117.8524008478165
117.6710114733571
117.0750303015958
118.2885664430869
117.3926885006752
118.3408090297393
117.2001674270034
118.0116330067099
117.1299357061398
118.054871420539
117.5923233297254
117.1396104196917
117.0822891561215
118.1952102263153
118.0952195339137
117.1492984102371
120.9218036487616
117.1425765528912
118.0931142403612
117.4917506299761
118.1640018270825
118.4259787448156
118.0956355703295
117.2778192282067
118.0731175935157
117.1129413226411
119.4664427659774
117.1175880764742
117.0267354552363
117.6168093169668
117.0512517279599
119.4411644088466
119.9165800755501
117.1163580922368
118.9584453780038
118.0986393191923
117.1487571225177
117.0533078881364
117.6001725179241
117.1768135788143
118.0889875924239
117.0911796823033
117.6399205541363
117.7193038185239
118.2992325304565
118.9457715749803
117.4003958102702
118.521548235825
118.275444715607
117.1165220676822
117.1402197401799
119.5654238395261
117.0311924526216
117.036657191156
117.0566738674964
117.3217303556165
117.329030514227
118.2502667324645
117.031292527214
117.0916621422243
117.5167893121624
117.1003866476173
117.076097532329
118.1059690694108
117.0575570428324
117.4705971850987
117.2703119245726
117.6698636590669
117.2817840132371
117.2426757536479
118.0302431093813
118.2762260404532
118.7152594471552
117.2020445678177
118.2088984644007
117.1735938713476
117.5086500942248
117.0832707830895
117.3206711642435
118.0486948894667
117.1473670296601
117.5859230006738
117.4259106393699
117.3748442102315
118.2012832777642
117.8648651787905
118.1084827062621
119.0457313846105
118.022890260594
117.0795765400597
117.8237122401071
117.0878334741823
117.0291344933278
118.5748453011769
117.6078118962332
117.5371010207747
118.4853874829021
117.6165337174862
118.3387910330767
117.1239583375056
118.0189469651878
117.0115181864572
117.9898781027393
118.6110297522427
118.0843863051621
117.6096707508286
118.1425541706269
117.3093456026073
117.1002994734678
118.0524430216719
117.1756914131093
117.1299673353362
117.0025831874123
117.0546468543225
117.7875683297461
117.4738588394555
118.4325242527859
117.0198553742522
117.0013047002062
119.5320178847409
119.3713870802367
117.4511325582116
117.1637777315335
117.4641823538535
117.0693332629428
118.4286621028244
118.240952895344
117.4426807196481
118.6758616056945
118.1166547936958
118.385975364403
117.2660436524393
118.1892009757378
117.020909817518
117.124804571743
118.0855102127839
117.5774243907364
118.1473501848838
117.10114462823
118.1861310935168
117.7725084508803
117.1234137562842
117.7703833432407
118.0885207675801
117.705725571949
118.2651151594405
117.142392785585
118.5429914575631
117.1814177694617
118.0774242845936
119.2260735573232
117.3406992255955
118.0325366199326
119.1497179809743
118.4082037405979
117.0952541623595
117.2844345588366
118.6695019111882
117.0024527104568
118.0885037447694
118.0028921137967
117.1128179588778
118.0273565182067
117.1660055284823
119.0161073418863
117.9730421566832
117.1358446039895
117.0502069921829
117.1263062593317
117.2385048476164
118.1945892271727
117.1110085997762
117.0025970396515
117.0132475362413
119.2773812582073
117.1295437791707
117.3599990464729
118.2398703583687
117.1940978625129
118.0169792205562
119.1071573211121
117.2630328565056
119.1169087923185
117.2382136286926
117.460987029254
118.3180056367114
117.007707832804
117.5115511371157
118.2582277327839
117.4634456042136
117.0204665824009
118.0242384243779
118.8297523510575
117.088599675652
118.0009167421347
118.1232534463271
117.0594603122185
118.0867337563236
117.106872063924
117.0879561647019
117.9222867116548
117.2448903689258
117.0671129271588
118.4779349359466
119.3682113350057
118.0364038751773
119.039528964192
118.0480313155336
117.0818278528078
118.6191504810022
117.0623252198872
118.1283827366406
117.0251145872415
117.1306616315027
117.0264149095133
118.1291765868653
118.1176493119274
117.3173315027745
117.4306656521622
117.1809181137625
117.4110701506163
117.5316576359272
117.0306874830826
119.1192943110355
117.007287666914
117.4091125723179
117.2138585571848
117.3508076285767
117.0916425625418
118.1986941716686
118.278731076427
119.2025225933666
117.0717684212847
117.3227375958007
118.2884444580259
117.2519349348924
117.0541503564971
118.1221713918104
117.0030524276925
118.3536712869515
117.1232823462004
117.0182275450786
118.2578686621142
117.0962021396915
117.8532632355085
118.5564396172454
117.0918037408259
117.0488734054426
118.3836994568008
117.0245654194753
117.0882462794559
117.1836045782222
119.4175956643553
117.1991972870754
119.4561269239436
117.1083583342904
118.217371219896
117.6639790727591
117.342607160442
118.2901051752531
117.0508829708283
118.2190244445244
118.3001125630672
118.3801027397727
117.3225927031937
117.4442401083666
117.4363916702203
117.4444380493643
117.5159816166116
118.203567074727
117.1884612782211
117.0345587491127
118.0702080653673
118.2878092704003
117.2924422140896
119.055315903566
118.295318042578
117.0031226389413
117.2983875942522
118.0566964761613
117.6566383671805
117.4801061269872
117.4256240021404
117.1515003506447
117.5872023768681
118.155542533336
117.0890271420722
117.0029841723034
117.3976759346987
117.4564804929058
119.1358956821977
118.0753803960126
118.3189833918065
117.0305411707487
117.0096920016524
117.1125025207783
118.2750517644833
117.2133857442809
118.1704418085235
117.2910475295542
117.6168342894504
119.4287880591357
117.0680798167994
117.0187824620138
117.2632153937934
118.2592039251516
119.2665052058515
117.0685139156591
117.1321575669624
117.1045366353379
117.2866674121769
118.1359160987579
118.1493424033958
118.1829674155037
117.1998904941443
117.361465294811
117.1257019598202
117.0181121246139
119.3074775251561
117.2462146918727
118.2737799405621
117.3378891628216
118.0902078914908
117.7692462912733
117.1991321113056
117.4779841428693
117.1279535803705
117.0214234176866
117.0138468622452
117.4348212796495
117.82392678632
119.2646771615252
117.8127226866282
117.752887666536
117.2532996643075
117.3347073590941
117.8844248168455
119.6548457996503
117.2425582562832
118.1693498081111
118.175033554774
117.1014862011741
118.4030729616302
117.6856633074691
117.6682874160925
117.921743259471
117.4145887243949
118.748936150637
118.961297585343
117.1973331723628
117.1499136874608
117.5886338018705
118.4582540508854
118.9816909180399
118.2846837546706
117.7993878480772
117.2129288222111
117.2453931875067
117.2061619481323
118.0627030474378
117.2987411307641
117.3034793946218
118.0145320906747
117.194918565591
117.0367121228848
117.102918544072
117.0499824649669
118.0133388329924
118.4453633336182
117.3558266959436
117.1306057383499
117.0198884410947
117.2581910435162
118.1216113556256
117.5105787091516
117.1387407391168
117.5115115912518
117.0661132899576
117.2468927540458
117.2609677623642
117.6460314750115
118.4826717997332
119.2511926434554
117.1092469513119
119.6149782043467
118.1260509911163
118.2246236241941
117.0955714774105
117.0816368941777
119.0567802538244
119.1126963441872
117.2098670931067
119.1738347083931
118.1554254479601
117.0851593484928
118.8333596670869
119.4669420915879
118.4241330471183
117.5516747323846
119.5120538247655
117.4817876317092
117.3181072942377
117.4203542288597
117.2068619262047
119.2164309023001
117.0066518870616
117.1497958542151
118.0490821057079
119.901084108812
117.6338765808731
118.0172370236176
118.4050097198088
118.2822528163585
118.6893534865066
117.3278262354554
117.1733048621617
117.3089345215798
117.3780715457014
117.1116373181694
117.1036768936775
117.0105462250197
117.0480279050667
117.5504618613436
117.0520939595299
118.2429158181844
117.2721880325178
117.4302004043092
119.1614703257233
118.5525606765596
117.063472996022
118.0272274765106
117.0277241296247
118.3777878759538
119.0244659284289
117.9818423807055
118.015866886428
117.0287487614729
118.0820006196036
117.2201321178637
117.8682444590372
117.5100374344664
117.385549819294
119.3283753949196
118.2201997676091
117.2736044394922
119.3580485922104
120.0968392371329
117.0517037643231
117.1093967637212
117.5779277497573
117.1315366681689
118.0735109188363
117.1732579387199
117.1430327747319
118.006222014571
118.9066969134712
117.3975428964534
117.8819485338728
118.0733425738185
117.4820468850043
117.0172270904358
117.0775576597386
118.23371831111
117.0813949064787
118.0538637026898
118.9333807249622
118.6537196161725
118.2182615155258
117.0426424651354
118.1016135348319
117.0792601952329
117.4408965841677
117.1482680361816
117.1248419181481
117.6777365548572
119.0972313741515
118.5133917077461
118.5101495978607
118.2605351909411
117.0915573245035
117.3972953693608
117.395755796121
117.1152956138274
117.2541319737561
117.2634898091029
117.074185659061
117.0867879581044
117.1219086404847
119.2763148830967
117.0963462229156
117.0923084319821
117.1605816179642
117.4234861665786
118.3678392991568
118.9016850433854
118.0895833895528
120.4668735238043
117.0256744303676
118.1139563816399
117.5270308035274
117.1313515292153
117.3758369361788
118.1589433876165
118.1292200413243
117.1883157271036
117.1320239111336
117.9892372544302
118.0358191058797
118.0177309763784
117.7781334150632
117.4257889779009
117.3400179631346
118.3431967243867
117.4176053540048
119.0146089754603
118.1695196572852
117.0054860422616
117.0254037290584
117.445755612506
119.5712743885601
117.0077968213609
117.3235173940453
118.5810944945887
117.2753368711414
117.1434287541372
117.2710812024276
119.2153116171156
117.1374351131929
118.0294066464959
118.3536246308069
117.0433070404353
118.6056134277866
117.193011887063
117.9744045712756
117.4909855192699
117.0478635309303
117.2470073778011
117.0313054321429
119.4688097890686
117.9090490324099
117.4830320624423
118.2586613808031
117.7743536622991
117.0873041606842
117.1029090501634
117.2131894699758
117.5504916887652
117.281206336348
117.124166870887
117.1118495542438
117.0006807421314
119.1210318046042
119.1022601416127
117.1189599592035
117.0805232691127
117.2525192204332
118.176284384873
118.4377559101992
117.3556530389308
117.6521761929747
117.6104564077151
120.0610659955768
117.4029093893511
117.4195603134034
117.6136364776541
117.0461772340936
118.2911068667806
117.0945320056632
117.9290810504335
117.3866275637435
118.1575412604873
118.1347517656974
117.1070940846133
117.280460124012
117.0707470930407
117.0749912847961
119.596224782619
118.1816046679478
117.67947494838
118.0967769527664
117.0153331483244
118.043631394936
117.7393210220161
118.3218312320846
117.7511561499942
118.1591060524241
119.5102455102844
118.1188576800151
118.1284500629028
118.1930708684702
117.1033600405465
117.6988259033331
117.2829040507956
117.4441634751964
117.2120466701388
117.3291914325103
117.1829452172392
117.6564506177321
118.2259119201665
118.2170722130289
118.2755159470699
118.4311348653689
118.1261169862383
117.2943083524649
118.4806036586383
117.4072141736814
117.2832875934031
117.1168629825747
117.0875476039159
117.6374998561885
117.0723935194727
118.1007837001493
117.0858893642526
117.1835116625681
117.1732985308184
119.066301838365
117.2062255440182
117.0201196233066
118.3243763134317
118.1388703281684
118.9580671870695
118.1532402312374
118.0500513166109
117.2430588964718
118.9084139537763
118.0158779801398
117.3494363227549
118.417194024306
117.2108200386849
117.178333032225
117.1427403369603
117.2059067701762
117.0395126702242
117.1008736168585
117.2395175608825
117.088792576844
117.0085706473735
119.3404680532884
118.0434142392171
119.4664504694647
117.1061100766598
117.253959722927
117.1381949646236
117.396352836175
117.3380781468715
118.004241499675
118.1148209016373
117.5033290324638
117.1153912939394
117.085732369741
117.3426465863765
118.0279206615688
117.8598207613705
117.1386582817449
118.5034389559269
117.1352883788766
118.6707467294092
117.3378037538643
118.0504879466083
117.0934691350664
117.2033371184605
117.0783716391535
117.3158217266718
119.0068268926341
119.452662917118
118.0382424329248
118.000896250229
119.3389470593866
117.3317960107942
117.1505559894286
117.181373192369
117.0392091786402
117.2256035977937
118.0051710008935
118.5056038518375
119.0620781107212
118.1957426936296
117.0913098959114
117.9304545365084
117.0455414218521
117.0014704825025
117.1665530910103
117.3739494162503
117.8086555872118
118.1083225384455
118.2578595106358
117.1812306739399
117.003033138865
118.7154291816671
117.3992989823548
117.3347368317974
117.1240941588147
118.5914292298411
117.1260206411628
117.5378387945684
117.0108386469111
118.5915422098696
117.7265866159009
117.5228996341173
117.3554337448244
117.7131050818268
117.2072614133887
117.849500639111
117.0263179467421
117.0866235130797
117.4593927784274
117.5431442353864
118.3106378924923
118.2650453995391
117.0534763753036
118.5311504381252
117.0773383033782
117.048985590237
118.4795180852356
118.3160639234218
117.650856102724
117.0981878978795
117.1692520791599
117.1038163245741
118.1261209983894
117.1522985027451
117.1740131500915
118.6543955660526
117.1790836578535
117.2242263765157
117.4080858662273
118.2279863639548
118.2383473361437
118.2450652078904
119.0031593963386
117.2052459218156
118.0069666623206
118.2313322768926
117.1562463738615
118.3209199611723
117.0746575341136
119.2054297888483
117.043883769986
118.174385547548
117.0690709282829
117.1129679233103
118.3031542062969
117.0100234466943
117.0039538601541
118.2303305123084
117.2000328741837
117.0975660414744
117.376957353229
117.0476094696565
117.2920409175203
118.1247452821694
118.4841440295161
117.1014780023468
117.0608432822476
118.1950286500172
117.4516587427512
117.9201685686636
117.6645707867522
117.1530368815469
117.1214474453669
117.0972674967843
117.1234533657076
117.0420451481594
117.6212157483023
117.3194291814387
118.164086993417
118.1411490946281
117.0054366708619
117.3383947869602
117.1328643817096
118.3296271010935
117.2003403432842
117.3356237176592
117.3898492451923
117.2631163839515
117.0820447319988
118.4394501673838
117.2454138885461
117.8898163646225
117.4415244100406
117.1677928393626
119.7177742415575
118.0402958375219
117.0197881843082
119.1314279000269
118.0555791374504
117.9060777499785
117.1950233740346
117.7236139726499
118.3359820481358
117.2349261804211
117.4298808661312
117.0265648602984
117.0678646778839
118.3923888300192
117.2184976586006
117.4465816859995
117.0635865630274
117.6418250363029
117.1168535980765
117.1643345526705
117.646974420201
117.1048028873784
117.1690433986293
118.0949484944047
118.6684677367293
117.0526880919505
118.0725336307879
117.3353941287892
118.9075021722758
118.0561571916096
118.6813598848908
118.5074777385305
117.0983648635006
119.0358125878544
117.5296566661236
118.0401094489868
117.6866393720132
117.1758728151761
118.1212069250108
118.0736409921213
118.221897135181
117.0413218169443
117.1954471320756
119.3620988607131
117.3002164442343
117.2854617895138
118.0123509214819
117.0464881447406
117.1509772622219
117.0511374980752
117.0287541812236
117.0084462866468
118.6957601486618
117.0089472618303
118.5197270715942
118.6529220360545
117.5056457046265
117.1246711898917
119.7733524785741
117.2710916331279
117.242097752249
118.5481801029969
117.9359375255842
117.0135849166225
119.1268574847273
117.0381972408424
117.0598575123559
118.1352765518897
118.5762451523084
117.1449167869785
118.6980000397531
118.0808960990635
117.215052325975
117.100108625938
118.0566310331155
117.1214883198986
118.6492149619988
117.6663354102905
118.1050720963272
117.1341445636277
117.0217059835581
117.1745772751024
117.0788992475865
117.2541012312933
118.3245722533413
117.8138291133453
118.5384287060509
117.1940381389659
117.488116069194
117.3884539428845
117.0707208768349
117.6668516634695
118.0513724791014
118.0922644003479
117.2017061802397
118.0655438112647
118.3780673728569
118.2137186462764
117.1572360044401
117.4753523864681
118.1748927462221
118.0108251512379
117.8648154543255
118.3271841755038
117.1649239969071
117.383224239433
118.3461378889396
117.1249558944293
118.3226551672647
117.1789661630179
118.1611838485508
117.3572363363002
117.1647594519288
118.2207978923303
118.1112102096128
117.011805549682
117.2345002529987
117.1212164008047
118.1967050384921
118.0228168735261
118.3735260271538
117.1138597105395
117.0529550169063
117.2094536137578
117.4075821319611
117.2708118482581
118.0576486083347
118.32437401987
117.1287348064268
117.5440705615675
117.1083313139282
118.0716637819996
117.1990657580316
117.1585826387645
117.850362021738
117.0403493425012
117.2693280485771
117.0222866386709
117.0150475193358
117.0832427043578
117.5391150803095
117.1227035398091
117.2643480273369
118.3630794473186
118.4128946430384
117.0467297034169
117.2404409404392
119.2094171068354
117.4154402824414
117.7479522972416
117.2609767318403
117.2556933495474
117.5775188029909
117.1615248978058
117.4305615584443
117.0918192531899
117.0453497212667
117.3460957988105
117.083201306429
117.2045942038993
118.6083035106035
118.119355634786
117.6580379772847
117.5885929774266
117.3117092073857
117.3565236438913
117.1345966293177
117.0954199112827
118.0018196299519
117.1035083806719
117.0760859368556
118.0965244101887
118.2474286857127
117.194594433046
119.6193549086832
118.1970498125616
117.0585551414817
117.5800425680995
117.6852258171708
117.5620993505081
118.7588334697941
117.6084473916149
117.6398797455324
117.0285480174903
119.0482595042813
117.1040296795002
117.1261211599489
120.0998100124606
117.1076414463444
117.0573476442615
117.473885802435
118.175090475149
117.0236818357703
118.0680009991047
117.0308461529279
118.0208865099438
118.0647803096435
117.0029718689032
117.0657209038359
118.0623020780161
119.3207168411535
118.2313319758193
118.2238022171736
118.3642677986526
117.3554995781702
118.1089650236415
119.2831438347675
119.0651037535
118.4831862188151
117.123707393155
117.1343847455981
118.0060977209636
118.0647525677817
117.2188433659827
117.2293833285202
117.3191435246326
118.2412886740533
117.6308955061069
120.0668351882748
117.2496773768668
117.4590975469365
119.0341405154689
117.774258163546
117.527634520993
117.1470752302527
117.0164552219528
117.0145330593078
118.7121205307522
117.0737968218019
117.9837229090902
117.0659107861954
118.3016285816164
117.2784631381459
117.0682198256162
117.2802442630057
117.1976501281241
118.1486430250082
117.2499657421454
117.4228261118463
118.2919632468075
117.8977189359518
117.254593562403
117.5762804414812
118.0064217512359
117.3593038966459
118.242960348188
118.4347346456502
118.593463438708
117.0469951961399
117.1894136083116
117.4863731107505
117.6937212555147
120.3271894553665
118.0113662682859
119.2652173615933
117.1392624526359
117.0672947018065
117.0109638693468
117.196689685966
118.6233570739639
117.1237967540896
118.2069032171248
118.038470694912
117.4408472190983
117.547265248502
117.0050853738437
119.0145962722543
117.6017141242618
118.0176999480268
118.4346873934145
117.1231460640108
117.5192054489468
117.1944846613922
117.243003819347
118.2170691755069
117.0946138658492
117.0008668457324
118.2830685535332
119.9021968201903
118.109689402207
118.0188708798193
118.3009564956806
117.1166763787998
117.197580012323
117.4988095517356
118.4470649443654
117.0353103371443
119.0867575491568
117.1689461846884
117.4339744409832
119.1586728806752
118.3966552752292
118.1642946244902
119.1801760736776
119.0778569394957
117.4642188234227
117.7255854153605
119.2860506467325
117.057287882473
118.5453733438358
117.008063578041
117.0479911633298
117.3072770711648
117.5778837040215
117.0671818779391
117.1346493982389
118.297311224071
118.0398780715667
118.2778763506992
118.017006463141
118.6610214696485
117.2752108384876
118.1597919386283
117.0313196790385
117.1918329349899
117.0104495226427
119.0197196642489
117.0667795781669
118.0269821976121
118.6640014383315
117.4104089671221
117.1307038469835
118.0895416174963
117.5359646252231
117.5328683790061
117.7024451316669
118.0249600490456
118.0270651344525
117.0290146452661
119.0603395006051
117.5282873116336
119.184275062956
117.0987514347954
117.2965158138703
117.009955817646
117.0022651231836
117.038678536682
117.6395918765198
117.1372517501085
118.232433581824
119.2679915308585
117.4039907507546
117.2813031414816
117.059438427416
117.0932992333847
118.3248436437127
117.309972652767
117.2731819376959
119.9024756165255
117.2072619258308
117.0288134975103
118.1559419182226
117.2850843225122
117.1734495117367
117.4949553370057
117.6918243521025
117.1246866709597
117.6483941402608
118.3617880318536
117.1099784752624
117.2024721088926
117.1244571785913
119.4691353485429
119.0367775781891
120.3974616403429
118.8462747935992
118.1386466132615
117.1156507706509
117.1061200895846
119.6515738426116
117.118804311852
117.0381703703794
117.00370527645
117.0612259262793
117.1202759377711
117.2584584084042
118.4415476420288
118.0462369389031
119.1755625054351
118.2269854221832
119.2915284989425
118.335611153821
118.0722673465529
118.2308278647529
118.0065260792058
117.2103402239369
119.132788890824
119.8232520739768
117.2471210537901
117.0667090669838
117.7403990486415
118.3125403047205
118.1292410343015
117.6282270252539
118.0322839185149
117.0360041129852
117.4366088765561
117.0243310489309
118.0898246267802
117.0996811430982
117.1230015556707
117.269451804705
118.3617831884299
119.4468620470691
117.75414534423
118.0486358198322
118.5533248209014
118.2819094050068
117.4291572894197
117.1564311684038
118.0681584063935
118.5504343544759
118.594769196854
118.5719030147565
118.2549510181911
118.0804335936428
117.0644883393534
118.4049510589082
118.057039954706
117.1322800797443
117.8349323038299
118.0473719949806
118.3489512032822
119.3692773000887
118.412612910186
117.039948877885
117.1408023932203
117.0294790554803
117.0814187098287
118.5368150735
118.8278175237314
119.1077015569741
118.0127826286509
117.459005066554
117.0758882484851
117.2477450017793
117.3103592732635
117.0047410485716
118.5235430130057
118.041259703194
118.4933742208138
117.0569363770278
118.1204703009112
119.0517201505473
118.1904260166538
118.4243705983743
117.2243579392706
117.1084407449123
118.947177784061
117.0339466110034
117.2972774221375
117.798878052738
119.6809086244706
117.8872991459343
117.1232119001833
119.1319454184946
118.3213288967678
118.0270361407845
117.4497187835929
118.0246261162476
119.1249957069475
118.1974328171939
117.2906586828052
117.1644348487058
118.1584853941715
117.0816910512372
117.5803369706301
117.079860078129
117.0171344110296
118.2315236948584
117.1677832574301
117.0988664968174
117.3985824347319
117.4469486762848
118.2799842721887
117.464921397682
118.0975541194817
117.1010290586399
117.1400525873385
117.0073704339075
118.0472561953025
118.6979231504344
117.5718517217256
118.0356868926368
117.5084238974373
118.1759068289397
118.8646747582985
117.5464540930112
117.0003041830862
117.2767314443362
117.7594975839169
117.0618169913594
118.1683189510443
117.175398585702
117.1611171313718
118.9409187109492
117.052272424113
118.0887083216978
117.1136029006465
117.0662353309456
119.1603350337991
117.7956227452301
117.1837472372909
119.6148871731579
117.7980654290381
117.5124291626856
120.3227775185919
118.2546755083353
118.4461766256689
117.6674744746151
117.0048462660274
120.530545197207
117.0521077365978
117.1076313641283
117.2946279784166
117.0225001624469
117.6077024409218
120.3797135587687
118.3628880215129
117.7100262745251
117.0975901068573
117.0390281558742
118.0144205013497
118.264573473585
118.3467847452804
118.010873359472
117.1891940383665
118.1423275095317
118.2152546807556
118.3278071458231
117.2449493438789
119.244182009418
118.4516676529156
117.2388616755731
119.0126250960429
117.0451956912866
117.9142610492312
118.574326586729
117.3593239692794
117.2485778295094
117.6013140911068
119.2555853208511
117.1107113901847
117.4982078459858
117.0399869277507
117.9049758262783
118.151463097369
117.3072226622545
118.1424649183731
119.488126795879
118.253704016019
119.1517596006412
117.346631145952
118.1000396282957
118.7337028299423
117.5577212377567
117.0658399002868
117.1069082917533
117.0528676434201
117.2109898319441
118.0748747276069
118.5899265413379
117.12479516941
117.1334911274331
117.1225197892937
118.0128922171422
117.0751456692097
118.1101866559744
118.251567377487
117.1782758583453
118.1808200063302
117.0793224002264
117.0937816271416
118.60767553703
117.0857578321384
118.2007049475308
117.3785930896618
118.1887602492429
118.1382800548188
118.8327199039399
117.4797927301711
118.1767701666117
117.55956247499
120.2865408655458
117.1671846517474
117.1371475779202
118.1146644425677
119.0809066223761
119.275501025273
117.2719039863763
117.1249575651224
117.4463903220681
117.1938590688907
117.1280438241583
117.3057297743574
117.2319968551172
117.0765704852223
117.0854310285784
119.0056220154276
118.1507142483885
117.5783008792806
117.2945014949575
117.0316607475834
118.0063963315927
120.7216563353519
117.1594607320775
117.0256939926208
119.2307327976925
118.1548968748445
117.0028965923501
118.2229363348544
118.4076146443448
117.039238448964
117.3581912558512
118.367283312172
117.2209725146273
117.0850814935894
119.7160703683336
117.2285744208602
117.5638484622069
117.0335900905864
117.4301708548209
117.1092015052262
118.5682988555571
117.342332471502
117.7039899659656
117.3677404521426
117.2123235241525
118.5660133146066
118.0796527332167
117.3095520719987
117.1316329169561
118.7586399989913
117.8828678271022
117.1104591754655
118.2364167974581
117.2403443453757
117.6015726291527
118.3193463167188
117.065229213236
118.0168744468705
117.0052781879836
119.4908446140678
117.5182347381794
117.1728523458256
119.2854668314604
118.0073858333702
118.1051092481016
117.0291456938455
117.0640990008119
118.3406011377483
117.1471170164235
117.2638411858106
117.0061623364326
118.0271685224648
117.2989646793961
117.3559223256801
117.0570447703716
117.0058521871217
117.7221096539934
118.3134230955947
118.281240160467
117.9690098346217
118.4274534105838
118.4737690730705
117.068034371512
118.9987232143517
118.3568318093003
117.1981949635022
117.8145527850204
118.0100663411044
117.076922382125
117.0401302130967
117.3549138282762
117.0497170102683
117.0536036130578
119.1314973967187
117.7558472900579
118.091906305796
118.0603602239399
118.0437303506631
118.1972917826333
118.5140312243681
117.258735905736
117.0529121800407
117.60820185768
117.1203452070139
117.4483656695533
117.6053429246614
117.5579285503452
117.0480840677202
117.7197360471162
117.2315992049484
118.0024028219034
118.3712170505689
117.4742026978489
117.1468798791424
119.0697729214819
118.113528836418
117.0398815425118
117.2056293945953
117.3352721720488
117.7779297243269
117.0449317036851
117.1731467124845
117.2284716592587
117.3177854484538
119.2679571646878
119.5264308460659
117.0529560418524
117.2308625289633
119.3213827523077
117.1445082369662
118.1431875900239
117.3132629710183
119.9111314960962
118.0227008919196
118.0989714744823
117.1131177223314
118.2452552534193
119.7002054264827
118.0047638113608
118.1808531651938
118.5677612001754
117.1119710537161
118.0137832084923
118.3054387719026
117.7653763184317
119.2304945426149
117.1134332917461
117.5947477644184
119.1192709945717
117.4549677043326
117.6099540792439
117.0215085612617
118.2161672806666
118.0152256301289
119.2122944983403
118.5616914775392
118.1254740656561
118.6478757027999
117.0336863409299
117.0372491699441
117.2235732196521
117.3098271315069
117.0863987632317
118.6422303715982
117.2246630270632
117.4308539705514
117.2627673274392
119.3915638918578
117.2218788149151
117.2010572253595
117.007186220304
117.6959126881182
117.5505984068335
117.5440986508589
117.1087617684661
117.047513113867
117.3384083063843
118.9700466865993
118.177678869894
117.5145126191126
117.0332322310134
117.0047867685532
117.08163756489
117.1925353138523
118.8657588089265
118.2725539441686
119.3251967157071
117.0092675742073
118.9736516199446
117.1425053332678
119.5305948446983
117.0848275958905
117.0422401170219
117.8580834852236
117.5564537339057
119.1506175549979
118.3885023121122
118.8040318926219
118.1849612502411
117.2792389595548
117.1487933038909
117.1365101466215
117.0076467463704
117.0167305878443
117.1405335996157
119.2829107725426
117.810491720785
118.1458271772881
117.0060690879285
117.2253256782038
117.1531407137066
117.0706707103041
117.7791284727158
117.6930725746092
118.3184544938686
118.2184646016417
117.3969147467343
117.2138727667398
117.1314154898721
119.148170683194
118.0672414799124
118.0078259923322
118.2963832814258
118.1085899472
118.4680290457163
117.0945125572733
117.2342989013931
117.254407461315
117.0283319392855
119.7491772667596
117.0150134688293
118.1850478315578
117.0173101228917
117.4895411691803
118.3907696635553
117.0946166302012
119.0470210942767
117.1979749047121
118.4903811690304
118.0326930799606
117.1746013857799
117.5280085348796
118.165887509452
118.8624489204527
117.234137519853
118.7997928992393
117.2925573496697
117.0717713109941
118.029519343799
118.1814474614091
117.325206763474
117.176013357658
118.2911320712525
117.3933329886308
118.0679566398769
117.0351686583736
117.8994829582031
117.028406284255
119.4452160338441
118.2713806147621
118.6509701658797
118.1885067852174
117.3113748768113
117.6880407054984
117.320401662152
117.3750126323582
118.4198601843074
117.0316446260222
117.2473695337675
118.1886091683319
118.1440461399524
117.5782503316979
117.115118059891
117.218104663901
117.1823336630042
117.4974994903933
118.5045517421926
118.2556729791541
118.2730588200855
119.2070407516887
117.0467016626116
117.3229203386419
119.0348729351635
117.0207427075685
118.0005624457069
117.2915992390676
118.2784241956771
117.0371910835509
118.2049871090168
117.007691257024
118.2234897978976
119.1096925333561
117.3345150497937
119.1199731085169
117.5274731077825
117.0564033562819
117.0716592650136
117.0390321435269
117.8209421459246
119.7905922687201
118.7904738516215
117.3653940428913
117.3943252288083
118.5309743339482
118.1458692195228
119.3693637125834
118.0924184203537
117.7775026315373
121.3149908983884
118.2326066784571
117.3535250411605
117.0235224834666
117.3030062723623
117.2201341586908
117.2994454595059
117.0134200565644
117.0949042304222
117.8899750984558
117.0210469363092
117.9052151485616
118.1763855064645
119.097809409814
118.9993682627563
117.3321886298226
117.3615416237649
117.1893977359132
117.8571668375557
118.185454143584
118.0978622886805
117.38152422301
117.3846583824473
118.1120487677736
117.7968026971699
118.1470505949946
119.7883931331782
117.5640049933472
117.6123394674934
117.178067600228
118.0369208418807
117.1385773830071
117.2477437536389
117.0680277126294
119.0946667405667
117.2542583367955
117.1585666071384
118.0186672372539
118.0402536247293
120.150183930548
117.3156454174442
118.0516991287042
118.2707453136492
117.2370580943027
117.6556142647714
118.6760146306959
117.1426856380543
117.2629936176662
118.413120477733
118.5874998804229
118.0081074673674
118.6850236648954
117.200940115284
118.6179931144716
117.053719478701
118.5481807354042
117.0320861696268
117.0891352352264
118.1543390023708
118.2799759881823
119.0447146447041
118.0513714271327
118.0290459315372
117.0499806152291
118.1891622604267
117.3183965626078
118.4449699668636
117.2953950904436
117.2429658603596
120.6101475454714
118.4493800079495
117.2218792617429
118.1423380891369
118.7803525952571
118.4802413982804
119.9489658312616
117.0942293764771
117.1542130001101
117.0989606517455
117.0848417121951
118.3104798158228
117.4967755270239
117.5699489143301
117.3166948684215
117.49934337714
117.1686062108363
117.0122718036967
118.072267888705
117.0675824760288
117.3681264246843
118.198806732588
117.0437419245527
117.0288666783006
117.5585571453004
119.8583680391569
118.1009851219873
117.6419573198452
117.0389421427303
117.2795184062778
117.2673537942687
117.4616598942627
117.4592792850416
117.1484094047726
117.5861910537987
117.35274681275
117.1528546796671
117.3616964021756
118.1665700050968
117.4179731333648
120.0928716661723
117.3490395007112
118.0307436823051
117.1226645571671
119.0514144779114
118.312185060226
117.5180694129818
118.2445673697819
117.1585767203258
118.5597097654705
118.3683043877446
117.7353277274775
118.7000066714044
117.2226823040444
117.5942385883202
118.0061235478444
118.2394705028495
117.0035037376892
117.1017040668945
117.8761575397014
117.4713194376521
119.9549552369769
117.6713280423846
117.0390706368792
117.1806071341697
117.1425144860201
118.385703722086
118.0253019665935
117.5424813654437
117.2194877675193
117.3693247805226
117.4745997678957
118.3214083508266
118.0418229991569
117.0206049790283
119.1773042440188
117.0059431796518
117.3836222808389
118.1874152736591
117.0967145166048
118.0963957980765
117.8189444326542
118.1383539237312
117.2141800438022
117.0366979440263
117.2095895361396
117.0909849211601
118.250629785526
117.1239586524633
117.1171591624756
117.028891206419
118.3854771357383
117.558649675289
118.1601992691469
117.065470759014
117.1775358488224
119.0067819760012
117.167305800684
117.3636893319307
119.5635110577894
118.0138606938084
118.2506445517775
118.2209619258143
117.482171103521
117.1247910022735
117.4186399773244
117.2080154898772
117.2469884241431
118.0483175352777
118.1784393304492
117.2374379084035
119.9220954681953
117.202147815981
118.5404223074808
117.0703318493796
118.3272356110651
118.7290218675282
